153
2847
1188
5114
3405
937
3271
8401
6420
3946
856
5601
10677
10893
4764
4350
2833
3854
1791
7231
1819
6172
476
7741
1794
6809
9146
3781
6405
5062
1416
5586
4793
10473
3448
4035
8875
1764
7745
6175
4421
6413
7737
8934
8
8871
8028
11084
7909
3671
1964
9043
818
2551
4572
6948
7598
10890
1334
9714
4008
8604
10483
2595
4816
8935
10193
8793
806
5068
328
8443
10648
2674
10868
1340
5390
6105
6311
6687
1524
8184
2648
6436
8065
9184
10876
9355
6182
7830
4798
5353
2659
6316
1275
4395
6744
9471
9910
2876
3007
8167
3506
4419
2693
3373
9995
11083
1855
9069
11061
8603
6282
9990
919
4410
6055
2653
9534
1958
2040
2346
2589
5595
5829
8236
8501
4687
5287
7659
9943
10873
4792
43
5463
7547
6792
8667
4535
2899
10284
512
1612
3192
3544
6398
9049
9186
3122
880
4062
6622
2179
3244
3775
4448
5131
5870
6207
8810
150
6158
7471
9119
9252
10635
10721
936
1486
10191
115
577
6198
5847
8188
467
1171
4878
5981
8116
4564
6343
6736
8291
10426
1988
3471
5218
5979
8310
9708
10728
1992
4372
4995
1363
3313
5035
7717
4479
4688
4973
8072
6046
7153
3687
6930
8400
9385
10475
921
3720
4789
735
2214
3944
1238
1424
7594
8275
9300
9505
4096
7637
9553
5682
6824
7391
8270
9190
10146
708
2085
2545
2856
6974
2325
2930
7140
7808
227
2283
2926
5464
8027
8041
9306
142
1602
3274
4426
5890
7482
1716
2402
5634
7888
8126
10847
734
2934
4333
7536
8577
839
1784
4770
8345
2508
2982
3163
4887
6070
8054
8175
9265
9809
10374
10494
5721
5200
6763
7589
9877
10292
229
763
4360
7037
8274
8519
9814
1677
3317
4539
4636
5834
6925
7565
8366
9205
1481
1835
4581
5231
46
2314
2440
3410
4107
7601
10569
10590
2730
7892
8524
8965
1388
1478
1747
2258
4238
5363
6671
9911
10823
533
1667
2075
3572
5198
5629
6915
7117
9649
326
1733
2045
2786
3876
4949
5551
7200
7222
8851
9688
9945
2516
3260
3348
3855
4692
4924
7123
9529
10490
2328
2477
2666
3479
3494
7125
7817
10344
11102
82
556
2808
4900
6944
8010
8769
9718
10797
629
693
2436
2518
3342
4607
5180
5240
5525
5662
6167
6913
7557
8758
8973
11134
840
3150
3951
5496
10097
10584
10892
2263
2539
2905
5039
6032
8911
9672
9807
5690
5910
6660
9135
10885
11151
144
1426
3182
3302
4614
5392
5947
8248
9260
9283
677
1782
2392
4276
6005
7092
7623
8557
9366
10548
204
1577
2168
2690
3186
3498
3800
5280
6556
7399
8586
9991
9
552
650
1485
1516
1908
4642
9160
9563
10836
1304
1608
3143
4501
4871
5492
6265
7645
7658
9319
477
4155
5137
5250
5837
6215
7057
7163
7789
1293
1651
2175
3928
4067
4216
4519
8543
8689
9175
11172
698
1152
3641
3709
4596
8429
8694
10474
1673
1714
3268
4160
4279
4294
4378
6382
6606
6628
6724
10451
10535
10748
40
1884
3217
3444
3554
4153
5466
5710
5846
8269
8302
8479
10083
10657
1052
2029
3191
6469
7718
10853
541
1042
1103
1409
2798
6499
8430
9407
9668
9914
10314
10717
11121
11167
646
729
2389
2413
2702
3586
4553
5493
7708
8701
9704
10456
509
769
890
1133
1613
2142
2272
3693
5132
5549
5748
8865
9182
10907
1678
2058
2222
3580
3582
3674
4967
6717
6923
6969
8607
9483
10707
10879
11028
523
689
923
1825
1994
2080
4304
5376
6030
6054
6128
10098
10560
10819
10831
162
815
1523
2276
2298
2861
3437
4103
6705
6858
6873
8999
10045
10355
10547
1183
2450
2839
3869
3940
4411
4722
5529
6730
7994
9817
9950
10829
10912
1635
1829
3575
3585
3967
4025
4058
4720
5720
5876
6050
7269
7310
7499
8134
9872
10051
809
1603
2137
2975
3599
4957
5327
5404
6498
6700
10576
11002
973
2432
3491
5465
6894
6914
8067
8157
8553
8555
9080
9381
9433
9779
1411
1504
1712
1752
2618
2785
3040
3406
3591
4676
4931
6369
6391
6796
6964
7032
7349
8619
8829
9924
10339
758
2329
3113
4393
4915
5450
8099
8138
211
389
876
913
2580
2988
4438
4746
5172
5962
7840
8137
8535
8633
9177
10027
11039
807
1301
1414
1861
1896
2300
2796
3165
3524
4362
4440
4745
5188
5251
5813
6031
6789
6897
7354
7792
8043
8704
8772
9468
9927
10348
10564
10993
494
1184
1730
2011
2240
3153
3461
4345
4703
5946
5975
6274
6845
8733
9191
9220
9508
10946
285
808
1745
1789
2363
2957
3430
4558
4656
5080
5472
6318
6929
8127
8135
8397
8708
8725
9214
9550
10983
715
908
1080
2170
4641
4736
8251
8402
8403
9207
9332
9400
9734
11170
93
117
885
1472
3038
3452
3509
3625
4416
4715
4947
5563
6444
7214
10488
373
835
1987
2649
3644
4110
7757
7929
8256
8288
8391
8525
9365
9547
10000
10070
10275
10427
10861
10971
11072
294
1320
2070
2195
2439
2514
2634
2884
3627
4861
4872
5119
5146
5677
5722
5839
6807
7346
7554
7620
8330
8589
9528
9830
10794
514
2228
3311
5085
5261
5272
5378
5544
6137
6670
6676
7595
8951
10767
10985
11034
11099
11158
126
993
1422
1650
2068
2201
2232
2507
2581
2849
3039
4536
4638
4807
5227
5249
5624
5819
5872
6680
6816
6855
7011
7661
7838
7897
8083
8242
8252
8622
8843
9790
9913
10812
555
788
1327
1589
1724
2608
3264
4468
5356
5447
5612
6719
8063
8650
8657
9333
9507
9596
10618
10901
10976
10977
364
595
786
1389
2333
2803
3222
4004
4735
4954
5331
5518
5685
5769
6099
6411
7855
8394
8726
8757
8848
9389
9829
9923
10067
10430
213
657
965
2383
2563
3133
5143
5419
6108
7026
7579
9303
9443
9926
10999
11194
355
1707
2225
2386
2529
2878
3662
3897
4120
4469
4480
4865
5005
5063
5578
5582
6008
6701
6880
7312
7559
7564
8891
10066
753
917
2474
3080
3138
3330
3372
3584
4503
4928
5204
5467
5541
5658
5823
6613
6832
7159
8277
8395
9518
10769
10938
1449
1705
2471
2705
2758
3089
3525
3532
3610
3959
4034
4336
4547
5233
8433
9200
10582
10610
1153
1457
2927
3013
3074
3587
4576
4907
5000
5328
6068
6715
7350
7441
7615
7824
8123
8156
9309
9320
9401
9481
9705
10325
10652
10678
10690
446
587
819
984
1138
1288
1742
1928
5954
6116
6431
6688
6889
7100
7548
7730
7972
8658
9732
10114
10391
10537
10597
10714
339
1274
1604
1953
2249
2492
2590
3327
3400
3578
3602
4488
4790
4860
4972
5148
5165
5429
5788
6086
6217
6289
6455
6727
7886
9289
9469
9595
10291
10450
10581
192
927
