0.996255067011
0.995364440532
0.993050851044
0.991806140792
0.991628381943
0.990384532045
0.989318982701
0.987544532917
0.986480529025
0.984885813719
0.984000285638
0.982761231421
0.981699808593
0.980109060479
0.978519332044
0.977813171993
0.976754425824
0.975519976099
0.974462472665
0.973581644669
0.972701214987
0.971821183616
0.971293355984
0.970413961913
0.969183527177
0.968305089056
0.967251584678
0.96567243542
0.964620285304
0.96374393434
0.962342639525
0.961467308241
0.960417452404
0.959018690856
0.95866911598
0.957620789663
0.956223924082
0.955176920162
0.954130505745
0.953084664897
0.950821342431
0.949951284803
0.949081609554
0.948212332618
0.947343453994
0.94682231801
0.946301325418
0.944912760667
0.943698656738
0.942831865271
0.942138706136
0.941272663496
0.940060869779
0.938677021047
0.937985391431
0.937294016736
0.936602896961
0.936084724421
0.93522142217
0.932806725068
0.931944984202
0.93073916517
0.930050467134
0.929362039951
0.928501860469
0.927813990923
0.927298256055
0.926610832618
0.926267216495
0.925751911804
0.924550187423
0.923692238491
0.923006153385
0.922320323198
0.921634747931
0.921292055892
0.920435620547
0.919579567582
0.918210886585
0.917697828375
0.917355869232
0.91684305001
0.914964385775
0.914622936471
0.913769607962
0.912916677766
0.912405101279
0.911723238283
0.911211996379
0.910700897866
0.910019656238
0.909168478616
0.908657953674
0.908147588056
0.907467302377
0.906617351558
0.906447399632
0.905428070456
0.905088405592
0.904409282985
0.903900096372
0.902882185189
0.90220387514
0.90152582001
0.900170570107
0.899831893057
0.899154730147
0.898477822158
0.897970308457
0.897462938148
0.896617687415
0.896110699486
0.895434938636
0.894421791269
0.893746667719
0.892903153627
0.892565846772
0.892060005983
0.891385774653
0.890880268446
0.890374905632
0.890038076752
0.889532952925
0.889027972491
0.8883548883
0.888018441799
0.886673340895
0.886337213045
0.885665148534
0.884993338942
0.88448964904
0.883986102531
0.88365048452
0.882979439689
0.88230866571
0.881638130718
0.881135396766
0.880632806206
0.880130359038
0.879628055263
0.877954983946
0.877453301538
0.876617498774
0.875782094323
0.875448037697
0.874613206815
0.874279373244
0.873778742381
0.873111505416
0.872444475573
0.872111056247
0.871944370482
0.870778064039
0.869778969132
0.869279628801
0.868614064748
0.867948755615
0.867616196643
0.867117493612
0.86612053366
0.865954421465
0.865622244873
0.865456180476
0.86495808288
0.864460128676
0.863962317864
0.863464650445
0.862635571195
0.862469793582
0.861972556341
0.861641144509
0.86064733919
0.860150627721
0.859985089096
0.859488568817
0.858826780765
0.857999932064
0.857338749447
0.857173481675
0.856512617708
0.85618225742
0.855686836483
0.855191558939
0.854366462811
0.853541733132
0.853047076954
0.852882223427
0.852552564169
0.851728742642
0.851234612237
0.850740625224
0.850411380212
0.849917632186
0.849259540474
0.848601703681
0.848437280331
0.848108481428
0.847615402568
0.847122483032
0.846629690957
0.845972873844
0.84548041635
0.844660020309
0.844331954301
0.843839974783
0.843676013476
0.843184225147
0.842856445924
0.842528730431
0.841873490635
0.841382228079
0.840891108916
0.840236522352
0.839909316699
0.839582174775
0.838764646583
0.83827429218
0.837457401288
0.837130737339
0.836477616565
0.835987931326
0.835498405412
0.835009006958
0.834519751897
0.834030640228
0.833052878932
0.832727075338
0.832238489441
0.831750046937
0.83109901332
0.830610905398
0.830122940868
0.82996031789
0.828985010199
0.828497523644
0.828335059991
0.827847764626
0.827522980712
0.826711347544
0.825900080822
0.825575679288
0.824927083343
0.824440791725
0.824116676976
0.8239546435
0.823792625957
0.823306668922
0.822658965196
0.822497075113
0.822335200962
0.821687879616
0.821364306571
0.821040797257
0.820555652779
0.82023230279
0.819747413232
0.818939603862
0.818778080226
0.818455080752
0.817486464708
0.817325084464
0.816841039329
0.816195916667
0.81555101706
0.815228654886
0.814745231117
0.814261950742
0.813778813758
0.813617799962
0.813456802098
0.812812969969
0.812491149499
0.812008538288
0.811526070469
0.811204504919
0.810400917661
0.810079575166
0.809597680917
0.809115930061
0.808634322597
0.80783196214
0.807350737056
0.80719036056
0.806709326666
0.806068218993
0.805907969957
0.805267149069
0.805106979695
0.804626567168
0.804146298034
0.803506178175
0.803026243624
0.802546452464
0.800629215659
0.800469508327
0.800150141461
0.79919245511
0.798394890334
0.797916485302
0.797438239594
0.796960121347
0.796322869338
0.795845101605
0.795526658824
0.795208279774
0.794571728794
0.794412626898
0.79345841383
0.793140449024
0.789017485722
0.788541900742
0.787908026421
0.78759117689
0.78695768495
0.786324447929
0.785849675506
0.785216884596
0.784900576769
0.784110101954
0.783635998695
0.783162054762
0.782688238288
0.782214565207
0.781583224153
0.781109885654
0.780636690548
0.780321306806
0.779848350687
0.778588169982
0.778273200485
0.777800865734
0.777328674374
0.776699356748
0.775441725242
0.775127393045
0.774656014243
0.773713702749
0.773085819047
0.772928883969
0.772615061612
0.772301302985
0.77214444757
0.771517201168
0.770576849371
0.770106856696
0.769637007413
0.769010764758
0.768541265991
0.766352969645
0.76572806532
0.765259554367
0.764791202739
0.764166951646
0.763854913728
0.762763521877
0.76027274711
0.759961505817
0.759805909069
0.759494763371
0.759339214421
0.759028164318
0.758717177945
0.758095412321
0.757629243445
0.757007923931
0.7568526299
0.756542089637
0.755300804871
0.754680441307
0.754525386264
0.754370347154
0.753750365969
0.753440463006
0.752975728054
0.752511136495
0.752201488452
0.751737151813
0.751427663094
0.75096354951
0.750344970385
0.749572132842
0.749417603572
0.749108592828
0.745562895691
0.745254681572
0.745100598412
0.744330469393
0.743868554493
0.741562373615
0.741101335003
0.740026337689
0.739565761119
0.738338433219
0.737725079952
0.737265236277
0.73665232912
0.736499138179
0.736192804095
0.735580343048
0.735274200154
0.735121152605
0.734509169533
0.734050313673
0.733285888487
0.732980223567
0.732674622378
0.731605679412
0.731300365007
0.730842512894
0.73007976062
0.729774764865
0.72946983284
0.729164964545
0.72794622426
0.727489439624
0.726728423992
0.726272005803
0.725815731006
0.725511627471
0.725207587666
0.724903611591
0.724447782904
0.723840229066
0.723536539776
0.723081141266
0.722474160998
0.722170758493
0.721715774228
0.721564144672
0.719292537309
0.718687134357
0.718233249435
0.717930739149
0.717477093214
0.717023590672
0.716872455023
0.716117063562
0.715814999386
0.71551299894
0.715211062225
0.714154881188
0.713853231257
0.713250138517
0.712948679776
0.712647284765
0.712345953484
0.712195311742
0.712044685933
0.711141424985
0.710389108495
0.709937852435
0.709637094724
0.70918607765
0.708885479264
0.708584944608
0.708284473682
0.707833902718
0.707683738951
0.70663308649
0.706483050183
0.705583326249
0.705283492622
0.705133599708
0.704833861676
0.704534187375
0.704084811348
0.703785296372
0.702438331366
0.702139166904
0.701840066172
0.70154102917
0.701391534568
0.701092593161
0.700196246916
0.699598937672
0.699300378645
0.698554259897
0.698255923925
0.697510378746
0.697212265829
0.696020547056
0.695573895486
0.695276196814
0.694978561872
0.694829768299
0.694532228952
0.6937887072
0.693491390908
0.693194138346
0.692302810836
0.691857338272
0.691560436224
0.691115202647
0.690818459924
0.690373481267
0.689780394134
0.689483938197
0.688298927004
0.688002789716
0.687706716159
0.687410706331
0.687114760233
0.68622736805
0.685931676872
0.685488259599
0.685045001651
0.684897275556
0.684601871163
0.683863654932
0.683716056297
0.683568473594
0.683125821081
0.682830799068
0.682388385542
0.681798771694
0.681356692751
0.681062053117
0.680767477214
0.680472965041
0.680325732853
0.680178516598
0.679884131885
0.679442674309
0.679295553649
0.679001360125
0.678413164269
0.677678277929
0.677237537316
0.676796956027
0.676503304208
0.676062945974
0.675769453481
0.675329350167
0.674889390246
0.674596152672
0.674302978829
0.673863353489
0.673570338971
0.67342385561
0.672984517056
0.672838097426
0.672837890303
0.671667122761
0.671228341844
0.670935900895
0.670643523677
0.670205077342
0.669912859448
0.669474652101
0.668452837456
0.668015124017
0.668014741637
0.667577155657
0.667139729002
0.666411024471
0.666119635067
0.665828309393
0.665245865167
0.664518196248
0.66408177334
0.663500125739
0.663064037414
0.662773380905
0.662482788126
0.661756632793
0.661321102106
0.661030827976
0.660740617577
0.6601604039
0.659870384691
0.659000725375
0.658421276458
0.658131639628
0.657842066529
0.657552557159
0.657118412598
0.65668441143
0.656105982193
0.655816855203
0.655383300145
0.654805444478
0.654516604273
0.654372208069
0.654083463459
0.653939115053
0.653650466038
0.65321761201
0.653073359198
0.65292912232
0.65264069636
0.65235233413
0.652208176913
0.65206403563
0.65177580086
0.65148762982
0.651055492753
0.650767481038
0.650479533053
0.650047730569
0.649903828273
0.649759941909
0.649472216979
0.649184555778
0.648609472366
0.648034612007
0.647460006569
0.647029207833
0.646742088337
0.64602458435
0.645881128163
0.641021000176
0.640449549372
0.639878321623
0.639592795377
0.639164641434
0.638736630884
0.638166167895
0.637881024029
0.637595943893
0.637168459115
0.637025990743
0.636598697155
0.636313903804
0.636029174183
0.635459953928
0.63503317018
0.634748727344
0.634464348238
0.634037899072
0.633611593299
0.633043424589
0.632759427863
0.632475494867
0.631907835996
0.631765957127
0.631340416113
0.630773267083
0.630489780197
0.630064669361
0.629781341799
0.629356485883
0.628790229072
0.628507188296
0.627941313865
0.627375694354
0.627092972227
0.626810313831
0.626527719164
0.625821511316
0.625397977797
0.62497458767
0.624974444278
0.624269208312
0.623987187215
0.623564275063
0.623141506304
0.622859740127
0.622437226288
0.622296414895
0.622014839908
0.621733328651
0.621311181259
0.621170497327
0.62088917726
0.620467316653
0.620467173261
0.619904915506
0.619062166174
0.618640926935
0.61821984702
0.617939196118
0.617658608945
0.617518339258
0.617237847681
0.616817229808
0.616536897556
0.616256629033
0.615136351568
0.614716466591
0.614436612313
0.614016966323
0.613457640148
0.613178072655
0.612898568892
0.61275884091
0.612339752557
0.612060439984
0.611920807597
0.611920536744
0.611641319766
0.611222629726
0.610664594083
0.61038566389
0.609967404027
0.609549287556
0.609270612283
0.608713500725
0.608295814432
0.607739148983
0.607043663704
0.606348560805
0.606070618427
0.605792739779
0.60551492486
0.605237173672
0.604959486214
0.604681862486
0.604404302488
0.603988097916
0.603849389613
0.603710697243
0.603156103019
0.602740328625
0.602186180511
0.601632319181
0.601493881731
0.600801949398
0.60052528162
0.599972153185
0.599281129005
0.598314536388
0.598038442179
0.597348501409
0.597072630255
0.596796822831
0.596658943018
0.596245399173
0.59596978294
0.595694230436
0.594730457871
0.59418003796
0.592531040643
0.592256284764
0.591706964196
0.591569673885
0.59115791448
0.589649346175
0.589512294852
0.588827372817
0.587869112895
0.587595440426
0.587321831686
0.587185051215
0.587048286677
0.586774805397
0.585954759871
0.585818138725
0.585544944231
0.585271813466
0.584998746431
0.584725743127
0.584589265373
0.584452803552
0.584043529616
0.583770749366
0.58363438314
0.583361698486
0.582816520366
0.582271597166
0.581863072058
0.581726928887
0.581318594968
0.581317161044
0.581045018094
0.580772938874
0.579685275226
0.578463189117
0.578056002338
0.577784624148
0.577513309688
0.57697088789
0.576835318289
0.576564226883
0.576428705079
0.576022251195
0.57575135098
0.575480514495
0.575209741739
0.57412743141
0.573992196391
0.573586602862
0.573316276216
0.573046013301
0.572910905742
0.572370682628
0.572100642768
0.571830666637
0.570886491041
0.570481980922
0.569942873083
0.569673406792
0.56926932685
0.568730792581
0.568596194861
0.568057979242
0.567923461185
0.56765447287
0.567385548284
0.567116687428
0.566847890302
0.566579156906
0.565907602235
0.565370661215
0.565102278334
0.564565719694
0.563895391825
0.563627359459
0.563225446336
0.563091501849
0.56188716454
0.561753379378
0.561485856852
0.561218398055
0.560951002989
0.560683671652
0.560416404046
0.56014920017
0.559748513849
0.558814296062
0.558414087716
0.558014038695
0.55721449829
0.556948059174
0.556415419928
0.556282287998
0.556016071936
0.555882987804
0.555616867338
0.5545530865
0.554287284684
0.554154407674
0.554021546597
0.55375587224
0.55362305896
0.553490261613
0.553224714716
0.552959231549
0.552561142225
0.551897952114
0.551632787597
0.55136768681
0.550970155123
0.550837676425
0.550572766828
0.550440335928
0.547665691895
0.547533611511
0.547401547058
0.547137465951
0.546741479716
0.546213715814
0.545818064161
0.545422555901
0.545158952769
0.544763683496
0.544631953626
0.544236875543
0.543973559196
0.543710306578
0.543315547146
0.542657981205
0.542395047237
0.541344044261
0.540950145183
0.540425217265
0.540294013167
0.54003165277
0.539769356102
0.539638231666
0.539376030594
0.53858990535
0.538327959197
0.538197010019
0.53780425808
0.537411649535
0.536496184295
0.536234747982
0.535842713006
0.535320270557
0.534798083028
0.534667564027
0.534406573824
0.534276102621
0.534145647351
0.533884784607
0.533623985594
0.5332329225
0.53310259469
0.532841986866
0.532711706853
0.532451194625
0.531800288467
0.531539999294
0.531409878606
0.531149685027
0.530889555179
0.530759514153
0.529330687987
0.528941186278
0.528681598134
0.527903311678
0.527643978454
0.526736845909
0.526089397103
0.52595994558
0.525183571023
0.524666322567
0.524278541567
0.523761771087
0.523632606349
0.522729138278
0.51989591046
0.518738542146
0.518481471337
0.518224464257
0.518095984616
0.517839073132
0.517710641288
0.516683999097
0.516299181541
0.51578636232
0.515401895279
0.515145652959
0.514633375442
0.514377324312
0.513993383044
0.513609585168
0.513225914752
0.513098056478
0.51258679864
0.511565254848
0.511437603697
0.510927206214
0.510544539545
0.510289508095
0.510034540375
0.509015370524
0.508760721454
0.508251630436
0.507869983447
0.507361338539
0.507361290741
0.507234165362
0.506979962402
0.506725823172
0.506471747671
0.506217735901
0.50596378786
0.504441884057
0.504315125126
0.503808264657
0.50342829058
0.503048459895
0.502921876221
0.502542236726
0.50228921277
0.501909796331
0.501277786112
0.501025080806
0.500772439231
0.500393596361
0.500014896883
0.499762510227
0.499510187301
0.498879658805
0.498501532897
0.498123550382
0.497871641701
0.497745711259
0.497368015529
0.496990463191
0.496738841295
0.496613054245
0.496110065373
0.495858666532
0.495607331421
0.49523046418
0.494979288394
0.494602644208
0.494226143415
0.494100675015
0.494100627218
0.493975174751
0.493097549187
0.492846915106
0.49247109941
0.492345854065
0.491719961925
0.490969350213
0.490844296058
0.490094465038
0.489969522411
0.489469959026
0.48897065056
0.4878483656
0.487723709758
0.487599069848
0.487225245714
0.486727084388
0.486602571938
0.486478075421
0.486104697397
0.485980264609
0.485855847755
0.485109840534
0.484861245812
0.484488473222
0.48399168209
0.483743374153
0.483495129946
0.483495050284
0.483246869806
0.483122803467
0.482750700042
0.481759268665
0.480521807698
0.480274391981
0.479779799534
0.479656179304
0.479532575006
0.479285414209
0.478667791034
0.478544314196
0.478297408318
0.478173979278
0.477433898945
0.477433803351
0.476940676693
0.476570979075
0.476324583037
0.475831982152
0.475216605458
0.475093574731
0.473741606921
0.473127664152
0.472882160334
0.472759432324
0.472759161472
0.472636449394
0.472268408755
0.472023127992
0.471777910959
0.471532757656
0.471287668083
0.47104264224
0.470675238901
0.469940926132
0.469451655138
0.469207107269
0.468351755334
0.467741253984
0.467741014997
0.467496913238
0.467374886258
0.467008916844
0.46664307489
0.466399259917
0.465911868957
0.465668245173
0.465302944924
0.464937772135
0.464816079737
0.464451098138
0.464086275863
0.463964694993
0.463843130055
0.463357029627
0.462264570299
0.462143228416
0.461900592447
0.46153677392
0.461051900294
0.460567281589
0.460082917803
0.459961862705
0.459840823539
0.459598793005
0.459356826201
0.45887313158
0.458631355966
0.45814801186
0.458027211682
0.457664906742
0.457544170294
0.457423449778
0.457182056544
0.456458322951
0.456337745827
0.455976110052
0.455614617669
0.455012496812
0.454892110879
0.454771740878
0.453809529697
0.453689303089
0.45332873479
0.453088424966
0.452728079723
0.452487929223
0.452247842453
0.451887847725
0.451767876037
0.451408056566
0.450928536259
0.450569067303
0.450449270872
0.450209725807
0.449850527703
0.449491488925
0.44925219878
0.449012972365
0.44877380968
0.447817939633
0.447340331225
0.44710161465
0.446862961805
0.446028338046
0.445789971986
0.445432558322
0.444361464469
