0.996255067011
0.993940441911
0.993050851044
0.991806140792
0.991628381943
0.990029508256
0.988254421172
0.987190114562
0.986126285928
0.984885893382
0.9840003653
0.982761311084
0.981699888256
0.980639038998
0.979755422816
0.979225444297
0.977636432824
0.976754170904
0.975872307297
0.974814612673
0.973757491619
0.972173196164
0.970941646153
0.969710876834
0.968832199726
0.96795392093
0.966374198102
0.96567243542
0.964620285304
0.963218353189
0.962868013553
0.961992459214
0.960942316592
0.959892747541
0.95849422498
0.958144745699
0.957271342246
0.956398321174
0.955525714346
0.954479108739
0.952214129294
0.951169339991
0.950125108325
0.949429288464
0.948038556893
0.947517229719
0.946648669745
0.945433418676
0.944565814652
0.94369860894
0.942485285703
0.941965488049
0.941272647564
0.940407003237
0.939714736322
0.938331142509
0.937466804646
0.936948393119
0.935739339791
0.934358550097
0.933668513731
0.93263395309
0.931944554025
0.931427672016
0.930738719061
0.930394338178
0.929705767601
0.929189506961
0.926782616781
0.925923632237
0.925580143573
0.924893357437
0.92403524918
0.922834640074
0.922320291333
0.921977471834
0.92146336208
0.920606847073
0.919750762242
0.919066142925
0.918552845728
0.91769766905
0.917013814493
0.916330214855
0.915476089722
0.914793063654
0.914280961395
0.91325723485
0.911382251022
0.910700754474
0.910189799354
0.90984924227
0.909338526137
0.906957351005
0.906447447429
0.905767814983
0.904748852255
0.904069841176
0.903221451741
0.902882201121
0.902543014232
0.901695373624
0.901017509685
0.900339916598
0.899493279737
0.899154730147
0.898477822158
0.897801169088
0.897293846577
0.896955711232
0.896448627709
0.895941687578
0.895434890839
0.894928237493
0.894590548258
0.894084133899
0.893071783156
0.892397169446
0.892059958185
0.891385726855
0.891217208854
0.890711750445
0.890038028954
0.889532905127
0.889027924693
0.888523087651
0.888186609286
0.887682011231
0.88717755657
0.885833284155
0.88448984023
0.883818476749
0.883147368188
0.882476530479
0.881973557539
0.881303150007
0.880632997396
0.880465499074
0.880130550228
0.879293488797
0.878624100945
0.877954968013
0.877453285606
0.877286090001
0.876784598783
0.876283250958
0.875448005832
0.874613159017
0.874279325446
0.873778694583
0.872944644394
0.872611129472
0.872277678281
0.871777620988
0.871610967088
0.870777984376
0.870111846753
0.869279581003
0.868780384065
0.867782468163
0.867283717334
0.867117493612
0.865954421465
0.864958098812
0.864294191739
0.864128254802
0.863464666378
0.863132967761
0.86263553933
0.861972540408
0.861641128576
0.861309780474
0.860812877815
0.860481689038
0.859985025366
0.858992175998
0.858495958436
0.857669269059
0.857173417945
0.856677710223
0.85634731807
0.855521664306
0.855191495209
0.854366383149
0.853871487984
0.853376736212
0.852882127832
0.852552468574
0.852222873047
0.851563873182
0.850740513697
0.850246686009
0.849259460811
0.848766047368
0.848601608086
0.848437184736
0.847944026213
0.847615322905
0.846958123412
0.846465379134
0.845972778249
0.845480320756
0.845152095423
0.844659876917
0.843839879188
0.843020279772
0.842364896583
0.841873490635
0.841545966332
0.841054799371
0.840891108916
0.840400133145
0.840072895626
0.839418627712
0.838928082119
0.838437679918
0.837947421109
0.837293981685
0.836967349601
0.836640781248
0.836151048212
0.835335192932
0.834845858208
0.834030640228
0.833704645444
0.832889985101
0.832401351407
0.832075675273
0.831587280566
0.831424514196
0.831099029252
0.830448266487
0.829797790507
0.82882257841
0.828497603307
0.828010260144
0.827523060375
0.827360692317
0.827036003998
0.826711379409
0.826062337353
0.825575711153
0.825413534285
0.825089228346
0.824764986137
0.824278742317
0.823792641889
0.823306684854
0.822820871212
0.822335200962
0.821849674104
0.821526069195
0.821364290639
0.821202528015
0.819101940055
0.818455893309
0.818132957564
0.817648673441
0.817487277265
0.81635818913
0.81587443078
0.815552004875
0.815390815821
0.814746234865
0.814262954489
0.814101892895
0.813296823914
0.812653071447
0.812170412439
0.811527106081
0.811044797588
0.810401921408
0.809919931564
0.809116981605
0.808635374141
0.80815391007
0.807351804533
0.806550097309
0.805909005569
0.804947845933
0.804627586848
0.804147317713
0.803987259867
0.803667191972
0.799516888509
0.799038148894
0.798878600887
0.798240615983
0.797921695228
0.797602838202
0.796328381981
0.796009843605
0.795372973976
0.79505462679
0.794577225505
0.793940929446
0.793304888306
0.792669102087
0.792192417764
0.791557077654
0.791080727914
0.79012852234
0.789652602777
0.789493994788
0.788859738088
0.788384200904
0.787908807114
0.787433572648
0.786958465642
0.786641807301
0.786325212689
0.786008681808
0.785692214656
0.785534004979
0.785059471543
0.784585097432
0.784268917066
0.784110850781
0.783636747523
0.783320758346
0.782531112021
0.782373220993
0.781426225346
0.781110682279
0.780479787336
0.779691622732
0.77937643018
0.778746284064
0.778431282702
0.777958900153
0.777801471168
0.777644058116
0.777171914554
0.776699914385
0.776228073541
0.775913582019
0.775441964229
0.775127632032
0.77465625323
0.773713973601
0.773399991919
0.772772219744
0.771831103188
0.771203984245
0.770733816313
0.770420440066
0.769793894693
0.769324141006
0.768854530711
0.768385063808
0.767759346926
0.766977539388
0.763389700802
0.762921906811
0.762766007346
0.762610123813
0.761363868109
0.761208127969
0.760741003143
0.760118393097
0.759962780417
0.759496037971
0.75934048902
0.758718468477
0.758407545834
0.758252108411
0.757785891737
0.757475160284
0.757319818456
0.756698626402
0.756232903636
0.755922490833
0.755146737643
0.754836547895
0.754371398698
0.754061368275
0.753441498618
0.752667035961
0.752202539997
0.751892955683
0.751273994178
0.750964601055
0.750036819996
0.749418655116
0.748955178832
0.74849184594
0.748183026386
0.747874270563
0.747565578469
0.746331463326
0.745714780168
0.74463624584
0.744174235345
0.74355846034
0.743250660466
0.742174022105
0.742020257594
0.74171277637
0.741405358876
0.741098005111
0.740790715077
0.740329899519
0.739869227354
0.73910180686
0.738641517074
0.736343461769
0.73603715955
0.73573092106
0.7354247463
0.734965603655
0.73465958822
0.732519694795
0.732061460301
0.731756050301
0.731450704031
0.729011678009
0.728402212272
0.728097567032
0.727792985521
0.72733623275
0.726879639304
0.726727468042
0.725814822854
0.72535869145
0.724902703439
0.723687611695
0.723383954269
0.723080360574
0.722625105457
0.7221699778
0.721563379912
0.72110860277
0.72065396902
0.719593772995
0.71913961722
0.716871833656
0.716720713939
0.71611641033
0.715512393506
0.71521045679
0.714305188347
0.714003506551
0.713551103351
0.71324958088
0.712797416667
0.712646727128
0.711291477224
0.71114094701
0.710839934379
0.710538985477
0.710238100306
0.709937278865
0.709035356246
0.708284059437
0.707533256534
0.706932840454
0.706332711159
0.705432923494
0.705133121733
0.704833383701
0.7045337094
0.704234098828
0.703934551987
0.701840018375
0.701540981373
0.701391486771
0.701092545364
0.700793667687
0.700345470666
0.700196103524
0.699897417037
0.6994495068
0.699300235253
0.698852516206
0.698703308389
0.698404940552
0.698106636445
0.697510235354
0.697212122437
0.696765088487
0.696318181998
0.696169245033
0.695573672431
0.695127164254
0.694383323852
0.69423459401
0.693788500078
0.693342565471
0.692154240319
0.691411993167
0.691115186714
0.691114979592
0.690225006344
0.689928454812
0.689631967009
0.689187354799
0.688594777507
0.688298576489
0.688002439201
0.687262390733
0.68667064193
0.686374855158
0.685931310425
0.685340135192
0.685192377232
0.684896909109
0.684453826418
0.68401088712
0.683568091214
0.683272973607
0.68224067538
0.681651093396
0.681356390033
0.6810617504
0.680767174497
0.680472662324
0.680325430136
0.679736676642
0.679442387524
0.679295266864
0.67885401641
0.678412893416
0.677824968412
0.677531093539
0.677237282396
0.676062770717
0.675622555876
0.675182484427
0.674889183123
0.67459594555
0.674449350662
0.674156208683
0.673423632555
0.673277165127
0.672398790736
0.672252434836
0.672106094868
0.671959770832
0.671520910253
0.671082193066
0.670789783982
0.670351305783
0.670205172937
0.670059056024
0.669620816812
0.669036747472
0.668452933051
0.668161097537
0.667577633632
0.666848690113
0.666411486513
0.665828819233
0.665683180294
0.665246375007
0.664373178677
0.663936803567
0.663500555917
0.662919115438
0.66248320237
0.662192673321
0.66132151635
0.660741079619
0.660595998318
0.660305883514
0.659725861027
0.659435937413
0.659001171485
0.658711407195
0.658566548949
0.658276880254
0.657553003269
0.657408272483
0.657263557629
0.656829524596
0.656540238281
0.656251015697
0.655961856842
0.655672761717
0.655094762657
0.654950302724
0.65451703445
0.653795260554
0.653506643404
0.653073837173
0.652785379348
0.652641174335
0.652352812105
0.652064513605
0.651632185348
0.651055986661
0.650048288206
0.649760499546
0.649472774616
0.649185113416
0.648897515946
0.648609982205
0.648322512195
0.648035105915
0.647604115988
0.647029685807
0.646886118093
0.646599030463
0.646168534444
0.645738165884
0.645594741563
0.645307940717
0.645021203602
0.644734530216
0.644304655564
0.644018141504
0.643874908372
0.643731691173
0.643445304573
0.643015844165
0.642300411403
0.641871333375
0.641442414673
0.641013639363
0.640870740814
0.640584991513
0.640442140761
0.639870944877
0.639585418631
0.639157248756
0.638871881835
0.638443950948
0.638158743352
0.637873599486
0.63758851935
0.637303502944
0.637018550268
0.635311048829
0.635168787579
0.634742115359
0.634599917839
0.633605013179
0.633178866731
0.632894838139
0.632752847742
0.632326988079
0.632326844687
0.63218491802
0.631759233614
0.631475523672
0.631333692601
0.630341480532
0.63005808924
0.629774761679
0.629491497847
0.629208297745
0.628642104665
0.628359095753
0.628076150572
0.62779326912
0.627227697407
0.627086344309
0.626945007145
0.626521107178
0.626379833744
0.625814915263
0.625532543651
0.625250235769
0.624967991617
0.624685811195
0.624403694504
0.624262660056
0.623980638959
0.623275865036
0.623134958049
0.622994066994
0.622712332682
0.62228986664
0.622008291653
0.621867528058
0.621726780396
0.621304648936
0.620882660869
0.620039130845
0.619758065698
0.619617557023
0.619477064281
0.619196126594
0.618915252637
0.618634442409
0.618353695912
0.617652156285
0.617511886597
0.61723139502
0.616950967173
0.61695082378
0.616810633755
0.616530301503
0.61596984412
0.615689703058
0.615549656425
0.615269610958
0.61484966225
0.614429872868
0.614289969628
0.613730531925
0.613450900702
0.61331110899
0.61317133321
0.612612405347
0.612333029044
0.610519066672
0.610379609542
0.609404015065
0.608986073852
0.608568276031
0.608429041956
0.608150621603
0.607454865472
0.607037609356
0.606759507653
0.605509284757
0.605231533569
0.60481502628
0.604398678317
0.60384374951
0.60315049478
0.602873285297
0.602042134822
0.601626726875
0.601211478254
0.600658063034
0.600381427121
0.600104854937
0.599690116156
0.599413703297
0.599275520766
0.598722949969
0.598170650024
0.59789458768
0.597756580407
0.597480613659
0.597066798962
0.596653111725
0.59610176773
0.595275237678
0.594862187741
0.594449265263
0.594174063274
0.593486384918
0.592936506713
0.592386883427
0.59170028848
0.587049258559
0.58677577728
0.586639060539
0.586365674854
0.586092352899
0.585819094675
0.585409326832
0.585136227932
0.584999702381
0.584726699076
0.584317313613
0.583771689384
0.583635323158
0.583498972864
0.583226320074
0.58240883968
0.582272632779
0.58213644181
0.582000266774
0.581727964499
0.581183567072
0.581047503563
0.580775424343
0.580231457093
0.579959569063
0.579687744763
0.578465658654
0.578194184869
0.578058471875
0.577651444421
0.577108942961
0.576837787825
0.576431174616
0.576160178806
0.575889246726
0.575888975873
0.575753533732
0.575347318835
0.575211940424
0.574941231398
0.574670586103
0.574400004538
0.574129486702
0.573723845375
0.573722411451
0.573181774092
0.572911543042
0.571966475226
0.571291765921
0.569943669707
0.569674203417
0.569270123474
0.568866186924
0.568193293924
0.567789755686
0.567520799235
0.566983093456
0.565908558184
0.565774295048
0.565640047843
0.565371601232
0.565237401826
0.564566739374
0.564298547683
0.56389637964
0.563762355491
0.563226418218
0.562155324366
0.561753937015
0.558950853478
0.558684000117
0.558417210485
0.558150484584
0.558017145532
0.557750515225
0.557617223971
0.557350689259
0.556817811026
0.556551467504
0.556152071715
0.555486778515
0.555220753643
0.555087765106
0.554821835829
0.554290216263
0.554157339253
0.553891633031
0.553493209125
0.553227662228
0.55322761443
0.552696727759
0.552298734029
0.552033473917
0.551768277535
0.550840655802
0.550575746205
0.550443315305
0.549913798828
0.549516792914
0.549252201966
0.548723227195
0.54832666739
0.548194507342
0.547138135116
0.547006118461
0.546742132948
0.546478211166
0.546214353113
0.545686875996
0.545423209133
0.545159606001
0.545027828333
0.544896066598
0.544764320796
0.544500876988
0.544105846703
0.543710959811
0.5435793574
0.542527255082
0.54226435298
0.541870135252
0.541607392474
0.540950862146
0.540425902362
0.539507840126
0.538852632195
0.537935972018
0.53767418519
0.537412462092
0.537020012871
0.536496949055
0.536366222932
0.535974156091
0.535190580046
0.535060013248
0.534929462383
0.534537921314
0.534407434179
0.534016068368
0.533885644962
0.533755237489
0.533494470341
0.533103439112
0.532842831289
0.532321822764
0.532191606481
0.531931221713
0.531801053227
0.531410643366
0.531150449787
0.530890319939
0.530500244659
0.530240274136
0.52946090427
0.528941552725
0.528552194408
0.527644281171
0.527514638458
0.526996242863
0.526607601508
0.526348586934
0.525960184567
0.525830748976
0.524666752745
0.524537476479
0.524278971745
0.524020530741
0.523632988728
0.523503839923
0.523116505033
0.522084509523
0.521826610224
0.521311050613
0.521053342504
0.520666915766
0.520538133408
0.520023163299
0.519894460603
0.519637103008
0.519379809144
0.51912257901
0.518865412605
0.518351318784
0.518094343569
0.517837432085
0.51758058433
0.517323800305
0.517067080011
0.516938743762
0.516810423446
0.516297317439
0.516040852065
0.515656273497
0.515528112505
0.515143725127
0.514503398146
0.514119393148
0.513991423347
0.513607609538
0.513479703467
0.513223939122
0.512968238507
0.512584807079
0.512073836026
0.511180325765
0.511052722411
0.510797563501
0.510542468321
0.510032485083
0.509522756765
0.509395360534
0.509140615869
0.508631333661
0.508504048957
0.50786796002
0.507613597735
0.507105112151
0.506850941056
0.506469803907
0.506215792136
0.505961844096
0.505707959785
0.504439940293
0.504313181361
0.504186438362
0.503679641623
0.503426330883
0.502666796973
0.501907868499
0.501781428217
0.501655003868
0.501402202967
0.501275826415
0.50102312111
0.500896792355
0.500644182645
0.499886831487
0.499634476696
0.499129974237
0.498877810636
0.498625710765
0.498373674624
0.498121702213
0.497995739906
0.49761794858
0.497617566201
0.497365784979
0.497114067488
0.496862413727
0.496485052579
0.496359297395
0.495982127437
0.4948518125
0.494600732309
0.494349715847
0.494224231515
0.493847890047
0.493722469445
0.493597064776
0.493471676039
0.492970328213
0.492719725997
0.492594448787
0.492343942166
0.491467830189
0.491217610353
0.490717377802
0.490342358731
0.490092425679
0.488844003155
0.488469701047
0.487970870555
0.487846198781
0.487596903029
0.487596855231
0.48734762321
0.487098454918
0.48697389467
0.486724821974
0.485977986263
0.484859142722
0.484362192266
0.483989610866
0.483617172859
0.483368960517
0.483120811905
0.482872727023
0.48274870848
0.482500719193
0.482252793636
0.482128854756
0.481757133711
0.481385571991
0.481261744639
0.481014137732
0.480519162904
0.480271747187
0.479159404104
0.478541892457
0.478418431552
0.478048160364
0.477678016636
0.477431333814
0.477061429074
0.476938159358
0.476691667726
0.476322065703
0.475214311179
0.474968265656
0.474599332798
0.474476381733
0.473861913192
0.473616218184
0.473493394579
0.473491594207
0.472632434405
0.471896592116
0.471651406948
0.471283764622
0.470916265688
0.470548910147
0.470304075494
0.469692299545
0.469569985779
0.469447687946
0.469203140078
0.46895865594
0.468836437769
0.468469878853
0.467981404484
0.467737238996
0.46761518015
0.467493137237
0.465665648177
0.465422088123
0.465300331995
0.465178591799
0.46481348274
0.464448501141
0.463354528226
0.462140679216
0.462019353266
0.461776749162
0.461291779941
0.461049367028
0.460928184469
0.460443629494
0.459959329438
0.459717267039
0.458749718473
0.458628838632
0.458266310637
0.458024694348
0.457420932444
0.457179539209
0.456696959863
0.456696816471
0.456455614427
0.456093946786
0.455250639817
0.455130222019
0.454889434219
0.453806837105
0.453686610497
0.453326042199
0.453085732374
0.45284548628
0.452605303915
0.452245165794
0.452125146308
0.452005142755
0.451645243621
0.449967966125
