153
1188
2847
3405
3271
8401
937
5114
5601
3946
856
3854
6420
10677
10893
6809
6172
1819
476
1794
2833
4350
4764
1791
9146
5062
1764
5586
8875
4793
2648
3448
7231
7741
8028
1416
3781
4035
10473
8
6405
7737
6687
1334
4421
6175
6948
7745
11084
806
7598
10648
818
1964
2551
6413
7909
8871
8935
9069
4816
4572
7830
8793
9714
10483
2595
3671
8501
9471
328
9043
10868
5068
8604
10890
4798
8065
9355
6622
9910
10193
8934
11061
919
2674
6182
6436
6744
8184
1340
4395
6105
9184
9995
10876
1275
4008
5390
8667
5353
6311
6316
8443
9990
7659
1988
9943
1855
2693
9534
936
3007
6792
2653
6282
8167
8603
4410
512
1524
2040
2179
3373
4687
10873
11083
2659
3122
4564
5131
43
2589
4419
2346
5847
6055
6398
6974
8310
9049
1171
3192
5829
10191
10284
1612
3244
3506
6198
8400
10426
839
1958
3775
4062
4448
4878
5870
7140
7471
8810
9119
921
2926
5218
9186
9708
115
2085
2876
150
467
880
3544
4372
5682
10721
3720
6207
6824
9252
1424
1486
2545
2899
5463
5595
6158
7547
8041
8116
9553
9945
3274
6343
8519
4333
4973
7589
7717
8236
9300
9505
1238
2283
2930
6046
10635
708
769
4360
4426
4479
5035
5721
5979
7594
7808
8274
227
1992
2214
3348
4792
4995
5231
5287
6930
8072
8275
8291
10146
10475
10494
10847
1363
2045
3313
4535
4688
5634
7637
9385
734
2075
3471
5200
5981
7057
7391
142
556
1716
5947
8366
9814
46
326
577
3163
6070
6167
7536
7888
8027
9190
735
1481
2258
2934
4636
5525
7153
9688
9877
1478
1667
3150
4096
5890
6005
6032
8188
8270
10292
82
533
629
763
2730
4238
4770
5464
5629
6054
6763
6944
7482
8010
9911
9991
10374
10590
2402
3479
7125
8175
8345
9718
10728
229
2389
2440
2856
2905
2982
3260
3317
3582
4276
4887
5910
7658
9205
10490
10823
11102
1733
1747
2325
3687
4900
5551
5834
6736
6915
8402
8577
8911
9265
9306
10097
1602
6914
7817
9649
1908
2058
2690
3410
3944
4692
5662
6382
6606
7163
7557
7994
8054
8248
8758
9668
9672
9807
9
1152
1677
2263
2436
2808
3143
3572
3951
7123
7399
8965
9319
10584
144
552
693
1485
2314
3800
4581
4607
4720
4924
6556
7840
7892
8524
9135
9160
9366
9809
40
204
677
840
1673
1835
2539
2666
4614
4871
4949
5180
6469
6660
7623
8043
8586
8769
9483
10451
10831
10892
698
1577
1608
2300
2508
2786
3182
3437
3693
3928
4789
5240
7092
7789
8557
9817
10569
11151
541
808
1133
1388
1651
2272
3494
3498
3876
4155
4596
5251
5280
5363
5690
6671
6913
7200
9260
9914
10344
10548
10879
10885
10912
1320
1782
2328
3491
4294
4519
4931
5837
6369
6925
7037
7143
7601
8302
8851
10314
10853
890
1411
1714
1789
2413
4107
7565
8126
8689
10797
10836
11028
477
650
1293
1304
1784
2142
2432
3461
3586
4067
4642
5496
6498
6628
7117
8479
8973
9407
10083
10474
10717
11167
751
758
1052
1426
1603
2276
3186
4120
4378
4735
4957
5392
6265
7222
7708
8694
8701
8704
9704
10339
10535
10819
2080
2392
2477
2518
2702
2884
3217
3580
3709
4153
4216
4539
5198
5376
5466
5492
6700
7349
8543
9563
9950
10456
10657
1042
1414
2298
3302
3406
3509
5137
5161
5748
6411
8607
9529
10748
11134
715
809
1103
1523
1884
3191
3268
3444
3940
4160
4304
4416
4722
5039
5710
6873
7499
7792
8135
9550
10355
10547
1994
2450
3585
3674
4501
4641
5132
5839
6676
6923
8134
8430
9080
9381
9790
10829
10946
10993
364
1409
2168
2507
3554
3575
3967
4928
5472
5529
5946
6444
6724
6894
7269
8403
8535
8633
9182
10631
11158
389
646
2195
2222
2785
3855
4058
4676
4807
5327
5493
5876
6050
6128
6499
6969
7645
7929
8138
8251
9283
9528
9779
10051
11172
1301
1504
1829
2201
2363
2798
3113
3165
3342
4411
4553
4947
4954
5250
5404
5549
5720
6031
6730
6897
7718
8123
8157
8628
8708
9214
9365
9924
10098
10564
11039
11121
11170
885
1613
1896
2240
2329
2383
2516
2849
2878
3040
3641
4004
4279
4469
4967
5447
5465
5612
5722
6705
6796
6858
8137
8725
8829
8865
9734
10576
10618
10794
10840
11072
11194
162
807
908
1080
1184
1678
1752
2225
2796
2988
3662
4103
4915
5188
5563
6789
8525
8772
8999
9175
9433
9596
9736
9872
9926
10707
10812
339
494
509
595
689
2029
2175
2580
2618
2634
3222
3430
3591
5261
5356
5458
5846
6318
6855
7032
7855
8083
8429
8764
9191
9220
9320
10045
10067
10769
819
923
965
1861
2011
2636
2649
3153
3625
3869
3897
4110
4703
4872
5172
5420
5467
5685
6680
6845
7310
8288
8397
8555
8589
10027
10070
10391
10966
10985
11002
550
1472
1635
2170
2238
3599
4656
5510
6030
6274
7838
7972
8067
9177
9207
9333
9507
9927
10690
11099
25
93
876
1183
1327
1422
1457
1707
1724
1987
2232
2439
2529
2927
3311
3400
3644
4025
4576
5085
5119
5544
5658
5798
5954
5975
6670
7559
8099
8553
8622
8896
9400
9705
10861
10907
10976
211
285
294
523
729
786
973
2367
2492
3524
4393
4746
5080
5146
5204
5272
5419
5813
5819
5823
6929
6970
7011
7100
7293
7564
7661
8063
8127
8269
8330
8657
9332
9406
9518
9913
10560
10678
10938
446
514
657
815
1589
2068
2960
3038
3074
3525
3741
3959
4578
4745
4751
5378
5578
5872
6137
6217
6391
6640
6701
6807
6816
7757
7824
8242
8749
9508
10066
10291
126
355
612
917
993
1604
1745
1928
2228
2758
2839
2861
3133
3138
3452
4278
4536
5663
5948
6445
6583
6717
7354
8391
8394
8534
9389
9481
9595
10202
10275
10767
10971
11034
671
753
1288
1446
1516
1605
2070
2449
3080
3264
3785
4109
4667
4715
5143
5367
6008
6117
6264
6917
7441
7548
7615
7620
7847
8156
8541
8726
8843
8848
9289
10325
10582
10610
10661
10896
10901
10977
10983
373
609
731
788
913
1389
1712
1755
2484
2514
2608
2705
2957
3304
4440
4488
4529
4757
4790
4796
5233
5249
5331
5429
5518
6108
6719
6893
7312
7529
7566
7771
7897
8235
9200
9401
9923
10012
10331
10387
1825
1879
1953
2563
2602
2622
2855
3129
3210
3278
3587
3825
3960
4034
4108
4541
4558
4638
4907
5148
5236
5450
5582
5624
5768
5788
5818
6007
6289
6777
6832
6889
6951
7208
7346
8256
8277
8382
8433
8619
8736
9309
9830
9863
10000
10276
10427
10430
169
435
587
787
1398
2137
2249
2520
2850
2993
3013
3322
3330
3352
3578
4649
4748
4763
4861
