153
2847
1188
3946
6420
6172
8401
937
3271
5114
3405
856
5601
10893
3854
10677
4350
476
1794
4764
6809
1791
2833
9146
1819
3781
5586
7741
7231
4035
5062
3448
4421
8875
1416
10473
4793
8
1764
6175
4008
5390
7745
6413
6948
7737
4572
7909
8028
8935
1524
6405
7598
11084
9714
3671
6316
1964
8934
10868
10890
1334
8793
9355
9471
10483
8604
10193
2876
806
6687
4816
6436
2589
2595
4798
5068
9043
9184
8443
919
1275
2674
8184
10876
4687
8871
9910
9995
328
818
1340
3007
6105
6311
8667
2648
4395
3373
8065
10648
7830
9534
10426
1855
150
6282
8501
43
1612
9990
2040
4410
5595
8603
9069
1988
2693
4419
8236
9943
2346
2653
2659
4535
5463
5829
6744
9186
7658
512
4789
9708
10191
1992
4792
6055
6207
9049
1958
3244
7547
10635
2179
7659
10873
3122
3192
4688
5353
6158
6398
1171
3506
3775
4062
4448
4564
5131
5870
6736
8167
8810
2214
3471
3544
6198
6343
8116
9119
11061
1238
7471
10584
467
4426
5287
6182
880
2545
5218
6622
7589
10284
4878
10475
4479
8310
10721
115
2982
4372
7637
2926
4333
4995
5981
6046
6930
1363
3274
4096
5525
5847
8291
8400
9252
9300
9505
9553
1667
2930
5035
5682
5890
6070
8027
9814
142
921
2085
10146
734
735
2934
3313
4973
5200
5551
5979
8041
227
326
650
2899
3720
4581
5634
6824
7994
577
1716
2856
5198
5231
5464
7482
10847
936
2258
2325
2402
5947
7594
8524
9190
9877
10374
708
1784
2045
2075
2551
4636
5721
6974
7140
7391
7717
2283
2314
7808
8519
229
839
6606
7125
7536
8345
9385
1152
5363
6030
7092
7153
8965
10569
1424
3687
6005
8054
9688
46
2263
3479
7888
8270
9265
10494
10728
533
629
1478
1677
3260
3317
4238
8072
9718
10344
1602
3951
4360
4692
5629
6915
7057
7840
8126
4642
6167
6763
8010
8188
8274
8275
8577
9306
9649
9807
11083
2436
2440
2508
3494
4770
5180
6032
7565
7601
7718
10590
763
1103
1388
1577
2477
4871
4887
4900
6944
8366
8769
8851
9366
11134
556
1733
3163
5472
5690
7037
7143
7623
7892
82
1747
2905
3876
6265
7200
8758
9911
11102
693
1608
1782
2518
2808
3217
5240
5834
6792
10490
1486
1835
2666
3410
3800
4107
4153
4949
9672
10097
204
552
840
1293
2730
3150
3182
4378
5662
6556
7789
8175
8973
9135
9779
10456
1042
1673
2080
2786
3191
3572
4067
4607
5280
5910
7163
7557
8543
8586
9319
9407
10292
10451
541
1481
1613
2539
3498
3944
4614
8248
8402
8557
9260
9945
10548
10836
11151
677
2058
2450
2690
4276
4641
5251
6054
6499
7399
7708
8689
10339
10474
10535
10819
10823
9
698
890
1426
2225
2392
2702
4539
4596
5466
5837
7123
7817
8157
9483
9529
10885
10892
523
1183
1304
1651
5039
6382
6894
6914
7269
8403
8911
9991
40
144
1714
1884
2516
3437
3855
3869
4216
4304
5137
5392
5710
6628
6925
7349
8701
9283
9809
10314
10797
11028
2389
2798
3143
3348
3406
3554
6215
6498
6613
7310
8043
10083
10879
11167
477
1133
1320
1523
1908
2142
2222
3268
3302
4155
4294
4519
5250
6469
6671
11121
2413
3186
3491
3586
3928
8302
211
1411
2168
2975
3461
3524
5493
6845
6873
9160
9668
9704
9817
10355
10576
10657
10748
10853
10912
1052
1080
1516
1678
1861
2839
3444
4393
4931
4967
5132
5378
5748
6660
6913
7117
7792
8134
8535
8708
8725
9182
9790
10831
11172
646
876
885
1635
2432
3342
3709
4722
4735
5492
6789
7740
8430
8555
8607
9914
162
689
808
809
2785
3040
4058
4411
5876
6923
8429
8865
9205
9381
9508
9950
10114
10829
11170
758
945
2029
2276
2634
3582
3585
4160
4278
4438
4501
4553
4924
4957
5376
6031
8083
8589
8694
9207
9214
10045
11034
11072
389
1414
1472
1789
2329
3278
3575
3662
3674
4109
5327
5813
6391
6700
7499
8138
8397
8704
8999
9528
9550
9872
10051
715
1829
1994
2170
2618
3165
3641
3940
4676
4736
5188
5404
5450
5612
6796
7645
8135
8479
8525
9220
9333
9365
10547
10707
10946
11039
285
769
993
1327
1409
1485
2070
2175
2272
2298
4110
4558
4947
5563
6897
9080
9596
10027
10098
392
2195
2328
2363
3591
3693
4103
4954
5261
5465
5496
5720
5839
5946
6128
6730
6969
7011
7312
8242
9736
9913
9924
10564
10717
373
729
1457
1504
1603
2240
2861
2957
4416
4469
4656
5119
5544
5798
5846
6705
6724
7222
9563
10391
10901
1745
1752
2333
3113
3153
3509
4362
4807
5146
5467
5549
6640
6680
6858
6964
7214
7564
8063
8251
8622
8633
10618
11103
788
815
2137
2796
2927
3580
3625
4025
4715
4757
5172
5529
5954
6318
6369
6719
7032
7389
7855
7929
9191
9223
9518
9547
10769
10794
10861
10971
117
509
514
786
1896
2411
2439
2580
3430
4120
4745
4746
5080
5447
5624
5722
5819
5872
5975
6050
6217
6444
6583
6701
7838
8256
8534
8772
9830
10067
10430
10993
294
913
1301
2649
2988
3222
3304
4336
4720
4872
5685
6929
8252
8553
8726
9332
10276
10297
10348
10560
10966
126
364
807
819
1389
1712
2297
2383
2705
3039
3644
4279
4703
4915
5356
6068
6670
6816
7100
7343
7661
7972
8099
8391
8433
8541
8843
9507
10275
10610
11158
412
1987
2232
2878
3292
3400
3452
3525
4790
5663
5855
6274
6717
6807
7350
7354
8123
8650
8896
9177
9389
9926
9927
10427
10581
10907
309
494
595
835
908
973
1422
2300
4004
4638
5143
5962
6676
7559
8288
8748
9200
9320
9433
9468
10012
10291
10690
10714
10812
10977
10999
93
591
923
1707
2009
2201
2427
2622
3462
3599
3825
4440
4488
4907
4928
5227
5658
6086
6099
6137
6264
6893
6951
7346
7847
7886
8269
8394
8619
10840
10985
11194
355
657
1604
1928
2068
2228
2238
2529
2849
2894
3074
3275
3587
3610
4034
4536
4763
4861
5089
5161
5236
5272
5331
5510
5582
5769
7470
7615
7730
8137
8156
9400
9401
10070
10582
10678
409
671
917
1153
1430
1744
1811
1879
2492
2581
2758
2855
2960
3330
3519
3959
4375
4547
4667
4972
5063
5085
5165
5578
5823
6116
6411
6715
6970
7081
7548
7757
8067
8448
8683
8734
8749
8757
9303
9469
9732
10976
11001
555
587
753
900
904
963
965
1184
1274
1476
1825
2249
2471
2563
2608
3264
3296
3486
3594
3897
3967
4085
4338
4503
4865
5419
5518
5651
5677
5792
5963
6688
7026
7039
7566
7897
8231
8235
8277
8382
8658
8710
9481
9734
9737
11099
25
394
446
731
751
1398
1648
1953
2011
2993
