153
2847
1188
3946
856
8401
3781
3271
937
3405
5601
10677
6172
10893
4764
5114
6420
8167
1791
476
1819
2833
5062
9146
10890
6809
1794
5586
7741
8875
1416
4350
3448
3854
7231
1764
4421
4035
7745
2648
3671
4793
8
6405
6687
8793
1964
4008
6948
7909
8501
8935
6175
7737
10473
10483
11084
328
9471
919
2674
6413
7598
10868
1334
4572
4816
7830
8604
8871
1275
4792
8443
2595
3373
3471
6316
6744
8934
9043
9355
9714
2589
3122
5068
10876
806
1524
4798
6105
8028
8184
9910
9990
818
4395
4410
10193
10648
43
1363
1855
1992
2693
5551
6282
6436
7718
9184
9186
1612
2545
2659
4333
5595
6311
7808
8603
8667
9119
9995
1340
2876
5218
7547
7717
8065
10426
735
1486
6207
6792
7659
9069
9943
10721
2179
2653
4419
5829
5981
6055
9300
9708
512
2934
3544
4564
4687
10284
150
921
2040
3007
3192
3244
3274
3506
4636
5353
8310
9049
11061
2314
2551
2899
3775
4062
4448
5131
5870
6005
6158
8236
8810
9252
10873
1716
2346
7594
9534
142
3163
3687
5035
5847
8291
8400
10191
10475
115
936
1171
1958
1988
3313
4535
4878
5287
5682
6167
7482
8116
9809
227
769
1667
2263
2926
4096
4372
4995
5463
6046
6736
7471
9306
10146
629
1238
2214
2283
3348
4360
5979
6070
6182
6398
7140
8072
10635
1789
2085
2930
2982
3944
4607
4973
5200
5390
5464
6343
6930
8275
9553
9688
9877
467
577
708
1424
3260
5525
5634
5846
6763
6974
8041
8345
8366
11083
229
734
839
2702
2856
3876
5240
6824
6925
7057
7391
7441
7536
7637
7888
8577
9283
9505
144
1478
1677
2440
3582
4426
4479
4596
4770
4887
5834
5890
7153
7589
9366
9385
9814
10292
10569
763
880
1388
1516
1733
1908
2195
2402
2539
3191
4581
4688
5662
6054
6622
7565
8524
8965
9807
10494
10584
10728
11102
556
677
840
1052
1651
2058
2508
2516
2690
3317
4155
4614
4692
4900
4924
5180
5721
6556
6606
6915
8973
9190
9265
9779
9945
11028
82
541
1430
1747
2137
2808
3182
3479
3720
4107
4967
5231
5629
6032
6198
7601
8027
8270
9160
9529
10344
10374
10797
10847
10892
46
533
729
1152
1577
2730
2786
2975
4279
4642
5039
5689
5690
5910
7037
7123
7658
7708
8010
8043
8054
8248
9550
9649
9911
10097
10355
693
2389
2477
2666
3410
4110
4238
4378
4915
4931
5280
5327
5376
5837
6660
6913
8126
8175
8188
8274
8519
8758
8851
9260
9672
11134
11151
204
326
552
1304
1603
1829
2258
2413
2988
3217
3494
3498
3800
4304
4501
5198
5392
5492
5493
5710
6318
6613
6914
6944
7163
7200
7226
7399
7557
7645
8067
8429
8586
8689
8911
9319
9407
9563
10456
10490
10548
10576
10836
650
890
1673
1825
1994
2080
2518
2798
3444
3572
3951
4153
4160
4276
5250
5378
6030
7117
7125
7310
7354
7789
7840
7892
8157
8701
8769
9704
9718
10314
10339
11121
254
477
509
1426
1485
1523
2142
2329
2392
2905
3143
3150
3693
4519
4641
4676
4789
4957
7623
8302
8557
8607
8708
9817
9991
10045
10474
40
698
1103
1183
1602
1608
1784
1884
2075
2222
2276
2325
2432
3268
3342
3437
3585
3586
3674
3869
3928
4735
5132
5363
5404
5496
5813
6265
6628
6700
6873
7222
8138
8479
8525
8633
8694
8865
9483
10451
10748
10885
11167
294
373
715
808
885
1042
1133
1293
1320
1730
2436
3461
3580
3709
4103
4216
4438
4553
4871
4949
5137
5748
5818
5947
6469
6671
6796
7730
7817
9508
10535
10564
10707
10717
10823
10853
10907
10993
11172
162
1835
1861
2175
2240
3013
3311
3855
4025
4120
4294
4469
4539
4722
4796
5720
6128
6789
7092
7349
7548
8403
8725
9135
9182
9205
9207
10083
10560
10652
10657
10831
10879
10901
11034
126
389
646
758
1481
1504
1604
1613
1752
2170
2298
2450
2618
2839
3040
3153
3165
3186
3641
4058
4411
5465
5612
5872
6031
6137
6369
6498
6923
7499
7838
7994
8134
8242
8402
8430
8535
8543
8704
9320
9332
9333
9468
9547
9913
10027
10547
10590
10661
10794
10912
10946
523
807
908
973
1301
1678
1714
2045
2785
3302
3509
4076
4480
4656
4703
4872
5080
5146
5172
5188
5213
5420
5549
5855
5876
5946
6050
6499
6680
6705
6880
7011
7929
8083
8135
8622
9080
9381
9397
9433
9668
9914
9926
10000
10051
10275
10618
10829
10840
11039
11072
11170
392
815
900
1327
1724
1782
1987
2011
2168
2225
2272
2649
2796
3406
3491
3575
3591
4745
4807
5089
5251
5356
5529
5788
5839
6292
6724
6893
7554
8252
8589
8772
8848
9177
9365
9528
9946
10610
10678
11002
9
93
339
809
1184
1589
2029
2232
2383
2529
2580
2634
2927
2957
3275
3430
3524
3525
3554
4004
4063
4375
4790
5236
5272
5450
5466
5467
5472
5544
5563
5583
5722
5769
5975
6411
6701
6894
6929
6969
7214
8269
8541
8710
8999
9191
9220
9309
9481
9518
9790
9950
10067
10971
285
446
595
689
786
835
917
923
965
1080
1138
1389
1409
1422
1635
1707
1712
1745
1879
1896
2068
2070
2181
2201
2328
2636
2803
3038
3039
3074
3222
3339
3897
3967
4311
4393
4416
4720
4746
4757
4954
5085
5419
5518
5541
5582
5624
5685
5819
6727
6730
6807
6845
6855
6858
6889
7032
7269
7764
8123
8231
8251
8288
8397
8433
8553
8555
8726
8733
9214
9394
9400
9443
9596
9705
9830
9924
10098
10387
10430
10812
10819
10896
211
355
508
913
992
1648
2363
2471
2581
2608
2705
2861
3113
3372
3400
3594
3607
3610
3940
4109
4362
4558
4667
4861
4907
4992
5005
5119
5143
5261
5447
5658
5768
5823
6117
6382
6431
6676
6717
6816
6823
6917
7559
7579
7620
7661
7773
8127
8235
8306
8511
8532
8619
9595
9923
10114
10276
10291
10325
10331
10377
10427
10631
10690
10769
10999
11099
11194
117
348
494
514
550
731
753
1153
1193
1274
1411
2185
2474
2514
2849
3080
3107
3133
3210
3330
3467
3587
3625
3646
3959
4034
4440
4536
4638
4649
4870
4908
5063
5161
5279
5727
5773
5792
6099
6108
6217
6274
6444
6670
6897
7039
7143
7159
7193
7293
7529
7566
7847
7952
8193
8208
8658
8896
8951
9389
9734
9736
10297
10450
10597
10977
10983
11158
192
612
751
788
993
1365
1414
1472
1777
1928
2249
2427
2439
2563
2590
2878
2960
3129
3452
3532
3602
3644
3785
4133
4235
4503
4541
4547
4675
4715
4763
4942
5204
5233
5458
5844
5935
5948
6007
6086
6095
6144
6269
6391
6583
6832
6833
7343
7346
7564
7771
8063
8099
8156
8394
8734
8749
8891
