0.996255067011
0.995364440532
0.993050851044
0.991806140792
0.991628381943
0.990562179366
0.988786614308
0.9871900349
0.986126206265
0.985594507036
0.984354449073
0.983292245553
0.98223053594
0.981346202796
0.980108853356
0.978872252744
0.977989433187
0.976401425461
0.975519721179
0.974286052146
0.972701326514
0.971821295144
0.970765799204
0.969886644121
0.96900788735
0.96795392093
0.966374198102
0.966023284896
0.965321649673
0.963919319247
0.962868125081
0.961467467566
0.960417611729
0.959892890933
0.959018674924
0.958144873159
0.95762077373
0.956573020983
0.955525841806
0.954653617358
0.953781807155
0.952910379332
0.952039365754
0.950994656114
0.949776648723
0.94873319775
0.947864080139
0.94699536084
0.945606286249
0.94439173621
0.943004557586
0.940753248222
0.940060853847
0.939195767157
0.937985311769
0.937293937074
0.936430093118
0.935739291993
0.935048745788
0.934358454502
0.933668418136
0.933323495549
0.930911252051
0.929706102184
0.92901780246
0.928329741724
0.927985806951
0.927470024285
0.926954385011
0.926095320805
0.925064998207
0.924206842153
0.923349052545
0.922834560412
0.92232021167
0.921463282418
0.919579886232
0.918895330645
0.918211029977
0.917697971768
0.917185056951
0.916501393583
0.916159657495
0.914793525697
0.914110754549
0.912746152271
0.911893731914
0.911382442212
0.91001979963
0.909338812922
0.908998415163
0.908317810834
0.907637461426
0.907127366661
0.906447463362
0.905767814983
0.905428086389
0.905088421524
0.90474882039
0.904239538182
0.903730399366
0.902882169256
0.902542982367
0.90186481571
0.901017461887
0.900001175818
0.899323949179
0.898646977459
0.898139415961
0.897462890351
0.897124723141
0.896786619661
0.896448579911
0.89594163978
0.894253113942
0.893746795179
0.893409328998
0.892903249222
0.89206011751
0.891554420114
0.89104886611
0.890375017159
0.889701423129
0.889196394897
0.888355031692
0.88785038584
0.887345883381
0.886841524314
0.885497315629
0.884825585701
0.88415409476
0.883482858738
0.883315089564
0.882811877637
0.881973525674
0.881470696126
0.880968009971
0.880130550228
0.879795665112
0.879460843726
0.879293456932
0.87862406908
0.877954952081
0.877286074069
0.876784582851
0.876283235026
0.875949082804
0.875280985485
0.874446250198
0.874112448492
0.873611865426
0.873445036269
0.872777878967
0.872277678281
0.87194429082
0.870777984376
0.869778889469
0.869113134226
0.868115027134
0.86794872375
0.867782436298
0.867616164778
0.867117445815
0.866618870243
0.866452710251
0.86595432587
0.865788229608
0.865124019817
0.86479200255
0.864294096144
0.863630491788
0.862801332874
0.861972572273
0.861641160441
0.861309812339
0.860481736836
0.859819550472
0.859323093922
0.85899219193
0.858495958436
0.858165215769
0.857834536832
0.85700813424
0.856677678358
0.85618212996
0.855521616508
0.855191447411
0.854696313259
0.854366303486
0.853871408322
0.853541557874
0.853046917629
0.852222857114
0.851728583317
0.851399147114
0.851069774642
0.850575835427
0.850411220887
0.849588434971
0.849094925934
0.848930454786
0.848108353968
0.847943978415
0.847450947353
0.846793811589
0.846301115109
0.845316200123
0.84482393382
0.843839863256
0.843511956573
0.842856334397
0.842364785056
0.841873379108
0.841545854804
0.840727370663
0.839909284834
0.839418595847
0.838764582853
0.838274244382
0.837784033371
0.837293965752
0.836804041526
0.836314260692
0.835824623251
0.835335129202
0.835008879498
0.834519624437
0.834193534058
0.833704517984
0.83337858693
0.832564054048
0.832401192082
0.83191270178
0.831098917725
0.830773496511
0.829960270093
0.829309985303
0.828659923567
0.828172532608
0.82801010082
0.82752290105
0.827360532992
0.826873524412
0.826224450491
0.825899985227
0.825251261822
0.824764874609
0.824602777404
0.824116581381
0.823468543073
0.823144619513
0.822820759684
0.822496963585
0.822173231216
0.821687752156
0.821364179111
0.820393937953
0.819908984665
0.81942417477
0.818939508267
0.818293525251
0.81780919333
0.817325004802
0.81667969095
0.816195837005
0.815712126451
0.815228559291
0.814584042064
0.814100809485
0.813456738368
0.812973840372
0.812812906239
0.812491085769
0.812169329029
0.811686813413
0.811043698246
0.810400837998
0.810079495503
0.809918848154
0.808955362374
0.80815289039
0.807511177283
0.807190408357
0.806869703162
0.806388780796
0.805747768718
0.805267165001
0.805106995627
0.8046265831
0.804306387745
0.803826214206
0.803186205875
0.802706366918
0.802386553943
0.801427497396
0.800948184212
0.80046901442
0.79998998802
0.799670716749
0.799191929337
0.79871330125
0.798234800623
0.797278245478
0.796800175028
0.796003757392
0.795526069322
0.795207690271
0.79488937495
0.794412021463
0.794093865467
0.793457760597
0.792980837287
0.792345178527
0.792027436776
0.791392144464
0.790757123004
0.790439699903
0.789963684745
0.789646420969
0.789012132404
0.788695059818
0.78742758203
0.786952475024
0.78647751141
0.786319222071
0.78600269119
0.783789635746
0.782999702636
0.782368042933
0.782052308676
0.781578826785
0.781421031352
0.780790056746
0.780316957235
0.779844001116
0.779371204322
0.778268771252
0.7777964365
0.777324245141
0.777009530564
0.776380308532
0.776065785145
0.77590854735
0.775594119558
0.775122613296
0.774651234494
0.774337061622
0.773865921808
0.773237974376
0.769635477894
0.769322324701
0.769009235239
0.768539720539
0.767601185046
0.766506925346
0.766194409453
0.76556958479
0.765101137567
0.764632817804
0.760584832825
0.760273527802
0.759651156744
0.759340042911
0.759028992808
0.758873491655
0.758562537147
0.757940867118
0.757474746039
0.757164078316
0.756698212157
0.756542949992
0.755922076588
0.753597254691
0.7511215202
0.750812158941
0.750348236547
0.749111827124
0.748493996827
0.748030791395
0.747567729356
0.746333837267
0.745871301
0.744484648149
0.743868729751
0.743560866146
0.742945346061
0.742637673647
0.742330064962
0.742176284519
0.741715038784
0.74140762129
0.740332321259
0.739564709574
0.739104292329
0.738797416539
0.73849060448
0.738183856151
0.737877171551
0.737570550682
0.736804325124
0.736344752301
0.735885338803
0.735732227525
0.735426052765
0.734966926052
0.734660910617
0.7335904222
0.733437549908
0.733131853124
0.732367889981
0.732215145149
0.731757022183
0.731299026677
0.73068860499
0.730383481775
0.729621000354
0.729316100194
0.728706538862
0.728401829892
0.728097184652
0.727640336285
0.726575009996
0.726270747136
0.726118639605
0.725662428538
0.725054396725
0.724446587967
0.722170439843
0.721412212398
0.721109032947
0.720654399198
0.720199892908
0.719745530011
0.719442701075
0.71913993587
0.718685907555
0.718383301674
0.717929512347
0.717475866412
0.717324682966
0.716871244153
0.716569020652
0.715361098532
0.715059193681
0.714606455898
0.714304710372
0.713852227509
0.713550641308
0.713399872107
0.713249118837
0.712646281018
0.712495607411
0.711441577261
0.710538587165
0.710237701994
0.710087283307
0.709485783817
0.709185121701
0.708884523314
0.708583988658
0.708133306167
0.707983110535
0.707382503265
0.706932219087
0.706632098675
0.706332041994
0.704533916522
0.703336031873
0.703036676222
0.702438172041
0.702139007579
0.701540885778
0.700943018897
0.700793588025
0.700494774078
0.700196023861
0.699897337374
0.699598714617
0.699150915908
0.698852452476
0.698554052774
0.698106572715
0.697808332338
0.697361091266
0.697212042774
0.696616024062
0.696318102335
0.695722497869
0.695424767331
0.695127100524
0.694383260122
0.69408581637
0.693788436348
0.693639770236
0.693491120056
0.692896694594
0.692302508119
0.689632349389
0.688743427686
0.688447194804
0.687854936161
0.687558894468
0.686819084988
0.686671167703
0.68637538093
0.686079657887
0.685340645032
0.685192887071
0.684454352191
0.684159043393
0.683568632919
0.683125996339
0.682978477366
0.682683487218
0.682093698112
0.681798899154
0.681651523574
0.68135682021
0.681209492428
0.681062180577
0.680178675923
0.679442929229
0.679001615045
0.678854542182
0.678560444254
0.678413419189
0.678119416855
0.677678548782
0.677384705773
0.675476709815
0.67489005941
0.674596821837
0.674157100903
0.673717507429
0.673424524775
0.673131605852
0.672692362892
0.67269215577
0.672399396171
0.672253040271
0.672106700303
0.671960376267
0.671814068164
0.671229011009
0.670351943083
0.669913608276
0.669475416861
0.669037352906
0.668453506621
0.668015777249
0.667432377074
0.667140764615
0.666994982284
0.66670346542
0.666557730886
0.666412012286
0.666120622882
0.665974952078
0.665538051196
0.665392444123
0.665101277773
0.664810175154
0.664519136265
0.664082697425
0.663646401977
0.663355618008
0.662628984701
0.662338423787
0.661757540946
0.661176881159
0.660886638895
0.660451410924
0.660016326346
0.659871324708
0.659726339002
0.659436415387
0.659146555503
0.65798778513
0.657843006546
0.657553497176
0.65697468556
0.656540748121
0.656106938143
0.655817811153
0.655528747893
0.654517639885
0.653651660975
0.653507360367
0.652930333189
0.652786112243
0.652497718148
0.651921168946
0.651632966041
0.651200797109
0.650912753529
0.65019293933
0.650049021101
0.649473523443
0.649329684877
0.649042055542
0.648754489937
0.648466988061
0.648179549916
0.647748512192
0.64731761786
0.646886866921
0.64659977929
0.645882386831
0.645595522255
0.645165360818
0.64459202998
0.644018954061
0.643589318396
0.643446133062
0.643159810192
0.642873551051
0.64258735564
0.64230122396
0.642015156009
0.640014926836
0.639729368725
0.639015752267
0.638587773582
0.638302534121
0.63758973022
0.637162245442
0.63701977707
0.636734888124
0.636450062908
0.636165301422
0.635595985572
0.635311415276
0.634742465874
0.634458086767
0.634315921113
0.634173771391
0.633889519745
0.63332125544
0.633037194984
0.632895188654
0.632611223793
0.632185411927
0.631759727521
0.631334186508
0.631050572161
0.630483582456
0.630058487552
0.629350383737
0.628925655281
0.628784110994
0.628501070218
0.628076644479
0.627652362133
0.627510961238
0.627228207246
0.626804195753
0.626521601086
0.626097828579
0.625956602942
0.625674199465
0.625533021626
0.625250713744
0.624686305103
0.624404188411
0.623981132867
0.6236991755
0.623417281863
0.623276358943
0.622994560901
0.622712826589
0.622431156007
0.622149549155
0.621727274303
0.621164458911
0.620883138844
0.62046129417
0.620180133428
0.620039576955
0.619618003133
0.619477510391
0.619196572704
0.618213951997
0.618073618579
0.617652713922
0.617091730767
0.61695152481
0.616811334785
0.616390860305
0.61625073401
0.615970529218
0.615690388155
0.61499033025
0.61485036328
0.614710412243
0.614290670657
0.613731232955
0.613032290324
0.612613106376
0.611775264253
0.611635663731
0.610937947902
0.610798442975
0.610658953979
0.609822370523
0.609404285918
0.60912564251
0.608707812824
0.608568562816
0.608290110598
0.603574076097
0.603296771019
0.603158142378
0.602880932895
0.602603787141
0.602326705118
0.602188188005
0.601911201577
0.601772732261
0.601634278878
0.60135741991
0.601219014324
0.600803909095
0.59790480041
0.597352882845
0.596939100013
0.596663324454
0.596249796542
0.595560907316
0.595147745852
0.595010057228
0.594459477993
0.594046714841
0.593909153677
0.593771608447
0.593496565783
0.593359068349
0.592809253874
0.592397048359
0.592259678385
0.591847679993
0.59171037375
0.591298550615
0.59102408152
0.590749676156
0.590338187604
0.590063941564
0.589515640676
0.588693826643
0.588419962983
0.588146163054
0.587872426854
0.587598754385
0.587325145645
0.586778167154
0.586231443582
0.585821532347
0.58500218785
0.584865678232
0.583774318245
0.583774047393
0.583501330873
0.583364996512
0.582956104956
0.582683579626
0.581866401949
0.581594131539
0.581185861351
0.580913750266
0.580641702911
0.580641559519
0.580369575894
0.580097655999
0.579825799834
0.57941813508
0.578467713946
0.577789164909
0.577246615651
0.577111014185
0.576975428651
0.576297771834
0.576026807889
0.575755907674
0.575620481465
0.575485071188
0.574808258794
0.574672944112
0.574131860644
0.573996625625
0.573050522197
0.572780323012
0.572240163628
0.571835191466
0.571565279065
0.571295430395
0.571160529958
0.570755924243
0.570351477854
0.569947174856
0.569139014972
0.568735126219
0.568062392543
0.567658886171
0.566852319536
0.56658358614
0.566314916474
0.566046310538
0.565375090449
0.565106707568
0.564838388417
0.564033908938
0.56363183649
0.563363867854
0.562828137704
0.562560360258
0.562426495434
0.562292646542
0.561356214138
0.561088787207
0.560821424006
0.560286904725
0.559886170607
0.559352097437
0.55908514848
0.558151567993
0.557751598635
0.55761830738
0.557218529212
0.556020389643
0.555621185044
0.555488148709
0.555222123837
0.553495391876
0.553097111362
0.55283166006
0.552300964579
0.551770524017
0.55137286487
0.551107827813
0.550313194617
0.549651406565
0.549386783753
0.548989969029
0.548593297696
0.547932545257
0.547932401864
0.547800289615
0.547272015872
0.546743981118
0.546480059335
0.545952454758
0.545952359163
0.544634678083
0.544107965725
0.543844681242
0.54358146049
0.542398201871
0.542135331634
0.541741145771
0.541478434858
0.541084487983
0.540559464469
0.539903571441
0.539641306638
0.539379105565
0.539248028927
0.539116968222
0.538854894609
0.538069151745
0.537938234432
0.537545578089
0.537414724506
0.537022275285
0.536760711512
0.536107176493
0.535845835775
0.535715189314
0.53519277873
0.535062211933
0.534540151864
0.534409664728
0.534148738255
0.534018298917
0.533496716823
0.533105685594
0.531803474966
0.531673322413
0.531282976282
0.530892773543
0.530502698264
0.53024272774
0.530112766377
0.529722977883
0.529463198549
0.529333332781
0.529073649042
0.528295139531
0.52751707613
0.526351120201
0.525962733766
0.525703878517
0.525574474792
0.525445086998
0.525445039201
0.525186311412
0.524927647353
0.524798339222
0.524539770758
0.524152053488
0.523893644349
0.52363529894
0.523506150134
0.522860661025
0.522602570536
0.52247354919
0.521957623132
0.521699755698
0.52131307404
0.521184212019
0.520668939193
0.520282639915
0.520153905354
0.51989648403
0.519510471537
0.519253209537
0.519124602437
0.518867436032
0.518353310346
0.518224814772
0.517197662741
0.516812669928
0.515787015552
0.514890270994
0.514506122603
0.514250103338
0.513994147803
0.513866193935
0.513482443856
0.513354553717
0.513098821238
0.512843152488
0.512204291297
0.511821162585
0.510545113115
0.510290081665
0.510162589839
0.509907653983
0.509780209955
0.50977877603
0.50952393577
0.50837827784
0.508251025001
0.507996567121
0.507742172971
0.507106466414
0.506852295318
0.506471158169
0.506344144317
0.505963198358
0.505962815978
0.505835865857
0.505708931668
0.505328240628
0.505327682991
0.504313500011
0.504060029946
0.503300097724
0.50279377896
0.502793683365
0.501781953989
0.501529121224
0.501149991569
0.500897318128
0.50051842746
0.500265913344
0.499887277597
0.499508785242
0.499256526046
0.49900433058
0.498500178635
0.498374168531
0.497996233813
0.49761845842
0.497366677199
0.497114959708
0.496863305947
0.496108886368
0.495731827938
0.495606168348
0.495103705248
0.494601497068
0.494224996275
0.494224916613
0.494099448213
0.493973995746
0.49372313861
0.493472345203
0.493221615527
0.492720363297
0.49196895496
0.490468066118
0.490343075693
0.490218101201
0.490093142641
0.489593515526
0.489094111465
0.488719729693
0.488470210886
0.48822075581
0.487971364463
0.487597396936
0.487472772959
0.487348164914
0.486849939858
0.486351921924
0.484984260607
0.484487214555
0.483866261489
0.483121783787
0.482873698905
0.482377768128
0.482129874435
0.481758169323
0.481510434956
0.481386591671
0.480396562354
0.480149178501
0.479901858379
0.479531013622
0.478542896204
0.478542625352
0.478419164446
0.478048877326
0.477925480151
0.476815781863
0.476076689345
0.475584263717
0.475461185192
0.475215075939
0.474846047486
0.47435421136
0.47423129216
0.474108388892
0.473616982944
0.473248575858
0.47312580005
0.473003040175
0.472634856144
0.472266831438
0.472021550675
0.471653749025
0.471286090766
0.471041064923
0.470551220359
0.470183992278
0.46993925322
0.469816907589
0.469205418425
0.468350162085
0.467983810291
0.467739644802
0.467495543044
0.467251505015
0.467007530717
0.466763620148
0.466397873789
0.465788710769
0.465423362723
0.465179866399
0.464814741407
0.464449759808
0.463598853039
0.46080999722
0.460688846527
0.459720278281
0.45923639247
0.459236344673
0.458994473464
0.458510938168
0.457786184895
0.457665432514
0.457182582316
0.456338367195
0.456097260745
0.455615286834
0.455374371575
0.455133520045
0.454772378177
0.454652024109
0.454291057498
0.45417076716
0.45393023428
0.453209065819
0.452848672779
0.452608490414
0.452248336361
0.452128316875
0.452008313321
0.451648414188
0.451528474364
0.451528203512
0.451048619475
0.450689102721
0.450329729361
0.450209964794
0.449850782623
0.449611396883
0.449491727912
0.449132816594
0.448774048668
0.448654491224
0.447460079859
0.447221331419
0.446863344185
0.446386277482
0.446267038688
0.446147815827
0.446028608898
0.445909417902
0.445671083707
0.445670988112
