0.996255067011
0.995364440532
0.993050851044
0.991983867775
0.991095153195
0.989851669745
0.988786423118
0.988608935122
0.986835122638
0.985240120547
0.984000285638
0.982407402569
0.981169352099
0.980108789626
0.979578715512
0.977989688107
0.976930926006
0.976048982736
0.974991192517
0.974110125534
0.97305338686
0.972173196164
0.970590031917
0.969535205142
0.968656607696
0.967427288235
0.966198749465
0.965497050513
0.964620285304
0.963568708758
0.963218305392
0.962167493606
0.960767345931
0.959717872474
0.958843736127
0.95762071
0.956572957253
0.955176999824
0.954653712953
0.953607569388
0.95273623716
0.951342940458
0.95047262791
0.949081004119
0.948211727183
0.947516592419
0.946300783713
0.945606349979
0.94439179994
0.943524689823
0.941272759091
0.940753296019
0.939887842882
0.939195767157
0.938849824889
0.938158131544
0.935739642508
0.935221708955
0.934358852814
0.933668816449
0.932806629473
0.931944856742
0.931083482323
0.93039467276
0.930050355607
0.929361912491
0.928673724295
0.927985791018
0.927641919975
0.927126232904
0.926438873198
0.925923520709
0.925064934477
0.924378339531
0.923863560612
0.922662983371
0.921805910726
0.921120526649
0.920264202832
0.919408245461
0.919065967668
0.918210567935
0.917697509725
0.917013655168
0.916500931541
0.915646710813
0.914792936194
0.914280833935
0.913939512091
0.913427648819
0.912745387511
0.912233858821
0.911722473524
0.910700180904
0.908827825937
0.907467174917
0.906787144159
0.906277288381
0.904918612991
0.904409282985
0.903730399366
0.903051770667
0.902712551913
0.902373396888
0.901695278029
0.901525788145
0.900170538242
0.899323981044
0.898985463319
0.898647009324
0.897294005902
0.896279838855
0.895604014275
0.894928444615
0.89459075538
0.894253129875
0.893240667605
0.892397376568
0.891891583577
0.891217415976
0.890880427771
0.890375064957
0.889701470926
0.889028131816
0.888691557855
0.887345947111
0.886841588044
0.88667350022
0.886505428329
0.88583331602
0.885665323791
0.8849935142
0.884825601633
0.884321959529
0.883818460816
0.883147368188
0.8823088569
0.881470759856
0.881303181872
0.880800543515
0.88029804855
0.879628278318
0.879126117935
0.878791424009
0.878289502614
0.87745331747
0.877118942194
0.876617498774
0.875782126188
0.875114092598
0.874613222747
0.874112496289
0.873445084067
0.872944692191
0.872444443708
0.871777684718
0.871111212513
0.87044494743
0.87027842099
0.869113229821
0.868281394249
0.867283812929
0.866286725517
0.865622356401
0.864958194407
0.864294303266
0.863796540252
0.863630651113
0.863133079289
0.862967253879
0.862304111565
0.861641271969
0.861144273715
0.860647418853
0.860150707384
0.859819646067
0.85948864848
0.859157714622
0.858661433331
0.858165295431
0.857669300924
0.856677789885
0.856347397733
0.856017069311
0.855356603656
0.854861437639
0.854036500837
0.853541701267
0.853211914549
0.852552532304
0.852058162912
0.851893404979
0.851728662979
0.851399226777
0.850740561494
0.850246717874
0.849588530566
0.848601703681
0.848437280331
0.848108481428
0.847615402568
0.84728676299
0.846301258501
0.845808705413
0.84531631165
0.844988118182
0.844824045347
0.844003967956
0.843512084033
0.843020343502
0.842528746364
0.842037292618
0.841218569489
0.840727498123
0.840236570149
0.839745785568
0.83925514438
0.838764646583
0.838437727715
0.837620757161
0.837457401288
0.837130737339
0.836477600632
0.836151127874
0.83566153823
0.835335224797
0.835008975093
0.83468278912
0.834030624295
0.833867618937
0.833541656018
0.83321575683
0.83061174982
0.830123785291
0.829310877522
0.828498368066
0.828011024904
0.827686209125
0.827361457076
0.82654990357
0.826063133978
0.825738700579
0.825090040903
0.824279570807
0.823631484701
0.823145575463
0.822983637582
0.822174234963
0.821365198791
0.820556592796
0.820233242807
0.819586734018
0.81910203565
0.816520764311
0.816036958163
0.815714500393
0.815392106354
0.814908634788
0.814586400073
0.813942137766
0.813459096378
0.812976198382
0.812493443778
0.812010832567
0.811528364749
0.811046040322
0.810563859289
0.810242484929
0.809921174299
0.809439327848
0.808315816086
0.807674039248
0.807192861962
0.806872156767
0.806391218467
0.805910423561
0.805589973286
0.805429772047
0.805109417366
0.804468915128
0.804308825417
0.803828651878
0.803028697228
0.802389023479
0.802069274234
0.801589785792
0.801110440742
0.80031187222
0.799992537219
0.799832893618
0.799513654212
0.799034914597
0.798715834517
0.798077881478
0.797121453793
0.796484122121
0.796006290659
0.795528602589
0.795210223538
0.794255532495
0.793778370197
0.793301351292
0.792983418351
0.792030001908
0.791712323887
0.791235926349
0.790918407653
0.790442249102
0.790124889731
0.78980759409
0.789648970168
0.789173193997
0.788380552363
0.784742876932
0.7844266647
0.783952481779
0.783478426318
0.783320439696
0.782846575425
0.782688652533
0.782057136222
0.781741465695
0.780794852427
0.780321752916
0.779848796797
0.779691176622
0.779375984071
0.779218411693
0.779060855249
0.778745790157
0.778115867095
0.777643580141
0.777328801834
0.776856753868
0.776384849293
0.776227579633
0.776070325906
0.775598676252
0.77528431219
0.774970011858
0.774341602383
0.774027493241
0.773399482079
0.772928644982
0.772771725837
0.772144224515
0.771516978113
0.771203442541
0.770889970698
0.770263234136
0.770106585843
0.769323631166
0.769010541704
0.768384569901
0.767915246391
0.767289720698
0.767133375123
0.766820731771
0.766195652188
0.765883200025
0.765570811592
0.765414641275
0.764946225917
0.764634028674
0.764477953951
0.763853830318
0.763541856131
0.763074014343
0.762450448347
0.762138760944
0.761827137271
0.761515577328
0.761204081115
0.760892648632
0.760269990788
0.760114362176
0.759958749495
0.759647571932
0.759180941014
0.7585589842
0.757937282306
0.756850048836
0.756539508573
0.755608429488
0.754367909482
0.753902903678
0.753438025334
0.753128186101
0.750807665977
0.750343759516
0.750189150583
0.749261879364
0.748952900485
0.748643985336
0.748026362161
0.746791880571
0.746329216844
0.745866680577
0.745404287702
0.74494203822
0.744633951561
0.744171941066
0.743864013732
0.743402242225
0.743094474215
0.742632941696
0.742017788057
0.741710306833
0.741249220423
0.740941898524
0.740634640354
0.740020331138
0.738792780183
0.738639366187
0.738485968124
0.738332585993
0.737872535195
0.735575356177
0.735269213283
0.734810134367
0.734504150797
0.734045310869
0.73389239078
0.733586598401
0.73343372611
0.732669651439
0.732516874743
0.731905943216
0.730684988314
0.730074821547
0.729922315703
0.725663416353
0.725207332746
0.724751408464
0.724295627575
0.72323275489
0.72292919306
0.722473969808
0.72186724446
0.72110917634
0.720654526658
0.720351506532
0.719897095838
0.719291453899
0.718988720558
0.718534740041
0.718232166025
0.7174761054
0.717022602857
0.716569243707
0.716418155856
0.716267083937
0.715813963774
0.71521007441
0.714908201424
0.714606392168
0.714153797778
0.713852147847
0.713098317771
0.712495527749
0.712495320626
0.711892785524
0.711290553139
0.710839010294
0.710387610841
0.710237176221
0.709785967958
0.709034288769
0.708132844125
0.707832468794
0.706631780026
0.705731801171
0.705132149851
0.704832411819
0.703933643834
0.703035449419
0.702885795492
0.702137860439
0.701988302107
0.70168923324
0.701539722706
0.70094188769
0.700792456818
0.700493642871
0.700194892654
0.699896206167
0.699746886822
0.698851369067
0.698403793412
0.697956377083
0.697509088214
0.697360023789
0.69691292611
0.696168097893
0.696019176861
0.695572509359
0.694977175745
0.694828382172
0.694530842825
0.694084669231
0.693192879679
0.692747120329
0.692153045382
0.691856079604
0.691410750432
0.69126233924
0.690965564652
0.690075639202
0.68948267953
0.689186287322
0.688593710029
0.688445601554
0.688297509012
0.686669877171
0.686078383288
0.685634918217
0.685339354499
0.685043854512
0.684010345415
0.683862730848
0.68356754951
0.683124912929
0.682534948565
0.681945223189
0.681797831677
0.681503096449
0.680913833115
0.680619289077
0.680030408123
0.679588902749
0.679294645496
0.676649723839
0.676209317808
0.675622348753
0.675328951855
0.675035618686
0.674888976001
0.673863018907
0.672545019177
0.672398647344
0.67137460215
0.671082129336
0.670643555542
0.669912939111
0.669182720992
0.668890726153
0.668452853389
0.667869262023
0.667431723841
0.667140111382
0.666557125452
0.666120033379
0.665537461694
0.664809617517
0.664518578628
0.664227603469
0.663936692039
0.66364584434
0.663355060371
0.662919003911
0.662483090843
0.662337818352
0.661902096474
0.661756887713
0.661176227927
0.660740904362
0.660450757692
0.660015657182
0.659725669837
0.659435746223
0.659145886338
0.659000980295
0.658711216005
0.658421515445
0.658131878616
0.6579870841
0.657552796147
0.657118651586
0.656684650418
0.656250792642
0.656106205248
0.655528030931
0.655239031401
0.654950095601
0.654516827328
0.654228050853
0.653939338108
0.653650689093
0.653362103808
0.653073582253
0.652929345375
0.652208415901
0.651776039847
0.651055827336
0.650623849594
0.650479883568
0.650048097016
0.649760308356
0.649616437925
0.645170825664
0.644884120414
0.644167652038
0.643737952644
0.643451566043
0.643165243173
0.643022105636
0.642878984032
0.642592788621
0.642163630932
0.641877594846
0.641734600702
0.641019964564
0.640877066014
0.640448465962
0.640020025235
0.6395917279
0.638593047238
0.638307807777
0.638022632046
0.637595003875
0.637167519098
0.637025050726
0.636882598287
0.636597741206
0.636455336564
0.636170575078
0.635885877322
0.635458950181
0.63517441175
0.634889937049
0.633894793401
0.633752691476
0.633610605485
0.633468535425
0.63290046231
0.632616497449
0.632474538917
0.632332596317
0.632048758916
0.631764985245
0.631197645024
0.630914062543
0.629497297275
0.629355689258
0.629214097174
0.629072521022
0.627799498726
0.627516681004
0.627233927012
0.626386143012
0.62624488551
0.625962418303
0.623564498118
0.622437529005
0.621592947436
0.621311531774
0.621030179842
0.62074889164
0.620467667168
0.620045965886
0.619483947119
0.618922151407
0.618360594682
0.61793959443
0.61751873757
0.617098024103
0.616817628121
0.616397153641
0.616116916983
0.615836744056
0.615416620091
0.615276605323
0.614996623586
0.614157156348
0.61387742953
0.613597766443
0.612898903475
0.612479783257
0.612340103072
0.612060790499
0.611921158111
0.611781541656
0.611223251093
0.610804704445
0.61066521545
0.609968041327
0.609689270459
0.609549908924
0.609131919913
0.608853340235
0.608574824287
0.608157185791
0.608017999513
0.607600536275
0.607322307112
0.60662706082
0.606349054712
0.605238002162
0.604821510806
0.603711860315
0.603295894731
0.603018653383
0.602741475765
0.602325844763
0.60204882647
0.601771871906
0.601771489526
0.601356177175
0.601079381936
0.600802650428
0.599144475994
0.598591984859
0.59831582692
0.598039732711
0.597349791941
0.597073920787
0.596798113363
0.596522369669
0.596108873622
0.5956955369
0.595420048126
0.595282327638
0.59473160501
0.594593964185
0.593356248298
0.592806433822
0.592394228307
0.591982166185
0.591707537765
0.591570247455
0.590609725119
0.590335415349
0.589924086122
0.589787002933
0.589512884354
0.589238829505
0.588690926928
0.588553987132
0.588417063269
0.58814326334
0.587732682939
0.587459042335
0.58718546546
0.586638502901
0.58609184306
0.586091699667
0.585955062589
0.585408673599
0.584862587328
0.583907625432
0.58336224019
0.583089619266
0.582272186669
0.581727566187
0.581591438948
0.581183152827
0.579687585438
0.579415824868
0.579144128028
0.578872494918
0.578736702262
0.578329419888
0.578057977968
0.577786599777
0.57724405052
0.576837309851
0.576566218445
0.576430696641
0.575617916333
0.575211749234
0.575076386755
0.574805709595
0.574399813348
0.574129295512
0.573858841407
0.573588451031
0.573318124386
0.57304786147
0.572777662285
0.572507526829
0.572237455104
0.571967447108
0.571832467009
0.571697502843
0.571562554609
0.57061842681
0.569944498197
0.569809757086
0.569405645278
0.569001660931
0.568463254122
0.568059604357
0.567790584176
0.567521627725
0.567118328475
0.566983921946
0.566715156685
0.566580797953
0.566312128287
0.566177817353
0.566043522351
0.565640748873
0.565238102855
0.565103919381
0.56483560023
0.564701464553
0.564299153118
0.563896985075
0.563360984073
0.563227023653
0.562959150612
0.562557460544
0.562289746828
0.561754526518
0.561487003991
0.561219545195
0.561085839695
0.560818476494
0.560684818792
0.560417551186
0.56001676927
0.559883207163
0.559749660988
0.559482616437
0.558948734456
0.558681881095
0.558281720546
0.55801502651
0.557748396203
0.556815851329
0.556416359945
0.555750907419
0.555351814348
0.555085821341
0.554554074315
0.554288272498
0.554022534411
0.553624046775
0.553491249428
0.552827533544
0.552694831792
0.552429476085
0.552164184108
0.551898955861
0.551633791344
0.548856136069
0.548459512535
0.548195176507
0.548063032392
0.54779879196
0.546347182326
0.545951482876
0.545028863946
0.544765356408
0.54423858032
0.543975263973
0.543185856635
0.543054317955
0.542528370357
0.542265468254
0.541871250526
0.541608507749
0.541345828701
0.540951945555
0.540164736902
0.539640191363
0.53911586888
0.538984824107
0.538722782359
0.538460804341
0.537937087293
0.537413593299
0.537021128146
0.536759564372
0.536498064329
0.53597530323
0.535583363849
0.535452749254
0.535061016995
0.534408517588
0.534147591115
0.533625945291
0.533234882197
0.532974242509
0.532843946563
0.53258340247
0.532453154322
0.532192705823
0.531672015949
0.531281669817
0.531151580994
0.531021508104
0.530111682967
0.529851808039
0.52959199684
0.529202415468
0.528942763595
0.528553405278
0.528553261885
0.528423507645
0.528164046961
0.527774991361
0.527515690003
0.527386063222
0.527256452374
0.526997278475
0.526867715424
0.526479121867
0.526220139158
0.525961220179
0.525314249348
0.524796969028
0.524667676829
0.524538400564
0.524150667361
0.523117476915
0.522859322696
0.521827582106
0.521312022495
0.521183160474
0.520796685939
0.520667887648
0.520410338864
0.519895448418
0.519638090823
0.519123582757
0.519121782385
0.5184790018
0.518093531012
0.517965067303
0.517194683365
0.517066331184
0.516681386168
0.516553097717
0.516168327959
0.515911894449
0.515783701593
0.515271137291
0.514246821244
0.513990865709
0.513734973905
0.513351255691
0.513095523211
0.512712043985
0.51245647083
0.511945563508
0.511817864559
0.511817593706
0.511179385748
0.511051782394
0.510796623484
0.510414004612
0.510031545066
0.509776641076
0.509394420517
0.508248810384
0.507612880772
0.507485723528
0.507231456838
0.506850192229
0.50672313058
0.506596084863
0.506215059242
0.506088077255
0.505961111201
0.505707226891
0.505580308634
0.505580260837
0.504692438476
0.504438872816
0.504185370885
0.503931932684
0.503805237483
0.503551894877
0.503298616002
0.503045400856
0.502918817182
0.50279224944
0.502665697631
0.502286137799
0.50215964972
0.501653904526
0.501148382387
0.5010220377
0.500769396124
0.500643099235
0.500390553254
0.500138071003
0.499381102225
0.498876727226
0.498750669324
0.498372591214
0.498246597042
0.497994656496
0.496234099848
0.49585699362
0.495480030784
0.495228791268
0.494350002632
0.493472185878
0.492970806188
0.492720203972
0.492094072844
0.491843693683
0.491593378251
0.49109295451
0.490717807979
0.49059278569
0.490467779333
0.490342788908
0.489967913229
0.489593180943
0.489218607982
0.488968961715
0.488594627741
0.488345140799
0.487846358106
0.487721702264
0.487347830332
0.48709866204
0.486849557478
0.486600516646
0.48610267397
0.485853824328
0.485605038416
0.485231979042
0.48473480553
0.484486306403
0.483989499339
0.483741191401
0.483244814515
0.482996697767
0.48274864475
0.482376684718
0.482004868078
0.481757069981
0.481509335614
0.481014105867
0.480766562689
0.480642814999
0.480519083242
0.480024363334
0.479900711239
0.479529850549
0.479035608617
0.478912083982
0.478665082509
0.478294699794
0.478047857647
0.477924460472
0.477554364541
0.477431031096
0.477061142289
0.476937872573
0.476814618791
0.476568159023
0.476198588865
0.475952288423
0.4758291621
0.475582957252
0.474475887826
0.474230033493
0.47398424289
0.473861371487
0.473615676479
0.473370045201
0.47300173371
0.472510869467
0.472142876626
0.472142605774
0.472019973358
0.471897356876
0.471652171707
0.470794684818
0.470549786435
0.470304951781
0.469570925797
0.469204080095
0.46908183006
0.468959595957
0.468837377787
0.468592989243
0.46847081887
0.468226525922
0.467982296704
0.467738131215
0.467494029457
0.467128012245
0.466762138426
0.466152736419
0.46578724498
0.465421881001
0.465056660414
0.462991076146
0.462626827441
0.462384064013
0.462141364314
0.461413679462
0.461050052125
0.460928869567
0.460686552248
0.460444298659
0.460323195763
0.4602021088
0.459717920272
0.459354946167
0.458992115454
0.457904818254
0.457421856528
0.45693913379
0.456697868016
0.456456665971
0.456215527657
0.455613056285
0.455251723227
0.455251627632
0.455010807967
0.454770052033
0.454649697965
0.453927971866
