0.996255067011
0.995364440532
0.993050851044
0.991806140792
0.990917505874
0.989319205756
0.987544755972
0.987367379503
0.986126206265
0.985594507036
0.984531554689
0.983469159979
0.982230440345
0.9806389912
0.979578715512
0.978342481347
0.976754457689
0.97569628509
0.974814899458
0.973757778403
0.972877269058
0.971997158025
0.971117445305
0.969886564458
0.969007807687
0.96795392093
0.966549678603
0.965847852191
0.964445027857
0.963568756555
0.962692883566
0.961642358565
0.960592407134
0.959717872474
0.958668956655
0.957620630338
0.956572877591
0.955525698414
0.955002315947
0.953607362266
0.952736014105
0.951865064257
0.951168591163
0.949602634011
0.948906989407
0.9485592627
0.946301325418
0.945433339014
0.944045539022
0.943698704535
0.942312179143
0.941099716261
0.938677435291
0.937812985901
0.936948887026
0.936430618891
0.935567173248
0.934186511014
0.933496554311
0.932806836595
0.931600539589
0.930911522903
0.929706452699
0.929018137043
0.928330076306
0.927814198045
0.927298463177
0.926611039741
0.925752134859
0.924893612357
0.924550314883
0.923863911127
0.92317776229
0.922663317954
0.921806245309
0.921292183352
0.920435748007
0.919579742839
0.919237433181
0.918724088186
0.918381937853
0.91752685677
0.916843065942
0.916159530035
0.91428156683
0.913428397646
0.912746152271
0.912064145882
0.911041662073
0.910530611358
0.90984943346
0.909338717327
0.907977604265
0.907297382317
0.90610762324
0.905088469322
0.904579091519
0.904239585979
0.903391100949
0.902543062029
0.90186487944
0.901356409789
0.900509326819
0.899831908989
0.89915474608
0.89881626022
0.898139495623
0.897801200953
0.897462970013
0.896955743097
0.896448675506
0.895772787196
0.895434938636
0.89492828529
0.89425297055
0.893577926662
0.892903121762
0.892397185378
0.891891392387
0.891385742788
0.890880236581
0.890374873767
0.888691605653
0.888523342571
0.888186864206
0.887345978976
0.887009723666
0.886505460194
0.886169364208
0.885497363427
0.884825617566
0.884321975461
0.884154126625
0.88365067571
0.882811957299
0.881470807654
0.880968121499
0.880298096347
0.879628326115
0.878958858601
0.878456889408
0.877955063608
0.877620592737
0.877119005924
0.876617562504
0.875949210264
0.875448101426
0.874613254612
0.8739456512
0.873445115932
0.873111505416
0.872277773876
0.871777716583
0.870778079971
0.870278452855
0.869945447774
0.869778969132
0.869113213889
0.867948803412
0.867117573274
0.866120581457
0.865456276071
0.865124195074
0.864460224271
0.864128334464
0.863298920631
0.862967253879
0.862469873245
0.861972636003
0.861309892002
0.860481848363
0.859985184691
0.859819661999
0.859323189517
0.858826860428
0.858496054031
0.857669332789
0.857504033152
0.857008245767
0.856182241488
0.856017085243
0.855686820551
0.855191543006
0.854531396001
0.853871503917
0.853706570727
0.852717353967
0.852222936777
0.851728662979
0.851399226777
0.850905191967
0.850740545562
0.850575915089
0.850082119267
0.849917552524
0.849588466836
0.849094957799
0.848601592153
0.848272761386
0.847779634728
0.84761529104
0.847450963285
0.847122355572
0.846629563497
0.846301115109
0.845808562021
0.845152095423
0.844659876917
0.844167817736
0.843348058995
0.842528698566
0.841873474703
0.841382212147
0.841054783438
0.840236538284
0.839909332631
0.839418643645
0.838601195116
0.837947500771
0.837130721407
0.836967413331
0.8364775847
0.836151111942
0.835661522298
0.835172076046
0.834682773187
0.834193613721
0.833867587072
0.833378682525
0.833052815202
0.832238425711
0.831587248701
0.831098997387
0.830448234622
0.82996031789
0.829472544551
0.828659955432
0.828172564473
0.827522948847
0.82703589247
0.826386707022
0.82590000116
0.825413422758
0.825089116818
0.824764874609
0.82444069613
0.824116581381
0.819913668819
0.819428858924
0.818944192421
0.818136781363
0.81797533739
0.81765249724
0.817329720821
0.816361869537
0.815878111186
0.815394496228
0.814911040595
0.81458880588
0.814105573301
0.813461502184
0.812978604188
0.812656751854
0.811691609094
0.811370011679
0.81120923687
0.810566312893
0.810084275252
0.809441797384
0.809120646079
0.808799558504
0.808157622341
0.807676301663
0.807195124376
0.807034763812
0.806393496814
0.805752484736
0.80527188102
0.804951558204
0.804311119696
0.803830946157
0.803190953759
0.802231482967
0.801911765587
0.801592111936
0.801112750954
0.800793256629
0.800473826033
0.799994799634
0.799196788748
0.798877676803
0.798239660034
0.797920739278
0.797283104889
0.79664572542
0.796327123314
0.795849339649
0.795690110292
0.795212517817
0.794894202496
0.794575950905
0.793939638914
0.793621578513
0.793144623337
0.792667795622
0.792032264322
0.79139697201
0.790920670067
0.790127168078
0.789334096266
0.78885841569
0.788699887364
0.788065981178
0.787907532514
0.787590682983
0.787432282116
0.78695717511
0.78632393809
0.786007407208
0.785374552568
0.785058212876
0.784583838765
0.784109592114
0.783003733557
0.782845794733
0.782372073854
0.781898496368
0.781425062274
0.778903952036
0.778431426095
0.777172392529
0.776543090835
0.776071281856
0.775756822199
0.775442426272
0.775128094075
0.774499636803
0.774028465123
0.773871434451
0.773557420904
0.773086520077
0.772772665854
0.772302004015
0.7718315015
0.771204382558
0.770734198693
0.769794277073
0.769167970688
0.768698424123
0.767759745238
0.767290612918
0.7669779377
0.76682162399
0.766352778455
0.766196528475
0.76572787413
0.765259363177
0.764322835179
0.763698759343
0.76338681702
0.762919038962
0.762295552629
0.761828093221
0.761516533278
0.761360777205
0.760893604582
0.760737912239
0.760270946738
0.759182120019
0.75871561656
0.758560147272
0.758249256494
0.757161672509
0.756695790418
0.75638528202
0.755919638916
0.755454139205
0.754213746659
0.7539037481
0.75374877272
0.753438869756
0.753129030523
0.752819255019
0.752354711258
0.751890310889
0.751735542631
0.751116644856
0.750497986069
0.750034175202
0.749261496984
0.749106999578
0.748798052565
0.74833476747
0.747717271755
0.747254321243
0.744942516195
0.744634429536
0.744326406607
0.740792069339
0.740331253782
0.739256814105
0.738796476522
0.738489664463
0.737876247467
0.737569626597
0.737263069458
0.734966846389
0.73435487925
0.733896087119
0.733743182963
0.733284582022
0.73267336371
0.732062368453
0.731451628116
0.731146345576
0.730841126766
0.73068854126
0.729773410603
0.729468478578
0.728249563035
0.727792682804
0.727488165024
0.727031507848
0.7264228706
0.726118639605
0.725814472339
0.725662412606
0.725358340935
0.725054332995
0.722777547571
0.722474081336
0.722322372117
0.722019001476
0.721867340055
0.721412451385
0.720351697722
0.719745864593
0.718534947163
0.718081110039
0.717778631618
0.717325033481
0.717022714385
0.716720459019
0.715965195018
0.715663162707
0.715210233735
0.714908360749
0.714606551493
0.714455670764
0.714153957103
0.713701506105
0.713249214432
0.712345188724
0.711893311296
0.711441577261
0.711291031114
0.7111405009
0.710839488269
0.710538539368
0.710087235509
0.709786445933
0.709485720087
0.709335381063
0.709185057971
0.708583972726
0.708433729296
0.708133290235
0.707682751137
0.7073824714
0.70663206681
0.706332010129
0.705582163177
0.70528232955
0.704982559654
0.704533040235
0.704083664209
0.703933898754
0.703484697986
0.702736348688
0.700046115014
0.699747460392
0.6994488695
0.69825531849
0.697509773311
0.697360708886
0.697062627834
0.696764610512
0.69661562575
0.69646665692
0.695870956859
0.695722067691
0.695275511717
0.694829083202
0.694382814013
0.693788006171
0.692747725764
0.692005128097
0.691559767059
0.691262928742
0.690224608032
0.689335303949
0.688890803267
0.688594538519
0.688150260891
0.687854155469
0.687558113776
0.687262135813
0.686670418876
0.686670211753
0.686078701938
0.685783042625
0.685339673149
0.685044173162
0.684601042674
0.684305702011
0.684158055578
0.683567629172
0.683124976659
0.682977457686
0.682534996363
0.681797927272
0.680913912777
0.680177767771
0.679441973279
0.679147747891
0.679000659095
0.678706529302
0.678118508703
0.677677624697
0.677383781689
0.676943152602
0.676796302794
0.676649468919
0.676355848966
0.675915538529
0.675328696935
0.675182022384
0.675035363766
0.674595483507
0.674302309664
0.674155746641
0.673862668392
0.673569653874
0.673276703085
0.672837396396
0.672544604932
0.672251877198
0.67210553723
0.671666628854
0.67137409231
0.670789226345
0.670643045702
0.670058498387
0.669328152808
0.669036126104
0.668598205542
0.668452263887
0.668160428373
0.667722810528
0.667431134339
0.666847989083
0.666556504084
0.666410785484
0.666265082815
0.666119396079
0.665682431467
0.665391201388
0.664808980217
0.664081550285
0.663645254838
0.663354470868
0.662773110052
0.662627805697
0.662192004156
0.66161115318
0.661465976284
0.661320815321
0.661030541191
0.660740330792
0.660450184122
0.659290330339
0.65900050232
0.658565879784
0.658131416573
0.657841843474
0.657552334104
0.657262888465
0.656973506555
0.656684188375
0.656394933925
0.656250330599
0.655527568889
0.654949681357
0.654805237355
0.654372016879
0.653938939796
0.653505990172
0.649905039142
0.649617282347
0.649041959947
0.648466940264
0.648323213225
0.648035806945
0.647604817018
0.647030434635
0.64659977929
0.64631275539
0.645738914712
0.645452082001
0.645308689545
0.644878623703
0.644018954061
0.64373250373
0.643159810192
0.642873551051
0.641872209663
0.641443275028
0.641014483785
0.64072870262
0.640585835935
0.640014544456
0.639728986345
0.639443491965
0.639015385819
0.638587407134
0.638159587774
0.638159444382
0.637874300516
0.63758922038
0.637304203974
0.637161719669
0.637019251298
0.636591941777
0.636164791582
0.635737768847
0.635168644187
0.634884169486
0.634315411273
0.634173261551
0.633889009905
0.633604821989
0.633320697803
0.632752656552
0.632042991353
0.631759217681
0.631333676668
0.631191861529
0.631050062322
0.630483040751
0.630057929915
0.629774602354
0.629632962472
0.628925017981
0.62850044885
0.628076023112
0.627368970841
0.627227601812
0.62694491155
0.626662285018
0.626520995651
0.625956045305
0.625673641828
0.625109073862
0.624826861575
0.623980623027
0.622712651332
0.622290169357
0.621867830776
0.621586351383
0.621445635586
0.621023599722
0.62074231152
0.620179974103
0.619898877091
0.619758352483
0.619477351066
0.619196413379
0.618775142274
0.618494363912
0.61779279242
0.617091523645
0.61611051212
0.615130345018
0.614570524935
0.614010959772
0.612473999761
0.612194655323
0.612055007003
0.611775758161
0.611496573048
0.611217451665
0.610938394012
0.610519927027
0.610241028699
0.609962194101
0.60954407763
0.608847524874
0.608569008926
0.60773389126
0.607316523616
0.607038358183
0.606621229527
0.606065296973
0.605787418325
0.6056485029
0.605093048321
0.604954212558
0.604537816797
0.604260288664
0.604121548496
0.603566747149
0.603566476297
0.603289171218
0.603150542578
0.602734752252
0.602042134822
0.601903649574
0.601626726875
0.600796500485
0.599828681066
0.599414053812
0.599137704683
0.598999554018
0.598861419285
0.598723300484
0.59844711068
0.598170984607
0.597894922263
0.596653876484
0.596102532489
0.595964732339
0.595689179835
0.595138281949
0.594587623051
0.594174796169
0.59389965791
0.593624583381
0.593074625513
0.592937175877
0.592662324403
0.592250166686
0.592112812645
0.591975474537
0.591700846118
0.591289022982
0.591014553888
0.590740148524
0.59046580689
0.590054429865
0.589780247555
0.589232121924
0.588684251213
0.588547311417
0.587862899222
0.587726055021
0.587315633946
0.587042088936
0.586768607657
0.586495190107
0.586221836288
0.585811940985
0.58553874649
0.585402173141
0.585265615725
0.585129074242
0.584719545386
0.584173745899
0.583764567558
0.582946704784
0.582401733787
0.581993176813
0.581720874539
0.581176461179
0.58076831845
0.58049630296
0.5802243512
0.580088399219
0.57968063887
0.5794088783
0.57913718146
0.57886554835
0.578729755694
0.578051079197
0.577915382136
0.577372801013
0.576423877533
0.575746523434
0.575611097225
0.575475686949
0.575475543556
0.575069424254
0.574528149596
0.57439286678
0.574122348944
0.573987113925
0.573716691685
0.573446333175
0.573040914903
0.572500596194
0.572230524468
0.571825552306
0.571555639906
0.571285791235
0.570746301016
0.570476643536
0.569802794585
0.569533360159
0.564970628127
0.56470234084
0.564434117284
0.564031901444
0.563763837213
0.563629828996
0.56322789994
0.562558432426
0.562424567602
0.561621745103
0.561220548942
0.560953153876
0.56055218077
0.560151351057
0.55988421091
0.559750664736
0.559483620184
0.558949722271
0.558416095211
0.558016030257
0.557349621782
0.5570831508
0.556550447824
0.556284168033
0.556151052035
0.555884867839
0.555485711037
0.555352690635
0.554422232918
0.554023617821
0.553625146117
0.552961318706
0.552695899269
0.552563213449
0.552165267517
0.549386273913
0.548989459189
0.548592787857
0.548328419964
0.54740366608
0.54727161756
0.547007568318
0.546743582805
0.546611613948
0.54582023098
0.545424706788
0.545161103655
0.54476581845
0.544107344358
0.543844059875
0.543712441533
0.543580839123
0.5433176821
0.543054588807
0.542660068362
0.542397134394
0.542002852936
0.541740078294
0.541477367381
0.541083436438
0.540558412925
0.540033628399
0.539771331731
0.538460995531
0.538330030421
0.538199081243
0.537937230685
0.537152220716
0.536890625078
0.536498351114
0.53571432896
0.535583698432
0.535191902443
0.53493078478
0.534800249847
0.534408740643
0.533886999224
0.533495824603
0.533104809307
0.532844201483
0.53271392147
0.53258365739
0.532323177026
0.53128213186
0.530891913188
0.530761872163
0.530241883318
0.529981976524
0.529852047026
0.529332504291
0.529072820553
0.528813200544
0.528553644265
0.528294151716
0.527905048319
0.527645715096
0.52699775645
0.526609131028
0.526220648998
0.525961730019
0.525444131049
0.525314759188
0.52479743107
0.524538862606
0.524280357872
0.524021916868
0.523634374855
0.523376093176
0.523117875227
0.522859721008
0.522472609173
0.522214614279
0.52208564073
0.521956683115
0.52169881568
0.521312149955
0.521183287934
0.521054441846
0.520796797467
0.520667999176
0.520539216817
0.520152965337
0.518738255361
0.51860971199
0.518352673046
0.517838834144
0.517325202365
0.516427119478
0.516170622238
0.515657866746
0.515401560696
0.515017237048
0.51463304086
0.514505007328
0.514248988064
0.51386507866
0.512714545387
0.512586750843
0.511948017112
0.511692635147
0.511437316912
0.510671903912
0.51028934877
0.510161856944
0.509652064896
0.509142527768
0.50863324556
0.508505960856
0.508251439246
0.50812420234
0.507615461837
0.507488304593
0.506979850874
0.506725711644
0.506344622292
0.505963676333
0.505836726211
0.505582873766
0.505202230524
0.505075375997
0.504568165014
0.503428003795
0.50304817311
0.502668469885
0.502415414065
0.502288910053
0.501909493613
0.501530220566
0.501403828082
0.501151090911
0.50089841747
0.500014721626
0.499888520331
0.498627495204
0.49799755621
0.497745679394
0.49673887316
0.496487314994
0.495984405784
0.495733038807
0.495230511977
0.494728224135
0.494602692005
0.494351675544
0.493599056337
0.493222953857
0.493097612917
0.493097230537
0.49297190553
0.492721303314
0.492470764827
0.492220290071
0.491969879044
0.491469295979
0.491344178094
0.490968920036
0.490593821302
0.49034382452
0.490093891469
0.489968948842
0.489594232488
0.489094828427
0.488346240142
0.487349104932
0.48709993664
0.486975376393
0.486726303696
0.486352814144
0.486228349492
0.485979467985
0.48585505113
0.485854955535
0.485233142114
0.484984515527
0.484611711072
0.484487469475
0.48436324381
0.483618319999
0.483370107657
0.483121959044
0.482625868942
0.48237791152
0.482130017828
0.481882187866
0.481015348601
0.480767805424
0.480149321894
0.479902001772
0.479407600514
0.479284028082
0.479036931014
0.478789897676
0.478419467164
0.478172593151
0.477925782869
0.477555702871
0.477309051913
0.476569513285
0.476323117248
0.475584407109
0.475338265991
0.475215219331
0.475092188604
0.474846174946
0.474354354752
0.474108532285
0.473617094471
0.473248687386
0.472389607246
0.471776540765
0.471531387462
0.471286297889
0.471041272045
0.470796309932
0.470551411549
0.470428986256
0.470306576896
0.470061805973
0.46993944441
0.469450173416
0.469327891515
0.469205625547
0.46920538656
0.468716482013
0.468472125335
0.468227832387
0.468105709811
0.467983603168
0.467373356738
0.467373308941
0.467371875016
0.46700588967
0.46651818006
0.46639628054
0.466030677573
0.465178320947
0.464934888353
0.46469151949
0.463961954604
0.463597307587
0.463475790446
0.463475742649
0.463111286822
0.462625584707
0.462382821278
0.462018811561
0.461776207457
0.461654929304
0.461412420795
0.459717888407
0.459354930234
0.45911302716
0.458871187816
0.458629412202
0.458266884207
0.458025267918
0.457904483672
0.457783715359
0.457180160577
0.456697581231
0.456576972242
0.456456379186
0.456215240872
0.455853668827
0.455733171366
0.454890294574
0.454529248301
0.454168329488
0.45380757
0.453446953905
0.452966350188
0.452726135958
0.452245914622
