0.996255067011
0.995364440532
0.993050851044
0.992161658489
0.990917505874
0.990384516113
0.989141446908
0.988963927047
0.987899158395
0.98612598321
0.985062728145
0.984000142245
0.982407530029
0.980815937492
0.979578890769
0.977989767769
0.977107346525
0.976225323592
0.975167437778
0.974110125534
0.972877348721
0.971997237688
0.970941646153
0.970062411407
0.969183574974
0.96795392093
0.967251584678
0.96567243542
0.964269738545
0.963218353189
0.962167541403
0.961117303187
0.96006763854
0.959193358801
0.958144745699
0.957445994258
0.956572893523
0.955700191101
0.95482788699
0.953433204161
0.952387729761
0.95151695517
0.951168750488
0.949776616858
0.948907021272
0.948037839931
0.946821696642
0.945953455318
0.945779854851
0.945085612307
0.944391624682
0.943177855336
0.942311302856
0.941098871839
0.940233307174
0.937985311769
0.937293937074
0.936602817298
0.936084644758
0.934876149067
0.934185921512
0.931772562739
0.930911267983
0.930566855235
0.929706118116
0.927814309573
0.926439510498
0.925408964845
0.924893899142
0.924207367925
0.923692636804
0.922320753375
0.921635178108
0.920949857761
0.920264792334
0.919579981827
0.918724327174
0.917869086766
0.917356124152
0.91684330493
0.916159784955
0.915818112596
0.915305723551
0.914964210517
0.914622761214
0.913769432705
0.913428206456
0.913087043937
0.912063986558
0.911893524792
0.911382235089
0.91087108878
0.910360085862
0.909338558002
0.908827985262
0.908147444664
0.907637206506
0.906277511436
0.905597926787
0.905258230058
0.904748804457
0.904409267053
0.90390008044
0.903391037219
0.90101766901
0.900678832635
0.900001351076
0.899493407197
0.89881638768
0.898308778384
0.897463129338
0.896448850764
0.895772962454
0.895097329064
0.894759607964
0.894253145807
0.893578085987
0.89290329702
0.892228747039
0.891554467911
0.891048913907
0.890206690348
0.889869893333
0.889196490492
0.888691605653
0.888018648922
0.887682266151
0.886841635842
0.886169380141
0.885833347885
0.885329418995
0.884993546065
0.884489856163
0.883650707575
0.882979662743
0.882644235923
0.882141215185
0.881638337841
0.881135603888
0.880968057769
0.879628310183
0.879293520662
0.878791455874
0.878122259212
0.877787756477
0.877286121866
0.876450398765
0.875949146534
0.875448037697
0.874947072251
0.874279357311
0.873611881359
0.872777926764
0.872111024382
0.871944338617
0.871444376919
0.870944574546
0.870278373193
0.869612442692
0.869445995915
0.869279565071
0.868115043067
0.86711747768
0.866286613989
0.865622197076
0.864958051015
0.864294143941
0.863796380927
0.862967142351
0.86263553933
0.86213825429
0.861475478424
0.861309812339
0.860316198211
0.859819582337
0.859323109855
0.858992207863
0.858495974368
0.857834568696
0.85700819797
0.856512538045
0.856017021513
0.855686756821
0.855191479276
0.854696345124
0.854036389309
0.853211834887
0.852717274304
0.852058083249
0.851563857249
0.851069774642
0.850082087402
0.849752969849
0.849094941866
0.848930470719
0.848766015503
0.848601576221
0.848437152871
0.848108353968
0.847615275108
0.847122355572
0.846629579429
0.846136930746
0.845644425456
0.844988022587
0.844659892849
0.844495851879
0.844003824564
0.843675886016
0.843348011198
0.842364800988
0.84203718109
0.841545870737
0.841054719709
0.840891029253
0.840400053482
0.839745642176
0.839255000987
0.838764503191
0.838274148787
0.837783937776
0.837130546149
0.83664066972
0.836477409443
0.836314165097
0.835987724204
0.835008783903
0.834356523484
0.834193486261
0.83337858693
0.832889825776
0.832726931946
0.832238346049
0.831749903545
0.830936167287
0.830448107162
0.829635040069
0.82930990564
0.828984834941
0.828497348387
0.828172437013
0.827360485194
0.826386707022
0.825899985227
0.825575583693
0.825251245889
0.82444069613
0.823792546294
0.823630544684
0.823144635446
0.821849913091
0.821526308182
0.821364529626
0.821041020312
0.820717574728
0.820555875834
0.820070874749
0.819586017056
0.819101302755
0.817970955953
0.817164022871
0.816680025533
0.81587372975
0.815390114792
0.814906643226
0.814584408511
0.814101191865
0.813618102679
0.812974222752
0.812813288619
0.812491468149
0.812169711409
0.811687195793
0.811204823569
0.810722594738
0.810240509299
0.809758567253
0.809437352218
0.809276768599
0.80847413729
0.807832296723
0.807351071639
0.806869989947
0.806389051648
0.805908272674
0.805427637092
0.805107282412
0.804626885818
0.804466780174
0.803666538739
0.803026610071
0.802546818912
0.801907336353
0.799831603086
0.799193188004
0.798874076059
0.79823605929
0.797757702055
0.797279488213
0.796482799724
0.796004968262
0.795527280192
0.79425448095
0.793141357176
0.792505634686
0.792028998161
0.791393721781
0.790441325018
0.78996530986
0.789489438094
0.789013725653
0.788379660143
0.787745833621
0.786795635541
0.786479009065
0.786162446319
0.785687721693
0.785213140459
0.784896832633
0.784264424102
0.783632270491
0.783158310625
0.782684510084
0.782210837003
0.781895134611
0.781263921018
0.776857359302
0.776070931341
0.775442123554
0.774813570688
0.77449936595
0.774028178338
0.773714132926
0.773557134119
0.773086249224
0.77214489368
0.77167442303
0.771204095773
0.77089062393
0.770107270941
0.769794022153
0.769480837096
0.769011179003
0.768854658171
0.766353941527
0.7660414575
0.765885239384
0.765572850952
0.765104387796
0.764480009243
0.764167907596
0.763699874618
0.762608403104
0.762296683836
0.762140848101
0.761829224428
0.761361908412
0.761050444064
0.760583382968
0.759805239904
0.759494094206
0.759027495153
0.75871650878
0.758405586137
0.757628558347
0.757162532864
0.757007222901
0.756696650773
0.756075713639
0.75545506329
0.755144809811
0.754834620063
0.751275364373
0.750965971249
0.750656641856
0.750192767259
0.74988359719
0.748802163148
0.74864771354
0.747875752285
0.747721398271
0.747412738043
0.746333168103
0.745100231964
0.744946164736
0.744484058646
0.744176067582
0.74371420048
0.743406368741
0.742944740626
0.74232947546
0.742021930506
0.741714449282
0.741407031788
0.741099678023
0.740792387989
0.740331572431
0.739563865152
0.738950002046
0.738643158121
0.738336377927
0.738029661462
0.737723008728
0.737109910382
0.736803448837
0.736650241964
0.734355293495
0.733896485432
0.733590693052
0.733437820761
0.733284964402
0.732673714225
0.732062718968
0.729774621473
0.729012410904
0.728555275753
0.726424336389
0.725968013795
0.725511850526
0.725207810721
0.724751870507
0.723536969953
0.722778073343
0.722474607108
0.721716268136
0.721564638579
0.720503773388
0.720200785128
0.719897860597
0.719746422231
0.719594999797
0.719292202726
0.718686815707
0.718535504801
0.717930468297
0.717628021741
0.717174487334
0.716267832764
0.715814712601
0.715210791372
0.714908918386
0.714456228401
0.71415451474
0.713852864809
0.713400509407
0.712948313329
0.712797607857
0.712496244711
0.712194945295
0.711893709609
0.711441991506
0.711140915145
0.710839902514
0.710538953612
0.709937262932
0.709636505221
0.70933581124
0.708133847872
0.707383076835
0.707082860829
0.706782708552
0.706632656313
0.706332599631
0.705732693391
0.704983244751
0.704683538584
0.704234098828
0.703934551987
0.703485351218
0.703335649493
0.703036293842
0.702138625199
0.701689998
0.701390992863
0.701092051457
0.70064375884
0.700494359833
0.700195609616
0.699896923129
0.699598300372
0.699299741346
0.699150485731
0.698553638529
0.697957078113
0.697807965891
0.697509789244
0.69646678438
0.696019973486
0.695573305984
0.695126781874
0.69468041709
0.694382909608
0.694085465855
0.693788085833
0.693490769541
0.692896328146
0.692599203044
0.692153650817
0.691559798924
0.690817870422
0.689631632427
0.689483412424
0.689187020217
0.688890691739
0.687706110724
0.687262119881
0.686374727698
0.685635587382
0.685340023664
0.685044523676
0.684749087419
0.684601393188
0.684158422025
0.684010791525
0.683420444782
0.682977855999
0.682682865851
0.682387939433
0.681945669299
0.681798277787
0.681208886993
0.680767015172
0.680619751119
0.680178070488
0.679883685775
0.679589364792
0.679148018743
0.678706800155
0.677971770423
0.677677863684
0.676796573647
0.676209381538
0.676062611392
0.675182388832
0.674742460775
0.674302692044
0.67400958193
0.673716535547
0.673277101397
0.672837794708
0.672545003245
0.672252275511
0.671813319337
0.671374506555
0.671082033741
0.669474827359
0.669474620236
0.668890566829
0.66859863572
0.668452694064
0.667869102698
0.667431564516
0.666848419261
0.666411215661
0.66539172716
0.664955001535
0.664372923757
0.663791116831
0.663354932911
0.66277360396
0.66248301118
0.66233773869
0.662047241505
0.661756808051
0.661611615222
0.661321277363
0.661031003234
0.660885890068
0.660305644526
0.659870591813
0.659435682493
0.658856042386
0.658711168208
0.657552764282
0.656973952665
0.656539999294
0.655817062326
0.655239015469
0.654950079669
0.654372399259
0.654083654649
0.653939306243
0.653794973769
0.65350635662
0.653362071943
0.652785092563
0.652064242752
0.651920117401
0.651631914496
0.651343775321
0.651199729632
0.650623722134
0.650191887785
0.649760180896
0.649616310465
0.6493286174
0.649184794766
0.648897197296
0.648609663555
0.648178498371
0.647891123956
0.647603813271
0.647029399023
0.646311815373
0.645881399016
0.645164452666
0.644161422433
0.643588537704
0.643302182969
0.642872770359
0.642443501142
0.642157401326
0.641585408817
0.641156569777
0.640870756746
0.640442172626
0.640156518921
0.639870928945
0.639728157856
0.639299956116
0.63901455733
0.638586578645
0.637731210777
0.637161177965
0.636876257154
0.636591400073
0.636306606721
0.636164233945
0.635737211209
0.635452609048
0.6350258253
0.634172783576
0.634030649787
0.63388853193
0.63332023576
0.632468261514
0.632184392247
0.631900586711
0.631333182761
0.630907801072
0.630340843232
0.629915796126
0.62949087648
0.629349268463
0.628783043517
0.628075656664
0.627792775213
0.627227219432
0.62694452917
0.626661902638
0.626379339836
0.626238082334
0.625814405423
0.625532033811
0.625249725929
0.624967481777
0.624403200596
0.624121147634
0.623980145052
0.623698187685
0.6235572329
0.623275371128
0.622993573086
0.622711838774
0.622430168192
0.62214856134
0.621726286488
0.621304155029
0.62088215103
0.620460306355
0.620038605073
0.619757539926
0.619336061699
0.619195600821
0.618914726864
0.618493535422
0.61835317014
0.617932169887
0.617651582715
0.617511313028
0.617371059273
0.616950409535
0.616389760963
0.616109524305
0.615969429875
0.615689288813
0.615689017961
0.615548971328
0.615408940628
0.615268925861
0.615128927026
0.614569106943
0.61442918777
0.614009525848
0.61303111132
0.612472247187
0.612192902749
0.612053254429
0.611774005586
0.611215715023
0.61093665737
0.610518206317
0.609681766254
0.609403059116
0.608845851962
0.608428117871
0.607871388693
0.607314914434
0.607036749001
0.606619620345
0.606202651014
0.605924740501
0.605785809143
0.605785665751
0.605507850833
0.605368967272
0.604813592356
0.60439722846
0.604258472359
0.603981007956
0.603703607283
0.603010400351
0.602317607663
0.601625277018
0.601486839568
0.600656708772
0.600380072859
0.599965238482
0.599688761893
0.599412349035
0.598721611639
0.598445421836
0.598307350833
0.597755242078
0.597479275329
0.5970654447
0.596513941379
0.596376093431
0.596100445332
0.595824860964
0.595549340325
0.595273883416
0.59513617886
0.594447926934
0.594310317973
0.593760041455
0.59321003579
0.592660285044
0.5923854973
0.59238511492
0.591973052797
0.591561134067
0.591012148082
0.590463448881
0.590189170976
0.589777873614
0.589503755034
0.589229700185
0.588955709066
0.588681781676
0.588271010086
0.587723537687
0.587313100679
0.58703955567
0.585400500229
0.584717920272
0.584444980697
0.584172104852
0.583899292737
0.583626544353
0.583217541269
0.582808697511
0.582536204046
0.582399981212
0.581719137897
0.581446899352
0.581174724537
0.580902613452
0.580358630269
0.580086710374
0.579814854209
0.579678950026
0.579407189456
0.579135492616
0.578863859506
0.578456529334
0.578185055549
0.577913645494
0.577777964365
0.577642299169
0.577099813641
0.576964228107
0.5765575671
0.57601557548
0.575609264988
0.575338460368
0.574797042317
0.574661727636
0.57439114607
0.573850221927
0.573444660263
0.573174365482
0.572904134432
0.571689217945
0.571149536537
0.571014652032
0.570879783461
0.570340484432
0.570070922546
0.569666715144
0.569666348697
0.565504239255
0.565370023915
0.564297209353
0.564163137407
0.563225239214
0.562957366173
0.562823453551
0.56242181128
0.562154129429
0.561618956916
0.560950397554
0.560950254162
0.560682922825
0.560549281056
0.560282045314
0.560014873303
0.559881311196
0.559480736403
0.559080305002
0.558813419775
0.556017697051
0.555751544719
0.555219479043
0.554820577162
0.554156048721
0.554023187644
0.553624700007
0.552165379045
0.551900150798
0.551767560573
0.551634986281
0.551237358999
0.550707428277
0.550442550545
0.550177736543
0.550045353441
0.549648299729
0.549383676917
0.549119117834
0.547401467396
0.547137386288
0.546609415263
0.546345525346
0.545554253906
0.545158841241
0.544895301839
0.544631826166
0.543973463601
0.543710210983
0.5426580768
0.54252660185
0.542395142832
0.541738118597
0.541475407684
0.541212760501
0.540687673258
0.540556437295
0.540294013167
0.54003165277
0.539900496469
0.539113941048
0.538197201209
0.537281066804
0.537019439301
0.536627133473
0.536365665295
0.535973598454
0.535451092275
0.534537395542
0.534406908406
0.534145981933
0.534015542595
0.533493992366
0.532972649259
0.532712073301
0.532321328857
0.532060912223
0.530890272141
0.530630206023
0.530240242271
0.530110280908
0.529850405979
0.52959059478
0.528293068307
0.528033639488
0.527385394057
0.527126188293
0.52699660931
0.526867046259
0.526478452702
0.52609001847
0.525701711698
0.525442920179
0.524279481585
0.524150253116
0.524021040581
0.523246099948
0.522987913864
0.522858844721
0.522084860038
0.521826960739
0.521182586904
0.52092491066
0.520667298146
0.520409749362
0.520280998868
0.519637580983
0.519251664085
0.519123056984
0.518480356062
0.51796645343
0.517581173832
0.517452773854
0.517196021694
0.517067669513
0.516811012949
0.515528797603
0.515272523418
0.515144410224
0.514120317233
0.513480659417
0.51245800035
0.512330237671
0.51194704523
0.511691663265
0.51143634503
0.510798328261
0.510543233081
0.510415709389
0.510160709804
0.51003323391
0.50977832992
0.509650901824
0.509396093429
0.509141348764
0.509141077911
0.508504526932
0.507995595239
0.507868390197
0.507741201088
0.506851482761
0.506724421112
0.506089399652
0.505835483477
0.505581631031
0.505327842316
0.504820503872
0.504440131483
0.503553249139
0.503173370657
0.50304677105
0.503046723253
0.502540500084
0.502160988049
0.502034515903
0.501655195058
0.501276033538
0.501023328232
0.500518124743
0.500265610627
0.499886974879
0.498752119181
0.498500051175
0.49812206866
0.497996106353
0.497744229537
0.496989077064
0.496611684051
0.49636015775
0.495983003724
0.495605977158
0.495103514058
0.494852370137
0.494726822075
0.494475773749
0.494099320753
0.49372301115
0.493472217743
0.493346844939
0.492970822121
0.492845513046
0.492720219904
0.492594942695
0.492219222594
0.491718512068
0.49134312655
0.490967868491
0.490592753825
0.490342757043
0.490092823991
0.48971805984
0.489593165011
0.48884428994
0.488719506638
0.488594739269
0.488469987831
0.487472709229
0.487223509072
0.486725315881
0.486600803431
0.486227361677
0.485854079248
0.485729678326
0.485480924279
0.485232233961
0.484983607374
0.484486561323
0.484362335658
0.484113932126
0.483865592324
0.483741446321
0.482748995265
0.481386161494
0.481262334141
0.481014727234
0.480519752407
0.479036660162
0.478913135527
0.478542673149
0.478172338231
0.477062369091
0.476939099376
0.47644617984
0.47607665748
0.475830388902
0.475707278512
0.473618130083
0.473495306478
0.473372498805
0.473249707065
0.472881427439
0.472635987351
0.472267946713
0.471900049467
0.470675207036
0.470185553663
0.469207043539
0.468840357163
0.468351691604
0.46798533981
0.467619115476
0.467375045583
0.467253034535
0.467009060236
0.466887096986
0.466765149668
0.466643218283
0.466399403309
0.466277519721
0.465790160626
0.465424796647
0.464937883663
0.464694514799
0.464451209665
0.464086371458
0.463721676644
0.463721437657
0.463478387443
0.463235400959
0.462749635114
0.46250683982
0.462264108256
0.461900146337
0.461657574098
0.461051517914
0.460688018037
0.460082535423
0.459961480325
0.459961097945
0.459356109239
0.459114206165
0.458751471047
0.458509727298
0.458268047279
0.458147231168
0.45802643099
0.457543437399
0.457422716883
0.457060666863
0.457060571268
0.456578055652
0.456216324282
0.455975249697
0.455493307651
0.455372857988
0.455132006458
0.45477086459
0.454530172386
0.454409850182
0.454289543911
0.453928736626
0.453808494085
0.45296725834
0.452847143259
0.452486893611
0.45236684226
0.452126787355
0.451886796181
0.451646868736
0.451526928912
0.451287097062
0.451167205036
0.451047328943
0.450807624553
0.450687796257
0.450208690195
0.449370943666
0.448892506769
0.447697936079
