153
2847
1188
3405
5114
937
3271
8401
6172
3946
5601
10677
856
10893
1791
6420
7231
8028
4350
1794
4764
476
2833
6809
6413
7741
1819
3854
9146
10473
1764
3671
5586
2648
3448
3781
5062
4421
1416
4035
8935
4008
4793
6175
8875
7745
328
1334
818
7737
8871
10483
5390
11084
9355
9714
1524
6405
7598
10648
1964
4816
2589
2595
6948
10868
7909
10890
9471
5068
8184
8934
8
806
2876
4798
6687
8065
8443
919
2551
2693
8793
3007
6105
9043
4687
1340
2659
2674
8604
10193
6311
7547
9995
10426
4395
6436
9184
8236
1275
2346
8501
9534
10284
1855
4572
6282
6744
11061
4410
4419
7659
8603
1992
6622
9186
9910
9943
9708
9990
512
2040
4372
9069
43
3544
6055
10876
2653
3506
5353
6054
6316
10873
3192
8400
8667
10635
150
1363
1958
4333
6158
7830
9049
3244
3373
6182
6398
7717
8310
1988
4360
921
5829
6207
2179
3775
4448
5131
5682
5870
8810
10721
1612
4062
5595
5847
6198
115
2085
3122
3471
4792
9119
9300
2899
4564
4878
8116
9505
2926
4973
8188
9190
10475
11083
1238
4995
6343
6974
9252
10191
467
6930
8275
10728
708
1171
2214
5979
6046
9553
577
3274
3313
4479
7471
8027
10847
734
2982
3687
5981
9877
880
3720
4535
5463
7601
7817
1716
4426
5231
6824
9945
10146
2930
3944
4581
5218
7482
7565
7637
533
839
1424
2402
2545
2856
4949
5035
5464
6070
7125
7391
8072
8291
9306
10374
763
936
1835
3163
5240
8270
9814
11102
227
4688
5200
5634
5890
6944
8274
2325
5525
5834
6167
7140
7589
2934
7153
7536
7594
7658
8345
8524
8769
1478
1486
2258
3479
3582
4607
5466
5947
8577
8911
9688
10494
769
1481
4096
4107
4789
5180
5287
5363
5721
7037
7888
8167
8519
9649
9718
11134
11172
509
3260
6763
10355
10584
46
82
693
735
1388
1677
2440
2508
2786
3150
3876
4642
5198
5629
6915
9265
9385
326
1608
3410
8126
8175
10292
10490
10797
229
556
1516
3317
3572
4238
4770
7557
7840
8010
8041
8772
10097
10569
11167
1485
1651
1782
2283
2328
2666
2730
3494
4887
6499
6606
6671
7718
8689
9807
10892
677
808
840
1733
1747
2477
3143
4596
4931
5910
6032
6660
7123
7399
8366
8758
8965
9672
40
144
698
1152
1667
1908
2314
2702
2808
3182
4501
6556
6792
7623
9809
10576
1602
1603
2276
2518
3580
4276
4614
4807
5472
6736
6925
8248
8302
9911
10548
629
1426
2058
2263
2690
3800
4067
4153
5392
5876
6215
7789
7808
8543
9283
10823
10879
10901
9
204
1052
1577
2045
3498
3951
5280
5376
5662
5690
6730
8557
8586
9160
9260
10456
10836
552
1714
2436
2539
3855
4216
4641
7117
8851
9779
10560
142
1042
1103
2333
3186
3437
5250
6030
6265
9135
10314
477
815
1133
1784
2272
2298
4692
4900
5039
6628
7057
7200
7708
8865
9991
10344
10451
10474
10819
646
2389
3461
4304
4553
4871
4957
5251
5496
5846
6005
7222
7269
8157
8973
9205
1293
1752
1829
1884
2075
2168
2392
3153
3268
3342
3348
3928
4109
4110
4279
5710
5748
6913
7892
8138
8694
8701
8725
9508
9817
10885
10912
11151
541
650
890
1304
2029
3191
3302
4294
4378
4519
5132
5492
5549
7499
9563
9704
9790
10748
1301
1409
2175
2195
2413
2884
2905
4967
5837
6469
6923
7310
7645
8430
8535
8704
9366
9529
10339
10535
10564
10657
689
758
809
1613
1811
1825
2225
2439
2450
2878
3113
3444
4160
4676
4722
5137
6705
6724
6858
6873
8054
8403
10051
10083
10098
10946
1320
1523
1712
1789
1994
2080
2142
2798
2861
3217
3586
3641
4155
6897
7092
7163
8043
8134
10590
10831
11034
11072
162
1183
1673
2785
3406
3491
4058
4411
4416
4636
5720
5722
6031
6382
6613
6914
7354
8479
8541
9319
10045
10853
10971
11121
211
807
913
3625
3709
4362
5327
5404
6717
6894
7929
8429
8999
9220
9407
10618
10794
729
945
1678
2240
2329
2634
3040
3674
3967
4720
5089
6369
6700
7824
7994
8083
8251
8555
8619
9381
9668
9872
9924
10547
10707
10829
2070
2514
3509
3693
4120
4393
4735
5493
5658
6680
6964
8135
8589
8607
8708
8733
9182
9483
9573
11170
715
908
1080
3165
3400
3591
3940
5467
5677
5839
5855
5946
6274
6391
7214
7312
8397
9320
9365
9550
9914
9950
10661
10840
10861
10977
11028
373
595
1472
2222
2432
2618
2849
3524
3554
3575
4025
4469
4539
4745
4872
4915
5119
5529
6498
7838
9443
389
523
1411
1457
1504
1589
1635
1861
2232
2957
2988
3138
5063
5085
5172
6796
7032
7143
7349
7620
7661
7757
8063
8099
8402
8525
8657
9207
9214
9596
9913
9926
10717
10983
375
786
973
2009
2011
2201
2238
2516
2608
2796
3430
3825
4488
4703
5188
5447
5788
5813
6008
6117
6670
6676
6789
6807
7226
7730
8553
9175
9177
9400
10000
10027
10275
10427
10812
10993
11002
11194
117
788
1414
2363
3222
3462
3869
4004
4438
4480
4656
4924
5080
5261
5356
5819
8067
8288
8622
8710
9080
9332
9547
10769
11039
126
355
555
751
1184
2636
2705
3039
3080
3662
3897
4558
5146
5249
5378
5510
5798
6318
6929
7559
7972
8726
9333
348
993
1745
1755
1987
2411
3038
3644
4746
4989
5272
5465
5551
5578
6264
7293
8127
8391
8394
8636
8848
9191
9927
10067
10678
10976
93
294
900
923
1430
2300
2580
2581
2622
3578
4209
4547
4643
4947
5143
5165
5823
6845
8633
8843
9507
9518
10202
10348
10391
10966
11158
285
885
965
2068
2386
2471
2529
2563
3525
3954
4715
5005
5458
5518
5582
5769
5872
5975
6108
6445
6816
6893
7011
7026
7441
7615
8242
8330
8433
8534
8628
9734
10070
10114
10450
10630
10652
10938
657
819
1604
1648
1707
1896
2228
2249
2427
2602
2649
2839
2960
3264
3467
3959
4103
4503
4638
4649
4763
4907
4954
5148
5612
5624
5663
6050
6389
6444
6455
6583
6701
6715
6719
7081
7159
7343
7897
8658
9433
9481
9923
10291
10610
591
612
1288
1327
1422
2449
2492
2758
2927
2975
3107
3210
3292
3330
3585
3587
3599
4667
4928
5000
5328
6086
6095
6099
6958
7465
7564
7792
8208
8532
8896
8951
9406
9705
9830
10066
10387
10488
10907
213
364
446
514
542
731
753
917
984
1389
1650
1879
2137
2181
3000
3129
3311
3627
3741
4541
4757
4790
4865
4881
5307
5331
5450
5541
5544
5685
5689
5954
5962
6007
6217
6426
6505
6889
7208
7346
7710
7847
7861
8256
8269
8749
8757
9200
9389
9528
9829
9941
10297
10325
10582
10723
47
192
314
550
992
1274
