0.996255067011
0.995364440532
0.993050851044
0.992872980668
0.991628381943
0.990384532045
0.989496534427
0.98789938145
0.986657873629
0.985594347712
0.984531379432
0.982761231421
0.981699808593
0.980108789626
0.978872220879
0.97781290114
0.976930559558
0.976048616288
0.975519641516
0.974285972483
0.97340522415
0.972348947518
0.971469075473
0.969886484796
0.969007728025
0.967427304167
0.966374198102
0.96567243542
0.964795606481
0.96374393434
0.962692835769
0.961292305714
0.960242545472
0.958843767992
0.95779534608
0.956747481805
0.955874715653
0.954827918855
0.953956013057
0.953084521504
0.952213412331
0.95186508019
0.950994528654
0.95029837421
0.949080781064
0.947690304414
0.946995376772
0.946127055786
0.945432685781
0.943178476703
0.942311908291
0.941965392454
0.941272551969
0.941099381679
0.940406859844
0.939022628732
0.937812316736
0.937293809614
0.936084533231
0.935393859565
0.934876021608
0.933668386271
0.932978604826
0.932116752432
0.929706070319
0.928845763377
0.928157766371
0.927298144527
0.926782553051
0.926095320805
0.925580063911
0.923692461546
0.923177873817
0.922663429481
0.921977726754
0.921292278947
0.920949650639
0.920093374618
0.919066381913
0.91821098218
0.917868927441
0.917185009154
0.915818112596
0.915134959068
0.91428137564
0.913257649095
0.912575451517
0.911211996379
0.910871248104
0.910360245187
0.90950890824
0.909168478616
0.908487810558
0.907977476805
0.907127286998
0.906447383699
0.905937623517
0.905088389659
0.90440925112
0.903900064507
0.903391021287
0.902542950502
0.902034289661
0.901525772213
0.901186840243
0.899831988652
0.899154841675
0.898985590779
0.898308746519
0.897801280616
0.897463049676
0.897124882466
0.896279791057
0.895941846902
0.895097281266
0.893746874841
0.892397440298
0.89172309744
0.891217495639
0.890543598891
0.88986994113
0.889364865101
0.888691669383
0.888355159152
0.88751419426
0.887009787395
0.886673595815
0.886169427938
0.885665403453
0.885161522361
0.88448990396
0.883818540479
0.882979742406
0.882308952495
0.881638433435
0.881470839519
0.880968169296
0.880465626534
0.880130677688
0.879460987119
0.878958874534
0.878289614142
0.877787836139
0.877119021857
0.876951858118
0.876617578437
0.875949210264
0.875615121773
0.874947135981
0.87461323868
0.873945635267
0.873611929156
0.873111489483
0.872277757944
0.872111056247
0.870944638276
0.870111942348
0.869113229821
0.868447729498
0.867782484095
0.867283717334
0.866951285822
0.866452758049
0.865954373667
0.865456148611
0.864792050348
0.864294143941
0.863962285999
0.863630491788
0.862801332874
0.861806858391
0.861309812339
0.86081290968
0.859985105029
0.859819582337
0.859323109855
0.858826780765
0.857999916131
0.857503969422
0.857008166105
0.856512522113
0.855851913066
0.855521680238
0.854861421706
0.854366383149
0.853871487984
0.853541637537
0.853046981359
0.852552468574
0.852058099182
0.851234516642
0.850905176034
0.850411284617
0.850082103334
0.849259476744
0.848930518516
0.848272793251
0.847779666593
0.847615322905
0.846629643159
0.846301194771
0.845480400418
0.844988086317
0.844659956579
0.844331890572
0.843839911053
0.843348074928
0.842856382194
0.842364832853
0.841873426905
0.841218489826
0.84072741846
0.840400117212
0.840236490487
0.839745721838
0.83941861178
0.838601131386
0.837947437041
0.837457321625
0.836804105256
0.836314324422
0.835824686981
0.835172076046
0.834682773187
0.834193613721
0.833704597646
0.833052815202
0.832564149643
0.832075611543
0.831587216837
0.831098965522
0.830285579779
0.82996031789
0.829472544551
0.828497428049
0.827522916982
0.827198196798
0.826711236016
0.826386675157
0.826062178028
0.825575551828
0.82541337496
0.824764874609
0.824116597314
0.823792546294
0.823306589259
0.822982697565
0.822820775617
0.818621177014
0.818136749498
0.817813877484
0.817168340577
0.816523042658
0.81603923651
0.815394400633
0.814910929067
0.814427600894
0.814266523368
0.813944416113
0.813783386384
0.813622372588
0.813461374724
0.812978476729
0.812013174644
0.811852336105
0.811048382399
0.808800307331
0.808158339304
0.807677034557
0.807195857271
0.807035496707
0.806394213777
0.805593016392
0.805432815153
0.804952322964
0.804471958235
0.804311868523
0.803671684935
0.803191702586
0.802711863629
0.801752711488
0.801273302708
0.800953776518
0.800155255792
0.799357165245
0.798718957286
0.798240456658
0.797602694809
0.797443290195
0.797124528765
0.796487213025
0.796009381563
0.795372511934
0.794735929089
0.794099601165
0.793940547066
0.793463480363
0.789814078615
0.789338254647
0.789021118331
0.788862574072
0.788387036889
0.788228556359
0.787753210366
0.787278007765
0.786644627352
0.786169759334
0.785695034708
0.785220453474
0.785062291595
0.783797904711
0.78348188367
0.783323897047
0.782850032776
0.7822184846
0.781271632345
0.780640689604
0.78016763789
0.779221980572
0.778749374968
0.778434373606
0.778119435974
0.777804562072
0.777175021391
0.777017672069
0.776703021222
0.77591672072
0.775602292928
0.775445102931
0.774816518199
0.774345234992
0.77371709637
0.773089212668
0.772775358446
0.772304696606
0.771991001709
0.771520578857
0.77042372216
0.769797176787
0.76854515352
0.768232223382
0.76776294767
0.767450176857
0.767137469774
0.766824826422
0.766355980887
0.766043496859
0.765731076561
0.765106427156
0.764482080468
0.76416997882
0.763857940902
0.763078172724
0.762766357861
0.762610474328
0.762142935258
0.761987115455
0.761675523647
0.76058569318
0.760274388157
0.759807550116
0.759651969301
0.758407991943
0.758252554521
0.757475654191
0.757009692438
0.756543858144
0.754063280174
0.752823811713
0.752049667705
0.751585362931
0.750966512954
0.750811840291
0.750502542762
0.749420551083
0.748802609258
0.748184906421
0.747876150597
0.747567458503
0.747258830139
0.746641780534
0.74633334336
0.745716676135
0.745408430151
0.745100247897
0.744330071081
0.743868156181
0.743406384673
0.743098616664
0.742944756558
0.740640009605
0.740179257778
0.740025700389
0.739872158933
0.738797974177
0.738644560181
0.737418060771
0.737111535496
0.736651883011
0.736345517061
0.736192357985
0.735732976352
0.735273754044
0.734661675377
0.734355723672
0.733132729411
0.732827096356
0.732521527031
0.732216021437
0.732063292538
0.731452552201
0.731147269661
0.730842050851
0.730536895771
0.729621860709
0.729012140052
0.7285550049
0.728098013141
0.727641164775
0.727184459801
0.726727914152
0.726271495963
0.725967296833
0.725207093759
0.724599221271
0.724447288997
0.724295372655
0.723839735159
0.723536045868
0.723384225122
0.722928858478
0.722170280518
0.721866941742
0.721412069005
0.721108889555
0.720805773834
0.719745466281
0.719291246776
0.717023224225
0.716720968859
0.716267705304
0.715663592885
0.715361624304
0.715210663912
0.714908790926
0.71460698167
0.714456100941
0.71370198408
0.713098986936
0.711893757406
0.711442039303
0.711291493157
0.710839950311
0.709636712344
0.708734837522
0.708284107234
0.70813389567
0.707833520338
0.707383092768
0.706632672245
0.706332615564
0.704234513073
0.703934966231
0.70363548312
0.703336063738
0.702887054159
0.702438203906
0.702139039444
0.701839938712
0.701391407108
0.700793603957
0.70049479001
0.700196039794
0.699449459003
0.699300187455
0.698852468409
0.698703260592
0.697808412001
0.696914136979
0.696020531123
0.695722736856
0.695425006319
0.695127339512
0.694829736435
0.694532197087
0.694086023493
0.69378864347
0.693491327178
0.693194074616
0.692748315266
0.692154208454
0.691857242677
0.691560340629
0.691263502312
0.690966727724
0.690818364329
0.690373369739
0.689780282607
0.689632046672
0.689187434462
0.688742965644
0.688594841237
0.688298640219
0.687854458186
0.687410419546
0.686966540231
0.686670689728
0.686374902955
0.686227033468
0.686079179912
0.6857835206
0.685487925017
0.684896940974
0.684749230811
0.684601536581
0.684453858283
0.684010934918
0.682978079054
0.682535633663
0.682093331664
0.681798532706
0.681651157126
0.681209141913
0.680619990107
0.680325509798
0.679736756305
0.679442467186
0.679148241798
0.67885408014
0.678118970746
0.677237346126
0.676943598712
0.676649915029
0.67620952493
0.675916000572
0.675035969201
0.674596104875
0.674302931031
0.674156368008
0.673863289759
0.673130888889
0.672252610093
0.672252402971
0.671959738967
0.671520878388
0.671228373709
0.670789736185
0.670497390831
0.669912939111
0.669620784947
0.668890773951
0.66874480043
0.668452901186
0.667869341686
0.667577633632
0.667140191045
0.666848642316
0.66670289185
0.666557157317
0.666120065244
0.66582873957
0.665246295344
0.66495516086
0.664809617517
0.664664090106
0.664227603469
0.663355060371
0.662919003911
0.662628379266
0.661902192069
0.66161179048
0.661176307589
0.660886065325
0.660595886791
0.660450821422
0.660305771986
0.659870719273
0.659435809953
0.659145950068
0.658711279735
0.658131990143
0.656396383782
0.656251780456
0.655818066073
0.655529002813
0.655240003283
0.654662211346
0.654373403006
0.653940325923
0.653218822879
0.652930333189
0.652641907229
0.652353544999
0.651921121148
0.651056799218
0.650624805544
0.650192955262
0.649473571241
0.648898328503
0.648467051791
0.648179613646
0.648035918472
0.647892239231
0.647604928545
0.64731768159
0.647030498365
0.64659984302
0.646025874882
0.645165392683
0.644735374639
0.644448764983
0.644162219058
0.643160049179
0.642730684367
0.642587594628
0.642301462947
0.641729406708
0.641443466218
0.641157589457
0.640871776426
0.640586027125
0.640300341555
0.640014719714
0.639443683154
0.63887293338
0.638587630189
0.638017262795
0.637874698828
0.637732150794
0.637447102523
0.637019665543
0.636734776597
0.63644995138
0.636165189894
0.63602283305
0.635595874045
0.635311303748
0.635026797182
0.634742354346
0.63445797524
0.634173659864
0.633463198039
0.633321143912
0.633037083456
0.632327211134
0.632185284467
0.631901478931
0.631192275773
0.630908693292
0.630058391958
0.629775064396
0.629633424514
0.629350192547
0.629067024311
0.628783919804
0.628359398471
0.628076453289
0.627793571837
0.62765215501
0.627086662959
0.626521425828
0.625815233913
0.625674040141
0.625532862301
0.625250554419
0.625109424377
0.62482721209
0.624404013153
0.624121960191
0.623980957609
0.623558045458
0.620604399841
0.620323207234
0.619901537817
0.619199121903
0.618918247946
0.618356707154
0.617935722834
0.617655135661
0.617374612219
0.617094152507
0.616533472069
0.615692953287
0.615272861187
0.614992879449
0.614293299519
0.614293156127
0.613733702491
0.613174519709
0.612895015946
0.612475879796
0.612336199611
0.611638133267
0.611498548677
0.61135898002
0.610661375719
0.610243004328
0.609685414795
0.609267393919
0.608849516436
0.608710250496
0.608571000488
0.60829254827
0.608014159782
0.607596712476
0.607040333813
0.606067304468
0.605928357178
0.605511626834
0.605233875646
0.60509502395
0.604678580392
0.604401020394
0.603707431081
0.603430094138
0.603429950746
0.603152677532
0.602875468049
0.602321256205
0.60107551034
0.600660436976
0.600383801063
0.600245507005
0.59913979184
0.598863506441
0.598725387641
0.598449197837
0.598173071763
0.593496581715
0.593084137213
0.592809253874
0.592671836103
0.592534434265
0.592122324345
0.59184766406
0.591710357817
0.591573067506
0.591298534682
0.590749676156
0.590475334522
0.590201056618
0.589789759255
0.589515640676
0.589378605285
0.588967610639
0.588556759387
0.588146035594
0.587872299394
0.587598626925
0.587051489108
0.586778007829
0.586504590279
0.585957994168
0.585821373022
0.585548178527
0.585138522211
0.5845925634
0.583637760829
0.583228773678
0.582956184619
0.582819913988
0.582547420523
0.582002672581
0.581730370306
0.581185972878
0.580777846082
0.580505830592
0.580233878832
0.580097926851
0.578332048749
0.578196319823
0.577653579375
0.577517930111
0.577246679381
0.576975492381
0.576704369111
0.576433309571
0.57589138168
0.575485103053
0.575349708709
0.574943637205
0.574537709093
0.574267159393
0.574265725468
0.574130474517
0.573724817258
0.573319303391
0.573049040475
0.572508721767
0.572238650041
0.571698713712
0.571428833177
0.570350187322
0.570080625436
0.569137820034
0.569003174518
0.568599333563
0.568330185922
0.567792129628
0.567657643436
0.566985467398
0.566716702137
0.566179378737
0.565910804666
0.565642294325
0.56523966424
0.565105480766
0.564703025938
0.564568906193
0.564434802382
0.564032586541
0.56376452231
0.563496521809
0.562826847172
0.562692950483
0.56229135601
0.5617561357
0.56162236647
0.561354875809
0.560419224098
0.560018442182
0.560018171329
0.559884609222
0.559617532806
0.559484018497
0.55935052012
0.558816733734
0.558416525388
0.558149799486
0.55721692003
0.556950480913
0.556817285253
0.55641779387
0.555619257212
0.555087207468
0.553891043529
0.55349260369
0.553359822275
0.553094307243
0.55229816046
0.550972688389
0.550707746927
0.550575300095
0.550310454228
0.549119882594
0.548590971552
0.54832660366
0.548062299498
0.547533898295
0.547269785323
0.547137752736
0.547005736081
0.546609797643
0.546477844718
0.546213986666
0.545950192344
0.545686461751
0.545422794889
0.545159191756
0.544895652354
0.544368780671
0.544237098598
0.543842147976
0.543578927223
0.54305269284
0.542789663278
0.542132415987
0.541738230124
0.541475519211
0.541081588268
0.540556548823
0.540162952462
0.539245320403
0.538852202017
0.538328245981
0.538066363558
0.537935446246
0.537673659418
0.53741193632
0.536365920214
0.536104515766
0.535973837441
0.535451331262
0.535059583071
0.534015781583
0.533494199488
0.532972872314
0.53245180006
0.53193101459
0.531540572864
0.53115027453
0.530370171769
0.53011023311
0.529850358182
0.529330847312
0.529071163573
0.528811543564
0.528551987286
0.527644105914
0.52738483642
0.526996051673
0.526866488622
0.526607410318
0.525571877795
0.525054422217
0.524537269356
0.524149552087
0.523761962277
0.523503648733
0.523245398919
0.522213100692
0.522084127143
0.521826227844
0.521697302093
0.521181758415
0.52079528388
0.52053770323
0.519894046358
0.519765359595
0.519636688764
0.519122180697
0.518736470922
0.518350888606
0.517837001907
0.517195049812
0.516810041066
0.516296919127
0.515784099905
0.515271535603
0.515015325149
0.514375173425
0.514247171759
0.513991216224
0.513223891325
0.512457139995
0.512457092197
0.512201582772
0.511563103961
0.511307817591
0.510925023462
0.510669896417
0.509905056987
0.509650184862
0.509522772698
0.509267996168
0.50875865023
0.508376796118
0.508122306373
0.506597152341
0.506089176597
0.505708342165
0.505327651126
0.505200780667
0.504947087546
0.504439908428
0.504186406497
0.504059679431
0.50342631495
0.50317306794
0.502919884659
0.50241372522
0.502287221208
0.502160733129
0.501781364487
0.501654940138
0.501275778618
0.501149417999
0.500896744558
0.500644134847
0.500139154413
0.499129958304
0.498751736801
0.498373658691
0.497995723973
0.497869777599
0.497492050004
0.497366167359
0.49673702499
0.495354817305
0.495229205513
0.494726933603
0.494601401473
0.494350385012
0.49422490068
0.494099432281
0.493848543279
0.493597718008
0.493472329271
0.493096258655
0.492970933648
0.492845624574
0.492595054222
0.492344547601
0.492094104709
0.491968907162
0.49196863631
0.491593155196
0.490842686876
0.48971825103
0.489468477303
0.489218767307
0.489093936207
0.488345443517
0.48797134853
0.487722020913
0.487597381004
0.48722355687
0.487223477207
0.487098901028
0.486849796466
0.486351778532
0.485108422542
0.484611344625
0.484487103028
0.48423866763
0.484114473831
0.483866134029
0.483617857956
0.483493743819
0.483369645614
0.483121497002
0.48287341212
0.482625390968
0.482253478733
0.482005616906
0.481510084441
0.481386241156
0.480891043274
0.480396132177
0.480272432284
0.479777839837
0.479283502309
0.479036405242
0.479036166254
0.478665640147
0.478171844324
0.477801668731
0.477678303421
0.477308303086
0.476445685933
0.47619932176
0.475829910927
0.475706800537
0.475460627554
0.475091487574
0.474845473916
0.474722490986
0.474353653723
0.474230734523
0.47398494392
0.473739217047
0.473493553904
0.472757010585
0.472143705116
0.471898456218
0.471530702364
0.470918145723
0.470550774249
0.470428348956
0.469816509277
0.469449567981
0.469205020113
0.468838333736
0.468471790753
0.466398622617
0.466276739029
0.466154871373
0.46603301965
0.465180663024
0.465058938761
0.465058890963
0.464815490235
0.464572153236
0.464450508635
0.464085686361
0.463599506271
0.463356487922
0.463113533304
0.462506473373
0.462263741809
0.461778517669
0.461657239516
0.460082503558
0.459235611778
0.45875193309
0.458510189341
0.458268509321
0.455616147189
0.455495681593
0.455254798198
0.454893608533
0.454652884464
0.454532546328
0.454412224124
0.454171627515
0.453931094635
0.45333013685
0.452969696012
0.452489347215
0.452249260446
0.451769294029
0.451169722371
0.450810141887
0.450690313591
0.45033094023
0.45033055785
0.449971311949
0.449731894344
0.44949254047
0.449014039842
0.448894450534
0.448655319714
0.448296742977
0.448177249264
0.44781887965
0.447580035615
0.44734125531
0.447102538735
0.44686388589
0.446744583366
