0.996255067011
0.995364440532
0.993050851044
0.991806140792
0.990739826688
0.988964102304
0.988786598375
0.98789931772
0.986657841764
0.985062983065
0.983823259684
0.982761263286
0.981522989762
0.980462236099
0.978872220879
0.977989401322
0.976930639221
0.976048695951
0.975519721179
0.974462217745
0.973581389749
0.972700960067
0.971820928696
0.97058960174
0.969886309538
0.9690075687
0.96795360228
0.966900209429
0.966373720127
0.96497062494
0.963918857204
0.963393180459
0.962517371199
0.961466925861
0.960417070024
0.959018196949
0.958668622072
0.95796966351
0.956921719573
0.955874349205
0.955176410322
0.954827536476
0.953258727407
0.952735966308
0.95151676398
0.950994480856
0.950124327633
0.949254572722
0.948559055578
0.947342577707
0.946474113328
0.944912027772
0.94456503396
0.94369784418
0.942311191329
0.941618223384
0.940406238477
0.939022134824
0.938330377749
0.936084660691
0.935739291993
0.934876149067
0.934013420387
0.933495964809
0.932633857495
0.931944474362
0.930566616248
0.929877981942
0.929017595338
0.928329534602
0.927813656341
0.925408550601
0.924550203356
0.924206969613
0.923520693316
0.923177650762
0.92232033913
0.92146342581
0.920778169193
0.919921972835
0.918724040389
0.917868784049
0.917013941953
0.916330342315
0.915476217182
0.913598955007
0.912916629969
0.91206412995
0.911382378482
0.910700881934
0.910189926814
0.909338701395
0.908317747104
0.907637445493
0.907127366661
0.906107639173
0.905767846848
0.905258277855
0.904579075586
0.904069841176
0.903391100949
0.90271259971
0.902034353391
0.901356361992
0.901186903973
0.900848035734
0.900339852868
0.899493247872
0.898816212423
0.898477790293
0.898139431893
0.897801137223
0.897124739074
0.896617607752
0.896279599867
0.895772707534
0.895265958593
0.894759353044
0.894252890887
0.893915329112
0.893409105944
0.892734364773
0.89104886611
0.890543455498
0.890206594753
0.889701423129
0.888355047625
0.887682218354
0.887177763692
0.886505380531
0.886001260452
0.8853293234
0.884657641269
0.884154046962
0.883315057699
0.882644140328
0.882476450816
0.88214111959
0.881638242246
0.881135508293
0.880632917733
0.880130470566
0.879460779996
0.878958667411
0.87862400535
0.877787660882
0.876450319102
0.875782030593
0.875113997003
0.874780067837
0.873945555605
0.873278223045
0.872944644394
0.87244439591
0.871610983021
0.870778000309
0.869778937267
0.86944602778
0.869279596936
0.868614032883
0.867283765132
0.866785141763
0.865622292671
0.864792177808
0.864626193073
0.86363063518
0.863298904698
0.862801428469
0.862304095633
0.862138349885
0.861475526222
0.860978575765
0.860316198211
0.859985105029
0.859654075577
0.85899225566
0.858496022166
0.857999932064
0.857338701649
0.85651256991
0.855686836483
0.855191558939
0.854696424786
0.854366415014
0.854201434027
0.853541685334
0.853211898617
0.853047029157
0.852552516372
0.852058146979
0.851728647047
0.851234516642
0.850411332414
0.850246733807
0.850082151132
0.849753033579
0.848930534449
0.848601639951
0.848437216601
0.847779682525
0.847615338838
0.847122419302
0.846629627227
0.846136978544
0.845644473253
0.845480336688
0.845152111355
0.844659892849
0.844331826842
0.843839847323
0.843348011198
0.842856318464
0.842364785056
0.841709656787
0.841382164349
0.840891045186
0.840236458622
0.839255064717
0.838601147318
0.83843769585
0.837784065236
0.837293997617
0.836804073391
0.836477536902
0.836151064144
0.8356614745
0.835335161067
0.83484581041
0.83403059243
0.833052799269
0.832564117778
0.832075579678
0.831587184972
0.830936231017
0.830448170892
0.830122877138
0.829635071934
0.828984882739
0.828497396184
0.828334932531
0.826549170675
0.826386898212
0.825737983617
0.825251453012
0.824440935118
0.823954786893
0.823792769349
0.823306812314
0.822820998672
0.822659092656
0.822173470203
0.821849801564
0.821526196655
0.820879193958
0.820394097278
0.820070779154
0.819424350027
0.818939683525
0.818455160414
0.81813222467
0.817486560303
0.817325180059
0.817163815748
0.81700246737
0.815712588494
0.815390194454
0.815067864144
0.814584488174
0.814262317189
0.813618182342
0.813296202547
0.812491547811
0.811687323253
0.811365725838
0.811204951029
0.810722722198
0.810240636759
0.809758694713
0.809437479678
0.809276896059
0.808634768707
0.807672031754
0.807351230964
0.806870149272
0.806228946004
0.80462734786
0.804307152505
0.803666952984
0.803027024316
0.802867077997
0.802227467979
0.801747915807
0.801268507027
0.801108735966
0.800629518376
0.800150444179
0.79951191757
0.798873645881
0.798714113807
0.798395097456
0.79823561318
0.797757255945
0.797279042103
0.797119669354
0.796482353614
0.796163783374
0.795845276863
0.79489020344
0.794412849952
0.793935639857
0.793617579456
0.793299582785
0.792822707272
0.792504869926
0.792028233401
0.791551740268
0.790599279775
0.790281888539
0.790123216819
0.789488705199
0.789012976826
0.788220462652
0.787428346789
0.787269961855
0.786794902647
0.78647827617
0.782372711154
0.781899133667
0.781583495006
0.781110172439
0.780636977333
0.780321593591
0.779848653405
0.77969103323
0.779533428988
0.777172153542
0.776385614053
0.776071090666
0.772461998131
0.771991431886
0.771521009034
0.771207473462
0.77058060944
0.769953984405
0.76917110939
0.768545073857
0.76823214372
0.767762868007
0.766824762692
0.766199667177
0.765731028764
0.765418672196
0.765106379358
0.76448203267
0.763857893105
0.762610394666
0.762142839663
0.761519671979
0.760741066873
0.760118472759
0.759807263331
0.759340568683
0.758718532207
0.758252172141
0.757941345093
0.757475239947
0.757319898119
0.757164572223
0.755922777618
0.755457293839
0.755147040361
0.75266875667
0.752359076762
0.752204260706
0.751585155809
0.751275698955
0.750966305832
0.749729545895
0.749420471421
0.749111460677
0.748648064055
0.74849363038
0.748030424948
0.747413088557
0.746795975222
0.746487506183
0.745562545177
0.745100247897
0.74417617911
0.743868251776
0.743098760057
0.742483463026
0.742022121696
0.741714640472
0.741560923758
0.741253538129
0.74094621623
0.740331779554
0.739717597798
0.739103670962
0.738643381176
0.738336600982
0.737723247715
0.737263388107
0.736497274077
0.736037812782
0.73542544733
0.734966304685
0.734507305431
0.734048449571
0.733895529482
0.733436864811
0.732978359465
0.732367236748
0.732061763018
0.731756353019
0.730688079218
0.730382956003
0.730230418294
0.727945507298
0.727793224509
0.727488706729
0.726879862359
0.726575535768
0.726119165377
0.725814998112
0.725510894576
0.7250548747
0.724902894629
0.724598982283
0.723991348783
0.723687627627
0.723383970202
0.722928603558
0.722473380306
0.722321671087
0.721866639025
0.72065409648
0.720048167757
0.719593852657
0.718685700433
0.717626954264
0.717324571438
0.716871116693
0.71460691794
0.714305172414
0.71415432355
0.713551103351
0.711442294223
0.711141217862
0.710689722814
0.710388805778
0.710087952472
0.709787162896
0.709336098025
0.709185774933
0.708885176547
0.708434398461
0.7081339594
0.707533288399
0.707082956424
0.70663276784
0.705732804918
0.705432939427
0.705133137665
0.704234210356
0.703934663514
0.703635180402
0.703485462745
0.702587555115
0.702288358789
0.701839683792
0.701540646791
0.701241673519
0.700345295408
0.700046577056
0.699747922435
0.698852356881
0.698553957179
0.698255621207
0.697957348965
0.697510076029
0.697062930552
0.69646697557
0.696020180608
0.695722386341
0.695424655804
0.695126988997
0.69453189437
0.694234418753
0.693788324821
0.693491008528
0.692748092211
0.692450998974
0.692153969466
0.691708560632
0.691411690449
0.690966520602
0.690521478214
0.690373162617
0.689780059552
0.689335415477
0.688890914794
0.688298464961
0.688150388351
0.687854282929
0.687410260221
0.686966364973
0.686818431756
0.686522613118
0.686374727698
0.685931182965
0.685783361275
0.685339991799
0.685044491811
0.684749055554
0.683863288485
0.683420556309
0.683273005472
0.683125470566
0.682830448553
0.682682961446
0.682388035028
0.681651045599
0.681356342236
0.681061702603
0.680619878579
0.679883892897
0.679442451254
0.679295330594
0.67870702321
0.678118970746
0.677531173201
0.677237362058
0.676796764837
0.676503113018
0.67620952493
0.675916000572
0.674889214988
0.674595977415
0.674302803571
0.674009693458
0.673716647074
0.67342366442
0.672398838534
0.67137479334
0.670789927375
0.670059279079
0.669913178098
0.669621023934
0.669474970751
0.669182912182
0.667432775386
0.667141162927
0.666558145131
0.665975414121
0.665684120312
0.664956212405
0.664810669062
0.664228702811
0.663937791381
0.663646943682
0.663356159713
0.662484206118
0.662193677068
0.661467649196
0.661177343202
0.660742003704
0.660596922403
0.660451857034
0.660161774095
0.6601616785
0.65987165929
0.659581703811
0.659146890085
0.658857093931
0.658567361506
0.658132898296
0.657988103779
0.657843325196
0.657698562545
0.657264386119
0.656685701962
0.656251844186
0.655962685332
0.655240082946
0.654806703145
0.654662275076
0.654373466736
0.65394037372
0.653651724705
0.653507424097
0.653218870677
0.653074617866
0.652786160041
0.652497765946
0.652209435581
0.651633013838
0.651200844907
0.650480871383
0.650049068899
0.649617409807
0.648610858493
0.648179677376
0.647174305066
0.646743601924
0.646456546159
0.646169554123
0.646026082004
0.645739185564
0.644449274823
0.64344688189
0.643303712488
0.643160559019
0.642874299878
0.642588104468
0.641872910692
0.641586938337
0.641301029711
0.641015184815
0.640586536965
0.640300851394
0.639586932218
0.639158778276
0.638730767726
0.638160304736
0.638017724837
0.63787516087
0.637732612836
0.637447564565
0.637305064328
0.637162580024
0.637020111652
0.63645039749
0.635880954181
0.635596320154
0.634885061705
0.634742848253
0.634316303493
0.633889902125
0.633463660082
0.63317956776
0.632895539169
0.632327720974
0.631760125834
0.631618262897
0.631476415892
0.631192769681
0.63062568438
0.630342229359
0.628784397779
0.628218395888
0.627935482572
0.627652632985
0.62751123209
0.627369847128
0.627087125002
0.626521887871
0.626239356934
0.625815680023
0.625109870487
0.625109599634
0.623840209947
0.623558284445
0.622994624631
0.622572062994
0.622290424277
0.621727353966
0.621445906439
0.621164522641
0.620883202574
0.62074256644
0.620601946237
0.620180197158
0.620039640685
0.619758575538
0.619196652366
0.618634984114
0.618494602899
0.618213888267
0.617933237365
0.617372142682
0.612620897367
0.612341521064
0.611782975581
0.611643375058
0.611224685018
0.611085148225
0.609969523049
0.609830129648
0.609551390646
0.609133401635
0.60899410383
0.608437119731
0.607880358688
0.607602065795
0.607601922402
0.607462799854
0.606906484921
0.606628415083
0.606350408974
0.605933519306
0.605933375914
0.605238894382
0.605100042686
0.604961206924
0.604267267097
0.603989802693
0.603573725582
0.603157807796
0.602880598312
0.602742017469
0.602603452559
0.602464903581
0.602187853423
0.601633960228
0.600941932301
0.600803574513
0.600388612676
0.600112040493
0.599697301711
0.599420888852
0.599006404991
0.598453977586
0.598039828306
0.597487831079
0.59721192806
0.597074000449
0.596798193026
0.596522449332
0.595833416713
0.595557896075
0.59514473461
0.594869373296
0.594594075712
0.594456450819
0.59418124883
0.593906110571
0.592943787863
0.59280635416
0.592668936389
0.592394148645
0.59211942463
0.591432989009
0.588556631927
0.588145908134
0.587735327733
0.587461687129
0.586914613042
0.586777880369
0.586641163628
0.586094455989
0.585821197764
0.58554800327
0.585138346954
0.585001821403
0.584592356277
0.584455894456
0.584183018611
0.582956312079
0.582002752243
0.581730449968
0.581458211423
0.581186036608
0.58077789388
0.580369894544
0.580097974649
0.579690230232
0.579418469662
0.579146772822
0.577382726957
0.577111508092
0.576704815221
0.57643375568
0.57616275987
0.575620975372
0.575485565096
0.574944083315
0.574538155203
0.574402872387
0.574267605503
0.574132354551
0.573456338781
0.573186044001
0.572915812951
0.572780721324
0.572375542039
0.572105502179
0.571970506147
0.571970410552
0.571700466287
0.571565518053
0.57089101587
0.570756163231
0.57048650575
0.570216912
0.569677963486
0.569408560925
0.569139222094
0.568735349274
0.568466169768
0.568197053992
0.567659029563
0.56685254259
0.566718167926
0.565778055117
0.565375377234
0.565241177827
0.564972826811
0.564436363766
0.564302275887
0.563900107844
0.563766083695
0.563498083193
0.562292997057
0.56202534707
0.561624007517
0.561222795424
0.560955400358
0.560554427252
0.560420801415
0.560020035431
0.55975292715
0.559485882598
0.558818597836
0.558551776339
0.558018324536
0.557885001417
0.55775169423
0.557218640739
0.556952201622
0.556819005963
0.556552662441
0.556419514579
0.555887098388
0.555754030188
0.555620977921
0.555221932647
0.55508894411
0.554955971506
0.554690074094
0.554291363402
0.553892780171
0.553627137679
0.553361558917
0.552565268741
0.552167306877
0.55190207863
0.551636914113
0.550974329436
0.550444526175
0.550312111207
0.549782610663
0.549253412836
0.548856645909
0.548592214287
0.548327846394
0.547799317732
0.54753514103
0.54713899547
0.547006978815
0.546874978093
0.546742993303
0.546479071521
0.546347134528
0.545555910886
0.544896958818
0.544501769208
0.543975088715
0.543711836098
0.54344864721
0.543185522052
0.542922460625
0.542659462927
0.542396528959
0.542133658722
0.541870852214
0.541608109436
0.541345430388
0.541214114763
0.541082815071
0.540689011588
0.540033022964
0.539639617794
0.539377416721
0.538329488716
0.537020905091
0.536367210747
0.535713866917
0.535583236389
0.535322023131
0.534799835602
0.534277871128
0.533886553114
0.533625754101
0.533365018818
0.532843755373
0.532062409878
0.53193222546
0.531671904421
0.531281542357
0.530891339618
0.530371287044
0.529202399536
0.528683159518
0.528423635105
0.52751586526
0.527256627631
0.526997453732
0.526867890682
0.526738343564
0.526349797804
0.525961411369
0.525831975779
0.525314440538
0.524926436483
0.524280102952
0.524021661948
0.523634135868
0.523246737248
0.522730476607
0.522214470886
0.522085497338
0.52169868822
0.521569778402
0.521440884516
0.521312006563
0.521054298453
0.520796654074
0.520410306999
0.520152821944
0.519638043026
0.518737825184
0.518352242868
0.518095267654
0.517838356169
0.517453124369
0.517068035961
0.516811379396
0.516554786561
0.516426514043
0.51578540637
0.515529068455
0.514760596416
0.514504513421
0.514248494156
0.513736662749
0.513480834674
0.513225070329
0.512586033881
0.512458255269
0.512202745845
0.511564298898
0.511309012528
0.511053789888
0.510798630978
0.510543535798
0.509906172261
0.509523887972
0.508378006988
0.507996312201
0.507614760807
0.507360462251
0.507106227426
0.506852056331
0.506724994682
0.506343921262
0.505962975303
0.505836025182
0.505201561359
0.504694286646
0.504313962053
0.503807101585
0.502541471966
0.502288448011
0.501656214737
0.501150692598
0.500898019158
0.500771706336
0.50051912849
0.500014179921
0.499761793265
0.499635623836
0.499635241456
0.499130738996
0.49900464923
0.497745201419
0.497493388333
0.49711580413
0.49673836332
0.495858427544
0.495481464709
0.495230225192
0.494853485412
0.493724461007
0.493222953857
0.492596440349
0.491970388884
0.491594907771
0.491344656069
0.490469436312
0.490219471396
0.489844643514
0.489594837923
0.489220249029
0.488097581689
0.487972893982
0.487723566365
0.487598926456
0.487474302479
0.487225102322
0.48672690913
0.486353435511
0.485980089352
0.485358212201
0.485233875008
0.484612443967
0.48448820237
0.484363976705
0.483867281168
0.483743135166
0.483494890959
0.482998641532
0.482006875573
0.481882968558
0.481635202326
0.481511343108
0.481263672471
0.481139861051
0.481016065563
0.480644774696
0.480644408249
0.480520676491
0.480149592746
0.479778636461
0.479407839501
0.478913645366
0.478790136664
0.478543167056
0.477186292038
0.476693260975
0.476570039058
0.47632364302
0.47595418439
0.475831058067
0.475584853219
0.47460081452
0.474477863455
0.474109105854
0.473986218519
0.473863347116
0.473617652109
0.47312650108
0.473003741205
0.471777305525
0.471042100535
0.470674697197
0.470552255971
0.470429830678
0.47018502789
0.469695613504
0.469451001905
0.469206454037
0.468839767661
0.468228947661
0.467862627732
0.467618494109
0.466886634944
0.466033497625
0.46603340203
0.465667942456
0.465180933876
0.464329357942
0.464086148403
0.463964567533
0.463599936449
0.462507301863
0.462264570299
0.462021902465
0.459963471887
0.459600402187
0.459479410819
0.459358435383
0.45923747588
0.458874708897
0.458632933283
0.458391221399
0.458270389356
0.458028773067
0.457545747611
0.457183633861
0.456942304356
0.456821663503
0.456218793818
0.455977719234
0.45573670838
0.455616226851
0.455495761255
0.455254877861
0.455134460062
0.454893672263
0.454652948194
0.454412287854
0.453570526337
0.45308985889
0.452729513647
0.452609430431
0.452129304689
0.451889313515
0.45164938607
0.451409522355
0.451289614397
0.451169722371
0.450929986116
0.450690313591
0.450570501227
0.450211159731
0.44985197756
0.449732276724
0.449612591821
