0.996255067011
0.995364440532
0.993050851044
0.991806140792
0.991628381943
0.990384532045
0.989496534427
0.98789938145
0.98683526603
0.985771644518
0.984000381233
0.98293828924
0.981876754885
0.980285592525
0.979755470613
0.978519093056
0.977283528056
0.976577830048
0.975519753044
0.974638447074
0.973405335678
0.972524985658
0.97164503395
0.970062459205
0.969710876834
0.968129720081
0.967251759935
0.966374198102
0.965321665606
0.963919191787
0.962867997621
0.960593076298
0.959194075763
0.957796206435
0.956748358093
0.95605010056
0.955003208167
0.954131222707
0.953085381859
0.952040098649
0.951169515248
0.950647327719
0.949603398771
0.94873389878
0.947864797101
0.946996077802
0.946475037413
0.945259850074
0.94456579872
0.943698593008
0.942312067616
0.941619099671
0.941272711294
0.940407019169
0.939022915517
0.938331158442
0.937985375499
0.937121212894
0.935912127701
0.93539414635
0.93453116275
0.932117357867
0.931428165924
0.930567030493
0.929190064598
0.928501940132
0.927814070586
0.927298335717
0.92643914405
0.925752039264
0.925065189397
0.924378594451
0.923177730425
0.922663286089
0.922148985145
0.921292151487
0.920435716142
0.919579663177
0.917698194823
0.91684343239
0.916672524514
0.91633075656
0.915476631427
0.914964337977
0.914110850144
0.913769560165
0.91325774469
0.912575547112
0.911893604454
0.911382314752
0.910189958679
0.90950890824
0.908487842423
0.908317715239
0.907637381763
0.907127286998
0.906447383699
0.905767735321
0.904748788525
0.904239506317
0.903391069084
0.902882169256
0.902542982367
0.902034321526
0.901525804078
0.900848003869
0.900170458579
0.899323933246
0.898816180558
0.898477758428
0.897124802803
0.896617671482
0.896110683554
0.895772771264
0.895266022323
0.894928269358
0.894590580123
0.893915392842
0.893240460482
0.892397201311
0.89205999005
0.89138575872
0.89071178231
0.890374889699
0.889869670278
0.889196267437
0.889027956558
0.887682090894
0.887009516543
0.886337213045
0.885833140763
0.885497172237
0.885329211873
0.884825426376
0.884153935435
0.883482699413
0.882979439689
0.882476323356
0.881805724635
0.881302942885
0.880967834714
0.880297825495
0.880130359038
0.879795473922
0.879293265742
0.87862387789
0.877787517489
0.876450382832
0.876116198746
0.87578207839
0.875615042111
0.875114028868
0.874613159017
0.873278541695
0.87261149592
0.8717780193
0.871111499297
0.870611776587
0.870445234215
0.87044494743
0.86961249049
0.869113197956
0.868115058999
0.867449941056
0.86695126989
0.866452742116
0.865788261473
0.865456116746
0.864626081546
0.864128222937
0.863132983694
0.862801348807
0.862138270223
0.861806826526
0.8609785439
0.860481736836
0.860150611789
0.859488568817
0.858992207863
0.858165263566
0.857669269059
0.857173417945
0.856512553978
0.855686820551
0.855521712103
0.855026482356
0.854531396001
0.854366399081
0.853541669402
0.852717369899
0.852058226642
0.851069949899
0.850576026617
0.850246813469
0.849753113241
0.849259556406
0.848601751478
0.848272920711
0.847451170407
0.846958282737
0.846465554392
0.845972953506
0.845644632578
0.84515227068
0.844660052174
0.844167977061
0.843512099965
0.842528810094
0.842037356348
0.84170980018
0.841382307742
0.841218585421
0.840727514055
0.840236586082
0.839745801501
0.838928161781
0.838601211048
0.838110904442
0.837784113033
0.837130737339
0.835825053428
0.835661872813
0.835172426561
0.834846208723
0.834357001458
0.833704964094
0.83337903304
0.832890255954
0.832401622259
0.832075946126
0.831587551419
0.831099300105
0.830611192183
0.830123227653
0.829635406516
0.828822737735
0.828660242217
0.828010435402
0.827360883507
0.826873874927
0.825900287945
0.825575886411
0.825089403603
0.824440998848
0.823630879266
0.823468893588
0.82298304808
0.822497330032
0.821849944956
0.821526340047
0.820879337351
0.820394240671
0.820070922546
0.819909287383
0.819747668152
0.819424477487
0.818939810984
0.818455287874
0.817648115804
0.817163975073
0.816841294249
0.81587372975
0.815390114792
0.814745533835
0.814262269391
0.813940162137
0.813618118612
0.812974238685
0.812491484081
0.812169727341
0.811848034332
0.811526405052
0.811044080626
0.810722610671
0.810240525232
0.809758583186
0.809116264643
0.808474169155
0.80751154373
0.807190774805
0.806549428144
0.80542774862
0.80510739394
0.804787102989
0.803986750027
0.803666682132
0.803346677966
0.802866791212
0.801907511611
0.801428070966
0.800948757782
0.800469587989
0.80030989659
0.799830917988
0.799192518839
0.7990329549
0.79871387482
0.798394858469
0.797597596411
0.797278803115
0.796800732665
0.796641407714
0.796163528454
0.795208216044
0.794889900723
0.794412547235
0.794253461271
0.794094391239
0.793776298973
0.793617276739
0.792981347127
0.792504567209
0.791551453483
0.791392654304
0.790757616912
0.790281522091
0.789646946741
0.789488338752
0.789012610379
0.788378544869
0.787903151078
0.787427916612
0.786794488402
0.786319588518
0.785054181955
0.784421693762
0.783947494908
0.783315468758
0.782683697527
0.782210024445
0.781736494757
0.78142088796
0.781105344893
0.780632149787
0.78047444995
0.780001461966
0.779213488552
0.778740882948
0.778583374301
0.77795351497
0.777481275813
0.776851894456
0.77622276802
0.775279516509
0.774965216177
0.772767774578
0.772297112739
0.771199507214
0.770729323349
0.770259282877
0.770102634585
0.769006701972
0.76869367624
0.768537187272
0.768380714237
0.767911390727
0.767598588049
0.766973173884
0.766816860174
0.765723349301
0.765410992733
0.764942577375
0.76431824662
0.763694170784
0.763226281199
0.762602667406
0.762135112402
0.761823488729
0.761511928787
0.760266565302
0.759799727261
0.759644146446
0.757313588851
0.756847658962
0.756381888398
0.755450841178
0.7551405877
0.754830397952
0.754365248755
0.754055218332
0.75359029219
0.753280421092
0.752970613723
0.752506022164
0.752196374121
0.751732021549
0.751113123775
0.75049448092
0.750030670053
0.749721531849
0.749412457376
0.749103446632
0.747713782539
0.747096573609
0.746479571801
0.746171166492
0.743707668157
0.743399836418
0.743245944447
0.742938208303
0.742476739513
0.742015414115
0.741861665537
0.741707932891
0.737414683082
0.737261412478
0.736648505322
0.736342139372
0.736035837153
0.735423439836
0.734811297439
0.734199409962
0.732976399768
0.732365277051
0.72885952268
0.728402435327
0.72825010474
0.727945491365
0.727488690796
0.726423428237
0.726119197242
0.725206886636
0.724902910561
0.724598998216
0.724143249192
0.723991364715
0.72368764356
0.72323218132
0.72292861949
0.722776862474
0.722473396238
0.720351379072
0.7194428604
0.718988752423
0.718534771906
0.71823219789
0.717627241049
0.71747604167
0.716720331559
0.716267083937
0.715964987896
0.714908392614
0.713852434632
0.713701633565
0.711442453548
0.711141377187
0.710840364556
0.709637126589
0.709336432607
0.709035802356
0.708434748976
0.707984130215
0.707533638914
0.706783234325
0.706333125404
0.706033132452
0.705733203231
0.705133535978
0.704683968762
0.704384326325
0.703934998096
0.703785248574
0.703336095603
0.703036739952
0.70273744803
0.702438219838
0.702288629641
0.701989497044
0.701690428178
0.701540917643
0.701241944371
0.701092481634
0.70064420495
0.700196071659
0.699449474935
0.699150947773
0.698255907992
0.69795763575
0.697510346881
0.697212233964
0.69646723049
0.696318277593
0.695871514496
0.695573752094
0.694383355717
0.694234625875
0.693788531943
0.693342581403
0.693045360706
0.692748203739
0.692451110501
0.692154080994
0.692005590139
0.691708656227
0.691114995524
0.690669905339
0.690373258212
0.689483794804
0.689187402597
0.688594825304
0.688298624286
0.688002486999
0.687706413441
0.687410403613
0.687262422598
0.687114457516
0.686966508366
0.686670657863
0.686227017535
0.685635714842
0.685340151124
0.685192393164
0.684896925041
0.684453842351
0.684158533553
0.683863288485
0.683420540377
0.682977951594
0.68224061165
0.682093188272
0.681798389314
0.681208982588
0.680619878579
0.680178182016
0.680030981693
0.679883797303
0.679736628845
0.679442339726
0.678853968613
0.678118843286
0.677237266463
0.676503017423
0.67606265919
0.67547578573
0.675182420697
0.674156240548
0.6738631623
0.673716647074
0.673130761429
0.672545130704
0.6719597549
0.671667154626
0.671082193066
0.669913114368
0.669620960204
0.669474907021
0.668598970302
0.668161193132
0.667577729227
0.666703051175
0.666265911305
0.665828914828
0.665537652883
0.665246454669
0.665100879461
0.664809776842
0.664373242407
0.663936851364
0.663646003665
0.663355219696
0.66320985161
0.6624832661
0.662483058978
0.662337786487
0.662047289303
0.66161166302
0.66132132516
0.660885953798
0.660595775263
0.660305660459
0.660015609384
0.65972562204
0.659290776449
0.65900094843
0.65871118414
0.658566325894
0.657987052235
0.657552764282
0.657263318642
0.656829285609
0.655095399957
0.65451767175
0.653795897854
0.653362996028
0.653218727284
0.652786016648
0.652497622553
0.651921025553
0.651632822648
0.651488745094
0.651344683473
0.650912610137
0.650624630286
0.650048877709
0.649473380051
0.649041912149
0.648754346544
0.64861058764
0.64832311763
0.64803571135
0.6473174904
0.646886755393
0.646599667763
0.645595474458
0.645308673612
0.644735279044
0.64459196625
0.643875689065
0.643732471865
0.643589270599
0.643302915863
0.643016624858
0.642730397582
0.642015124144
0.641729119923
0.641443179433
0.641014404123
0.640585772205
0.640300086635
0.640014464794
0.6394434601
0.63887267846
0.638444747573
0.638159539977
0.638016960077
0.637161910859
0.637019442488
0.63602276932
0.635595794382
0.635311224086
0.63502671752
0.634742274684
0.634031494209
0.633605204369
0.633179057921
0.632895029329
0.632327179269
0.632185252602
0.631901447066
0.63062555692
0.62582339135
0.625682197578
0.625541019738
0.625399857831
0.625258711857
0.62483538546
0.624553236903
0.624271152076
0.623707189545
0.623425295908
0.623143466001
0.622861699824
0.622439170052
0.621876036011
0.621453856754
0.621172472957
0.620891152889
0.620750516755
0.620328719878
0.620047591
0.619766525853
0.619485524436
0.618923728724
0.618642918497
0.618221822649
0.617660632372
0.61738010893
0.61695944326
0.616679079143
0.6159784636
0.615558275905
0.615138231603
0.614718346625
0.614438492348
0.614018830425
0.613599311895
0.613319712537
0.613179936757
0.612621008894
0.612062335951
0.611783087108
0.611503901996
0.611224780613
0.61094572296
0.610666729037
0.610387798844
0.610248357647
0.609969523049
0.609690752181
0.609272731305
0.608994119762
0.60899397637
0.608576194482
0.608297742264
0.60788018343
0.607462767989
0.606628383218
0.605933503373
0.605794572016
0.60565565659
0.605516757097
0.604822514553
0.604267394557
0.604128654389
0.60385122185
0.602880757637
0.602603611884
0.602465062906
0.602326529861
0.602049511567
0.601772557004
0.601634103621
0.601218839067
0.601080449414
0.600803717905
0.600388756069
0.599973937624
0.599697461036
0.599282865647
0.599006548383
0.598730294849
0.598592191981
0.598316034043
0.598177978972
0.597625933947
0.597487958539
0.59721205552
0.597074127909
0.596798320486
0.596384728844
0.596246896828
0.595971280594
0.595557975737
0.595557704885
0.59514454342
0.594869182106
0.594456259629
0.594455877249
0.594318268288
0.593905537001
0.59335549947
0.592943102766
0.592805669062
0.592118835128
0.591844174844
0.591432303912
0.591157802952
0.588282115035
0.587734690434
0.587461049829
0.587324253426
0.586777274934
0.586503857385
0.585957229408
0.5852743308
0.585001263766
0.583637075732
0.582955579184
0.582683053854
0.582410592254
0.581593653565
0.581321446885
0.581049303935
0.580505225157
0.579961433165
0.579553720614
0.579417848295
0.579146151455
0.578467204106
0.577924368063
0.577653021738
0.577517372474
0.576974950676
0.576839381075
0.576703827406
0.57656828967
0.576297261994
0.575890855908
0.575619987557
0.574807860481
0.5746725458
0.574266697351
0.57399621138
0.57372578914
0.573590601918
0.573455430629
0.573320275273
0.572779813172
0.572374633887
0.571969613928
0.571699669662
0.571159972321
0.570485756923
0.569946680949
0.569677214658
0.569273150648
0.568869214099
0.568465420941
0.568330855087
0.568061771176
0.567792750995
0.56738935615
0.567120495294
0.566986088765
0.566717323504
0.566448621973
0.565240588325
0.564838101632
0.564435742399
0.563899502409
0.563363517339
0.56322955692
0.562961683879
0.562961317431
0.56269350812
0.562559627363
0.562425762539
0.562024279593
0.561756693337
0.561221712014
0.560954316948
0.560686985611
0.560018983887
0.559351348609
0.558950949073
0.558817514426
0.55855069293
0.558283935163
0.55788393394
0.557750626753
0.557217605127
0.556817986283
0.556551642761
0.55628536297
0.556019146908
0.555886062776
0.555619942309
0.555619798917
0.555087749173
0.554688879157
0.554157291455
0.553758756021
0.553493145395
0.553227598498
0.553094848948
0.552696695894
0.551768293468
0.551635719176
0.551370618389
0.550973102634
0.550178533168
0.549649112286
0.549384489474
0.549119930392
0.548062474755
0.547666138005
0.547137927993
0.547005911338
0.546741925826
0.546478004043
0.546082256796
0.545686637008
0.545422970146
0.545291160614
0.545027589346
0.544895827611
0.544632351938
0.544237257923
0.543053170815
0.542395748267
0.540951324188
0.540688804465
0.540557568502
0.540032831774
0.539901675474
0.539508318101
0.539246148893
0.539115088188
0.538591020624
0.538329074471
0.538198125293
0.537936274735
0.537543618392
0.537412764809
0.536758735883
0.53649723584
0.536366509717
0.536105105269
0.535451904832
0.534929653573
0.534277186031
0.534016291422
0.533234149302
0.532712949588
0.53245243736
0.531801435607
0.531541146434
0.531411025746
0.53128092099
0.531150832167
0.530240720246
0.529850883954
0.529071737143
0.528552608653
0.528163409661
0.527904012707
0.527644679484
0.52751503677
0.52699667304
0.526090225593
0.525831338479
0.525313771373
0.524408710053
0.524279465652
0.523762663307
0.523633498568
0.523504349762
0.522471796616
0.521827024469
0.521440310946
0.520924942525
0.520538563585
0.520152312105
0.520023593476
0.51989489078
0.519637533186
0.519508878287
0.519251616288
0.518608835703
0.518094821544
0.517966357835
0.517581062305
0.517067573918
0.51693923767
0.51668261297
0.515785167382
0.515528829468
0.515144442089
0.514504146974
0.514248127709
0.514120141975
0.513864218305
0.513480468227
0.513224703882
0.512969003267
0.512841176858
0.512457793227
0.512330030548
0.512202283802
0.511946838107
0.511691456142
0.511436137907
0.510670661177
0.510415597862
0.510033122383
0.509650790296
0.509395981901
0.509141237236
0.508886556301
0.508759239732
0.508504654392
0.508250132781
0.50786846986
0.507741280751
0.507486950331
0.507359809019
0.50723268364
0.506216493166
0.50608951118
0.50444062539
0.504187123459
0.503680310788
0.503300368576
0.50304715343
0.502920569756
0.502794002015
0.502540914329
0.502414394385
0.502161402294
0.501908473933
0.501655609303
0.501402808402
0.501150071231
0.500771084969
0.500392242099
0.499509072027
0.499130707131
0.499004617365
0.498752485629
0.498248429279
0.497870542359
0.497492814763
0.496989395714
0.496863576799
0.496234721215
0.495983290509
0.495731923533
0.495354992562
0.49472710886
0.494350576202
0.49422509187
0.493222029772
0.493096688832
0.492971363825
0.492470239055
0.492219764299
0.491844171658
0.491468738341
0.491343620457
0.491218518505
0.490718317819
0.49034331468
0.489468891548
0.488969583082
0.488844783848
0.488470481739
0.488345746234
0.488096323022
0.487597683721
0.487473059744
0.487223859587
0.486352320237
0.486103406865
0.485854557223
0.4857301563
0.485605771311
0.485357049129
0.484984085349
0.484114410101
0.483990232233
0.483741924296
0.483493680089
0.483245499612
0.48237740168
0.482005600973
0.481881693958
0.481510084441
0.481262413804
0.480891027341
0.480643516029
0.480272368554
0.480148684594
0.480025016567
0.479777728309
0.479406931349
0.479159802417
0.478665735742
0.478418797999
0.478048526811
0.477925129636
0.477555033706
0.477185081168
0.477061795521
0.476938525806
0.476815272023
0.47644560627
0.476322416218
0.476199242098
0.475952941655
0.475706704942
0.475337485299
0.474230877915
0.473985087312
0.473616536834
0.473248129748
0.472879866055
0.472634425967
0.472389049609
0.472143736981
0.471775887532
0.471285644656
0.471163123768
0.471040618813
0.4707956567
0.470428333024
0.470305923664
0.47006115274
0.469938791177
0.469816445547
0.469571802084
0.469327222351
0.469204956383
0.468960472244
0.468593881463
0.467617299172
0.467617219509
0.467251138568
0.466519566188
0.466397666667
0.466153915424
0.465666620059
0.465423060005
0.465057839419
0.464692762224
0.464084650749
0.463598470659
0.463233967035
0.462991044281
0.462869606803
0.461535164738
0.46117147367
0.46105027518
0.460929092622
0.460323450683
0.459234400908
0.459234161921
0.458871394938
0.458387923373
0.458025490973
0.457783938413
0.457663186033
0.457059710913
0.456697788353
0.456577179365
0.456336009185
0.456094902736
0.45597437341
0.455853860017
0.455612881027
0.455492415431
