0.996255067011
0.995364440532
0.993050851044
0.991806108927
0.990917474009
0.989851733475
0.988609030717
0.987012594701
0.985948877594
0.984708596575
0.984531475027
0.982761327016
0.981699888256
0.980108869289
0.979225492094
0.977989480984
0.97710705974
0.976048695951
0.974990905732
0.974109838749
0.97252525651
0.971645304802
0.970765751406
0.969710829037
0.968305168718
0.967778297035
0.96742712891
0.966023157436
0.964795510886
0.963743838745
0.963043032012
0.961992315821
0.961117159794
0.960067495148
0.959018404071
0.958144586374
0.957096546842
0.956398177781
0.955002347812
0.953956013057
0.953084521504
0.952213412331
0.951690938017
0.950820482077
0.949602506551
0.948732990627
0.947863873016
0.947516337499
0.946300560658
0.945606126924
0.944218072013
0.943697796383
0.943004318598
0.942137829849
0.941444925634
0.940060057222
0.938849044197
0.938503165659
0.936084230513
0.935738861816
0.935220928263
0.934358072122
0.933323129101
0.932805864713
0.932288743718
0.931771766115
0.929533919709
0.929017706865
0.928501637414
0.926954464674
0.925751959601
0.925065109735
0.924206921815
0.923520645518
0.922834624142
0.922148857685
0.921463346148
0.92060683114
0.919750714445
0.91906611106
0.918210743192
0.917697684983
0.91684292255
0.915988558429
0.915305341171
0.914451725878
0.91376908219
0.913257266715
0.912916136061
0.911552426003
0.910870865725
0.910359862807
0.908487858355
0.908147619921
0.907467350175
0.906787319416
0.906107543578
0.90559787899
0.905088357794
0.903730431231
0.903221435808
0.902542998299
0.90186481571
0.900848067599
0.900170522309
0.89983184526
0.898816228355
0.898308619059
0.897801153156
0.897462922216
0.896617671482
0.896110683554
0.895266022323
0.894928269358
0.89425297055
0.893746651786
0.893071783156
0.892565798974
0.891891376454
0.891385726855
0.890880220648
0.890374873767
0.890038044887
0.889364578316
0.888691366665
0.888018409934
0.887682027164
0.886673293098
0.885833108898
0.885329180008
0.884657513809
0.883986102531
0.883482699413
0.883314930239
0.882811718312
0.881470568666
0.881302990682
0.881135428631
0.880130438701
0.879795553585
0.879125974543
0.878623957553
0.877954824621
0.877453142213
0.876617339449
0.875281097012
0.874947135981
0.874446313928
0.873611961021
0.873445131864
0.872944755921
0.872444507438
0.871944402347
0.871777732515
0.871277818615
0.870444995227
0.869945463706
0.869446075578
0.869279644733
0.86861408068
0.867450004786
0.866452821779
0.865788341135
0.865622260806
0.865124115412
0.864792098145
0.864294191739
0.863464714175
0.863298856901
0.862635587127
0.861972588206
0.861806874324
0.861309828272
0.860812925613
0.859819598269
0.858992271593
0.858496038098
0.858165295431
0.857669300924
0.856842977995
0.856347365868
0.855851897133
0.855356587723
0.855191511141
0.854861405774
0.854366367216
0.853706538862
0.853376720279
0.852882111899
0.852387646912
0.851893325317
0.851069822439
0.850740513697
0.850411268684
0.849917520659
0.849588434971
0.849094925934
0.848601560288
0.848108338036
0.84745093142
0.84695804375
0.846629531632
0.846301083244
0.845480288891
0.844659876917
0.844003824564
0.843675886016
0.843184097687
0.842528618904
0.842200967141
0.84170960899
0.841382116552
0.840890997388
0.840236410824
0.839582111045
0.838928018389
0.838437616188
0.838110761049
0.837620597836
0.837130578014
0.836803977796
0.836477441308
0.836150968549
0.83549826202
0.835008863566
0.834519608504
0.834356555349
0.834030496835
0.833704502051
0.833052751472
0.832401223947
0.832075547813
0.831261684095
0.83044821869
0.829635151596
0.829147473852
0.828497475847
0.827198228663
0.826711267881
0.826224450491
0.825737776494
0.825413406825
0.824602809268
0.824440727995
0.824278662654
0.823792562227
0.822659124521
0.822335360287
0.821688038941
0.821364465896
0.821040956582
0.820394145076
0.81910158954
0.818778526336
0.818294051023
0.818132591117
0.81748692675
0.816518900209
0.816035094061
0.815712636291
0.815551431305
0.815229069131
0.814584551904
0.814262380919
0.813779243936
0.813618230139
0.81297433428
0.812813400146
0.812491579676
0.812008968465
0.81168730732
0.810562042984
0.809919405792
0.809276991654
0.808795336393
0.808634816504
0.808153352433
0.807030732891
0.806710059561
0.806389449961
0.805908655054
0.80542800354
0.805107648859
0.804627236333
0.804467130689
0.803826883371
0.803666857389
0.803346853224
0.802866966469
0.802547121629
0.802227340519
0.801907623138
0.8012683955
0.800629422781
0.800150364516
0.799671433712
0.798873550286
0.798554502071
0.797916612762
0.797597755736
0.79727896244
0.796960232874
0.79680089199
0.796482258019
0.795845229065
0.795367588793
0.794731005948
0.794412786222
0.793935576127
0.793299534988
0.792504917724
0.792028297131
0.791075502055
0.790123248684
0.789647345054
0.789171568883
0.788854464432
0.788695936105
0.788378927248
0.788061982122
0.787745100726
0.787428283059
0.787111529123
0.786636517712
0.784738336171
0.784264057655
0.783789906599
0.783631888112
0.783473885557
0.783157928245
0.782684111772
0.78221043869
0.781736924934
0.78126355457
0.781105791003
0.780474911992
0.780159560115
0.779686651794
0.779056346353
0.775440291317
0.77496881692
0.774026362034
0.773712316622
0.773084416987
0.772770562765
0.768701037052
0.76807519271
0.767449603287
0.767136896205
0.766199157337
0.766042923289
0.765418194221
0.764637677216
0.762454957243
0.762299105575
0.761675874162
0.761208605944
0.760274563415
0.759652160491
0.759496595608
0.758408246863
0.758252809441
0.757941982392
0.757475861314
0.757009883628
0.756854589597
0.756544049334
0.755612906519
0.755147502403
0.754372147526
0.754217124348
0.753907125789
0.753597190961
0.753132408212
0.752822632708
0.751584406982
0.751429670589
0.750965557004
0.750810884341
0.75034697788
0.750037775946
0.749883198878
0.748956071052
0.748647155903
0.748338304484
0.748029516795
0.747566454756
0.747412132608
0.747103536109
0.746486534301
0.74633232368
0.745869803346
0.745715656455
0.744945176921
0.744637090262
0.744329067333
0.743867152434
0.743559288829
0.743405380926
0.742943752811
0.742020974556
0.741867225978
0.741252406922
0.7404842376
0.739869976182
0.739255985615
0.738949077961
0.738488835973
0.737262400293
0.736955906883
0.73573066614
0.735424491381
0.734965348735
0.734506365414
0.734200445574
0.733894589465
0.733435940726
0.733130243942
0.732366376394
0.73160285936
0.731144911652
0.730534537762
0.730229446412
0.727792459749
0.727487941969
0.726879113531
0.726574786941
0.726270524081
0.725814249284
0.725206121876
0.724902145801
0.724446301182
0.724142484432
0.723383269172
0.722776161444
0.722472695208
0.722017615349
0.721714308439
0.719442780738
0.719140015532
0.718685987218
0.718383381337
0.718080839186
0.717022539127
0.716720283762
0.716267020207
0.714003777403
0.713702159337
0.713249851732
0.712948392991
0.712044415081
0.711592633248
0.711291525022
0.710839982176
0.710539033275
0.709937342595
0.709636584884
0.709486229927
0.709185567811
0.708884969424
0.708434191339
0.707833424743
0.707232865271
0.70678262889
0.706482540343
0.706182515527
0.706032527017
0.705732597796
0.70513297834
0.704683411124
0.704084205914
0.703634957347
0.703335537966
0.703185852174
0.702886528387
0.702437662201
0.701988955339
0.700942604652
0.700046417731
0.69974776311
0.699150660988
0.699001421306
0.698702989739
0.698255461882
0.697062930552
0.69676491323
0.696615928467
0.696169085708
0.695871259576
0.695722370409
0.695424639871
0.694829369987
0.694680592347
0.69453183064
0.694383084865
0.693936959068
0.693342374281
0.693045153584
0.692599442031
0.692302380659
0.692005383017
0.691708449104
0.691263167729
0.690669698217
0.689928199892
0.689631712089
0.689335288017
0.689187099879
0.688890771402
0.688594506654
0.688298305637
0.688002168349
0.687558097844
0.687410100896
0.686966205648
0.686374584305
0.68563544399
0.684748959959
0.684453587431
0.684158278633
0.683863033565
0.683125215646
0.682240500122
0.682093076745
0.68120893479
0.680030981693
0.679589492252
0.679442355659
0.679001041475
0.678559886617
0.678412861551
0.677677991144
0.677090368858
0.676649835366
0.675769326021
0.675475897258
0.675035873606
0.674742604168
0.674449398459
0.674302819504
0.673863178232
0.673277260722
0.672837969966
0.672398806669
0.6721061108
0.671667186491
0.671374649947
0.671082177133
0.67078976805
0.669328726378
0.669036699674
0.668452885254
0.668306959531
0.667869277956
0.667577569902
0.667285925578
0.666848578586
0.66626568825
0.665537461694
0.665246263479
0.664955128995
0.664809585652
0.664664058241
0.664082107923
0.663791228358
0.663500412524
0.663064324199
0.66277366769
0.662628363334
0.662192561794
0.661611710817
0.661321372958
0.660740904362
0.660450757692
0.660015657182
0.65798759394
0.657698052705
0.6574085752
0.657263860347
0.656974478437
0.656685160257
0.656395905808
0.656251302482
0.655962143627
0.655384017107
0.654950589509
0.654661717439
0.654372909099
0.653939832015
0.653651183001
0.653650975878
0.653506675269
0.653218121849
0.652352891767
0.652208734551
0.651776374429
0.651344157701
0.651056082256
0.65076807054
0.650624088582
0.650048336004
0.649904433708
0.649760547344
0.649472822414
0.649185161213
0.648897563743
0.648035153712
0.647747811162
0.647460532342
0.647029733605
0.646455574277
0.646312070293
0.64559478936
0.645594518508
0.644591089962
0.644304512172
0.643874780912
0.643445177113
0.643158854242
0.642729505362
0.642443341817
0.641871221848
0.641585249492
0.641442287213
0.640870645219
0.640727762602
0.640013636304
0.639728078193
0.639014477667
0.638586498982
0.638301259521
0.637731019587
0.637588487485
0.637303471079
0.637018518403
0.636591224815
0.636306431464
0.635026096153
0.634741653316
0.634599455797
0.634315108556
0.634172958834
0.634030825045
0.633036398359
0.632610443101
0.632042704568
0.631758930896
0.631333389883
0.631049775537
0.63076622492
0.63019933081
0.629632691619
0.629207867568
0.627510881576
0.627086790419
0.626804132023
0.626662826723
0.626380263921
0.62581534544
0.625532973828
0.625109535904
0.624545190993
0.624122087651
0.623558220715
0.623417281863
0.622712858454
0.622431187872
0.62214958102
0.621445874574
0.620883218507
0.620461373832
0.620320785495
0.620039656618
0.619337113244
0.618915794341
0.618494618832
0.618213904199
0.618073570782
0.617652666125
0.617231920792
0.617091698902
0.61667114476
0.616250718078
0.616110607715
0.615690372223
0.61569022883
0.61527013673
0.614570397475
0.614430478302
0.613870960937
0.613171938644
0.613032178797
0.612473346529
0.611914737316
0.611635520338
0.61135636709
0.611216814365
0.610798267717
0.610658778722
0.610100997999
0.609822195266
0.60940411066
0.609125467252
0.608846887574
0.608707621634
0.608429137551
0.607872376508
0.607315870384
0.607176779701
0.602465078838
0.60218802868
0.601634135486
0.600250541673
0.599835755094
0.59942112784
0.599144778711
0.599006628045
0.598730374512
0.598316113705
0.598178058634
0.597763989018
0.597488022269
0.597350062793
0.597074191639
0.596384808506
0.59624697649
0.595420382709
0.595144957665
0.594869596351
0.594594298767
0.594319064913
0.594043894789
0.593081460554
0.592944010918
0.592806577214
0.592669159444
0.592119695483
0.591707728955
0.591570438645
0.59129590582
0.59088424201
0.590609868511
0.59047270566
0.590198427756
0.589787130393
0.589375992356
0.588691070321
0.588417206661
0.588006530666
0.587596013996
0.587322405256
0.587048860247
0.586775378967
0.58581893535
0.585545740855
0.584999543056
0.584726539751
0.584317170221
0.583771561924
0.583498845404
0.582817364788
0.582544871323
0.582544488944
0.581999709136
0.581727406862
0.581591279623
0.581455168317
0.581182993502
0.580774866706
0.580502851216
0.580094947474
0.579823091309
0.579687187126
0.579279570169
0.579143729716
0.578872096606
0.578736303949
0.578464766434
0.577921882594
0.577243652207
0.576701389734
0.576430330194
0.576159334384
0.575888402303
0.575752960162
0.575617533953
0.575346729333
0.575075988442
0.574669996601
0.574668562676
0.573451782088
0.573451686493
0.573181391712
0.572100961418
0.571830985287
0.571696021121
0.571561072887
0.571426140585
0.571156323779
0.570616897291
0.570482076517
0.570212482766
0.569942952745
0.56953879314
0.569269422445
0.569134760995
0.568596274524
0.568327126883
0.567654584397
0.566982440224
0.566444989364
0.565773530288
0.565639283084
0.565102469524
0.564700014696
0.564163679111
0.564163535719
0.563761431406
0.563493430905
0.563359454553
0.563225494134
0.563091549647
0.562823708471
0.5624220662
0.56188678216
0.561752996998
0.561351737107
0.560816962907
0.559748211131
0.559614680889
0.558813993345
0.558547171848
0.558280414082
0.558013720045
0.55748057096
0.557080856521
0.556814449269
0.556681269542
0.556548105747
0.556414957885
0.556148709959
0.556015609894
0.555616405295
0.555483368961
0.554951382947
0.554818426275
0.554552560728
0.554153897834
0.553489799571
0.553357018156
0.553091503124
0.552560680182
0.552162718318
0.551897490071
0.551632325554
0.551499767194
0.551367224767
0.55110218771
0.550042740512
0.5496456868
0.549381063987
0.548984265195
0.548852025485
0.548587593863
0.548191065923
0.547794697309
0.547134422844
0.545683689497
0.545156435434
0.544892896032
0.544629420359
0.544234342277
0.544102676137
0.543839391654
0.543444600356
0.543049952451
0.542786922888
0.542655432006
0.542523957056
0.542261054953
0.54199821658
0.540947834972
0.540816567144
0.540422859256
0.540160466993
0.539766998092
0.539504765154
0.539373672584
0.539111535241
0.538718464653
0.538587467678
0.538456486635
0.537932737721
0.537801836341
0.536886132114
0.536493874083
0.535840498389
0.535709851929
0.534926339614
0.534534798545
0.534143400869
0.533882538126
0.533621739112
0.533491363504
0.533100332275
0.532839724452
0.531537816542
0.530757347334
0.530367319852
0.529977435763
0.529847506265
0.529587695066
0.529327947598
0.529068263859
0.528938445888
0.527641588579
0.527382319086
0.527252708237
0.526993534339
0.526863971288
0.526345894343
0.526216410954
0.525957491975
0.525569248933
0.52543986114
0.525181133351
0.524663884896
0.52453460863
0.523888482221
0.523630136812
0.523371855133
0.523242738192
0.523242467339
0.522726174834
0.522468116209
0.522210121315
0.521694370514
0.52143656681
0.521307688857
0.521049980747
0.520534771651
0.519633900577
0.519119376578
0.518862210174
0.518605107499
0.518348068555
0.51809109334
0.517448950055
0.517192197895
0.516935509466
0.516550612248
0.516294083143
0.516165842489
0.516037617768
0.5156530392
0.515524878209
0.51539673315
0.515012393569
0.515012345772
0.512328708151
0.511434974835
0.511052116976
0.510924529555
0.510414339195
0.509776959726
0.508885456959
0.507867529843
0.507358884934
0.507104650109
0.506850479014
0.506596371648
0.506342328013
0.506088348107
0.505961382054
0.505834431932
0.505580579487
0.505073081718
0.504946243124
0.504565822937
0.504439048073
0.503932123874
0.503552102
0.503298823124
0.503045607978
0.501654382501
0.501148860361
0.501022515675
0.500896186921
0.500517312186
0.50026479807
0.49975997696
0.499129321004
0.498499127091
0.497995182268
0.497365657519
0.496988121114
0.496736499218
0.4963592018
0.496107739229
0.495730664866
0.495479361619
0.495353733895
0.495102526244
0.494725834261
0.494223849135
0.493972928269
0.493847491735
0.493345952719
0.492844620826
0.492719327684
0.492468789198
0.492218314441
0.492093100962
0.4918427218
0.491717556118
0.491592406369
0.491091966696
0.490841842454
0.490841746859
0.490716708637
0.490216762871
0.489592224993
0.489467346096
0.48896803763
0.488718455094
0.488593687724
0.48821948121
0.487845418088
0.487596122337
0.486848713056
0.486599672224
0.48622623047
0.48610178175
0.485977348963
0.485604162129
0.485355439947
0.48485823457
0.484733961108
0.483988750511
0.483616312504
0.483244033822
0.482995917075
0.482499922568
0.482128074063
0.482004151116
0.481508666449
0.481260995812
0.480889609349
0.480394650455
0.480147266602
0.47989994648
0.479652690087
0.479405497425
0.479281924992
0.478664333682
0.477923807239
0.476813965559
0.476567505791
0.476444299806
0.476197935633
0.476197840038
0.475828413273
0.47423027248
0.473738802802
0.473615963264
0.473370331986
0.473247540246
0.473124764438
0.472511140319
0.472143147479
0.47189789858
0.470427966576
0.470060786293
0.46993842473
0.469571451569
0.469449153736
0.469326871836
0.468349524785
0.467983172991
0.46786108228
0.467739007502
0.467494905744
0.467250867716
0.466884946099
0.466519151943
0.466153501179
0.465909813665
0.465666189882
0.465422629828
0.4653008737
0.465179133504
0.464935700911
0.463962751228
0.462505469626
0.462505230638
0.462141173124
0.461898537155
0.461777243069
0.461655964916
0.461534702695
0.461292226051
0.460928646512
0.460928375659
0.46068605834
0.460322717788
0.460080559794
0.459596450928
0.459354484124
0.458629061687
0.458387349803
0.458145701649
0.45802490147
0.458024821808
0.457783269249
0.457059153276
0.455492590689
0.455010935427
0.454649841357
0.453928067461
0.453447208824
