153
2847
1188
3405
3271
8401
5601
5114
937
1791
3946
856
6420
10893
4350
7231
6809
10677
1794
9146
476
1819
3854
4764
2833
6172
2648
3781
5586
6405
8875
1416
1764
4421
4035
4793
5062
3448
4008
10473
7745
7737
4572
7741
8934
1524
3671
6175
9355
6413
8871
8
4816
8935
11084
2876
4798
6948
8028
9714
7598
7909
8604
818
10483
10648
10890
5068
6687
1964
9043
10193
10868
2674
2595
328
8793
9471
2693
3007
5390
6105
8184
6436
8443
919
2589
4395
9184
7830
9910
806
4410
10876
1334
6311
6316
3122
8065
1275
1340
4687
6282
1855
2659
8603
9995
5353
9990
10426
6792
9943
10191
8667
2040
2653
6207
9069
1171
2179
1612
2346
3373
3544
5595
5829
6622
10284
936
43
3192
4419
7547
9534
1486
6055
7659
10873
512
921
1992
3506
6182
8236
9119
1958
3720
8167
9049
10475
1667
3244
5682
115
3274
3471
3775
4062
4448
4792
5870
8275
8501
8810
11061
4878
6398
7471
10721
2899
5847
6744
7717
9300
577
880
1238
2551
4564
5131
6054
6167
6930
10635
3313
4333
4479
8400
150
4535
467
734
839
3687
4360
6158
8116
9190
9306
9553
1835
11083
1363
1988
2314
4372
6343
8310
9252
708
4995
5463
5981
6046
6070
6736
9505
9708
1424
5287
735
1716
4426
5218
5634
7482
10146
10728
2214
2283
2856
2926
2930
4096
227
2545
4973
5035
5464
5979
6198
7391
7594
326
2325
8366
9186
1602
2982
9385
11102
4636
4688
5180
5200
5231
5834
6944
7140
7637
8291
10494
4238
6974
7153
8188
8345
9688
10374
10847
2085
7892
8072
9814
629
2402
5525
5721
6763
6824
8270
8519
8577
1577
4596
7536
7589
7808
8694
10292
1152
1677
2075
5629
5890
7994
8041
142
4581
7310
8274
1608
2258
2508
2934
4607
4887
7888
9877
533
556
1504
3317
7037
9945
509
763
3572
4153
6915
7123
8911
9265
10097
10584
1388
1733
2440
2808
3260
3876
4789
5198
5240
8027
10569
229
1747
3163
4642
4967
7200
7565
7623
8965
9649
10355
46
1052
1478
2730
3479
3951
6606
6914
7557
8010
8524
8769
8851
10490
10912
677
3143
3437
8758
10344
82
2045
3410
4107
5363
5472
5551
7789
8248
10548
10892
1782
2142
2450
3944
5910
5947
6032
8126
9672
9718
10717
204
769
2263
2539
2786
3150
4770
4949
5251
6925
7117
2666
3800
3855
4378
4692
4871
5280
6499
8175
8302
9283
10797
11151
693
698
1829
2328
3302
5662
5690
6030
6556
7718
8586
9407
9807
9809
10098
144
840
1103
1485
2702
3191
3494
3498
4614
4900
7399
8557
9260
9319
10451
10456
1133
1481
2477
2690
4110
5466
7057
8479
8543
10823
10836
11134
9
1042
1293
1825
3461
3580
4067
7125
8701
9529
9911
11028
11172
1651
2389
2392
2905
3182
3586
4216
6215
6628
6913
7601
8689
9366
1304
2195
2272
2518
3217
3444
3554
4276
4501
4931
5392
6469
7163
7840
8054
8403
9135
10083
10314
40
477
815
1426
1714
1884
1908
2413
2436
4155
5493
6137
6660
6717
8772
10339
10535
10885
211
1523
2058
3582
4539
4957
5846
5876
7092
9483
9817
10547
11167
1430
3268
4294
4722
4947
6583
6700
6705
8589
8633
8865
9779
9790
11121
552
1320
3585
3709
4416
5161
5748
6265
7645
8043
8607
8704
9160
9704
10474
10560
10576
10590
689
2222
2432
3348
3406
3928
4160
4304
4641
5492
5710
6005
6724
6873
7214
7708
7817
8973
8999
9668
10853
10879
11170
646
1603
1673
1789
2798
3575
3967
5331
6498
7349
7658
8134
8138
890
945
1409
1613
1635
1678
2225
2276
2329
3509
3641
4519
4656
4676
4720
4924
5137
5376
6411
7792
8157
9381
9991
10657
10748
758
1414
1994
2080
3591
5378
5677
6789
9528
10707
541
650
2975
2988
4553
5837
6128
6671
6730
10564
10819
808
1712
2168
2298
2516
4279
4735
5132
5250
5327
5496
7499
8135
9205
9220
294
923
2137
2514
2796
3040
3153
3625
3940
4058
6796
6964
7011
7354
8397
8525
8535
8708
8829
9175
9508
11072
389
2300
3897
5529
6008
6369
6391
7838
9207
9563
9927
10829
715
729
1327
1516
3165
3674
3869
4703
5813
6845
6855
7740
7929
8430
8657
9214
9365
9400
9830
162
809
1457
2785
2803
2839
3430
3524
4120
5165
5188
5404
5465
5549
5722
5839
5962
6923
6929
7222
8242
9926
10051
10901
10907
10993
11039
373
612
973
1411
1745
1896
2029
2240
2363
2622
3038
3599
3644
3693
5172
5236
5578
6816
6858
7269
8083
8127
8555
9080
9333
10045
10348
10831
10946
913
2383
2439
3222
4004
4103
4393
5544
5769
6894
6897
7157
7730
8063
8123
8391
8553
9182
9705
9924
10027
10610
117
285
314
1080
1472
2070
2957
3400
3491
4411
4438
4807
5261
5612
5946
6031
8541
9872
9950
11194
254
494
595
786
807
908
1301
3113
5000
6676
6719
7661
8402
9332
9550
9596
10067
10427
10581
10678
10794
10861
10983
11158
126
900
1784
1861
2175
2529
2618
3039
3292
4025
5039
5063
5085
5467
5541
5872
6701
7620
8251
8429
8725
9177
9433
9914
10971
355
514
1183
1422
1987
2011
3133
3342
4745
4872
5146
5419
5420
5685
5975
6086
7032
8628
8951
9443
10391
10618
10999
885
917
1184
1274
2185
2201
2232
2927
3372
4488
5119
5143
5272
5823
6640
6680
6969
7579
8288
8843
9191
9595
10767
10976
819
993
1604
2580
2758
3186
3330
4094
4558
4736
4746
5080
5663
5720
5819
6050
6318
6807
7293
7312
7757
7847
8137
8619
8710
9507
9734
10714
10977
11002
753
835
2471
2608
2634
3080
3299
3825
4715
4954
4989
5689
6264
6382
6670
7554
8099
8726
9518
9913
9923
10812
364
2507
2649
2884
3327
3587
3627
4034
4278
5356
6108
7548
8330
8394
9320
10631
10769
10966
93
657
876
965
1389
1589
1724
2009
2861
3959
4468
4480
4907
4942
5510
5658
5788
6880
6893
8433
8622
8733
8848
9469
9481
9829
10000
10291
10896
11099
409
523
731
992
1138
1707
1752
1755
2068
3264
3594
3662
3741
4667
4796
5458
6176
6217
6426
6455
7346
7370
7564
7897
7972
8156
8235
8658
9121
10066
10387
10582
192
309
446
788
1016
2228
2484
2563
2581
2636
2705
3296
3525
4469
4643
4861
4915
5328
5518
5582
6116
6144
6431
7026
7441
7826
8067
8252
8697
9200
9946
10450
10938
348
831
1476
1928
2170
2602
2849
2878
2960
3013
3138
3210
3584
4362
4649
4822
5148
5227
5307
5624
5641
5773
6007
7143
7343
7559
8145
8382
9389
10219
10275
10297
10325
10430
10488
412
904
3960
4229
4311
4503
6445
6715
7193
7566
7615
7855
