153
1188
2847
3405
5114
8401
5601
6172
856
937
3271
6420
3946
10677
476
1791
10893
1794
2833
9146
4350
6809
7231
4764
1819
3854
7741
3781
5062
5586
6413
8875
1416
3448
10473
1524
6405
4421
6175
1764
3671
4793
4035
8028
8871
4008
7737
8
7745
11084
7598
6687
7909
8935
5068
2648
1964
328
1334
6948
4572
9714
10868
10890
818
4410
8934
2674
4816
8793
9043
10483
6105
8604
9069
5390
10648
2595
9471
8184
7830
8065
9910
10193
919
4395
6744
9184
8443
10876
806
8501
6316
9355
9534
9995
6311
6436
4798
5353
9990
1275
6207
2589
8167
8603
1855
2659
3007
6398
9300
8667
9119
10426
1992
2876
6282
1340
2693
9943
3544
10284
2040
4419
4687
8236
936
150
2179
3373
6055
43
512
2653
3506
9049
10873
11083
4372
5829
10635
3192
1612
7547
7659
467
1238
5131
11061
2346
3244
5595
9186
1988
7717
9708
4062
5847
8310
115
2214
3775
4448
5870
8810
629
3122
6046
2545
2899
6158
6622
7471
10191
5682
4479
4564
4792
10721
1171
2325
4995
1667
4878
8116
10146
5035
9306
880
3313
5472
6792
6974
9553
2551
6054
6944
1363
1958
3274
3720
5981
6182
9505
708
1486
6343
9190
9945
577
734
2982
3260
4096
6198
8400
227
3572
4426
4535
5979
6070
9252
533
3471
4973
5634
8027
8041
8126
8519
1424
3317
5200
10847
1716
2930
4360
4688
5180
6824
10475
735
2085
4789
5198
5218
5231
6930
7536
7637
326
839
4636
4770
5463
8274
9688
2283
2666
4581
7589
8188
2402
3687
4333
5287
5464
5721
5890
7391
7482
763
2926
7565
8270
8291
9877
46
2856
4642
9385
10584
10728
1602
2934
3163
8275
8366
10569
3876
4949
5525
7153
7888
8345
10374
1677
7140
8054
8072
8577
9265
10344
229
1388
1733
1747
2440
2518
4238
5240
5466
9809
9814
82
2730
3951
6763
7994
11102
9
1478
1608
2436
3582
2258
3348
4153
5551
7037
7125
7557
8010
8911
9991
10494
144
556
921
1577
4887
8524
8965
1651
4607
5629
5834
5947
6032
6736
6913
6925
7594
9205
9563
10892
1183
2075
2314
9366
9649
9911
693
1152
2272
3410
3479
4107
4378
4931
6215
6499
7200
7623
8851
9718
2195
3494
5662
6915
7123
7808
7892
10490
2508
3182
3944
4596
4900
6265
7840
9260
9672
9807
10097
10590
1103
1782
2263
3217
7718
8758
204
677
840
1133
2477
2702
4967
6167
7601
8248
9407
1042
2808
4614
4692
6556
7399
8479
9529
10292
10548
3800
5690
5910
7789
729
1481
2276
2539
3150
3498
5132
5280
6914
8586
8701
9135
10314
10451
10819
10823
10836
11167
2045
2142
3143
4160
4553
5137
8543
8769
10456
10474
1908
2058
2690
2905
3580
4871
5363
7658
10879
142
552
3855
3928
4067
4155
5392
6005
7117
7354
8557
8689
10912
698
1052
4294
4641
7163
8175
10797
10907
11028
40
1304
1523
1714
2413
4519
8429
9319
9483
541
1293
1603
2392
2786
3268
4216
4276
5327
5876
6628
6660
7057
9817
10083
11151
1673
1994
2328
3186
3311
4676
5710
6382
6469
6606
6671
6873
6923
7817
10535
10748
11172
477
509
1426
1784
1789
2389
3191
3554
4501
5492
6030
7645
8403
8607
8772
9160
890
3575
3674
4304
4539
5493
6964
8302
9668
10355
10657
10707
10901
162
1884
3302
3406
4110
5376
5748
7708
8043
9914
808
2785
2798
2988
4103
5250
6700
6705
7499
8708
11034
11134
715
809
1409
1613
2029
2333
3461
3709
3869
4416
4924
6894
8973
9704
10853
11170
1080
1829
2298
3342
3967
4411
6498
7349
7740
8430
8525
9207
9283
650
945
1320
1504
1678
1835
3040
3430
3491
3509
5837
6724
7092
8134
8694
8865
8999
9950
10098
11002
11121
646
689
1485
3444
4279
5039
8535
9381
10576
10717
1414
1712
2222
2432
3437
4536
5467
5549
5813
6796
10045
10993
2329
2861
2975
3113
3940
4058
4438
4722
4957
5404
5529
6858
7310
7792
8135
8138
8555
8589
9872
10547
10560
10885
10983
10985
758
1516
2201
4393
4720
5465
5496
6137
6676
6730
7143
8402
8704
9924
523
769
2168
2450
2471
2516
3165
3641
5080
5839
5846
5855
6050
8157
9779
10114
10840
11072
1825
2225
4362
4656
4735
5356
5720
5722
7886
8242
8657
9507
9596
10829
10831
10861
908
923
1745
1861
2070
2080
2175
2439
3586
6391
6845
6897
9191
9790
389
807
2240
3153
3591
3644
4703
4807
4915
6031
8633
9518
9550
10051
10067
10618
10769
786
1301
2634
4468
5146
5658
6128
7032
8127
8269
8330
9400
10946
117
788
815
1327
2137
2796
3524
4120
5624
7222
8083
8251
8397
8726
9365
9433
10348
10387
10564
11039
612
1389
2011
2170
2300
2580
2839
3662
4872
5119
5251
5420
5612
5819
5946
8067
8843
10066
10275
10794
373
595
973
1411
2232
2363
2514
2529
2618
4025
4745
4746
5689
6369
6444
6583
6789
6807
7214
7595
7661
8256
8541
8710
9080
9332
9528
11194
3222
4469
5172
7757
7838
8391
8725
9182
9220
9320
9927
10610
126
314
339
657
1422
1472
1604
1635
4004
4790
5063
5143
5188
5261
5331
5563
6264
6274
6969
7269
7564
7730
7929
8553
8829
9508
9736
9926
10027
10339
10391
10812
93
751
819
913
1457
1752
5378
6217
6411
6613
6717
7855
8063
8619
8628
355
2383
2484
2507
2608
2803
2957
3292
3585
4336
4638
4947
5085
6108
6719
6855
6880
7164
7824
9333
9469
9595
9734
10938
10976
285
753
831
993
1430
1707
2563
3400
3625
3693
4558
4715
5582
5769
5975
6008
6431
6929
7559
8394
8534
8951
9175
9289
10966
494
1705
1896
2228
2238
2849
4311
4796
4907
5236
5272
5962
6099
7346
7554
8137
8156
8433
9913
10971
375
1184
1987
2705
3210
3264
3278
3959
4109
4861
4942
5165
5204
5447
5450
5578
5663
5677
5736
5823
6056
6640
7011
8622
9309
9468
9547
10661
10678
294
364
1605
2449
2960
3080
3330
3525
4063
4478
4503
4541
5213
5249
8235
9177
9200
10276
10291
10430
10582
10714
10977
885
900
1274
1718
1928
2068
3138
3372
3467
3825
3897
4547
4751
5000
5798
5963
6289
6318
6680
6893
7081
7208
7465
7771
8382
8658
10377
514
965
1138
1755
1879
2758
2927
3304
3327
3587
4278
4338
4643
4675
4972
5307
5419
5597
5685
5872
6819
7039
7343
7579
8733
8749
8896
9223
9593
10000
10070
10202
10427
10450
10631
10896
47
192
254
309
392
555
876
1398
1832
2779
3038
3074
3452
3462
4235
4349
4440
4649
4667
4740
4763
4865
5227
5510
6816
7193
7897
8037
8288
8757
9303
9389
10331
10767
542
917
1650
1744
1953
3275
