153
2847
1188
937
3271
6172
3405
8401
3946
6420
5114
5601
856
10893
3854
4764
476
9146
4350
2833
6809
1794
1819
10677
10473
1791
6413
5586
7231
4793
3781
1416
8875
1764
3448
4421
5062
8028
2648
4035
6175
7745
10890
6405
1334
1964
7737
9043
7598
7909
6948
7830
818
11084
1340
8871
8
5390
4816
5353
6687
8935
9714
328
2674
3274
3671
4008
4419
7741
8604
10483
8793
10868
4572
5068
10193
4798
6105
2589
6282
806
919
2595
8934
9471
4395
4687
8501
9355
2659
2876
8443
8603
9995
10876
1855
6744
8667
4410
5131
6436
8184
9184
9910
2693
6311
8400
9069
11061
1275
6316
8065
9990
2653
3506
9943
467
512
1171
3007
4564
6398
9049
43
3192
5595
6974
10284
10648
1958
2899
3720
4333
5682
6055
7547
11083
115
1524
2040
9119
10873
2346
3244
3373
4372
5287
5829
8054
9252
9534
150
1835
2179
5847
5981
1612
3775
4062
4448
5870
8810
9563
10426
7140
9190
9708
2075
3122
5464
5551
7482
10475
4479
4973
8236
9300
10721
1238
1988
1992
2214
3163
6158
6198
6207
6736
7659
8116
10146
4995
6167
6182
7471
3471
6930
9505
9553
10635
227
880
4789
4792
4878
5463
7808
8310
8519
1486
2982
3260
4581
5890
6343
6622
7594
9186
9385
577
936
1667
2263
2926
5231
7637
7717
8027
8274
8275
8291
9306
10191
533
708
2930
4096
4900
5035
5218
5979
6046
6070
8126
8188
8270
2045
2283
2402
2730
3461
3572
3876
4238
5634
6005
6824
8167
9688
326
735
1363
1424
1577
1716
2272
3313
3544
4426
5721
6265
7840
7892
8345
9814
11134
763
2666
3479
7153
7536
7888
8689
10494
10584
229
734
1673
1825
2085
3182
4276
4360
5525
7391
8072
9877
9945
10374
10569
10847
144
629
2389
3348
5834
6964
7310
7557
9672
10456
82
921
1478
1747
3494
3944
4636
4688
4692
5363
5466
6556
6763
7601
7623
9265
10344
10590
10823
1481
2440
2508
3150
4279
5629
5910
6032
6915
6925
7565
8577
10728
46
1152
1602
1677
2300
2516
2856
2934
3317
3582
4770
5496
7163
7399
8524
8965
9911
10097
10576
1293
1733
3410
3585
4535
5200
5947
6054
7037
7057
7123
8041
8851
10892
142
556
769
1052
1103
1183
2058
2258
2328
2518
3800
3951
4153
4887
5251
6469
6914
6944
7222
7589
8010
9135
9205
9649
10292
9
693
1651
2545
4614
5180
5198
5690
7200
7817
8429
8758
8911
9366
10098
10490
10797
10831
204
1388
2314
2325
2808
3580
4378
4607
7645
8248
8586
9319
10548
10560
11102
541
552
677
698
840
1133
1784
2450
3143
3498
3928
4294
5280
7499
9260
9817
10355
10836
10879
2298
2690
2786
4155
4501
5137
5240
8043
8701
9214
9283
9807
9991
11167
477
1908
2539
5748
6606
6700
6724
7708
8999
9160
10083
10314
10451
10474
509
650
839
1304
2080
2142
2168
2363
3191
3268
3342
3437
4067
4107
4216
4539
5376
5392
5662
5837
5876
6660
6671
6913
7032
7117
7125
7789
8557
9704
10051
10657
10885
11028
11151
1523
1608
1782
1829
2477
2798
2803
3554
4519
4642
4931
5161
5493
6030
6613
6792
7718
8175
8543
8865
10535
1042
1426
1485
1613
1635
2240
3687
3709
3869
4160
4553
4957
5472
6730
7092
8555
10618
10853
11172
211
758
809
1884
1994
2137
2225
2436
2702
2905
3641
3855
3940
4058
4304
4949
5492
5710
6628
7658
7994
8135
8302
8704
8973
9400
9529
9914
10339
10707
11072
612
963
1714
2413
2988
3217
3302
3311
3430
3491
3625
3674
3967
4676
4736
5331
5404
5813
6128
6499
6705
6923
7349
8157
8607
8769
9365
9508
9927
10717
10748
10829
10946
10993
389
646
808
890
1430
1516
1861
2195
2222
2432
3575
4120
4596
4871
5132
5720
5722
6369
6382
6411
7143
7441
8391
8403
8430
8633
8694
9779
9872
10045
40
162
689
715
1472
1789
2201
2276
2329
2634
2957
3222
3406
3509
3662
4438
4469
4872
4942
5250
6099
6873
8138
8479
8535
8725
9182
9483
9668
9705
10547
10861
10907
1411
1414
1752
1896
2175
2439
2529
2636
2849
3586
3591
4025
4393
4488
4541
4722
4745
4967
5467
5529
5541
5549
5839
5948
6008
6031
6894
9381
9718
9950
10027
11039
751
1080
1678
2551
3165
4411
4720
4860
5039
6117
6498
6796
6807
6897
8134
8366
8708
8772
9080
9177
9220
9333
9605
9809
10348
10564
117
285
355
409
729
788
815
913
973
1745
2580
2839
2861
2975
3186
4641
4703
4954
5327
5465
5597
5612
5846
6050
6318
6391
6670
6676
6701
7226
7312
8242
8256
9407
10066
10067
10901
10912
10976
1184
1301
1504
1712
1811
2029
2068
2070
2170
2796
3040
3400
3444
3524
3599
4103
4110
4349
4807
4989
5582
5769
5819
6137
6719
6789
7100
7595
7730
7929
8553
8589
9332
9550
9913
9924
126
294
819
2232
2333
2785
2884
3462
3693
4362
4416
4440
5143
5685
5946
5975
6007
7159
7269
7293
7773
8063
8896
9320
9433
9481
9490
9507
9518
9547
9595
9596
9923
10000
10610
10819
11121
11170
373
1320
1409
1589
1950
1987
2011
2471
2705
2927
3587
3644
3897
3959
4004
4558
5356
5458
5578
5624
6466
6858
7350
7354
7559
7838
8097
8137
8251
8402
8525
8541
8547
8726
9191
9523
10387
10430
25
93
446
595
657
807
876
908
1327
1389
1650
1707
2383
2392
2640
2960
3113
3138
3330
3525
3627
4480
4748
4907
5005
5085
5689
5962
6068
6717
6823
6845
6893
6929
7081
7389
7564
7661
7757
7897
8067
8288
8397
8848
9207
9223
9309
9528
9734
9790
9863
9926
10291
10597
10630
10767
10794
10985
11002
11009
786
885
927
1648
1879
1928
2618
3013
3275
3452
3532
3825
4311
4536
4638
4746
4751
4790
4914
5119
5165
5188
5236
5272
6095
6217
6355
6407
6715
6816
7011
7847
7855
8099
8127
8269
8433
8650
8749
8843
9175
9401
9829
9830
10812
10971
10983
309
314
364
494
523
669
711
923
993
1274
1718
2228
2590
2608
2989
3107
3153
3210
3520
4063
4547
4915
5063
5249
5261
5419
5544
5583
5823
5872
6289
6445
6592
6880
7579
8083
8123
8252
8829
8951
9468
9593
10427
10690
10933
10977
213
945
1193
1422
1446
1604
1755
2398
2411
2474
2514
2563
3019
3376
3594
3602
3785
4076
4133
4335
4503
4649
4656
4715
4865
4924
5000
5146
5172
5213
5378
5450
5563
5658
6389
6951
6969
7039
7208
7214
7346
7357
7370
7792
8534
8619
8658
8757
9200
9389
9443
10070
10275
10723
10966
11099
753
904
917
992
2009
2249
2484
2779
3116
3276
3296
3327
3584
3646
4034
4667
4861
5227
