0.996255067011
0.995364440532
0.993050851044
0.991983883708
0.990917474009
0.989319173891
0.988609126312
0.987721925318
0.986480529025
0.985239945289
0.983469159979
0.982407354771
0.981346202796
0.979755470613
0.978519124921
0.97834256101
0.977107075672
0.976930639221
0.976401425461
0.975519721179
0.974638415209
0.973757507551
0.972700960067
0.971644986152
0.971117206317
0.96953506175
0.968656464304
0.96725160061
0.965672451352
0.964795622413
0.963743950272
0.962692851701
0.9616423267
0.960767314066
0.95954301334
0.958494209048
0.957620630338
0.956572861658
0.955700159236
0.954304839107
0.952040066784
0.950995373076
0.949777333821
0.948907754167
0.948386188005
0.947517245651
0.946648685677
0.946127740883
0.944739303592
0.944045443427
0.94369860894
0.942831849338
0.941965456184
0.941099445409
0.939714688524
0.939022676529
0.938158020017
0.937639417299
0.936775445884
0.935911840916
0.935393859565
0.935048618328
0.933840871464
0.933151026288
0.931944426565
0.931255282419
0.92884571558
0.928329693927
0.927126296634
0.925752007399
0.924893532694
0.924035456302
0.922149431255
0.921292597597
0.91992270573
0.919580332342
0.919066891752
0.918553594556
0.917869421348
0.91752743034
0.916160278862
0.915135468908
0.914452586233
0.913769942545
0.913087553777
0.912405419929
0.911893986834
0.9115531111
0.910701216516
0.909849720244
0.909168813199
0.90848814514
0.907807732002
0.907467621027
0.906787590269
0.90610781443
0.904749123107
0.904070112028
0.90356102101
0.902882456041
0.902543269152
0.901865086563
0.901526090863
0.901187158893
0.901017716807
0.900001446671
0.899324220031
0.898816467343
0.897801439941
0.897463209001
0.896955982085
0.896448898561
0.895773010251
0.895604078005
0.89526626131
0.89425322547
0.894084436616
0.893746906706
0.893240731335
0.892734699356
0.892060229038
0.891385997707
0.890880491501
0.890375128687
0.89020670628
0.890038299806
0.889196506424
0.888691621585
0.888523358504
0.888186880138
0.887514114597
0.887009723666
0.886505460194
0.886001340114
0.885329403063
0.884825617566
0.884321975461
0.883650691642
0.88314738412
0.882308888765
0.881805963622
0.880465578736
0.880130629891
0.879293584392
0.87862419654
0.878456889408
0.878289598209
0.877787836139
0.877286201529
0.876784710311
0.876283362486
0.875615169571
0.874947183779
0.874446361725
0.873778822043
0.872944771854
0.87244452337
0.87194441828
0.871777748448
0.871277834547
0.870778064039
0.870111926416
0.869778953199
0.869446043713
0.869279612868
0.868614064748
0.868447713566
0.867782468163
0.866618949906
0.865788325203
0.864792098145
0.864626113411
0.864294191739
0.863796428725
0.863132967761
0.862635555262
0.861972540408
0.861475446559
0.860978496102
0.860481689038
0.859985025366
0.859819502674
0.859653995914
0.859488505087
0.8589921282
0.858165199836
0.857503921624
0.857008118307
0.856182145893
0.855686724956
0.854696361056
0.854366351284
0.853541605672
0.852882111899
0.852387646912
0.851728583317
0.851399147114
0.850575867292
0.850082071469
0.849588419039
0.849259397081
0.848765983638
0.848272713588
0.848108322103
0.847615243243
0.847450915488
0.847122307775
0.846793763792
0.846136914814
0.845480288891
0.84498797479
0.844167817736
0.843511956573
0.84318411362
0.842856334397
0.842364785056
0.842037165158
0.841545854804
0.841382116552
0.840563680208
0.840072815964
0.839745642176
0.839091533587
0.838928034321
0.83843763212
0.837620661566
0.837293965752
0.836967333669
0.836640765315
0.836151032279
0.835498277952
0.835335129202
0.835008879498
0.834519624437
0.834030512768
0.833704517984
0.83337858693
0.832564085913
0.831587248701
0.830448234622
0.829797726777
0.829147505717
0.828659971365
0.828010196414
0.827522996645
0.827035940268
0.826224514221
0.825737840224
0.825251309619
0.824440791725
0.823792641889
0.823306684854
0.822658981128
0.822173358676
0.82201151639
0.821687879616
0.820717383538
0.820232334655
0.819585841798
0.819262682999
0.819101127498
0.818455080752
0.818293604913
0.818132145007
0.817809272993
0.817002371775
0.815712492899
0.815390098859
0.814745517902
0.811047378652
0.810725908697
0.810243839191
0.81008317591
0.809601281661
0.809119530805
0.808637923341
0.80767520232
0.807194040966
0.806713007072
0.806392397472
0.805430966984
0.804790337286
0.804310020354
0.803509906379
0.803189934079
0.802230447355
0.801910729975
0.799675369038
0.799037017687
0.798558421464
0.797920532155
0.79760167513
0.797282881834
0.796964152268
0.796486177413
0.796008345951
0.795212326627
0.794894011306
0.794416657819
0.794098501823
0.793621387323
0.793462381021
0.792985457711
0.792349830816
0.792190951974
0.791555611864
0.791079278057
0.790920526675
0.790444368124
0.790127008753
0.789809713112
0.789333889144
0.788699680241
0.788224190855
0.787273705991
0.786640341511
0.7863237469
0.785848974476
0.785690748867
0.785374345445
0.784583663508
0.784109416857
0.783635313598
0.781268190926
0.780794963955
0.780637248185
0.780006544432
0.77953369984
0.779218539153
0.778903442196
0.77827348727
0.777958581503
0.777328977092
0.777014262515
0.775756057439
0.774970234912
0.774341841371
0.773870701556
0.773556688009
0.773085787182
0.7724581584
0.772144431638
0.771673960988
0.77120363373
0.770890161888
0.769950176538
0.769793560111
0.769323822356
0.768697723093
0.768541234126
0.768071878751
0.767915453513
0.765416266389
0.765103973552
0.764791744444
0.764323520276
0.764167477418
0.76369944444
0.763231554855
0.762607941061
0.762140386058
0.761517202442
0.760271934553
0.75996069326
0.759493950814
0.759027367693
0.75887186654
0.75871638132
0.758094615696
0.757939210138
0.75762844682
0.756386269834
0.755765444228
0.754989818498
0.754524621504
0.754214559216
0.753904560658
0.753439682314
0.752820083509
0.752665219656
0.752510371736
0.751891139379
0.751736371121
0.751581618795
0.750344349018
0.750035147084
0.749571463677
0.749262421069
0.748644574839
0.74833572342
0.747872565786
0.747409551544
0.746792438208
0.746329758549
0.746021385105
0.745558944433
0.745404829407
0.744326629662
0.743402959187
0.742787502831
0.741864867969
0.740942806676
0.73986792089
0.739407392117
0.739253914391
0.738947006737
0.73833339855
0.737566822478
0.7371070266
0.734811042519
0.734658042768
0.734352091063
0.734046203089
0.733740378844
0.732976097051
0.732670495861
0.732212229503
0.731448760267
0.731143477727
0.73053311977
0.730075506644
0.729770510889
0.72931313675
0.728703543553
0.728551181101
0.727941906554
0.727180699732
0.726876309412
0.726571982822
0.725355489019
0.725203477082
0.724899501007
0.724595588662
0.724595381539
0.724443449265
0.724139632515
0.723684026883
0.722621600308
0.722166472651
0.721559874763
0.721408261139
0.720953515862
0.720498913977
0.720044471418
0.719590156318
0.719287359248
0.719135984611
0.718984625907
0.718833283135
0.718076824197
0.717471947018
0.717169596058
0.717018444476
0.716565085326
0.716111869569
0.715809805393
0.715205884164
0.714904011178
0.714300472328
0.713998790532
0.713546403265
0.713244880794
0.712943422053
0.712792716581
0.712039523805
0.711587757904
0.711136119464
0.710985605182
0.710534157931
0.71023327276
0.709631741405
0.709331047424
0.708880125946
0.708579591289
0.708279120363
0.707978713167
0.707227989927
0.706777753546
0.705877710962
0.705727754317
0.705427888826
0.705128087064
0.704828349033
0.704378877412
0.704229080092
0.703779799661
0.703480348414
0.70333064669
0.703031291038
0.702881637111
0.702582377054
0.701535516527
0.700937681511
0.70034006955
0.699742744374
0.69914562632
0.698847162888
0.697504929833
0.696610941596
0.696015161872
0.695717367605
0.69556849437
0.695270795698
0.695121970261
0.694824367184
0.694675589544
0.693931988129
0.693634639972
0.693337355545
0.692891548398
0.692594423295
0.692297361923
0.691851905291
0.691703446301
0.690813090673
0.690664743211
0.690071528618
0.689330348943
0.689033988601
0.688589583513
0.688441475038
0.688145305885
0.687997245208
0.68770117165
0.687405161823
0.687109215725
0.686074017784
0.685482778821
0.684891794778
0.684596390385
0.684301049722
0.684005772789
0.679883383058
0.677824936547
0.677090368858
0.676796653309
0.67635619948
0.675915889044
0.67532904745
0.675035714281
0.674742444843
0.674449239134
0.673863018907
0.673716503682
0.673277069532
0.672837778776
0.672544987312
0.672398615479
0.671959595575
0.671520719063
0.671082001876
0.670789592792
0.670497247438
0.67035109866
0.670058848901
0.669182482005
0.66918238641
0.668890391571
0.668598460462
0.668306593083
0.667577203455
0.6671397768
0.666702477605
0.666411024471
0.665973964264
0.665682670454
0.665245849235
0.66495471475
0.664518132518
0.664372636972
0.664227157359
0.663936245929
0.663790814114
0.663354630193
0.663209262108
0.663063909954
0.662773253445
0.662482660666
0.662192131616
0.66204689099
0.661901666297
0.661320926848
0.661030652719
0.660740442319
0.66045029565
0.660305246214
0.659870209433
0.659580253954
0.659290362204
0.659000534185
0.658710769895
0.658276242955
0.657697112688
0.657552365969
0.657118221408
0.656684236173
0.656105806936
0.655816679946
0.65567214035
0.654516492745
0.653506149497
0.653073343266
0.652784885441
0.652352318197
0.651919910278
0.65148762982
0.65119952251
0.651055492753
0.650767481038
0.650479533053
0.650047730569
0.649328394345
0.64904076501
0.648896974241
0.648465713462
0.648321986423
0.648178275316
0.647890900901
0.647603590216
0.647459958772
0.647029160035
0.64674204054
0.646024568417
0.645450855199
0.645307462743
0.645020725627
0.644734052242
0.644447442586
0.643874462262
0.643444858463
0.643158535592
0.642729186712
0.642443023167
0.642156923351
0.642013897342
0.641870887265
0.64158491491
0.640584625066
0.640298939495
0.640013317654
0.639585020319
0.638871579118
0.638586275927
0.638015860735
0.637873296769
0.637445716396
0.636875826976
0.636590969895
0.6361638197
0.635736796964
0.635452194803
0.635167656372
0.634740968219
0.634456589113
0.634030139947
0.633603834174
0.633319709988
0.630342978186
0.629351626472
0.628926898016
0.628502312952
0.628077871281
0.627653573002
0.627229434049
0.626805438487
0.62652284382
0.626240312884
0.625534280293
0.624687643432
0.620328464958
0.62004733608
0.619766270933
0.619344808639
0.619063902816
0.618783060724
0.618502282362
0.61822156773
0.617940916827
0.617660329655
0.617379806212
0.616818950518
0.61639849197
0.615558132513
0.615278087045
0.614998105308
0.6147181873
0.614298429783
0.614158542475
0.613878815657
0.61331960101
0.612900337399
0.612481217181
0.612201872744
0.612201490364
0.611922209656
0.611363855363
0.610945260918
0.610387384599
0.609829731336
0.609411662663
0.609133019255
0.608854439577
0.608436689554
0.608158269201
0.606628351353
0.606350345244
0.605516757097
0.604822514553
0.604267442354
0.604128702186
0.603851269648
0.603296611694
0.601911233442
0.601772764126
0.601634310743
0.601219062122
0.601080672469
0.600942298748
0.600665599105
0.600388963191
0.600250669133
0.599974128814
0.599697652226
0.59955943783
0.598592383171
0.598316225233
0.598040131024
0.597902107818
0.597626109204
0.597074319099
0.596798511676
0.596522767982
0.596247088018
0.596109271935
0.595558182859
0.595420446439
0.595282725951
0.594869676013
0.594594378429
0.594319144575
0.594181551547
0.593906413288
0.593768868057
0.593081396824
0.592806513484
0.592669095714
0.59239430797
0.591433212064
0.591158711105
0.590747095092
0.590198475553
0.589787194123
0.589513075544
0.589376040153
0.588965029575
0.588691102186
0.588280346528
0.587732890062
0.587459249457
0.587322453054
0.587048908044
0.585819078742
0.585136259797
0.584726746874
0.584180979252
0.583908167137
0.583635418753
0.583090129106
0.582545094378
0.582272664644
0.581864155468
0.581591885058
0.58159151861
0.581047184913
0.580911137337
0.580639089982
0.580367106357
0.580095186462
0.579959250413
0.579823330297
0.579687426113
0.579144016501
0.579008191979
0.579007921127
0.57860055909
0.57805761152
0.577921914459
0.57778623333
0.576837070863
0.576294951783
0.575482410462
0.575347016118
0.574670331183
0.574399749618
0.573723590455
0.573453231945
0.573318076588
0.573047813673
0.572642554726
0.572507494964
0.572102411275
0.571697470978
0.571157789569
0.570348817127
0.56994451413
0.569675047839
0.569405645278
0.568867047279
0.568597835908
0.568463254122
0.568328688268
0.568059604357
0.567790584176
0.567252750937
0.567118328475
0.566446471086
0.566043538283
0.564299216848
0.563897048805
0.563495040087
0.563093158829
0.561888821519
0.561621267128
0.561353776467
0.561086349535
0.560685328632
0.560418061026
0.559883732935
0.559750186761
0.559349643832
0.559216161388
0.558015870932
0.557482721846
0.557082991475
0.556683420429
0.556150908643
0.555884724446
0.555884628851
0.555751560652
0.555086458641
0.554687588625
0.554421754943
0.554155984991
0.553890278769
0.553491854862
0.552828202709
0.551237709514
0.551105198952
0.550972704322
0.55057533196
0.550045751753
0.549384107094
0.549119548012
0.548987292369
0.548722828882
0.548458429125
0.548194093098
0.54766566003
0.547401515193
0.547269466673
0.547005417431
0.546609463061
0.546345573144
0.546081746956
0.545686127169
0.545554285771
0.545290650774
0.545027079506
0.544895317771
0.544105241268
0.543578783831
0.543184072195
0.542921010768
0.54252653812
0.542395079102
0.540950655023
0.5406881353
0.539769977469
0.539638853034
0.53911453055
0.538590462987
0.538328516834
0.538197567656
0.535975542218
0.535714233365
0.535583602837
0.535322389579
0.535191806848
0.534930689185
0.534539148116
0.533756623616
0.532974577091
0.532844281146
0.532193088203
0.531932703435
0.531672382396
0.531151979307
0.530891849458
0.530371828748
0.529592299557
0.529202718186
0.529072884283
0.528294279176
0.528164556801
0.527775485269
0.52751618391
0.527256946281
0.526997772382
0.526091197475
0.525961745952
0.525702890703
0.525444099184
0.524797399205
0.524538830741
0.524021885003
0.523763507729
0.52311789116
0.522988806084
0.522859736941
0.522859593548
0.522601503059
0.522472481713
0.521956571587
0.521440916381
0.521054330318
0.520925500163
0.520410338864
0.520024135181
0.519895432485
0.519509435925
0.519252173925
0.519123566824
0.518480770307
0.518352258801
0.518223763227
0.517966819878
0.517709940258
0.517453124369
0.517068020028
0.51693968378
0.51668305908
0.516682963485
0.516554675034
0.516426402515
0.515785326707
0.515528988793
0.515400843734
0.515144601414
0.514760373361
0.513992331499
0.513736439694
0.513352737413
0.513224863207
0.512969162592
0.512841336183
0.512585731163
0.512330189873
0.511947013365
0.5116916314
0.511436313165
0.511308677946
0.51118105866
0.511053455306
0.510798296396
0.510543201216
0.510288169766
0.510160677939
0.509905742084
0.509650869959
0.509268697197
0.509013984397
0.508759335327
0.508632034691
0.508504749987
0.508250228376
0.50812299147
0.507995770496
0.507614219102
0.507359920547
0.50697860814
0.506851530558
0.505201402034
0.504947708914
0.504694079523
0.504060332663
0.503806926327
0.503680247058
0.503173737104
0.503047137498
0.502667450206
0.502414394385
0.501908521731
0.501529264616
0.50127649558
0.501023790274
0.50089746152
0.500518570853
0.499382998192
0.499256876561
0.498248652334
0.497870781346
0.497493053751
0.496989618769
0.496863799854
0.496486438706
0.496360683522
0.495606582593
0.494476379184
0.493974521519
0.492846500861
0.492721207719
0.492220210408
0.491969799382
0.491719452085
0.491469168519
0.491093878595
0.490843754354
0.490468703417
0.489968853247
0.489469289861
0.488470895984
0.487473617381
0.48697529673
0.486850752415
0.486726224033
0.486601711583
0.486477215066
0.486103821109
0.485357479306
0.484984531459
0.484860242064
0.484611711072
0.484487469475
0.484114840278
0.483866500476
0.48287392196
0.482749903417
0.482254004505
0.482006142678
0.481634485363
0.481510626146
0.481015396399
0.480644121464
0.479531443799
0.479407855434
0.479407584582
0.478049482761
0.477555989656
0.477432656211
0.477186037118
0.47669303792
0.476077183252
0.475707804284
0.475338584641
0.474477751928
0.474108994327
0.473986106992
0.473740380119
0.473617540581
0.472390308276
0.471777162132
0.470919643377
0.470674713129
0.470429846611
0.470307437251
0.470062666327
0.469573315671
0.469328735938
0.469328592545
0.469084076542
0.468961842439
0.468961794641
0.468717374233
0.468350863114
0.467862404678
0.467618271054
0.467374201161
0.467252190113
0.466886252564
0.46664237386
0.466520458407
0.46603295592
0.465667496346
0.464937055173
0.463357348277
0.463235863002
0.462507317795
0.462143260281
0.46202193433
0.46153683765
0.461415591361
0.461173146582
0.460567313454
0.459840887269
0.459719864036
0.459477865367
0.459356889931
0.459114986857
0.458994059219
0.458510523923
0.458268843904
0.457906443369
0.457785675055
0.45489569569
0.45465497162
0.454414311281
0.454173714672
0.452972261144
0.452371892861
0.452011850335
0.451771891025
0.451531995446
0.451412071555
0.451292163596
0.45117227157
0.450573146022
0.450213804526
0.450094055892
0.449495583576
0.449375930537
