0.992954679833
0.985934287822
0.978938823967
0.973708585179
0.968492368479
0.961559225015
0.958102001341
0.951206250112
0.946050795792
0.939198668836
0.934075932722
0.930668565361
0.923874084767
0.920485413523
0.917102974319
0.913726767153
0.912041000585
0.908674141478
0.903635537891
0.898610956392
0.890267814089
0.885280624824
0.880307457647
0.875348312559
0.870403189558
0.865473646654
0.862194036094
0.858920657574
0.854023832875
0.849139472255
0.844269133723
0.841030031417
0.83779716115
0.836183063032
0.834570522923
0.832959540823
0.829742250654
0.826531192524
0.823326366433
0.81853081237
0.816935410368
0.813749280394
0.808981770507
0.805811220631
0.802646902793
0.797912111111
0.794763373372
0.790051951836
0.786918794194
0.783791868591
0.77911316526
0.776001819755
0.772896706289
0.771346486571
0.768250721164
0.765161187795
0.762077886466
0.759000817176
0.757464619546
0.752865374713
0.74980700154
0.748280151968
0.745231126854
0.742188333779
0.737635829239
0.736121443745
0.731587635323
0.730079481868
0.725564369563
0.722562084742
0.719566031959
0.716576211216
0.713592622512
0.710615265847
0.707644141221
0.704679248634
0.701720588086
0.698768159578
0.695821963108
0.692881998677
0.689948266286
0.688483737105
0.687020765933
0.68409949762
0.681184461345
0.67827565711
0.675373084914
0.672476744757
0.669586636639
0.66670276056
0.66382511652
0.660953704519
0.658088524557
0.656658271591
0.653802439688
0.650952839823
0.6466901251
0.645272336212
0.642441432465
0.639616760757
0.638206761918
0.635391438269
0.631181695878
0.628381952326
0.625588440814
0.624194022072
0.621409858618
0.618631927204
0.615860227828
0.613094760491
0.610335525193
0.608958244559
0.60620835732
