0.992954679833
0.985934287822
0.980685352916
0.973708585179
0.966756745598
0.961559225015
0.958102001341
0.951206250112
0.944335427039
0.939198668836
0.932373028047
0.927268988049
0.923874084767
0.920485413523
0.915414091731
0.912041000585
0.906993048939
0.903635537891
0.895269025442
0.89193332653
0.886941463236
0.883621344422
0.878652851275
0.875348312559
0.870403189558
0.868757931243
0.86383150436
0.858920657574
0.854022274866
0.849139472255
0.845891021891
0.841030031417
0.839412817279
0.83779716115
0.832959540823
0.829742250654
0.828135942584
0.824928000474
0.820127772381
0.815341566376
0.812158552422
0.810569382459
0.807395716564
0.804228282707
0.802646902793
0.799488816995
0.794763373372
0.791620867671
0.790051951836
0.785354552388
0.783791868591
0.780671175028
0.776001819755
0.772896706289
0.769797824863
0.766705175475
0.765161187795
0.762077886466
0.759000817176
0.755929979925
0.752865374713
0.751335409122
0.748280151968
0.746754860406
0.742188333779
0.740669274256
0.737635829239
0.734608616261
0.731587635323
0.730079481868
0.725564369563
0.722562084742
0.718070342583
0.715083637859
0.712103165175
0.710615265847
0.709128924529
0.707644141221
0.704679248634
0.701720588086
0.698768159578
0.695821963108
0.694351201888
0.688488411134
0.685564026801
0.682645874507
0.679733954252
0.678280331139
0.67392880986
0.671035585722
0.666708992599
0.663831348559
0.660959936558
0.658094756596
0.655235808673
0.65238309279
0.649536608945
0.646696357139
0.642447664504
0.639622992797
0.636804553128
0.633992345498
0.631186369907
0.626989091595
0.624198696102
0.621414532648
0.620024787935
0.61724997254
0.614481389184
0.61309943452
0.610340199223
0.607587195964
0.604840424745
