0.992954679833
0.98768704881
0.980685352916
0.975450440099
0.968492368479
0.961559225015
0.954651009707
0.951206250112
0.944335427039
0.937491090132
0.932373028047
0.927268988049
0.92217897014
0.918793414916
0.915414091731
0.912041000585
0.906993048939
0.903635537891
0.900284258882
0.896939211912
0.89193332653
0.890267814089
0.885280624824
0.876999802912
0.872050005881
0.868757931243
0.862192478085
0.860555009819
0.857284747318
0.852392596649
0.849137914246
0.845889463881
0.842647245556
0.837795603141
0.836181505022
0.831350116734
0.828135942584
0.824928000474
0.821726290402
0.81853081237
0.813749280394
0.808981770507
0.807395716564
0.805811220631
0.80106708089
0.796336963236
0.794763373372
0.791620867671
0.78848459401
0.785354552388
0.782230742805
0.77911316526
0.776001819755
0.771346486571
0.768250721164
0.766705175475
0.763618758126
0.760538572816
0.759000817176
0.755929979925
0.752865374713
0.751335409122
0.748280151968
0.746754860406
0.742188333779
0.739151772742
0.736121443745
0.731587635323
0.728572886423
0.725564369563
0.722562084742
0.719566031959
0.718070342583
0.715083637859
0.712103165175
0.709128924529
0.706160915923
0.703199139355
0.700243594827
0.697294282338
0.695821963108
0.694351201888
0.689948266286
0.685559352772
0.682641200478
0.679729280223
0.676823592007
0.675373084914
0.672476744757
0.669586636639
0.66670276056
0.66382511652
0.660953704519
0.659520335533
0.656658271591
0.653802439688
0.650952839823
0.6466901251
0.643856105334
0.641028317607
0.639616760757
0.638206761918
0.635391438269
0.633986113459
0.631180137868
0.628380394317
0.625586882804
0.621408300609
0.617245298511
0.614476715155
0.611714363837
0.608958244559
0.60620835732
