0.992954679833
0.989441367808
0.984183084844
0.977193853028
0.970229549369
0.965022680727
0.958103559351
0.952929408914
0.946052353802
0.942623174305
0.935783511427
0.928968776705
0.925570757403
0.920486971533
0.915415649741
0.910358350036
0.90531507242
0.901960677391
0.896940769922
0.89193488454
0.890269372099
0.888605417667
0.885282182834
0.880309015657
0.872051563891
0.868759489253
0.865473646654
0.862194036094
0.857287863338
0.854023832875
0.849139472255
0.845891021891
0.842648803565
0.841030031417
0.836183063032
0.832959540823
0.829742250654
0.828135942584
0.824928000474
0.821726290402
0.816935410368
0.815341566376
0.813749280394
0.808981770507
0.807395716564
0.804228282707
0.802646902793
0.797912111111
0.796336963236
0.791620867671
0.78848459401
0.785354552388
0.783791868591
0.782230742805
0.780671175028
0.777556713503
0.774448484018
0.772896706289
0.771346486571
0.768250721164
0.765161187795
0.763618758126
0.760538572816
0.755929979925
0.754396898314
0.751335409122
0.74980700154
0.745231126854
0.742188333779
0.740669274256
0.737635829239
0.736121443745
0.733097346787
0.728572886423
0.725564369563
0.721063279346
0.718070342583
0.715083637859
0.712103165175
0.709128924529
0.707644141221
0.706160915923
0.704679248634
0.701720588086
0.697294282338
0.695821963108
0.691415911486
0.689949824295
0.688485295114
0.68410105563
0.681186019355
0.676825150017
0.675374642924
0.672478302766
0.669588194648
0.666704318569
0.665264717545
0.660955262529
0.658090082567
0.655231134644
0.65237841876
0.649531934916
0.64669168311
0.643857663344
0.641029875616
0.638208319928
0.635392996279
0.633987671469
0.632583904669
0.631181695878
0.629781045097
0.625588440814
0.62280116134
