0.992954679833
0.98768704881
0.984183084844
0.977193853028
0.970229549369
0.965022680727
0.961559225015
0.954651009707
0.949486207329
0.946050795792
0.939198668836
0.932371470037
0.925570757403
0.920485413523
0.917102974319
0.908674141478
0.903635537891
0.898610956392
0.893600396981
0.89193332653
0.886941463236
0.883621344422
0.878652851275
0.875348312559
0.870403189558
0.865473646654
0.862194036094
0.858920657574
0.855653511092
0.850764476443
0.845891021891
0.841030031417
0.836183063032
0.832959540823
0.831350116734
0.828135942584
0.824928000474
0.823326366433
0.820127772381
0.816935410368
0.813749280394
0.810569382459
0.807395716564
0.805811220631
0.80106708089
0.797912111111
0.794763373372
0.791620867671
0.78848459401
0.785354552388
0.783791868591
0.777556713503
0.774448484018
0.769797824863
0.766705175475
0.763618758126
0.760538572816
0.757464619546
0.754396898314
0.751335409122
0.748280151968
0.745231126854
0.742188333779
0.739151772742
0.736121443745
0.734608616261
0.731587635323
0.728572886423
0.725564369563
0.724062448147
0.721063279346
0.719566031959
0.718070342583
0.715083637859
0.712103165175
0.710615265847
0.709128924529
0.706160915923
0.703199139355
0.700243594827
0.697294282338
0.695821963108
0.691415911486
0.687022323943
0.682642758487
0.67827721512
0.675374642924
0.672478302766
0.671032469703
0.669588194648
0.666704318569
0.663826674529
0.660955262529
0.659521893543
0.6566598296
0.653803997697
0.65237841876
0.649531934916
0.64669168311
0.643857663344
0.639618318767
0.636799879098
0.633987671469
0.631181695878
0.628381952326
0.626984417565
0.624194022072
0.621409858618
0.620020113906
0.617245298511
0.614476715155
0.610335525193
0.607582521935
