0.992954679833
0.98768704881
0.980685352916
0.975450440099
0.968492368479
0.961559225015
0.954651009707
0.951206250112
0.944336985049
0.937491090132
0.932373028047
0.927268988049
0.92217897014
0.918793414916
0.915414091731
0.906993048939
0.903635537891
0.898610956392
0.893600396981
0.888603859658
0.883621344422
0.880307457647
0.876999802912
0.875348312559
0.870403189558
0.867114230939
0.86383150436
0.862192478085
0.857284747318
0.855651953082
0.850764476443
0.847512910058
0.842648803565
0.83779716115
0.834570522923
0.831350116734
0.826531192524
0.823326366433
0.820127772381
0.816935410368
0.812158552422
0.810569382459
0.807395716564
0.804228282707
0.80106708089
0.797912111111
0.793191341517
0.790051951836
0.786918794194
0.785354552388
0.783791868591
0.782230742805
0.77911316526
0.776001819755
0.772896706289
0.769797824863
0.765161187795
0.762077886466
0.757464619546
0.752865374713
0.74980700154
0.745231126854
0.742188333779
0.739151772742
0.736121443745
0.734608616261
0.733097346787
0.730079481868
0.725564369563
0.722562084742
0.719566031959
0.718070342583
0.715083637859
0.709128924529
0.706160915923
0.703199139355
0.700243594827
0.698768159578
0.695821963108
0.692881998677
0.689948266286
0.687020765933
0.68409949762
0.681184461345
0.67827565711
0.675373084914
0.672476744757
0.669586636639
0.66670276056
0.665263159535
0.662388631514
0.659520335533
0.656658271591
0.653802439688
0.650952839823
0.649530376906
0.6466901251
0.645272336212
0.642441432465
0.639616760757
0.638206761918
0.635391438269
0.632582346659
0.628381952326
0.625588440814
0.62280116134
0.620020113906
0.617245298511
0.614476715155
0.613094760491
0.611714363837
0.607582521935
0.604835750715
