0.992954679833
0.989441367808
0.984183084844
0.978938823967
0.971968288269
0.965022680727
0.958102001341
0.951206250112
0.944335427039
0.939198668836
0.932373028047
0.927268988049
0.92217897014
0.918793414916
0.915414091731
0.912041000585
0.910356792027
0.906993048939
0.901959119382
0.896939211912
0.888603859658
0.883621344422
0.878652851275
0.873698380215
0.868757931243
0.865472088645
0.862192478085
0.857286305328
0.854022274866
0.849139472255
0.845891021891
0.842648803565
0.841030031417
0.836183063032
0.832959540823
0.831350116734
0.829742250654
0.826531192524
0.821726290402
0.820127772381
0.815341566376
0.812158552422
0.808981770507
0.805811220631
0.80106708089
0.799488816995
0.797912111111
0.793191341517
0.790051951836
0.786918794194
0.783791868591
0.780671175028
0.777556713503
0.774448484018
0.771346486571
0.768250721164
0.763618758126
0.759000817176
0.755929979925
0.752865374713
0.74980700154
0.746754860406
0.743708951311
0.742188333779
0.737635829239
0.736121443745
0.733097346787
0.730079481868
0.727067848988
0.724062448147
0.721063279346
0.718070342583
0.715083637859
0.712103165175
0.707644141221
0.704679248634
0.703199139355
0.700243594827
0.697294282338
0.695821963108
0.692881998677
0.688483737105
0.685559352772
0.682641200478
0.679729280223
0.676823592007
0.67392413583
0.671030911693
0.666704318569
0.663826674529
0.660955262529
0.658090082567
0.655231134644
0.653803997697
0.650954397833
0.648111030008
0.643859221353
0.642444548485
0.641031433626
0.639619876777
0.636801437108
0.633989229478
0.631183253888
0.628383510336
0.625589998824
0.621411416628
0.618633485213
0.617246856521
0.615861785838
0.613096318501
0.610337083203
0.608959802569
0.607584079945
