0.992954679833
0.98768704881
0.980685352916
0.973708585179
0.968492368479
0.961559225015
0.954651009707
0.947767722556
0.944335427039
0.937489532122
0.930668565361
0.925569199393
0.918793414916
0.913726767153
0.912041000585
0.908674141478
0.90531351441
0.900284258882
0.896939211912
0.89193332653
0.888603859658
0.883621344422
0.878652851275
0.873698380215
0.870403189558
0.867114230939
0.865472088645
0.860556567829
0.858920657574
0.854022274866
0.850764476443
0.849137914246
0.845889463881
0.841028473408
0.839411259269
0.834568964913
0.831348558724
0.828134384574
0.824926442464
0.820126214371
0.81852925436
0.816933852358
0.813747722384
0.81056782445
0.807394158554
0.802646902793
0.799488816995
0.796336963236
0.793191341517
0.791620867671
0.78848459401
0.785354552388
0.780671175028
0.776001819755
0.772896706289
0.769797824863
0.766705175475
0.763618758126
0.760538572816
0.759000817176
0.754396898314
0.751335409122
0.746754860406
0.743708951311
0.739151772742
0.736121443745
0.733097346787
0.730079481868
0.727067848988
0.724062448147
0.721063279346
0.718070342583
0.715083637859
0.712103165175
0.709128924529
0.704679248634
0.701720588086
0.698768159578
0.695821963108
0.692881998677
0.691414353477
0.688483737105
0.685559352772
0.682641200478
0.679729280223
0.676823592007
0.67392413583
0.671030911693
0.669586636639
0.66670276056
0.665263159535
0.66382511652
0.662388631514
0.659520335533
0.658088524557
0.656658271591
0.65237841876
0.648111030008
0.645273894222
0.642442990475
0.639618318767
0.636799879098
0.635392996279
0.631181695878
0.628381952326
0.625588440814
0.62280116134
0.621409858618
0.618631927204
0.615860227828
0.613094760491
0.610335525193
0.607582521935
