0.992954679833
0.98768704881
0.980685352916
0.975450440099
0.968492368479
0.961559225015
0.954651009707
0.951206250112
0.944335427039
0.940909363561
0.935781953417
0.930668565361
0.92726743004
0.92217741213
0.915414091731
0.913726767153
0.90531351441
0.901959119382
0.896939211912
0.893600396981
0.888603859658
0.883621344422
0.880307457647
0.875348312559
0.872050005881
0.868757931243
0.86383150436
0.858920657574
0.854022274866
0.850764476443
0.847512910058
0.844267575713
0.839412817279
0.834570522923
0.832959540823
0.829742250654
0.824928000474
0.821726290402
0.816935410368
0.813749280394
0.810569382459
0.807395716564
0.802646902793
0.80106708089
0.797912111111
0.796336963236
0.790051951836
0.786918794194
0.785354552388
0.782230742805
0.77911316526
0.776001819755
0.772896706289
0.769797824863
0.768250721164
0.763618758126
0.760538572816
0.757464619546
0.755929979925
0.752865374713
0.74980700154
0.746754860406
0.745231126854
0.742188333779
0.739151772742
0.736121443745
0.733097346787
0.730079481868
0.725564369563
0.722562084742
0.721063279346
0.716576211216
0.713592622512
0.710615265847
0.706160915923
0.703199139355
0.701720588086
0.697294282338
0.694351201888
0.692881998677
0.689948266286
0.687020765933
0.685559352772
0.68409949762
0.679730838233
0.676825150017
0.67392569384
0.671032469703
0.668145477604
0.665264717545
0.662390189524
0.659521893543
0.6566598296
0.653803997697
0.650954397833
0.649531934916
0.64669168311
0.643857663344
0.641029875616
0.638208319928
0.635392996279
0.632583904669
0.629781045097
0.625588440814
0.62280116134
0.621409858618
0.618631927204
0.615860227828
0.613094760491
0.610335525193
0.607582521935
0.60620835732
0.60346470212
