0.99471367286
0.98768704881
0.980685352916
0.973708585179
0.968492368479
0.965022680727
0.959829834173
0.956375726519
0.949486207329
0.942621616295
0.935781953417
0.92726743004
0.92217741213
0.918791856906
0.913725209143
0.906993048939
0.903635537891
0.900284258882
0.896939211912
0.89193332653
0.886941463236
0.88196362203
0.876999802912
0.872050005881
0.867114230939
0.865472088645
0.860556567829
0.857286305328
0.854022274866
0.849137914246
0.845889463881
0.844267575713
0.839412817279
0.836183063032
0.831350116734
0.828135942584
0.824928000474
0.823326366433
0.820127772381
0.81853081237
0.815341566376
0.812158552422
0.808981770507
0.805811220631
0.80106708089
0.797912111111
0.793191341517
0.790051951836
0.786918794194
0.782230742805
0.77911316526
0.774448484018
0.771346486571
0.768250721164
0.763618758126
0.760538572816
0.757464619546
0.755929979925
0.752865374713
0.74980700154
0.748280151968
0.745231126854
0.740669274256
0.739151772742
0.736121443745
0.733097346787
0.730079481868
0.725564369563
0.724062448147
0.721063279346
0.718070342583
0.716576211216
0.715083637859
0.712103165175
0.709128924529
0.706160915923
0.703199139355
0.700243594827
0.697294282338
0.694351201888
0.691414353477
0.688483737105
0.687020765933
0.68409949762
0.682641200478
0.679729280223
0.676823592007
0.67392413583
0.671030911693
0.668143919594
0.665263159535
0.662388631514
0.659520335533
0.656658271591
0.653802439688
0.650952839823
0.64669168311
0.645273894222
0.642442990475
0.639618318767
0.636799879098
0.632583904669
0.629781045097
0.626984417565
0.624194022072
0.621409858618
0.620020113906
0.618631927204
0.615860227828
0.613094760491
0.610335525193
0.607582521935
0.604835750715
