0.992954679833
0.989441367808
0.982433439875
0.977193853028
0.970229549369
0.965022680727
0.958102001341
0.951206250112
0.946050795792
0.939198668836
0.935781953417
0.932371470037
0.930668565361
0.923874084767
0.917102974319
0.910356792027
0.906993048939
0.901959119382
0.896940769922
0.893601954991
0.888605417667
0.885282182834
0.880309015657
0.875349870568
0.870404747567
0.865473646654
0.862194036094
0.860556567829
0.857286305328
0.852392596649
0.845891021891
0.842648803565
0.841030031417
0.839412817279
0.83779716115
0.834570522923
0.829742250654
0.826531192524
0.823326366433
0.820127772381
0.81853081237
0.815341566376
0.812158552422
0.808981770507
0.805811220631
0.802646902793
0.80106708089
0.796336963236
0.794763373372
0.791620867671
0.78848459401
0.785354552388
0.782230742805
0.77911316526
0.776001819755
0.771346486571
0.769797824863
0.766705175475
0.763618758126
0.759000817176
0.755929979925
0.754396898314
0.751335409122
0.748280151968
0.746754860406
0.745231126854
0.740669274256
0.736121443745
0.733097346787
0.731587635323
0.730079481868
0.727067848988
0.724062448147
0.721063279346
0.718070342583
0.715083637859
0.713592622512
0.710615265847
0.706160915923
0.703199139355
0.701720588086
0.698768159578
0.697294282338
0.694351201888
0.691414353477
0.688483737105
0.685559352772
0.682641200478
0.679729280223
0.676823592007
0.67392413583
0.671030911693
0.669586636639
0.66670276056
0.665263159535
0.662388631514
0.659520335533
0.656658271591
0.655229576634
0.652376860751
0.649530376906
0.6466901251
0.642441432465
0.639616760757
0.635391438269
0.631180137868
0.629779487088
0.626982859556
0.622799603331
0.621408300609
0.618630369194
0.615858669818
0.613093202481
