0.992954679833
0.989441367808
0.98768704881
0.980685352916
0.975450440099
0.968492368479
0.961559225015
0.954651009707
0.951206250112
0.946050795792
0.939198668836
0.935781953417
0.930668565361
0.925569199393
0.920483855513
0.915412533721
0.908674141478
0.90531351441
0.896939211912
0.893600396981
0.890267814089
0.885280624824
0.880309015657
0.878654409284
0.873701496235
0.868761047263
0.863834620379
0.860558125839
0.858922215583
0.855655069102
0.854023832875
0.849139472255
0.844269133723
0.841030031417
0.83779716115
0.834570522923
0.832959540823
0.828135942584
0.824928000474
0.823326366433
0.820127772381
0.816935410368
0.815341566376
0.810569382459
0.807395716564
0.804228282707
0.80106708089
0.797912111111
0.791620867671
0.78848459401
0.785354552388
0.782230742805
0.777556713503
0.774448484018
0.772896706289
0.769797824863
0.766705175475
0.765161187795
0.760538572816
0.757464619546
0.754396898314
0.74980700154
0.746754860406
0.745231126854
0.742188333779
0.739151772742
0.736121443745
0.734608616261
0.731587635323
0.728572886423
0.725564369563
0.721063279346
0.718070342583
0.716576211216
0.713592622512
0.710615265847
0.707644141221
0.704679248634
0.701720588086
0.698768159578
0.694352759897
0.691415911486
0.688485295114
0.687022323943
0.685560910781
0.682642758487
0.679730838233
0.676825150017
0.67392569384
0.671032469703
0.669588194648
0.666704318569
0.663826674529
0.660955262529
0.658090082567
0.655231134644
0.65237841876
0.650954397833
0.648111030008
0.645273894222
0.642442990475
0.641029875616
0.636801437108
0.632585462678
0.629782603107
0.626985975575
0.624195580082
0.621411416628
0.618633485213
0.615861785838
0.614478273164
0.613096318501
0.611715921847
