0.992954679833
0.985934287822
0.978938823967
0.971968288269
0.966756745598
0.963290173866
0.956375726519
0.951206250112
0.944335427039
0.940909363561
0.935781953417
0.928968776705
0.925570757403
0.920485413523
0.917102974319
0.912041000585
0.903635537891
0.900284258882
0.895269025442
0.890267814089
0.886941463236
0.88196362203
0.880307457647
0.875348312559
0.872050005881
0.868757931243
0.865472088645
0.860555009819
0.855653511092
0.852392596649
0.849137914246
0.845889463881
0.844267575713
0.839411259269
0.834570522923
0.832959540823
0.831350116734
0.826531192524
0.824928000474
0.823326366433
0.81853081237
0.815341566376
0.810569382459
0.805811220631
0.802646902793
0.799488816995
0.797912111111
0.793191341517
0.790051951836
0.785354552388
0.782230742805
0.77911316526
0.776001819755
0.772896706289
0.769797824863
0.765161187795
0.763618758126
0.760538572816
0.757464619546
0.754396898314
0.751335409122
0.748280151968
0.745231126854
0.742188333779
0.739151772742
0.736121443745
0.734608616261
0.731587635323
0.728572886423
0.725564369563
0.722562084742
0.718070342583
0.715083637859
0.712103165175
0.709128924529
0.706160915923
0.703199139355
0.701720588086
0.700243594827
0.697294282338
0.694351201888
0.691414353477
0.688483737105
0.685559352772
0.682641200478
0.681184461345
0.67827565711
0.675373084914
0.672476744757
0.671030911693
0.666704318569
0.662390189524
0.659521893543
0.655231134644
0.65237841876
0.649531934916
0.64669168311
0.645273894222
0.642442990475
0.639618318767
0.638208319928
0.635392996279
0.633987671469
0.631181695878
0.629781045097
0.626984417565
0.624194022072
0.621409858618
0.620020113906
0.615860227828
0.613094760491
0.611714363837
0.610335525193
