5038
588
893
566
273
5069
5022
1028
140
370
5030
95
458
647
1768
5033
1139
543
8344
286
887
155
613
80
90
823
1806
2718
2630
195
530
102
7954
128
1569
200
851
1672
82
353
114
734
478
20764
1819
4063
1588
9129
2666
1053
1528
136
516
554
1330
76
4746
1817
2348
151
4153
5036
2215
9137
184
443
2737
878
342
3237
78
93
225
2753
127
91
444
147
20805
8556
8557
33806
3311
308
1031
213
1725
686
16625
652
343
1304
133
1365
1507
5020
2939
106
929
4880
416
360
9135
301
1
1824
1334
292
4152
4876
72
2323
520
56
107
232
2111
4398
5053
1821
880
3027
277
316
910
74
9500
5237
385
1202
2015
314
22587
35675
939
1359
6084
5050
1793
2773
1371
390
2253
2720
81
802
1443
274
920
1970
13634
2715
79
89
919
6831
1927
9044
659
2736
879
960
3844
1161
2088
4262
2728
4093
10815
5027
5051
402
621
5052
9861
13633
876
109
6289
875
2601
9132
3174
4154
1470
8558
144
915
5023
8032
4618
6917
2047
3161
922
30172
1233
8560
1813
4183
620
13635
13637
192
1000
5070
2271
1935
5042
449
406
4621
3258
4272
2637
2947
5021
54
14862
4216
1833
950
287
4904
5057
9504
928
8566
26576
10281
539
593
4755
1027
1046
4224
22463
255
1323
188
4124
11812
8072
4737
9131
26142
918
10893
13396
46
948
5028
26811
581
442
1025
4227
10280
244
8565
1552
3295
30779
75
28825
7059
2186
5853
9752
101
2550
9313
575
9130
1112
15198
172
391
1559
279
409
3057
18722
35279
1185
2189
10601
5024
5029
165
5150
86
775
8559
8987
26854
694
26897
815
53
24812
819
5830
8194
10959
23873
26911
27605
92
707
1252
1481
23043
215
383
386
585
4256
5068
9134
13267
1108
1560
3742
958
1885
5064
13266
4205
239
824
1168
6829
16201
24464
26990
11547
12110
923
1050
5032
145
23648
1213
4027
13640
454
521
1401
2667
6707
6828
24890
592
1308
4642
8071
28933
473
5729
22319
23946
30513
1061
1087
3354
16202
24810
438
560
1259
2723
4480
5061
5557
18778
6009
21255
492
645
1234
5045
6231
26584
403
1063
1164
3334
4232
8678
8857
19467
2746
9754
19815
121
716
924
2510
3251
17278
20183
21241
354
368
1771
20374
186
498
3058
6653
14338
20963
212
1038
4128
4757
14144
22063
22423
25323
1790
6357
6782
205
773
861
1316
2385
4121
11744
32745
1208
1459
1767
4536
7523
20966
280
290
852
889
1043
1207
1668
4486
5046
5587
7990
13744
29813
267
393
822
1126
1137
1302
1783
2165
3318
4075
14827
26015
6664
12015
20919
264
300
1030
1628
1765
2296
3108
3266
4065
6681
6833
8271
19325
25158
254
423
448
1572
1652
1762
1936
3200
3333
5518
5881
7657
10124
11190
13577
15264
20157
25529
26378
26856
28097
28509
112
678
974
1084
1585
2264
4132
4677
5049
5211
8794
12512
420
441
452
528
537
853
1111
1847
2294
7541
7578
9239
11191
13366
23960
30808
604
959
1118
1332
1966
2263
3535
3679
3733
4995
5190
7428
9136
11165
12076
12844
16797
17181
20336
20654
29012
233
505
614
615
700
782
1188
1217
1350
2580
2741
3065
3313
4477
4545
4884
5074
8350
8694
11040
16692
21236
24743
898
1159
2160
2168
3626
3906
4160
6069
7193
7638
7641
7998
10084
11922
17179
281
573
1113
1324
2516
2668
2828
3050
3128
3197
3267
3604
5883
6049
6785
6976
8315
8340
11494
16867
18603
22118
26709
355
1071
1713
2573
2703
4070
4197
4223
4577
5614
7459
7993
9079
10458
11298
11818
12329
13578
13987
16203
16207
16781
17824
293
367
419
510
551
642
1104
1190
1354
2061
2697
3253
3370
4142
4534
4760
4767
5202
5833
6022
6738
6892
7547
7651
9358
9527
10928
12676
15201
18384
19720
23317
24467
27
122
284
364
425
525
639
703
727
1499
1778
2651
3033
3215
3352
4802
4878
5199
5824
5943
6008
6340
6899
7553
7571
7581
8031
8629
8782
10897
11680
11890
13432
13630
14886
15247
15323
16017
16987
18067
18861
19464
19912
23840
26699
30545
296
408
418
457
491
504
675
1130
1153
1236
1245
1831
2270
2635
2696
2782
4260
4538
4736
5105
5174
5971
6202
6671
6982
7102
7784
9499
10330
12116
13419
13427
19284
19840
20652
21680
23364
24159
134
462
636
653
664
897
1059
1101
1160
1189
1300
1310
1734
1781
1798
3461
4218
4246
4451
4740
5071
5170
7140
8103
10778
12354
13093
13585
13628
14057
14196
16210
16295
17925
20051
20205
22201
224
243
349
451
477
751
812
1032
1132
1384
1461
1546
1922
2648
3110
3969
4238
4450
4766
5118
5536
5742
5907
5963
5990
6175
6320
6783
6876
7324
7516
12409
14171
16216
16978
17832
19711
26435
196
295
446
526
587
726
760
796
925
1102
1106
1193
1198
1289
1320
1478
2679
3038
3157
3219
3949
4263
5141
6081
6258
7083
7165
7235
7283
7331
7467
7527
9501
9799
10032
11692
13256
13415
13747
14055
14577
15003
15666
16782
18880
19901
20990
24025
153
183
313
493
513
556
742
764
813
1049
1122
1439
1487
1607
1899
2096
2937
2977
3280
3795
4139
4349
4517
4542
4678
4698
5041
5279
5333
5406
5515
6242
6944
7721
8005
8169
10733
11115
11394
12542
13268
14065
15282
16983
18719
20632
20669
25658
26163
27888
13
221
544
548
607
778
804
1073
1077
1095
1103
1179
1253
1686
1772
1944
2491
2579
2943
3823
4392
4752
4991
5384
5748
5948
6193
6405
6509
6734
6794
6909
7720
8878
10245
10278
10958
11033
11083
11350
11423
14036
18617
19249
19355
20220
20482
20692
21426
23371
24152
25080
25766
26832
27149
30184
30683
166
307
562
564
576
735
753
766
787
839
946
966
967
1037
1158
1162
1210
1315
1396
1416
1472
1527
1549
2090
2218
2258
2383
2503
2673
2680
3001
3241
3245
3246
3271
3297
3357
3418
3635
3688
4136
4335
4639
5276
5500
5939
6143
6198
7530
7551
8685
9172
9534
9909
11352
11527
11925
13175
13205
13405
13424
13631
13658
14893
19876
23034
23868
23869
27812
291
315
326
382
404
519
579
681
691
779
830
860
869
907
917
971
1105
1238
1313
1340
1775
1803
1880
1919
2018
2091
2144
2229
2288
2560
2563
2610
2613
2642
2708
2754
2951
3016
3151
3263
3350
3649
4164
4176
4191
4237
4459
4522
4697
5398
5467
5702
5787
6031
6144
6560
6600
6786
6872
7736
7786
8524
8671
9521
9896
10387
11099
11117
11204
11864
13756
14255
15165
15166
15395
15990
16242
16808
17993
19823
20353
20626
22021
22385
23722
25595
26007
26033
30201
34497
35732
171
175
180
263
358
399
471
500
508
558
610
723
772
1057
1076
1411
1486
1697
2060
2121
2125
2276
2320
2436
2524
2620
2631
2724
2740
2953
3039
3104
3109
3223
3226
3356
3499
3518
3593
3924
4323
4358
4478
4498
4560
4700
4723
4735
4815
4879
5214
5716
5839
6047
6048
6706
6889
6898
7096
7113
7195
7255
7517
8938
9933
10903
11077
11631
12363
12665
12896
13303
15164
15465
16288
16710
17512
18808
19240
19382
19872
20268
20280
20772
20820
21580
22321
22341
22566
22694
22738
23483
24889
25089
25504
25791
25826
29101
29818
29851
30340
30862
33707
34529
35115
132
241
312
506
524
527
535
623
842
871
937
951
1170
1176
1326
1594
1657
1818
2251
2252
2509
2570
2577
2622
2640
2652
2818
2868
3107
3143
3145
3236
3379
3530
3549
3836
4119
4193
4210
4230
4288
4378
4490
4496
4728
5172
5339
5531
5660
5769
6003
6582
6735
6921
7103
7437
7558
7640
7812
7995
8850
9038
9175
9361
10112
10334
10384
10484
10641
11297
11446
11522
11846
12421
12434
12456
13883
14155
14285
14841
15146
15386
16461
16496
16630
16822
17283
18033
18283
18826
19026
19125
19721
19836
21581
21582
22354
22525
22920
22975
23139
23687
24153
24780
27148
27796
28014
30834
235
324
389
398
413
430
470
509
561
563
580
762
769
805
808
882
934
1048
1109
1120
1143
1205
1222
1224
1228
1356
1380
1458
1592
1663
1815
1886
1891
2142
2290
2386
2497
2565
2578
2608
2941
3427
3460
3473
3476
3845
3904
4092
4497
4505
4510
4611
4699
5224
5666
5782
6255
6488
6927
7259
7663
7701
8029
8056
8264
8543
8699
8767
9502
10015
10359
10441
10560
10872
10997
11214
11227
11813
12350
13748
13972
13979
14114
14156
14189
15187
15281
18590
18757
19715
19826
20620
22034
23421
23706
24751
26161
26863
28901
29625
242
339
401
481
522
626
657
673
682
688
708
712
758
794
838
863
873
1044
1082
1099
1116
1154
1303
1428
1429
1521
1619
1800
1911
2262
2398
2518
2572
2935
2936
3100
3171
3294
3327
3344
3438
3786
4140
4148
4174
4178
4220
4226
4240
4426
4615
4645
4687
4791
4937
5075
5148
5215
5695
5733
5749
6056
6210
6271
6523
6702
7089
7155
7188
7484
7532
7994
8166
8193
8374
8411
8876
8981
9021
9174
9251
9761
9981
10412
11669
12362
12482
13022
13421
13486
13665
13796
13820
14141
14161
14219
14694
16503
16622
17113
17642
18748
19307
19962
20625
20958
21336
22544
23387
23676
24357
24650
24691
24700
27090
27233
27404
27810
28631
28642
28873
30193
30329
30448
33056
33954
35435
146
174
223
322
338
400
424
467
502
531
533
545
570
578
631
696
731
874
884
905
940
943
1054
1055
1079
1163
1169
1292
1394
1413
1422
1683
1797
1892
2029
2045
2057
2299
2479
2489
2590
2619
2700
2711
2751
2912
3080
3111
3115
3259
3310
3330
3364
3400
3541
3580
3729
3849
3899
3966
4057
4097
4129
4513
4559
4651
4680
4681
4684
4688
4758
5026
5212
5242
5246
5318
5351
5395
5680
5696
5727
5778
5799
5916
6020
6131
6376
6452
6518
7047
7120
7168
7248
7268
7292
7401
7468
7800
7927
7991
8016
8044
9589
9886
9917
9921
10241
10376
10415
10969
11356
12465
12668
13423
13666
14067
14115
14126
14134
14703
14876
15331
15601
16191
16489
17020
17167
17541
17748
18310
19126
19213
19466
20238
20618
20659
20821
21101
21284
21458
23288
23383
23490
24221
25124
25640
25864
26141
27728
27837
28514
28614
29761
34764
118
156
230
246
271
372
378
590
595
616
625
736
745
770
792
820
867
885
890
903
1036
1042
1052
1145
1221
1265
1339
1387
1485
1515
1517
1519
1597
1615
1616
1642
1760
1989
2011
2178
2267
2269
2494
2571
2593
2595
2615
2684
2705
2784
2793
2878
3035
3112
3122
3133
3210
3214
3244
3296
3792
3915
4074
4200
4217
4259
4306
4476
4691
4769
4853
4920
5035
5145
5167
5192
5196
5259
5320
5368
5552
5681
5941
6087
6092
6249
6436
6654
7009
7032
7107
7177
7205
7548
7700
7748
8001
8038
8220
8308
8529
8582
9121
9364
9474
9751
9910
9984
10374
10414
10427
10620
10972
11048
11252
11353
11453
12090
12327
12608
12770
12786
12886
13174
13743
13948
13984
14870
14880
14942
15275
15513
15566
15981
16098
16481
17240
17284
18009
18079
18115
18600
18773
19548
19786
20931
20964
22541
23082
23140
23690
25085
25507
25928
27753
27871
27952
28611
29169
31488
33169
115
164
168
228
331
362
405
426
475
484
517
559
661
676
677
684
699
768
784
817
829
1026
1045
1068
1083
1086
1092
1127
1150
1287
1305
1373
1448
1483
1759
1770
1828
1845
2006
2071
2216
2303
2420
2564
2566
2575
2576
2750
2931
2955
2992
3036
3147
3185
3247
3292
3316
3367
3437
3448
3492
3565
3791
3802
3970
4012
4161
4185
4383
4499
4504
4519
4531
4616
4703
4706
4776
4852
5110
5142
5248
5415
5471
5511
5676
5725
5726
5843
5856
5977
6023
6026
6072
6109
6124
6205
6486
6500
6789
6891
6986
6997
7007
7203
7216
7246
7308
7312
7385
7457
7512
7515
7544
7941
7962
8025
9216
9298
9357
9370
9496
9579
9967
10017
10181
10571
10841
11031
11043
11050
11085
11273
11284
11667
11825
11827
12318
12559
12562
13002
13113
13147
13203
13269
13409
13731
13735
14029
14145
14256
14446
14800
14829
14838
14913
16031
16085
16318
16616
16618
16998
17128
17268
17565
18279
18612
19017
20052
20231
20378
20643
21026
21136
21319
21432
21801
22115
22359
22422
22913
23369
23456
24167
24426
25326
26021
26036
26711
26803
26817
26818
27781
28636
28979
29040
34069
83
85
119
138
149
269
340
455
461
541
584
603
618
628
672
704
744
837
895
930
931
1051
1171
1368
1442
1464
1471
1596
1640
1654
1669
1689
1696
1788
1807
1809
1864
1888
1895
2066
2473
2506
2511
2628
2646
2717
2770
2785
2816
2910
2922
2975
3043
3066
3081
3169
3186
3188
3317
3417
3480
3552
3596
3644
4014
4083
4133
4141
4144
4170
4274
4390
4514
4521
4547
4564
4588
4623
4640
4714
4793
4826
4827
4872
5015
5277
5299
5301
5308
5315
5437
5450
5638
5700
5713
5776
5920
5926
6015
6024
6033
6068
6180
6283
6305
6373
6406
6445
6460
6522
6550
6790
6834
6854
6951
7074
7080
7095
7397
7611
7802
7821
7848
7975
8062
8085
8177
8326
8372
8489
8668
8684
8698
8760
9076
9133
9300
9586
9594
9960
10065
10248
10443
10534
10603
10797
10799
10915
11143
11678
11773
11952
12077
12178
13161
13265
13746
13923
13983
14039
14180
14275
14301
14646
14686
15969
16236
16737
16788
16846
16853
16972
17040
17046
17100
17116
17275
17498
17582
17818
18387
19149
19764
19877
20237
20471
20630
20928
20939
21347
21350
21401
21828
22035
22085
22757
23025
23197
23363
23881
24695
24811
25488
26529
26660
26812
27037
27475
27719
27721
27876
28587
33209
34894
35360
35390
99
143
169
229
252
261
265
336
346
465
466
480
490
549
582
589
596
599
638
641
660
662
666
780
789
803
845
909
913
945
1018
1023
1056
1070
1098
1167
1199
1390
1393
1397
1406
1409
1455
1484
1523
1574
1660
1674
1736
1763
1856
1871
1883
1898
1909
1939
1946
1947
1953
1960
1996
2041
2092
2265
2279
2316
2333
2354
2472
2486
2493
2519
2528
2596
2603
2621
2633
2692
2706
2743
2760
2771
2800
2837
2916
2993
3021
3067
3082
3103
3105
3114
3138
3216
3276
3285
3430
3470
3487
3514
3546
3673
3743
3767
3815
3841
3968
3994
4241
4317
4370
4453
4544
4572
4587
4652
4682
4787
4847
4866
4900
4947
4970
5090
5195
5264
5343
5509
5645
5677
5928
5934
5988
6018
6060
6080
6085
6128
6150
6316
6410
6633
6803
6815
6836
6890
6920
6926
6958
7082
7106
7183
7186
7218
7492
7552
7654
7668
7692
8026
8030
8219
8341
8354
8391
8495
8521
8650
8740
8962
9153
9154
9193
9549
9869
9959
10053
10214
10247
10937
11243
11261
11598
11648
11671
11679
11718
11760
11785
12020
12148
12195
12200
12675
13096
13404
13417
13707
13922
14035
14268
14296
14580
14701
15271
16026
16204
16228
16416
16472
16573
16621
16700
16715
16812
17187
17236
17380
17670
18746
18852
19130
19260
19310
19374
19475
19685
20288
20661
20675
20856
22024
22047
22352
22446
22529
22743
22858
22911
23030
23101
23392
23786
24059
24832
25082
25325
26048
26090
26342
26384
26454
26851
26866
27170
27208
27313
27962
28621
28644
28794
29283
29707
30187
32237
33860
34751
35648
5
97
176
193
240
319
344
357
429
464
469
547
611
656
687
709
797
855
872
985
1033
1078
1091
1094
1152
1166
1196
1312
1357
1389
1392
1423
1425
1432
1457
1467
1475
1476
1490
1532
1601
1662
1716
1786
1810
1814
1835
1875
1894
1914
1934
2039
2118
2184
2250
2477
2487
2496
2512
2574
2583
2599
2604
2659
2676
2699
2957
2963
2972
3008
3064
3126
3192
3288
3319
3368
3369
3378
3386
3388
3399
3435
3440
3477
3485
3491
3495
3650
3711
3721
3727
3776
3933
4017
4066
4162
4195
4231
4243
4293
4297
4524
4535
4561
4594
4603
4629
4650
4778
4795
4800
4836
4921
5025
5083
5088
5168
5203
5223
5313
5336
5460
5465
5490
5507
5556
5779
5780
5946
5987
5994
5997
6002
6135
6189
6196
6314
6327
6328
6517
6641
6830
6845
6851
6862
6887
6912
6936
6973
7131
7156
7294
7302
7405
7520
7526
7531
7559
7594
7597
7605
7608
7615
7618
7680
7785
7888
7945
8003
8051
8294
8325
8353
8392
8440
8478
8546
8553
8561
8572
8763
8776
8808
8833
8912
9009
9185
9230
9258
9449
9452
9516
9535
9580
9721
9839
9922
9958
10040
10345
10363
10379
10405
10844
10881
10960
10987
10991
11113
11213
11445
11619
11762
11934
11937
11968
12082
12102
12155
12169
12202
12291
12323
12417
12446
12514
12526
12587
12720
13116
13160
13226
13410
13579
13671
14051
14167
14170
14222
14287
14353
14528
14750
14752
14851
14881
15195
15260
15267
15286
15383
15410
15512
15672
15697
15797
16151
16296
16343
16449
16498
16632
16640
16691
16738
16892
17005
17098
17124
17185
17211
17253
17289
17336
17421
17739
17921
18000
18090
18184
18288
18473
18493
18567
18645
18656
18697
18721
18725
18759
18803
18810
18962
18991
19221
19259
19453
19525
19545
19575
19643
19647
19664
19681
19744
19835
19862
19921
20177
20248
20448
20579
20616
20624
20645
20884
20923
20942
20985
21027
21328
21404
21425
21521
21637
21708
21721
21854
22207
22243
22329
22562
22787
23020
23076
23306
23432
23518
23585
24011
24063
24151
24182
24186
24214
24377
24475
24911
24944
25321
25724
25744
25846
26009
26214
26217
26320
26372
26432
26665
26677
26713
26831
26849
26970
27194
27411
27435
27507
27867
28041
28072
28103
28191
28593
28617
28639
28935
29197
29296
29440
29849
29882
29885
29923
30434
30483
31417
32065
32840
32875
32877
33003
33367
34104
34401
34531
34618
35001
35232
35413
35481
35488
35546
35761
35778
36597
36608
154
178
203
217
384
507
542
586
602
622
633
674
685
724
733
754
800
818
836
865
870
933
973
991
1133
1135
1174
1195
1204
1242
1246
1297
1333
1338
1430
1436
1438
1541
1547
1656
1667
1691
1731
1823
1851
1853
1857
1951
2052
2053
2070
2075
2099
2110
2176
2254
2260
2261
2277
2308
2430
2471
2474
2515
2561
2623
2664
2689
2704
2781
2814
2911
2950
2986
3075
3129
3141
3230
3281
3315
3324
3336
3349
3384
3404
3443
3475
3572
3680
3755
3793
3826
3959
4042
4049
4060
4080
4115
4173
4182
4276
4284
4294
4305
4308
4393
4395
4460
4529
4599
4601
4671
4726
4756
4770
4820
4838
4863
4911
4915
4946
5010
5076
5102
5138
5177
5210
5225
5256
5257
5275
5287
5314
5316
5365
5428
5466
5478
5498
5632
5674
5705
5708
5722
5775
5817
5953
6063
6115
6125
6236
6449
6565
6696
6750
7014
7030
7122
7176
7187
7204
7244
7277
7303
7326
7382
7538
7549
7555
7604
7655
7679
7683
7730
7816
7890
7969
7983
7986
7997
7999
8034
8081
8160
8212
8214
8223
8240
8322
8335
8467
8602
8655
8659
8695
8732
8971
9008
9113
9211
9260
9268
9292
9346
9417
9508
9517
9524
9578
9616
9620
9803
9829
9883
9953
10096
10174
10236
10243
10305
10574
10803
10825
10843
10859
10929
10949
11014
11016
11042
11057
11228
11754
11799
11809
11821
11974
11991
12192
12325
12415
12476
12687
12696
12757
12800
13115
13128
13272
13418
13422
13569
13583
13627
13639
13674
13724
13884
13967
14001
14159
14210
14228
14394
14396
14594
14923
15002
15173
15297
15478
16034
16441
16759
16844
16887
17037
17052
17072
17314
17403
17893
18020
18056
18088
18448
18472
18474
18610
18710
19018
19197
19462
19726
19761
20223
20318
20352
20611
20918
21117
21253
21488
21506
21662
22517
22565
22596
22776
23032
23105
23448
23450
23884
23886
24643
24670
24776
25518
25669
25761
25804
26030
26040
26051
26162
26388
26609
26716
26883
26912
27126
27490
27724
27869
27870
28515
29288
29600
29886
30182
32166
32676
32753
33044
34171
34363
34508
34766
34899
35263
35296
35547
35639
35735
35738
35916
36078
55
73
111
113
142
160
219
245
288
309
345
373
381
450
456
459
488
557
594
640
706
719
798
801
936
1011
