0.928385104888
0.91164791245
0.897704018385
0.882027296575
0.8713573299
0.863121675628
0.855089811949
0.847041131591
0.839030294484
0.833981827926
0.827328287181
0.822046106312
0.814101574161
0.805715755247
0.797373541326
0.791079048204
0.78255048921
0.775844555538
0.770312865327
0.765268210573
0.760705944537
0.754919203426
0.745513635365
0.740602101345
0.736419641762
0.731995095639
0.728444789564
0.723438490646
0.718399185452
0.713327513392
0.709272925387
0.706875637156
0.703386885374
0.699360686853
0.695643013698
0.69020939465
0.686614636318
0.680579166193
0.677693341741
0.674277451076
0.670821576983
0.667568552863
0.663018159082
0.660411008498
0.657087323327
0.65396381599
0.650895623846
0.647786879323
0.645114522936
0.64197224546
0.638837459481
0.635757689247
0.634102423961
0.629338466995
0.625952961551
0.620892559325
0.619069958665
0.616830499197
0.614827706251
0.611760093629
0.609070587648
0.606340782937
0.603663237283
0.601681955312
0.598785088254
0.595437110759
0.593286529384
0.590729224654
0.588541636722
0.585903755671
0.582728057974
0.579335027564
0.577078473107
0.575006329638
0.57329736618
0.571007761411
0.56917041379
0.566576405475
0.564255705615
0.561984254474
0.559362238912
0.55772102657
0.555595489662
0.552503183103
0.550695880741
0.548320066494
0.545861759456
0.543583935345
0.541005297548
0.53926050419
0.536909558266
0.535214808045
0.533392700594
0.531530447661
0.529628232438
0.527729443259
0.525704980806
0.523383807113
0.522010745666
0.519997253599
0.51773141976
0.515896714332
0.51474634925
0.513427144506
0.511345457435
0.5100306264
0.508463539905
0.506729868419
0.505674185447
0.504450966293
0.502976640153
0.501714651219
0.495851263608
0.494681747911
0.493388531777
0.492055378015
0.491056692432
0.489643652841
0.487030807451
0.484590190775
0.48265031197
0.481249429991
0.479891686217
0.478576904504
0.476690149633
0.475297944616
0.473703527275
0.472234105045
0.471296503444
0.46934277074
0.468001926433
0.466622477924
0.46544748408
0.464395302894
0.463182724733
0.461528273242
0.46011817177
0.458750398231
0.456863158959
0.453302139672
0.451745114648
0.450589035383
0.449354889881
0.44859929311
0.447447258162
0.446257029431
0.444395585009
0.443446542712
0.441748801529
0.440763182472
0.4399361179
0.439149154774
0.438323598014
0.43706713831
0.435851680158
0.434911809794
0.434012049683
0.433113214339
0.432371401009
0.431591231842
0.4307338666
0.429760642951
0.428244637095
0.427274208886
0.426343658418
0.425375407377
0.424137670253
0.423635336499
0.421475336586
0.420628083897
0.419512608094
0.418552167376
0.416941470603
0.416175359665
0.415524721373
0.414416032484
0.413118092109
0.411784128074
0.411213051501
0.410642365973
0.410034069706
0.408401669959
0.407795036513
0.407302478873
0.406393923781
0.405826592077
0.404995234822
0.403900669336
0.403561274346
0.39995161933
0.399313793913
0.39860154144
0.397964813414
0.396730340279
0.396057748886
0.395273789052
0.394229707069
0.393149870928
0.392443133592
0.391737032144
0.390438073645
0.389956118245
0.389363388019
0.388327169202
0.387661741675
0.387255377659
0.385779674055
0.385153259389
0.384527355548
0.383828421489
0.382469483444
0.381442507019
0.380819627608
0.380087486466
0.379136763734
0.378041305186
0.377530600964
0.376692372246
0.376109789803
0.375564021917
0.374619015129
0.37385656451
0.372949924127
0.372406456711
0.371863382101
0.371393041782
0.370670051436
0.370092163289
0.369659023288
0.369154015634
0.368577290053
0.36814503959
0.367785026687
0.367425188169
0.366993612346
0.366706036048
0.366310804473
0.365879885676
0.364947101673
0.364087175265
0.363621781132
0.362727647131
0.361763237838
0.361192363833
0.360479420867
0.36033690097
0.359695933105
0.359233350266
0.358735522332
0.358273570096
0.357457005599
0.356995867159
0.356428722169
0.355932842412
0.354906801323
0.354235376018
0.353564565462
0.352929679925
0.352471472558
0.351731940321
0.350501692934
0.350045063836
0.349799311694
0.348257183355
0.347837021807
0.347277218591
0.346159209806
0.345845026623
0.345843647398
0.345215737251
0.344727745322
0.342919718998
0.342918840029
0.342606127667
0.342258828997
0.342050534346
0.341148840149
0.340386706592
0.339798369452
0.339521659614
0.339037696148
0.338726752294
0.338208848976
0.337863787364
0.337691322612
0.337553384279
0.337174194338
0.336554164973
0.3361755387
0.335281468111
0.335247103747
0.334937903741
0.334422901552
0.334148388256
0.333873987695
0.333565421814
0.333428327221
0.333085717564
0.332743285814
0.332059008881
0.331648741465
0.331272889495
0.330521932415
0.330112624996
0.329908066405
0.329771725718
0.329567267531
0.329396934148
0.32926070091
0.328546045802
0.328239953015
0.327832061811
0.327798081446
0.32752630194
0.327356496996
0.327186736089
0.327050959069
0.326847346384
0.326575972014
0.326440323581
0.326169107743
0.325830264091
0.325322330649
0.324747123448
0.324544229439
0.324375199538
0.323902199412
0.32359828203
0.323497006768
0.323193276102
0.32295713978
0.322822243492
0.322687377148
0.321811690939
0.321609716413
0.321239596241
0.321105059291
0.320802464767
0.320298466431
0.319392322781
0.319124053869
0.319023481431
0.31831994291
0.317751057596
0.317349740169
0.315980756506
0.315747272946
0.315580552323
0.315280563001
0.314814259954
0.314481362998
0.314281706557
0.314215167327
0.314048855362
0.313683119469
0.313384035539
0.312919104671
0.312719941439
0.31255402228
0.312023415298
0.311758269458
0.311725132834
0.311261420897
0.311228310695
0.31102968647
0.310731870793
0.310070632022
0.309212209902
0.30921206194
0.308651304012
0.308288745796
0.308025181749
0.307300998893
0.307070744093
0.306577698529
0.306380566262
0.305560101889
0.305199357979
0.305101004983
0.303987859595
0.3028111677
0.302517317074
0.302288862489
0.30206051183
0.302027894837
0.301832229869
0.301767022304
0.301734421164
0.301669224168
0.301147922991
0.301017668155
0.300985107528
0.300822336103
0.300789786045
0.300757237749
0.300431862236
0.30026923525
0.300106652301
0.299424323545
0.298775279376
0.298126899279
0.29790011456
0.297705793587
0.297511536026
0.297479165638
0.297026184528
0.296961498356
0.29683214715
0.296702825889
0.296605852118
0.296153561501
0.296056677564
0.295895239565
0.295766122634
0.295507980367
0.295475719189
0.295249942027
0.295056487693
0.294830870823
0.29476642421
0.294637552122
0.294508708217
0.294315495204
0.293704257296
0.293575617721
0.293382716486
0.293286288768
0.293189876903
0.29315774255
0.292611759766
0.292322908169
0.292322846518
0.292098275957
0.291969988674
0.291681471755
0.291425119134
0.290976851697
0.290848811019
0.290784801248
0.290720798524
0.290656802845
0.290368927099
0.290081179939
0.289953336544
0.289889425416
0.289761624297
0.289538043677
0.288995464038
0.28889976028
0.288804072376
0.288612742366
0.28848522308
0.288325865368
0.288134692128
0.288039129287
0.28800727853
0.287975429534
0.287848051166
0.287752535885
0.287307060365
0.28724344164
0.287020833347
0.286798309605
0.286639416919
0.286353547477
0.285655460682
0.285655057307
0.285559906648
0.285433065526
0.285116081619
0.285052705975
0.28495765572
0.28467260712
0.284387713528
0.284261136625
0.284039687375
0.283691874358
0.283660264921
0.283060029105
0.282902177443
0.282839048404
0.282807486526
0.282586613274
0.282365826333
0.282113597295
0.282019038488
0.28170396929
0.281546499865
0.281357590103
0.281263158121
0.281042878482
0.280728379997
0.280602615128
0.280476880204
0.28031974898
0.280068435901
0.280005623925
0.279911419172
0.279660291047
0.279628907078
0.279566144423
0.279283804951
0.279189721739
0.279001620489
0.278750904546
0.278437718351
0.27843768136
0.277874349936
0.277655419576
0.27762414834
0.277561611152
0.276437296332
0.276250109281
0.27625007229
0.276249730567
0.275657571054
0.27559525581
0.275408352354
0.275283785279
0.27522151231
0.27512811783
0.275034739202
0.274785804098
0.27416407316
0.274101927017
0.273760298493
0.273636104849
0.273449867225
0.2733257458
0.273294719407
0.273263694776
0.273015568182
0.272736563158
0.271993664768
0.271962714117
0.271900818102
0.271436959964
0.271375123838
0.271189659496
0.270973367806
0.270942475285
0.270726280476
0.270664525377
0.270664442588
0.270540953528
0.27038663712
0.269954867537
0.269924033143
0.269708246993
0.269523355127
0.269492545394
0.269400126763
0.269153765155
0.269030623102
0.268907509234
0.268907438775
0.268569044296
0.268384539952
0.268353795392
0.268261572284
0.2681386328
0.26795427818
0.267800696301
0.267555060415
0.267555023425
0.267401557803
0.267401513766
0.267002741652
0.267002561983
0.267002524992
0.266573392318
0.2657161768
0.26571612924
0.265716060543
0.265532540856
0.265257381104
0.265135133874
0.26510457603
0.265012914828
0.264890723966
0.264829638223
0.264768559525
0.264646425029
0.264585367469
0.264524316955
0.264432754395
0.264402237065
0.264341207689
0.264158163596
0.26403617354
0.263914208144
0.263761790593
0.263609417078
0.263487548563
0.263274350001
0.262787436085
0.262544134137
0.262361718886
0.262270533279
0.2619667163
0.261693427221
0.261663068422
0.261572002594
0.26138992026
0.261268567853
0.261238233715
0.260995634589
0.26093499978
0.260904685018
0.260662237378
0.260661922077
0.260086728967
0.259753942983
0.259572494775
0.259512025544
0.25936088329
0.2585759388
0.258304421751
0.258183791544
0.258153637075
0.257912470018
0.257550959873
0.257400390095
0.257340174514
0.257310069365
0.257279965978
0.257099382648
0.257009114763
0.256888782243
0.256798553109
0.256648205276
0.256527959067
0.256347643479
0.256107318401
0.256047254306
0.255777075969
0.255507029741
0.25541704369
0.255357060622
0.25532707173
0.255267099231
0.255147180654
0.255117204093
0.254967349468
0.254937383476
0.254548015807
0.254518074475
0.254338470517
0.254308541515
0.254158924688
0.254129006255
0.254069174673
0.253949534407
0.253770129495
0.253620669438
0.253590782711
0.253531014542
0.253142707273
0.253023283668
0.25299343217
0.252635406196
0.252396837296
0.252367022789
0.252277589837
0.252277420736
0.251979462381
0.251890098125
0.251830530762
0.251473292162
0.25141377412
0.251354263124
0.251294759174
0.251027127911
0.25072988647
0.250492224723
0.250462522949
0.250343735232
0.250314042265
0.250165605618
0.250106242585
0.249868867956
0.249601960654
0.249394465706
0.249364829106
0.249275929877
0.249157422232
0.248683810878
0.24856544415
0.248506271354
0.248417527134
0.248358371953
0.24812182345
0.247944490017
0.247914939729
0.247796761477
0.24770814232
0.24750145236
0.247471928495
0.24744240639
0.247353852407
0.247353658647
0.247235608981
0.247029093407
0.246616370513
0.246380656942
0.246321744843
0.246292291436
0.246233389906
0.246145050821
0.246086166906
0.24605672759
0.245968420212
0.245850703463
0.245850677041
0.245321452807
0.245292059289
0.245115738697
0.245056978084
0.245056890011
0.245027512346
0.244998136443
0.244880650446
0.244763194393
0.244704476055
0.244645764763
0.244587060516
0.244557711035
0.244469673161
0.244440330726
0.244352313989
0.244234988284
0.244147008538
0.244088364181
0.244029726871
0.244029645843
0.243795172342
0.243765870421
0.243707271862
0.243414423508
0.243385144485
0.243150984525
0.243063200301
0.242858442665
0.242653766057
0.242566071667
0.242419951343
0.242303090664
0.242302955032
0.242186122537
0.242156917496
0.242127714216
0.242098512698
0.241952535051
0.241952517437
0.241923326487
0.241923293019
0.241719018024
0.241602321162
0.241602173199
0.241485506281
0.241281414478
0.241223115368
0.241077398418
0.240989989386
0.240902596206
0.240524102043
0.240407694061
0.239391256463
0.23913002283
0.239013953048
0.239013900205
0.23901388259
0.238984869548
0.238231449944
0.238115600345
0.237797175562
0.237797120957
0.237478895218
0.237276501465
0.237276402823
0.237189686045
0.237189652577
0.2367852385
0.236525422844
0.236467701493
0.236467639842
0.236381071027
0.236236824898
0.23609262809
0.235746759727
0.235746597673
0.235746458517
0.2356312131
0.23557360096
0.235429606719
0.235400812099
0.235314438806
0.235285651231
0.235256865418
0.234365998929
0.234251093473
0.234251028299
0.234222305899
0.234021300177
0.234021169829
0.233906347162
0.233906303126
0.233734127254
0.233590696682
0.233303994069
0.233046084315
0.232988789238
0.232960144342
0.232931501207
0.232788311955
0.232502065561
0.232416227753
0.232273197032
0.231844436026
0.231815861588
0.231587334783
0.231501664314
0.231301833488
0.231273292518
0.231216215862
0.231102083688
0.231073555049
0.231016503054
0.230930938272
0.230816881841
0.230788370816
0.23073135405
0.23067434433
0.230446393523
0.230389419033
0.230275496473
0.230161596812
0.230133126301
0.229933882042
0.229876970963
0.229706280004
0.229677837676
0.229535663026
0.229393532413
0.229365109461
0.22933668827
0.229109398012
0.228768729485
0.22862683667
0.228598461277
0.228456610736
0.228428245912
0.22839988285
0.228173041764
0.228116349108
0.227946323981
0.227833007364
0.227663087925
0.227266894591
0.227210314668
0.227153741791
0.227125457994
0.226899256319
0.226842722194
0.226786195115
0.226673167378
0.226616661436
0.22656016254
0.226418947887
0.226418923226
0.226390685228
0.226305981801
0.226277750849
0.226249521657
0.225910988023
0.225741787261
0.225685397575
0.225488094447
0.22529087763
0.225234544312
0.225178218039
0.225121898812
0.22500928678
0.224952988691
0.22486855653
0.224840415411
0.22478413846
0.224727868554
0.224699736243
0.22450286115
0.224474742931
0.224362287669
0.224025154397
0.223884732402
0.223772425103
0.223604024045
0.223575962192
0.223575888211
0.22354782812
0.223491713223
0.223435605371
0.223323412568
0.22329536833
0.223211246186
0.223183208994
0.223155173564
0.2231550485
0.223070952777
0.223042924393
0.223041960873
0.22292986495
0.222873827557
0.222649759012
0.22262175705
0.222565758409
0.222369825698
0.222369793992
0.222034152678
0.222006189468
0.221894354241
0.221252183297
0.221112633226
0.22111257862
0.221084673538
0.221000968861
0.220889392568
0.220861501578
0.220694194387
0.220526954132
0.220304085143
0.220248378905
0.220109144136
0.220081302466
0.220025624412
0.219497224542
0.219413821074
0.219386023441
0.219385921276
0.219219175992
0.219191390689
0.219135825368
0.219135786616
0.219080228341
0.219080214249
0.21902466302
0.218719260725
0.218663755294
0.218636005221
0.21855276733
0.218497283036
0.218358608412
0.218219972539
0.218136812153
0.217970544225
0.217665881745
0.217527467817
0.217499789963
0.217472113871
0.217416766971
0.217333761594
0.217057234948
0.217029587039
0.216946653882
0.216863736577
0.216725578061
0.21667032628
0.216587463581
0.216504614974
0.216366574476
0.216338970604
0.216256169556
0.216063030524
0.215456795168
0.215374163221
0.215346622762
0.215236478538
0.215208946886
0.214961260658
0.214906234344
0.214851215076
0.214713708301
0.214576236755
0.214521259762
0.214411326914
0.214356371059
0.21430142225
0.214191551053
0.214164086336
0.213916993721
0.213862101278
0.213779777587
0.213450731187
0.21342331403
0.213395898634
0.213231445012
0.212984901973
0.212957514761
0.212847983526
0.212820605121
0.212711109116
0.212683739518
0.212629005607
0.212546917952
0.212519558923
0.21230076948
0.21224608489
0.212218745237
0.212191407346
0.212136736847
0.21210940424
0.212054744311
0.212000091427
0.211808879435
0.211781567965
0.211481289764
0.211453999432
0.211426710862
0.211344857481
0.211317575956
0.211181198278
0.211044864636
0.21090857327
0.210881319929
0.210854068349
0.210663363658
0.21063612617
0.210608890443
0.210581656478
0.210499965151
0.210445513074
0.210418289678
0.21020060291
0.210146189586
0.209032954363
0.209032868051
0.209005736251
0.209005662269
0.208924277437
0.208897152683
0.208842908458
0.208815788988
0.208734442908
0.208707330484
0.208680219821
0.208598900163
0.208517596358
0.208382124071
0.20830086078
0.208273776539
0.20824669406
0.208219613342
0.208138381757
0.208111308085
0.207840705235
0.207786598405
0.207759547632
0.20773249862
0.207597283507
0.207381051707
0.207327004767
0.207326987152
0.207326962491
0.207299941663
0.207299920526
0.207110834618
0.20694883119
0.206894840616
0.206571076841
0.206490167603
0.20646320138
0.206409274219
0.206301442795
0.206247536771
0.205978161661
0.205520755759
0.205520665924
0.205413067013
0.205386171249
0.205359277246
0.205036783485
0.2049293114
0.204902447342
0.204795010485
0.204687605335
0.204607067767
0.204580224846
0.204392384292
0.204124203453
0.204097392239
0.203561654118
0.203561511439
0.203534737216
0.203507964754
0.203454425114
0.203374128865
0.203240342298
0.203160090086
0.203133342284
0.203133181991
0.202919280606
0.202892548658
0.202865818471
0.202839090045
0.202758917099
0.202732195719
0.202732068894
0.202732012527
0.202598432051
0.20257172124
0.202411493365
0.202358098166
0.202304710012
0.202144589586
0.202091229616
0.202064552272
0.201984530812
0.20185119694
0.201797875722
0.201744561549
0.201717907105
0.201691254423
0.201611306943
0.201531375318
0.201424824477
0.200998918801
0.200945710316
0.200919108715
0.200865910799
0.200732948596
0.200679775341
0.200626609131
0.200546874789
0.200493726194
0.199697917005
0.199671398193
0.199565342323
0.197769818858
0.197690653468
0.197585124275
0.197505995876
0.197453252417
0.197400516004
0.197347786637
0.197295064316
0.197215994045
0.197136939627
0.197057901062
0.197031558397
0.19692620535
0.196873539396
0.196794553675
0.196689264041
0.196584004352
0.196557693393
0.196505076759
0.196426166781
0.196294687729
0.196268396146
0.196084409671
0.19605813218
0.196005582482
0.195926772907
0.195900505985
0.195795457671
0.195769199556
0.195323241396
0.195034911192
0.195008704159
0.194982498888
0.194903893643
0.194877695418
0.194877656665
0.194799072558
0.194589603011
0.194563425923
0.194458740471
0.19443257219
0.194223305211
0.194197152784
0.19385734209
0.193726722631
0.193465629915
0.193309058836
0.19328296806
0.193256879045
0.1932047063
0.1931525406
0.193126460393
0.192996085778
0.192891823076
0.192865760483
0.192787585035
0.192735475702
0.192631283459
0.192501081467
0.192396947352
0.192318867023
0.192292843182
0.192240800786
0.192188765434
0.192136737129
0.192136638487
0.192084617228
0.192006600311
0.191928597486
0.191902600067
0.19182461838
0.191746654307
0.191720669219
0.191694685892
0.191434986492
0.191279246823
0.191253293441
0.191201391961
0.190424430416
0.19042407284
0.190398177586
0.190346392362
0.187976841875
0.187975381623
0.187898204924
0.187898173217
0.187795298548
0.187589633759
0.187538232534
0.187512534564
0.18740976206
0.187204335068
0.187152986687
0.187050311063
0.18699898382
0.186742516703
0.186691231735
0.186639953813
0.186614317494
0.186537420867
0.186511791594
0.186409293877
0.186358054707
0.186255602788
0.186178778381
0.186127570917
0.186101969828
0.186050772932
0.185999583083
0.18594840028
0.185871639285
0.185820474097
0.185743739524
0.185718164856
0.185641451422
0.185590317939
0.185360315029
0.185334766783
0.185232596698
0.18520705726
0.185130451274
0.185104918881
0.184951772084
0.184926252022
0.184875217181
0.184747671474
0.184747588685
0.184722082714
0.184722042201
0.184722031632
0.184696527423
0.184696497478
0.184645494344
0.184492530739
0.184416072716
0.184288680256
0.184212264508
0.184161328309
0.184135862852
0.184084937222
0.184059477049
0.1839831071
0.183855860841
0.183804973963
0.183703226629
0.183601503956
0.183525229125
0.183474388046
0.183423554012
0.183347316172
0.183321907081
0.183169489529
0.183118697771
0.183042523343
0.182991749199
0.182966364769
0.182940982101
0.182712643772
0.182509790277
0.182484439315
0.182408398758
0.182357712687
0.182307033662
0.182281696791
0.182256361682
0.182256331738
0.182129686137
0.182079038818
0.182053717801
0.182003081051
0.181876520001
0.181800604508
0.181800523481
0.181674043459
0.181673807423
0.18116847566
0.180991727033
0.180890758265
0.18084028357
0.18078981592
0.180739355316
0.180739265481
0.180613155365
0.180461879241
0.180461836966
0.18041142216
0.180411399261
0.180184630395
0.180058705233
0.179983170216
0.179932822346
0.179656098416
0.179505223905
0.179404674365
0.179379540063
0.179329276743
0.179329222137
0.179329211569
0.179329123495
0.179278867221
0.179153267929
0.179052811747
0.178977488106
0.178952383749
0.178877081245
0.178851983933
0.178776702567
0.178751612302
0.178726523797
0.178425641415
0.178300341572
0.178275284774
0.178250229737
0.178225176462
0.178124982738
0.178074895564
0.177999778014
0.177974742353
0.177924676317
0.177499610858
0.177499563298
0.177099889315
0.176975049214
0.176974975232
0.176950011792
0.176925050113
0.176900090195
0.176825221011
0.176825180498
0.176750328928
0.176725381341
0.176700435515
0.176675491451
0.176575734569
0.176525865816
0.176500934082
0.176426149448
0.17640122476
0.176351380668
0.176226806547
0.176152081803
0.176002683397
0.176002611177
0.176002235986
0.17595244826
0.17592755704
0.175927535902
0.175703631174
0.175206657549
0.17520664698
0.175206585329
0.174933484726
0.174933204654
0.174933174709
0.17483391456
0.174809102605
0.174809070898
0.174709845978
0.174635443582
0.174412349126
0.174313231655
0.174214144129
0.174115084786
0.174065564803
0.174065538381
0.173966521314
0.173917022468
0.173719113397
0.173521320582
0.173298932472
0.17329888139
0.173274178646
0.173274168077
0.173126006218
0.17305194026
0.173051896224
0.172805161185
0.172780493671
0.172583227533
0.172558575871
0.1724599886
0.172410704653
0.172361427752
0.17228752561
0.172139779456
0.172016700817
0.172016610982
0.172016544046
0.172016471826
0.172016455973
0.171819631963
0.171819607302
0.171819596733
0.17181955622
0.171819513945
0.171819498092
0.171696532186
0.171696495195
0.171647320458
0.171622735732
0.171475274935
0.171401564793
0.171254190307
0.171057787286
0.170984165217
0.17059191932
0.17049389924
0.170444897126
0.170322427953
0.170077637568
0.169906382941
0.169808556622
0.169686311154
0.169612985011
0.169393138691
0.169368716019
0.169344295109
0.169295458573
0.169246629083
0.169002594366
0.168905032266
0.168880644824
0.168831875223
0.168588145239
0.167980046256
0.167955725749
0.16790709002
0.167858461337
0.167761225107
0.167712617561
0.167445453086
0.167299799548
0.167178466518
0.166984434425
0.166935939612
0.166887451846
0.166838971125
0.16679049745
0.166766263255
0.166717800149
0.166669344089
0.166475609683
0.166282005625
0.166209421057
0.166040121653
0.166015942063
0.165991764235
0.165967588168
0.165943413862
0.165895070536
0.165870901515
0.165774244806
0.165750084593
0.16572592614
0.165701769449
0.165605162062
0.165581014178
0.165532723696
0.16526729426
0.165194929875
0.165170811937
0.16490569428
0.164857502439
0.164712970953
0.16464072987
0.16456850288
0.164544430739
0.164496291742
0.164472224886
0.164448159791
0.164400034885
0.164375975075
0.164327860738
0.164279753448
0.164231653203
0.164063375447
0.164039340297
0.164015306908
0.163967245416
0.163247741002
0.163247672305
0.163247644122
0.163247549003
0.163031850926
0.163007891519
0.16288812619
0.162864177352
0.162840230275
0.162600905707
0.162576978006
0.162529127889
0.162409535183
0.162385621574
0.162266090519
0.162194386683
0.16190775629
0.161883879671
0.161716810278
0.161692947751
0.161621372501
0.161597517021
0.161573663301
0.161549811343
0.161406741871
0.161335230033
0.161287563108
0.161263732288
0.161239903229
0.161168428382
0.161144606369
0.161096967628
0.161025522726
0.160954095439
0.16090648488
0.160835082254
0.16078748931
0.160716114867
0.160692326322
0.160644754515
0.160620971254
0.159884639594
0.1598609127
0.159837187567
0.159789742586
0.159742304651
0.159694873762
0.159339373725
0.159315687345
0.159292002726
0.159244638772
0.159126264998
0.159007940544
0.158984278824
0.158936960669
0.158913304233
0.158865996646
0.158511458367
0.15832252923
0.158228099009
0.158086507403
0.15806291438
0.157874260031
0.157685702562
0.157520799767
0.157426607344
0.157332444866
0.157285373315
0.15723830881
0.157238287672
0.157214758062
0.157097141716
0.156909054558
0.156791549184
0.156768053042
0.156744558661
0.156721066041
0.156674086086
0.156580147314
0.15650971173
0.156462763481
0.156439291999
0.156415822278
0.156368888121
0.156345423685
0.156181228998
0.156157778653
0.156110883248
0.156087438188
0.156040553352
0.155993675562
0.155946804818
0.155923372088
0.155899941119
0.155876511912
0.155853084467
0.15580623486
0.155712558545
0.155642320245
0.155618910414
0.155595502345
0.155572096037
0.155572016771
0.155478410915
0.155408225459
0.155361442787
0.155338054094
0.155314667162
0.155151025574
0.155127652734
0.155057544782
0.155010814954
0.155010799101
0.15487065894
0.154823957296
0.154823641995
0.154800293815
0.15475360274
0.15470691871
0.154543606516
0.154450308915
0.154450291301
0.154426971304
0.154403653069
0.154380336596
0.154287093601
0.15424048003
0.154217175887
0.154193873505
0.154147274026
0.154123976929
0.154100681593
0.154054096205
0.153937667085
0.153914385841
0.153867828637
0.153844552677
0.153821278479
0.153728201061
0.15363515535
0.153565385599
0.153495633462
0.153472385686
0.153356183794
0.153332946587
0.153170346023
0.153077464128
0.153054248058
0.153031033749
0.152984610416
0.152961401392
0.152914988627
0.15245137181
0.152451354195
0.152428185685
0.152428169831
0.151919183035
0.151896055038
0.151826681616
0.151295510966
0.151272430529
0.151226274938
0.151203199785
0.151133984894
0.150949499925
0.15092644591
0.150880343163
0.150557937475
0.15055790753
0.150534883459
0.15051186115
0.150396776026
0.150396626301
0.150396561127
0.150373549387
0.15032753119
0.150258518867
0.150212518285
0.150166524749
0.150074558814
0.150051571734
0.150028586416
0.150005602859
0.149982621063
0.149890716779
0.149729969273
0.149729926998
0.14970696634
0.149684007444
0.1495462981
0.149477463685
0.149431582883
0.149385709126
0.14936277489
0.149316911702
0.14929398275
0.149225206463
0.14913353117
0.149018979768
0.148996073715
0.148973169424
0.148835787712
0.148835747199
0.148835696116
0.148812804155
0.14872125921
0.148652615033
0.148538246823
0.148538151704
0.148332412934
0.148332312531
0.148286607874
0.148263758188
0.148263666592
0.148240818668
0.148240806338
0.148217960175
0.147716093208
0.147693287558
0.147533704379
0.147214849799
0.147146556153
0.147010019943
0.147010019943
0.146873547146
0.146850806671
0.146737134239
0.146600782983
0.146532632015
0.146509917962
0.146396379401
0.146328275993
0.146282881353
0.14628284084
0.146260146163
0.146237453247
0.146214762092
0.146192072699
0.146146699198
0.146124015089
0.146123921732
0.146010538179
0.145783931368
0.145738621279
0.145693318236
0.145648022239
0.145647965872
0.145625320516
0.145240781015
0.145127733902
0.144992138313
0.144969544039
0.144946951526
0.144856600852
0.144811435203
0.144788855021
0.144743699941
0.144721125043
0.144698551906
0.144630844827
0.144630828974
0.144630656351
0.14460809026
0.144562963363
0.144517843512
0.144495286229
0.144472730707
0.14447264968
0.144382450491
0.144314815632
0.144269734533
0.144134544081
0.144134477145
0.144111949807
0.144066900414
0.144066866946
0.143617001863
0.143594515038
0.143459641649
0.143369756001
0.143347288552
0.143257438133
0.142920880859
0.142853589485
0.142808737376
0.142786313964
0.142763892313
0.14269663793
0.142651810482
0.1426293994
0.142472576431
0.14227108983
0.142271049317
0.14224866818
0.142226288804
0.142226029869
0.142225968218
0.142203590604
0.14215884066
0.14213646833
0.142091728955
0.142069361909
0.141979913104
0.141935198389
0.14189049072
0.141868139528
0.141622410284
0.141510779387
0.141421510251
0.141354574692
0.141176168529
0.140819675027
0.139797361192
0.139775175577
0.139752991724
0.139664273925
0.139575586071
0.139309688087
0.139265396123
0.139198971388
0.139176833333
0.139088298726
0.138933448595
0.138822883382
0.138800775272
0.138690264664
0.138668167122
0.138623977323
0.138535624147
0.138491455486
0.13844729387
0.138336922418
0.13831485306
0.138292785463
0.138226593241
0.13820453269
0.138182473901
0.138116309862
0.138050161677
0.13800607052
0.137917909343
0.137873839323
0.13782977635
0.137785720422
0.137653601959
0.137565553516
0.137082040984
0.136994175733
0.136950253676
0.13692829529
0.136774637669
0.136489527418
0.136401854166
0.136292300032
0.136248490709
0.136204688432
0.135963903612
0.135920147133
0.135592215738
0.135526673496
0.135504829605
0.135461147107
0.1354393085
0.135373803249
0.135330141888
0.13530831385
0.135286487574
0.135155568667
0.135090132112
0.134981106417
0.134959306562
0.134893917567
0.134872124758
0.134784976422
0.134719631464
0.134676075791
0.134654300597
0.134545461617
0.134523696992
0.134480173025
0.13421927407
0.134088873033
0.134067145398
0.133958538931
0.133915106561
0.133871681236
0.133806556461
0.133784851725
0.133763148751
0.133676354469
0.133589593654
0.133567906533
0.133351153341
0.133307819612
0.13328615539
0.13315620881
0.132918134881
0.132874871611
0.132853242618
0.132809989917
0.132766744261
0.132637053093
0.132615443476
0.132529027909
0.132507427099
0.132485828051
0.132421043238
0.132399451236
0.132377860995
0.132334685798
0.132313100842
0.132269936214
0.132226778631
0.132118920786
0.132075787864
0.132075761442
0.132075742066
0.131946392622
0.131903287883
0.131903201572
0.131881651845
0.131860103879
0.131817013232
0.131730853076
0.131666253216
0.131623194276
0.131601667448
0.131537097533
0.13149405973
0.131472543471
0.131236044288
0.131193055806
0.13115007437
0.131128586295
0.131042653367
0.130999696592
0.130978220846
0.130956746862
0.130935274639
0.130570613238
0.130506296973
0.130484861741
0.130463428271
0.130441996562
0.130399138428
0.130078000993
0.13005660099
0.129971020356
0.129906852054
0.129864081993
0.129842699605
0.129821318978
0.128650617817
0.128565500446
0.12852295233
0.128501680914
0.128416612865
0.128267829209
0.128246578931
0.127885651829
0.124246036104
0.124244959851
0.124224047773
0.124098629912
0.124056832179
0.124015041491
0.123994148789
0.123973257849
0.123973241996
0.123972940786
0.123910278534
0.123909681399
0.123888797504
0.123847035
0.12382615639
0.123721795047
0.123721204957
0.123700336916
0.123616884127
0.123616013965
0.123574297258
0.123532587598
0.123490884983
0.123386661034
0.123365821176
0.12334498308
0.123303312172
0.12324081902
0.123199165727
0.123178341722
0.123136698997
0.123053436446
0.123011814859
0.122845416583
0.122824622523
0.122803830225
0.122762250912
0.122741463898
0.122554482938
0.122512945901
0.122471415909
0.122429892964
0.122429855973
0.122305334696
0.122263839934
0.122180876832
0.122160139139
0.122139403208
0.122097936629
0.122035751733
0.121994302769
0.121952860851
0.121932142534
0.121911425979
0.121828579133
0.121828559757
0.121787146022
0.12170433969
0.121683642511
0.121642253437
0.121497473584
0.121497406649
0.121476727084
0.121435373239
0.121414698959
0.121373355682
0.12131135574
0.121311325795
0.121290662084
0.121249339945
0.121228681518
0.121208024852
0.121187369948
0.121146065424
0.121125415804
0.121104767945
0.121084121848
0.121084116564
0.121083875244
0.121063230908
0.121021947522
0.120980671181
0.120898144921
0.120856889718
0.120836264759
0.120815641561
0.12065073172
0.120547717895
0.120485927567
0.120444742822
0.120444732253
0.120362383901
0.120177231338
0.120156664507
0.120136099438
0.120094974583
0.120074414797
0.120033300511
0.119910017542
0.119848392791
0.119827854144
0.119766248769
0.119663611897
0.11947899658
0.119458489639
0.11904899022
0.11900805208
0.11872179864
0.118680916867
0.118640042139
0.118435837603
0.11839500515
0.118374591566
0.118313363145
0.118292956607
0.118252148815
0.11817055613
0.118109380552
0.118088991629
0.118068604467
0.118048219066
0.117987073433
0.117946318485
0.117925943653
0.117905570583
0.117864829727
0.117803731653
0.117783369152
0.117742649433
0.11770193676
0.117661231133
0.117600185903
0.117539156527
0.117478143004
0.117396821584
0.117376494312
0.117356168801
0.117315523064
0.117274884372
0.117254567669
0.117193628127
0.117071807171
0.116970334625
0.116868911401
0.116848629926
0.116828350214
0.116787796072
0.116767521644
0.116726978071
0.116666175923
0.116625649965
0.116605389629
0.116585131053
0.11656487424
0.116463616592
0.116443370347
0.116301722375
0.116281490221
0.116200579222
0.116139914469
0.116119696407
0.116018643089
0.115978229865
0.115937823686
0.11579648397
0.115756109497
0.115756023186
0.115735838592
0.115735808647
0.115715625815
0.115695444744
0.115574412923
0.115493753813
0.115453432185
0.115352664224
0.115352641325
0.115292200277
0.115231775082
0.115211636286
0.115191499252
0.115131100479
0.115070715797
0.114288330711
0.114288036547
0.11426798054
0.114267975256
0.11424792101
0.114247790662
0.114247736056
0.114227683572
0.114187583888
0.114187560989
0.114167513789
0.114127424674
0.114047272865
0.114007204887
0.113967143955
0.113947116132
0.113927090069
0.113907065768
0.113887043229
0.113867022451
0.113806972448
0.113786958715
0.1136069232
0.113586927082
0.113546940132
0.113486972917
0.11338706455
0.113367087808
0.113347112828
0.11332713961
0.113227310508
0.113227203059
0.11320724041
0.113107464152
0.113067561752
0.113027666397
0.112967838338
0.112908026132
0.112908015563
0.112748626144
0.112708787156
0.112310997938
0.112291116316
0.112271236455
0.112271213556
0.112271202987
0.112251324887
0.112211573973
0.112211526413
0.112171782544
0.112171745554
0.112132008731
0.111993011759
0.111933458487
0.111913610333
0.111913571581
0.111873880556
0.111754867371
0.111735035069
0.111735015693
0.111675531119
0.11167542367
0.111615954949
0.111338677919
0.111318882609
0.111219943045
0.111219817982
0.11120003324
0.111199656287
0.111140314391
0.111140221033
0.11114020518
0.111100651549
0.111100589898
0.111080815725
0.111061043313
0.111001738408
0.110981973042
0.110962209438
0.110902930955
0.110784421548
0.110665979076
0.110527894542
0.110409589464
0.11031104623
0.110251942132
0.110212547033
0.110133783256
0.110094409294
0.110035363324
0.109996006977
0.109917317182
0.109897648696
0.10985831701
0.109838653808
0.109779676535
0.109740365986
0.109720713354
0.109602852165
0.109602705964
0.109583065662
0.109543790342
0.109543735736
0.109484837729
0.109484663344
0.109445405639
0.109445132613
0.109444991696
0.109444915953
0.109444785604
0.109287837572
0.109268225454
0.10926808806
0.109268058115
0.109248447757
0.109209232327
0.109170023943
0.109150422393
0.109111224578
0.109052441065
0.109052365322
0.108934852903
0.108915272491
0.1089152355
0.108915212601
0.108915186179
0.108895607528
0.108856455511
0.108836882144
0.108836512237
0.108777804468
0.108758238147
0.10866043825
0.108621328507
0.108601776278
0.108582225811
0.108582211719
0.108523570885
0.108484485803
0.108464945904
0.108464933574
0.10830869365
0.108250128559
0.108211092798
0.10807453545
0.108016033772
0.10801594746
0.108015834727
0.108015801259
0.107996303635
0.107859896012
0.107801452462
0.107781974215
0.107743023004
0.107738991017
0.107737710434
0.107737458545
0.107737120344
0.10773710273
0.107717629767
0.107678689125
0.107678564061
0.107678440758
0.107677639293
0.107658171614
0.107658134624
0.10756083322
0.10754137611
0.107541247523
0.107541222863
0.107540294572
0.107462489031
0.10746245204
0.10746241505
0.107462404481
0.107345748132
0.107268009527
0.107267969013
0.107267969013
0.107229109398
0.10711257459
0.107073743159
0.107073730829
0.106996089103
0.106976683076
0.1068602839
0.106802108093
0.106782719679
0.106763333028
0.106685805798
0.106647051871
0.106627677549
0.106588934191
0.106530832364
0.106511468612
0.106453389684
0.10629859592
0.106279253305
0.10624057336
0.10620190046
0.105854346378
0.105815743937
0.105796445358
0.105757853486
0.105699978888
0.10566140463
0.105622837418
0.105565001572
0.105372331089
0.105333816721
0.10523756691
0.105199077203
0.105122118925
0.105083650354
0.105064418711
0.104949067606
0.104891414952
0.104545930589
0.104507567706
0.104450038355
0.103971267679
0.103894760335
0.103875637903
0.10379916755
0.103780053925
0.103760942062
0.103722723619
0.103665410927
0.103589021602
0.103455405896
0.103436323978
0.10341724382
0.103360013918
0.103340940806
0.10326467126
0.103245606956
0.103188424613
0.103169367354
0.103093155936
0.103074107486
0.103016972702
0.102826687238
0.102731591185
0.102693562981
0.102655541822
0.102636533885
0.102617527709
0.102579520642
0.102503529406
0.1023326852
0.102237823421
0.102180922912
0.102161959011
0.102161929067
0.10208609284
0.101858786728
0.101764139848
0.101726291312
0.101688449823
0.101650615379
0.101593876924
0.101574967629
0.101537154322
0.101480447574
0.101442651882
0.101385971555
0.101348193478
0.101329307082
0.101291539574
0.101253779111
0.101216025695
0.101197151629
0.101178279324
0.101102809481
0.101046224274
0.101046204898
0.100951942016
0.100857712603
0.100838872004
0.100820033167
0.100744700719
0.100707042421
0.100688215915
0.100669391169
0.100575295627
0.100518860144
0.100443640429
0.100406038498
0.0999930372928
0.0999555199121
0.0999180095772
0.099899257052
0.0998617572859
0.0995060722953
0.0994873585223
0.0994686465107
0.0994499362605
0.0993938178403
0.0993938125559
0.0993377099889
0.0992442485728
0.0989642342314
0.0988895957989
0.0988522862707
0.0988336341489
0.0988149837884
0.0987963351895
0.0987031291853
0.0986285893948
0.0986099584104
0.0985913291875
0.0985727017261
0.0985354520876
0.0984795926024
0.0984609757097
0.0984051356005
0.0983865257537
0.0983865169464
0.0981819319339
0.0980332909569
0.0978847556675
0.0978290793743
0.0978290740899
0.0977363172586
0.0976992261517
0.0976621420907
0.0975879968677
0.0975694645252
0.0975509339442
0.0975324051246
0.0975138780665
0.0974953527699
0.0974583074611
0.0973842397423
0.0973657267759
0.0973101984455
0.0972731883659
0.0972361853322
0.0972176864575
0.0971806939925
0.0971622004022
0.0971437085733
0.0971252185059
0.0970882436555
0.0970880622249
0.0969771975635
0.0969402508965
0.0968294707853
0.0967187470408
0.0966265186481
0.0966264939877
0.096626453474
0.0966264235292
0.0966263953458
0.096626361878
0.0966079211316
0.0965894821466
0.096497315405
0.0964788869888
0.0964420354408
0.0963131369307
0.096276317089
0.0961659068847
0.0961475101748
0.0960923323754
0.0960739427114
0.0960004034313
0.0959268958575
0.0959085220466
0.0958717797092
0.0958350444177
0.0957799546913
0.0956881772329
0.0956331315431
0.0955964420496
0.095578099945
0.0955047509028
0.0954864176056
0.0953764724274
0.0953581514603
0.095303199128
0.0952116524212
0.0951750439549
0.095156742364
0.0951384425345
0.0951018481599
0.0950835536148
0.0950652608312
0.0949189872592
0.0948824351597
0.0947545653434
0.0947545459673
0.09473628489
0.0946997680197
0.0946632581954
0.0945902649685
0.0945537762817
0.0945172946407
0.0943532355861
0.0942439386259
0.0941165056522
0.0940983062261
0.0940619126582
0.0939527847983
0.0939164194138
0.0938073725813
0.0935894973374
0.0935713489937
0.0932813753457
0.0932808768519
0.0932446418156
0.0931903024721
0.0931721928806
0.0931359789818
0.0930997721289
0.0927023316798
0.0926842696477
0.0925939911936
0.092592555602
0.0925925133269
0.0925924305382
0.092520240538
0.0924841534645
0.09246611257
0.0924480734369
0.0924300360652
0.0923939666064
0.0923759345191
0.0923759239503
0.0923578936246
0.0923398650602
0.0920158916713
0.0919079651287
0.0918899806009
0.0918896512075
0.0918716684412
0.0918536874363
0.0918357081929
0.0917638141184
0.0917635780825
0.0917276389718
0.0917271721844
0.0917271034874
0.0916911714225
0.0916552464035
0.0916193284304
0.0915295696075
0.0914936762949
0.0914219125685
0.0914218984768
0.091421868532
0.0913501329891
0.0913501241817
0.0912604974685
0.0910098290853
0.0909024943938
0.0907594671964
0.0907237253695
0.0907058570982
0.0906701258401
0.0905451324913
0.0905272818347
0.0904558968227
0.0904023783205
0.0903488756715
0.0903132148718
0.0902062800323
0.0901884628434
0.090170647416
0.0901350218456
0.0901172117026
0.0900815967009
0.0900637918423
0.0900459887451
0.0900281874094
0.0899925900223
0.0899392071528
0.0899036273803
0.0898858401363
0.0898680546538
0.0898147087749
0.0897080821912
0.0896903143233
0.0896547838718
0.0895837493908
0.0895482400768
0.0894772425865
0.0894062785639
0.0893885406409
0.0893176083246
0.0892112706207
0.0891758352882
0.0891404070015
0.0890872795439
0.089034166178
0.0890341573707
0.0889456756079
0.0889102931192
0.0889102878348
0.0888041932127
0.0887865151793
0.088751164397
0.088733491648
0.0886628200281
0.0886274939063
0.0885745196959
0.0885745073656
0.0885568522313
0.0885038991584
0.0884509619387
0.088415678092
0.0883980388108
0.088380401291
0.0883451315359
0.0881865171606
0.0881512861577
0.0881512526899
0.0880632112926
0.0880631813477
0.0880103762377
0.0880103656689
0.088010335724
0.0879575447057
0.087904771302
0.0878695966658
0.0878168496841
0.0877992702926
0.0877992597238
0.0876938256499
0.0876060132427
0.0875533437652
0.0875357907957
0.0875182395876
0.0875006901409
0.087430509969
0.0874129693297
0.0873778933354
0.0873603579805
0.087342824387
0.0873428050109
0.0873427644973
0.0873252326653
0.0872551282362
0.0872200839483
0.0872025644465
0.0871675307273
0.087114995121
0.0870449752421
0.0870099732292
0.0869749782622
0.0869749025194
0.0869399145982
0.0869049337229
0.0868874459274
0.0866603617599
0.0866428986249
0.0866254372513
0.0865381568056
0.0864858096757
0.0864334801604
0.0864160399244
0.0863811647369
0.0863811594525
0.0863811453608
0.0862939935018
0.0862765673575
0.0862417203533
0.0862416816011
0.0862242607412
0.0861720087303
0.086171999923
0.0861023552355
0.0860153442935
0.085945768303
0.0858762169731
0.0858414509961
0.0858240706499
0.0858066920651
0.0858066656431
0.0857545422189
0.0857024346479
0.0856503411685
0.0855809131409
0.0855462070537
0.0855461823932
0.0855461735859
0.0855461718244
0.0855461594942
0.0855114604528
0.085442088792
0.0853900745784
0.0853899865053
0.085320658881
0.0853033313786
0.0851820952285
0.0851128521544
0.0850955457895
0.0850782411861
0.0850609383442
0.0850609330598
0.084991744591
0.0849571582832
0.0849225790212
0.0849225402691
0.0849052532803
0.0848188500427
0.0847670278285
0.0847670137368
0.0847152056143
0.084715193284
0.0844737690537
0.0843703588998
0.0843531282778
0.0843531194705
0.0843014381733
0.0842842145971
0.0842153431915
0.0841809154153
0.0841637041694
0.0841292869619
0.0840089086438
0.0839401499718
0.0839057785624
0.0838885954998
0.0838714141988
0.083837056881
0.0838198808644
0.0837683651446
0.0837511961737
0.083596804023
0.0835796526668
0.0835625030721
0.083528209167
0.0834767815203
0.0834596424943
0.0833397256793
0.0833054775722
0.0832712365109
0.0832712206578
0.0832198740383
0.083219868754
0.0831685379877
0.083151430668
0.0831172213131
0.0831001192778
0.0830659204917
0.0829804596363
0.0828609074439
0.0828267579787
0.0828096858883
0.0827755469918
0.0827584801858
0.0827243518581
0.0827072903365
0.0826731725776
0.0826220091502
0.0825879090059
0.0825538159075
0.0825026912323
0.0824856526097
0.0824175210181
0.0823664368565
0.0823153703096
0.082298351063
0.0822813335779
0.0822302934529
0.0821792674196
0.0821452588713
0.0820772629124
0.0820602683263
0.0820262844385
0.0820092951368
0.0819583395619
0.0819413573061
0.0819073980788
0.0818225361205
0.0818225255517
0.0817885909849
0.0817885222878
0.0817545947668
0.0817545331157
0.0816867044956
0.081618900536
0.0815680647406
0.0815511229984
0.0815172447983
0.0815172183764
0.0814664142873
0.0813648712831
0.0813310318352
0.0813310159821
0.08129718358
0.0812971677269
0.0812633423707
0.0812464323348
0.0811788115673
0.0811619103387
0.0811281131659
0.0810605452422
0.0809761201265
0.0809592400354
0.0809591325863
0.0809591026414
0.0809590251371
0.0809589846234
0.0809589282567
0.0808071007947
0.0808070743728
0.0807902118964
0.0807733511814
0.0807733388512
0.0807564798977
0.080722767275
0.0806553684517
0.0806553596444
0.0805374966942
0.0805374914098
0.0804197059639
0.0804196936336
0.0804196742575
0.0803524022595
0.0803523969751
0.0802347559691
0.0802011525571
0.0801843534933
0.0801507606501
0.0801339668707
0.0801171748528
0.08005002968
0.0800332464694
0.0800164650202
0.0799996853325
0.0799996272042
0.079982849278
0.0799325278295
0.0798822204727
0.0798486910421
0.0797984118687
0.0797481485484
0.0797481221265
0.0797480076315
0.0797145063843
0.079681012183
0.0796809928069
0.0796642483484
0.0796475056514
0.0796307647159
0.0795805542395
0.0795136310109
0.0794969041671
0.0794968795066
0.0794801544242
0.0794467095438
0.0794299897458
0.0793798426821
0.0793631299299
0.0792796031599
0.0792795485545
0.0792795150868
0.0792794957107
0.0791793196011
0.0789125831608
0.0789125743535
0.078912549693
0.0788459082984
0.0788292519131
0.0787626492706
0.078762559436
0.078745911858
0.0786793444448
0.0786460686647
0.0786460228667
0.0785961241691
0.0785794942057
0.078512993728
0.0784797531772
0.078479740847
0.0784631232138
0.0783136666798
0.0783136508267
0.0782970508081
0.0782970455237
0.0782804472666
0.0782804226061
0.078230640165
0.078180873577
0.078180854201
0.0781476841087
0.0781311017047
0.0780979421812
0.0780979368968
0.0779985182159
0.0779985023627
0.0779984935554
0.0779819270046
0.0779653622153
0.0779653498851
0.0779322255908
0.0779322167835
0.0779322079762
0.0778494298275
0.0778328791298
0.0775683357098
0.0775683304254
0.0775187734515
0.0775022579831
0.0774032092092
0.0773537050791
0.0773536962718
0.0773207023257
0.0773042079949
0.0772712246176
0.0772547355711
0.0772382482861
0.0772217627625
0.0771723167607
0.0771723044304
0.0771722692012
0.0766296155803
0.0765475332091
0.0765475226404
0.0765147013176
0.0764982932983
0.076498288014
0.0764490745251
0.0764490498646
0.0764490340115
0.0764490181583
0.0764326171849
0.0764325185431
0.0763997218807
0.0763996602295
0.0763832645406
0.0756164772011
0.0756001660623
0.075518647359
0.0754697526947
0.075469719227
0.0754697104197
0.075453415134
0.0754208298471
0.0753556856953
0.0753556839338
0.0752905644424
0.0752905027912
0.0752904939839
0.0751603730191
0.0751278511449
0.0751278176771
0.0750628003505
0.0750465491014
0.0749978076844
0.0749978024
0.0749977777395
0.0749652910945
0.0749652681955
0.0749327885963
0.07488408417
0.0748191690082
0.0747542855528
0.0747542661767
0.0747542556079
0.0747056093098
0.0746731860774
0.0746407698909
0.074640743469
0.0745921341616
0.0745435389459
0.0745111509428
0.0744302223293
0.0744301976688
0.0744301853386
0.0743816447282
0.0743492919543
0.0743331182096
0.0742522811921
0.0742522477243
0.0742522213024
0.0742522089722
0.0742521737429
0.0742521543668
0.0742036718847
0.0742036560316
0.0742036507472
0.0741874928556
0.0741872832416
0.0741872691499
0.0741872603426
0.0741872409665
0.0741710848364
0.0741549304677
0.0741549216604
0.0741549128531
0.0741548864312
0.0741548512019
0.0741064004261
0.0741063951417
0.0740902478189
0.0740741022575
0.0740256779037
0.0739934026341
0.0739933920653
0.0739772570728
0.0739772517884
0.0739449870876
0.0739288573794
0.0739127294326
0.0738966032473
0.0738643561612
0.073864340308
0.0738482194071
0.0738480309307
0.0738157944133
0.0737996787968
0.0737835649417
0.0737835490886
0.0737513266629
0.0737352180922
0.07373517934
0.0736707644335
0.0736546646701
0.0735902885157
0.073542020932
0.0735420086018
0.0735259229301
0.0734133901641
0.0733812487656
0.0733812399583
0.0733491056057
0.073316978299
0.0733169589229
0.0733169184093
0.0732847981484
0.0731403670657
0.0730922474447
0.073076211094
0.0730762058096
0.0730761934794
0.0730761899565
0.0730280932346
0.0729800106044
0.0729639865839
0.072963979538
0.072947957279
0.0729479414259
0.0729479290956
0.0729478533528
0.0729478057933
0.0729477864172
0.0727397735995
0.0727397683151
0.072739752462
0.0727237548634
0.0726917649507
0.0726757726365
0.0726437932926
0.072643752779
0.0726437281185
0.0726437157883
0.0726117434902
0.0726117399672
0.0726117153068
0.0726116994536
0.0726116800775
0.0725317907267
0.0725317854423
0.0725158107427
0.0724359742357
0.0723880888893
0.0723721300429
0.0723721106668
0.0721649222134
0.0721489880274
0.0721489616055
0.0721489422294
0.0721488629636
0.0721488471105
0.0721488277344
0.0721488189271
0.0721487942666
0.0721487784134
0.0721487696061
0.0721328371817
0.0721169065187
0.0720850504771
0.0720372813871
0.0719577002921
0.0719576879619
0.0719576192649
0.0719257984525
0.0718144916641
0.0717985962304
0.0717032782332
0.0717032729488
0.0717032676644
0.0717032306737
0.0716714662281
0.0716714415677
0.071639684168
0.0715920612793
0.0715285940394
0.071512730312
0.0714651514599
0.0714175866995
0.0713541969639
0.0713541687805
0.071354147643
0.0712274791438
0.0712274544833
0.0712274139697
0.0712273893092
0.0712273840249
0.0712115537652
0.071195725267
0.0711798985303
0.0710849821465
0.07106916774
0.0710691624556
0.0710691466024
0.0710691342722
0.0710689634104
0.0710215325211
0.0709899195613
0.0709583136473
0.0708793332109
0.0708319657343
0.070831953404
0.0708161671809
0.0707846000191
0.0707372642488
0.0707372378269
0.0707214621726
0.0706741475398
0.0706741422554
0.0705795746411
0.0705323075678
0.0704693123997
0.0703906120357
0.070311946901
0.0702647696623
0.0702333258028
0.070186174986
0.0701076331536
0.070060524612
0.0700605175661
0.0700605069973
0.0700448070859
0.0700291089359
0.0699349746412
0.069934962311
0.0698879101361
0.0698877639347
0.0698720833994
0.0698712942644
0.0698556154904
0.0698554833808
0.0697144765804
0.0696049030706
0.0695423236076
0.0695422936627
0.0695422848554
0.0688727953964
0.0688416650772
0.0688416457011
0.0686706183026
0.0686705355139
0.0686549923725
0.0685617775611
0.06854624675
0.0685459772463
0.068545942017
0.0685456654675
0.0684990853644
0.0684835615992
0.0684834981865
0.0684834559114
0.0684834294895
0.0684834171593
0.0684833801686
0.0684523379225
0.0684368194416
0.0684213027222
0.0684057877642
0.0683902745678
0.0683902657605
0.0683902551917
0.0683747437567
0.0683745130051
0.0683744883447
0.0683589786711
0.0683589522492
0.0683584925076
0.0683584766544
0.068358451994
0.0683582247653
0.068358215958
0.0683571115213
0.0683566799631
0.0683566676329
0.0683566412109
0.0683566218349
0.0683543918239
0.0683530742502
0.06835306192
0.0683375540079
0.0683375381548
0.068337177055
0.0683370995507
0.068337085459
0.0682285846797
0.0682285089368
0.068228498368
0.0681665354167
0.0681355636291
0.0681200803774
0.0681045988873
0.0680891191586
0.0680117575058
0.0679962883458
0.0679962619239
0.067996235502
0.0679962196488
0.0679961227684
0.067995701779
0.067995400569
0.0679953759085
0.0679953618168
0.0679953389178
0.0679953124959
0.0678407670979
0.0678407547677
0.0678406614102
0.0678406526029
0.0678406473185
0.0677943032514
0.067794297967
0.067793993234
0.0677939879497
0.0677939791423
0.0677167795441
0.0676859099212
0.0676858412242
0.0676858148023
0.0676858007106
0.0676857672428
0.0676857425823
0.0676843140366
0.0676841836884
0.0676841431748
0.0676839194691
0.0676838719096
0.0676838631023
0.0676838525335
0.0676838507721
0.0676837644604
0.0676220481138
0.0676220181689
0.0676220128845
0.0676219987928
0.0676219758938
0.0676219283343
0.0676218613988
0.0676216165555
0.0676215866107
0.0676215637117
0.0676213963728
0.0676210898784
0.067621038796
0.0676209912365
0.0676209577687
0.067620943677
0.0676209331083
0.0676209031634
0.0676208820259
0.067620829182
0.0676208168518
0.0676208080445
0.0676207992371
0.0676207763381
0.067620760485
0.0676205350178
0.0676203254038
0.0676203113122
0.0676203007434
0.0676202390922
0.0676201439733
0.0676201034596
0.0676200770377
0.0675892285524
0.0675891950846
0.0675891792315
0.0675891528095
0.0675891193418
0.0675888833058
0.0675885961875
0.0675884587935
0.0675883390141
0.067588319638
0.0675883143536
0.0675882949775
0.0675881910512
0.0675881663908
0.0675881522991
0.0675418927821
0.0674802380866
0.067418613336
0.0673878106487
0.0673570150073
0.0672646756425
0.0672031495337
0.0670955453386
0.0670033838815
