0.928385104888
0.91164791245
0.897704018385
0.882027296575
0.8713573299
0.863121675628
0.855089811949
0.847040911408
0.840498606994
0.835282974161
0.82689641191
0.818874437079
0.810571059874
0.805236214812
0.796631465538
0.788811024867
0.78255048921
0.775844555538
0.770312865327
0.764489626722
0.759464108491
0.754919203426
0.750439335063
0.745511567409
0.741315241596
0.731995095639
0.728444789564
0.723438490646
0.718399185452
0.714330183402
0.709272921864
0.705528958888
0.699410724706
0.695890943007
0.690456355155
0.68700840588
0.683029437442
0.679746908831
0.676618742427
0.674277341865
0.670724374222
0.667326126361
0.664468569852
0.661327544775
0.658723723354
0.655548247602
0.651039082602
0.648360018568
0.645257342281
0.640451577013
0.636894202191
0.633819126254
0.630704517823
0.627456552622
0.625436566045
0.620378256436
0.617996398613
0.614920880549
0.612224427362
0.610414604347
0.607728085806
0.605047475208
0.602418841833
0.59974998371
0.597132935471
0.594475891475
0.592144333963
0.590182072259
0.588223058691
0.586040117496
0.583045297294
0.58091723445
0.57761965943
0.575546543634
0.5731626478
0.571232127642
0.568722861506
0.566889197103
0.564657038896
0.56229576728
0.559051559277
0.556923485864
0.55444594366
0.552194356527
0.549595349182
0.547924605929
0.545554826451
0.543802705411
0.542490465488
0.540525082473
0.538258433077
0.536474602197
0.534780538947
0.532439390274
0.529455496421
0.527772558566
0.525963175917
0.523684365387
0.52166764456
0.519141600498
0.517304418455
0.51530007366
0.513427170928
0.511685049708
0.510200181217
0.508717477562
0.506729813814
0.504788224629
0.503566078206
0.502261294551
0.500202421937
0.494347912096
0.49313848519
0.491555985902
0.490266865168
0.488647510809
0.487237944822
0.485871756599
0.484259699977
0.482361763345
0.480961300594
0.479809491113
0.478494822133
0.47730496331
0.475993732704
0.474806989907
0.473825975312
0.472234008165
0.470156289668
0.468773663481
0.46751480995
0.466136080118
0.465326001325
0.463990917
0.462698121856
0.461245898541
0.460198480348
0.459433813809
0.458026893538
0.456782591445
0.455620075797
0.454179021914
0.452620485556
0.45090524777
0.447169273024
0.446019077043
0.44514748271
0.442301617025
0.44151253486
0.440133382276
0.43859917171
0.437656342089
0.436675302833
0.435734546453
0.43483392851
0.43354342679
0.432293843834
0.431318835824
0.429994690178
0.428750245407
0.427779267622
0.426925703615
0.426344209756
0.422672355752
0.42186244606
0.420976298527
0.420206492042
0.419360519936
0.418054867881
0.416942807553
0.416023562148
0.415105356006
0.414111769855
0.413386422673
0.412509223368
0.411671045732
0.410871771747
0.410225294029
0.408592515567
0.407947853916
0.406849293434
0.405714489108
0.40454347969
0.404203815197
0.403261077172
0.402507648761
0.400928172142
0.399614033362
0.399051464651
0.398301981915
0.396805352142
0.396095334963
0.39546059739
0.394714505468
0.394006362485
0.39292679761
0.392145952042
0.391328728759
0.390104602452
0.389437644214
0.388475288787
0.387920613187
0.387255536191
0.386554127277
0.385963952933
0.385337390304
0.384821778649
0.383901927301
0.383424025026
0.382432459273
0.381735432878
0.381258881644
0.380526344173
0.379940802473
0.378844181361
0.377822068332
0.377275058616
0.37661917469
0.376036641567
0.375018345627
0.374400736511
0.373638507835
0.373022052476
0.372152640595
0.371645931369
0.37117572316
0.370741950795
0.370091772244
0.369225774076
0.368180730335
0.367640750613
0.367065208734
0.366705720747
0.365771934472
0.365305458802
0.364875130094
0.364445055037
0.363585720481
0.362263149582
0.361763225508
0.361299316288
0.360835715323
0.360479294041
0.359589040541
0.359162095602
0.358699861532
0.358131386639
0.357776302306
0.35720857075
0.356676716653
0.356499513569
0.355861996408
0.355472655161
0.355012799065
0.354270659864
0.353635140201
0.353634261232
0.353316696042
0.352646755649
0.352645376424
0.352116914903
0.35172962576
0.351342560322
0.35014764258
0.349480735425
0.348884572109
0.348393969692
0.34727415717
0.346714836595
0.345876655436
0.345527700992
0.34490004978
0.344272949906
0.3441336711
0.343576855324
0.343263841752
0.342499344313
0.342186815143
0.341666276679
0.341319453604
0.34093815167
0.340903498427
0.339761220217
0.339553686517
0.339207937934
0.338309999175
0.337792407636
0.337447567967
0.337171814603
0.336965073561
0.336379702723
0.335897978075
0.335691628078
0.335450968322
0.334935582134
0.334557871822
0.334008896313
0.333563165382
0.332365161558
0.331510568857
0.32966946756
0.32926068858
0.328988303131
0.328682004252
0.327967977986
0.327220779866
0.32688137607
0.326508236751
0.325018423836
0.324612540699
0.323734196444
0.323464107941
0.322890552991
0.322553412673
0.322250125895
0.321576733036
0.321307548164
0.320500738644
0.320232004706
0.31972843969
0.319426484577
0.319158199811
0.318320806026
0.318119930653
0.317751837923
0.31745082167
0.317183378883
0.317049694481
0.316749018189
0.316415106631
0.316281584283
0.315647776761
0.31538108788
0.314714917016
0.314315514298
0.313417883794
0.313152135534
0.312753726281
0.312355579486
0.312057127921
0.311858239477
0.311560027471
0.31103024133
0.310699347157
0.310203349382
0.30954266371
0.308948652901
0.308552928116
0.307959910772
0.307795258104
0.307597736555
0.307367370783
0.306906917552
0.306709677836
0.306446791952
0.305757286999
0.305232485796
0.304937460275
0.304937312312
0.304642431231
0.304380431362
0.303954932584
0.303627830838
0.303268237163
0.302974169878
0.302647593048
0.302451727273
0.301994974873
0.30163632358
0.301505957772
0.301277885424
0.301017342284
0.300724360059
0.300398995115
0.300268897049
0.300138827167
0.299976279447
0.29971630526
0.299164314128
0.298710061243
0.298418209876
0.298191312424
0.29773783282
0.29754356293
0.297316996632
0.297025828713
0.296799468506
0.296573184042
0.29634698589
0.29618547391
0.295088738302
0.294895335051
0.294734215876
0.294669779832
0.294476513975
0.294283313292
0.293993633808
0.29386493082
0.293479012095
0.293382566762
0.29338225146
0.293157275763
0.292932386377
0.292322587583
0.292226332488
0.292226270837
0.29193761124
0.29139276636
0.291104518945
0.290880416932
0.290688399952
0.29033655671
0.290144719399
0.290048823642
0.289697369683
0.289250389875
0.288963195814
0.288739919927
0.288580491757
0.288452979517
0.288293630612
0.288070620706
0.287847690066
0.287688506739
0.287052294821
0.286925120783
0.286670864301
0.286448477953
0.286353195185
0.28594050752
0.285940165796
0.285464400175
0.285369282984
0.28517909264
0.285052334306
0.284862253172
0.28435571657
0.284260784333
0.28356525518
0.283344077195
0.283186144505
0.282996688691
0.2829966517
0.28287037953
0.282617925024
0.282586375477
0.282460194903
0.282334042512
0.282144868531
0.281546415315
0.281420467253
0.281326024703
0.281200127724
0.280634092456
0.280508350486
0.280445489189
0.280194119743
0.280099883284
0.280005662678
0.279754490516
0.279754453525
0.27953476926
0.279440643773
0.279346534139
0.278970271748
0.278969868373
0.278343416717
0.27815558497
0.277999105487
0.277842671802
0.277592471967
0.277498674112
0.277342379582
0.277029959623
0.276842570003
0.276842533013
0.276592789397
0.276592741838
0.27659267314
0.276311853811
0.275937678753
0.27584416097
0.275563718593
0.275314547453
0.275003284774
0.274164194701
0.274039911222
0.27397777917
0.273915654164
0.273915571375
0.273574011549
0.273263685968
0.27320164199
0.273170622643
0.272829563071
0.272736573727
0.272395769568
0.272271885941
0.272178993477
0.271931360093
0.271931289634
0.271807511694
0.27103483931
0.270849489463
0.270725959889
0.270448128
0.270355545553
0.270293832729
0.270077898617
0.269985379583
0.269769567011
0.269707921123
0.26964628228
0.269430605341
0.269215014714
0.269061071736
0.268937950821
0.26884562731
0.268599512306
0.268353511797
0.268076890032
0.267923272924
0.267800410945
0.267677577148
0.267247977686
0.26706392956
0.266910603094
0.266604145684
0.266604108693
0.26632841698
0.266175301889
0.266022230835
0.26583860546
0.265838561423
0.265838381754
0.265746591965
0.265593645975
0.265501898461
0.265379593104
0.26525731593
0.265135066939
0.264341420826
0.26409737554
0.263944905144
0.263883928611
0.263518254369
0.26293991705
0.262848631039
0.262757359121
0.262666104816
0.262514048364
0.262362034187
0.262179678826
0.262058141466
0.261967006941
0.261815153058
0.261481274967
0.260996023873
0.260814140583
0.260662619616
0.260571728173
0.260511142685
0.259754864228
0.259603653278
0.259422261436
0.259150304022
0.259059676799
0.258818092275
0.25866715259
0.258274952491
0.258154324045
0.257883023657
0.257370980724
0.257190367449
0.257069992653
0.256889485066
0.256799254171
0.256558721241
0.256468548474
0.256198128817
0.256077986535
0.255987898318
0.255927848315
0.255088152299
0.254878383303
0.254848422595
0.254698645475
0.254159867071
0.253920575971
0.253860769049
0.253741176343
0.25341246286
0.253322844954
0.253292975841
0.253173522291
0.252725940062
0.252546970231
0.252546801131
0.252457336472
0.252397702174
0.252367887667
0.252278454714
0.252159235438
0.251861336973
0.251593374555
0.251444557431
0.251176801105
0.251117318292
0.250849745157
0.250671435874
0.250582304132
0.250582168499
0.25049305261
0.250433650825
0.250344561357
0.250077437395
0.249958741274
0.249751098363
0.249543531195
0.249306434877
0.249217546217
0.249010206277
0.248743758717
0.248595788857
0.24838870433
0.248329552672
0.248211272255
0.248063460927
0.248033903593
0.247915693635
0.247708896226
0.247649825595
0.247531707233
0.247413620577
0.247413602962
0.247384084381
0.247089044768
0.247030048119
0.246971058516
0.246617348124
0.246499474605
0.246440548414
0.246293265524
0.24629324791
0.24591054033
0.245763419494
0.24558692804
0.245498705212
0.245322314162
0.245322166199
0.245204602697
0.245145831515
0.244969563767
0.244910820768
0.244793355909
0.244734634047
0.24458786022
0.244265128662
0.244264989507
0.24414768494
0.243883851389
0.243678744984
0.243415172129
0.243415110478
0.243385831456
0.24326873298
0.243151662688
0.24315158166
0.243034539552
0.242917527388
0.242800541645
0.242800508178
0.242449774657
0.2411963112
0.240904953043
0.240904454549
0.240904399943
0.240904301302
0.240758681232
0.240613110483
0.240612948429
0.240612818081
0.240612774044
0.240263583564
0.240030934938
0.239769331398
0.239624056575
0.23892741594
0.238782400052
0.238724403913
0.238434534191
0.238434507769
0.238289641605
0.238202739874
0.238202695837
0.238115809959
0.23791314494
0.237797371084
0.237392439137
0.237392299981
0.237334472943
0.237218845288
0.237161039387
0.236987674529
0.236843246969
0.236641122719
0.236641069875
0.236612201273
0.236554469354
0.236439028414
0.236179402996
0.236092887025
0.235948732491
0.235919906165
0.235775802714
0.23566055025
0.235602934587
0.235487726161
0.23525740971
0.235027213039
0.234998443079
0.234912145529
0.234797104441
0.234739594466
0.234739560998
0.23459582217
0.234480860348
0.234308467816
0.234193574691
0.234107423342
0.234049997917
0.233992579538
0.233935168205
0.233849066177
0.233762980003
0.233103833849
0.232760163791
0.232674276662
0.232588405386
0.232531166676
0.232302319285
0.2319592675
0.231844953896
0.230817533582
0.230760513293
0.230504014471
0.230390063728
0.230076837019
0.229877622704
0.229706938791
0.229621617091
0.229593180047
0.229479451249
0.229337327681
0.229138440998
0.229024824933
0.228968026589
0.228854451037
0.228769287869
0.2286557634
0.228599010853
0.228315390799
0.227692240123
0.227607293614
0.227409157314
0.22740905515
0.227295872404
0.226815239863
0.226673949467
0.226617443525
0.226532697823
0.226504452779
0.226447967975
0.226447879901
0.226109215919
0.226024565336
0.226023601816
0.225910764317
0.225854353494
0.22585428832
0.225797884543
0.225685103411
0.225600532094
0.225431447588
0.225290585228
0.224952745609
0.224812032973
0.224530773278
0.224277783288
0.22419347619
0.223996838894
0.22391258464
0.223800272057
0.223687985896
0.223659918759
0.223491556453
0.223435448601
0.2232110947
0.223211080608
0.223155007986
0.22309894241
0.22293079324
0.222706687705
0.222594681616
0.222538686498
0.2224267174
0.22237074342
0.222202863754
0.222118949462
0.222090980968
0.221839370202
0.221727579012
0.221615816005
0.221364455367
0.221252787479
0.221169052856
0.221113237407
0.220917949392
0.220778503247
0.220611243615
0.220555498625
0.220444031544
0.219998517272
0.219887191107
0.219358801806
0.219275426522
0.219192065329
0.21910871999
0.219053165237
0.218997617531
0.21894207687
0.218914309182
0.218886543256
0.218831016687
0.218803256044
0.218775497164
0.218775472503
0.218747715384
0.218608959732
0.218414776153
0.218137550206
0.218026696113
0.21786047046
0.217749685065
0.217721993119
0.217666614513
0.217611242953
0.21750052097
0.216671495891
0.216643872643
0.216450564511
0.216340140215
0.216257339167
0.216229742341
0.216146962431
0.216009036427
0.215733334145
0.215595536729
0.215044827942
0.214934761222
0.214659728296
0.21454976198
0.214549709136
0.214439769242
0.214329859293
0.213808290373
0.213780850317
0.213616250494
0.213561396803
0.213479129479
0.213369466134
0.21331464415
0.2132872358
0.212958552262
0.212876401194
0.212739519738
0.212739325977
0.212493070056
0.212137589395
0.212055596858
0.212028269536
0.211864360205
0.211837045213
0.211618608063
0.21123664382
0.211182096624
0.21110028904
0.210963983582
0.210827722161
0.210718745787
0.210637028038
0.210636973433
0.210636830754
0.210609595028
0.210609543945
0.210527847334
0.210473391734
0.210255643316
0.210038019961
0.209630387692
0.208518524648
0.208410147171
0.208328878596
0.208166389004
0.207733460378
0.20767936764
0.207571205061
0.207463068904
0.207436039269
0.207165903207
0.207084877713
0.206814970641
0.206707037052
0.206626101393
0.206599126363
0.206545181587
0.206464277634
0.206194751038
0.206140859105
0.206140811546
0.20608692666
0.205979179786
0.205844535387
0.205709935024
0.205709817006
0.20562907863
0.20557526068
0.205494546964
0.205413849102
0.205333167094
0.205306276614
0.205279387895
0.20519873407
0.205171852397
0.20503747574
0.204930001893
0.204849415003
0.204822556229
0.204822395936
0.204822357184
0.204714939704
0.204634395089
0.204553866328
0.204473353419
0.204446519306
0.204392856364
0.204339200468
0.204231909813
0.204178275054
0.203829836718
0.203588801771
0.203562025786
0.203027066232
0.202866662211
0.202733037698
0.202679600223
0.202626169794
0.202546037361
0.202252417487
0.202038982889
0.201852310184
0.201825648694
0.201745674793
0.201665716745
0.201585774551
0.201559130675
0.201505848209
0.201452572789
0.201372672869
0.201292788803
0.201239541566
0.201239516905
0.20123925797
0.201079563819
0.20099973788
0.200919927795
0.200733767676
0.200654010435
0.200574269047
0.200335176992
0.200202389174
0.20009619591
0.200069650676
0.200069525613
0.199910301771
0.199804180727
0.199724610201
0.199512514314
0.199433000155
0.198956487673
0.198137467699
0.19808463969
0.198005410887
0.197899797144
0.19763593541
0.197451306002
0.197398569589
0.197319479941
0.197187701441
0.197161349968
0.197135000257
0.197082306119
0.196871637017
0.196818978108
0.196740002956
0.196687361662
0.196608412932
0.196476868706
0.196397962251
0.196345366754
0.196292778304
0.19629276069
0.19582002126
0.195767503268
0.195714992322
0.195609991568
0.195583745783
0.195452545042
0.195400076371
0.195347614746
0.195242714396
0.195164056307
0.194692652065
0.194587927861
0.19445706532
0.194378565763
0.194143185109
0.193881819367
0.193855689838
0.193777311822
0.193594502003
0.193568391851
0.193490071963
0.193333490315
0.193281307001
0.193229130733
0.193124799334
0.193046571042
0.192759926558
0.192759871952
0.192707766143
0.192603577422
0.192577534206
0.192525453057
0.192499415124
0.192421311896
0.192395281009
0.192291176839
0.19226515476
0.192109061037
0.192057043301
0.192031037075
0.191979029907
0.191901032366
0.191901011229
0.191875015571
0.191719096233
0.191511289506
0.191433387085
0.19125167818
0.191173830364
0.190914458597
0.190862602915
0.190707083428
0.190629344822
0.190577527893
0.190525718009
0.190499815709
0.190448016394
0.190447905422
0.190214911549
0.19011139923
0.190007915095
0.189878599118
0.189826884353
0.189749327178
0.189594267433
0.189310168261
0.189258531
0.189232715012
0.189155277617
0.18835663952
0.188330885183
0.18833027924
0.188330212304
0.188278708915
0.188149983028
0.188072767577
0.188021299416
0.187841228671
0.187661249523
0.187635542745
0.187584134475
0.18753273325
0.187327209378
0.187224486194
0.18717313429
0.187121789432
0.18707045162
0.186967798895
0.186916482221
0.18681387177
0.186788223121
0.186788198461
0.18663434884
0.186608712521
0.18650618486
0.186454931598
0.186454891084
0.186352410982
0.186275565438
0.186198735747
0.186121921908
0.185993939359
0.185865997322
0.185789252181
0.185738097561
0.185686949987
0.185686904189
0.185635763661
0.185559066079
0.185507943165
0.185405720237
0.185277984292
0.185201360691
0.185150287099
0.184971592056
0.184895031868
0.18484400055
0.184843926569
0.1843596707
0.184232295855
0.184232280002
0.184155873061
0.184079481974
0.183850416162
0.183799529284
0.183774088487
0.183723212178
0.183443581835
0.18331652053
0.183240303828
0.183087935597
0.183087903891
0.183037122701
0.183011734748
0.183011493427
0.183011482859
0.182504363212
0.182453663049
0.182301615405
0.182200278491
0.182124294302
0.182048325966
0.181921752585
0.181719355309
0.181719307749
0.181643423963
0.181643362312
0.181643332367
0.181643300661
0.181542152224
0.18146630719
0.18136520279
0.181365176368
0.181213579658
0.181213563805
0.181213553236
0.181213510961
0.181213479255
0.181213366521
0.18121332953
0.181036550958
0.18096080985
0.180910324586
0.1808346099
0.180758911068
0.180708453986
0.180658003951
0.180607560962
0.180481489598
0.180431071269
0.180330257511
0.180179104689
0.179877050934
0.179826717155
0.179801552908
0.179675763378
0.179625457783
0.179575159233
0.179348913522
0.179298653724
0.179248400973
0.179248085671
0.179222961938
0.179097373215
0.179097325655
0.179047101087
0.178996883565
0.178871374108
0.178720823706
0.178695736963
0.178695685881
0.178695310689
0.178544837792
0.178444555994
0.178319247344
0.177244693828
0.177094833919
0.176969993818
0.176895108781
0.17684519423
0.176545877787
0.176446154373
0.176371380308
0.176271707977
0.176221881499
0.176097356699
0.175923098779
0.175873321623
0.175748914841
0.175574817214
0.175525089378
0.175450512597
0.175375951669
0.175375715633
0.175375689211
0.175301144136
0.175300885201
0.174953251854
0.17465556124
0.174630761616
0.174581167651
0.174457215326
0.174358083764
0.172875418862
0.172826075025
0.172628785988
0.172505532964
0.172456241971
0.172382318692
0.172357681122
0.172308411266
0.172136032826
0.172086794677
0.172037563573
0.171988339516
0.171865311959
0.171791515505
0.171717734905
0.171373701986
0.171349136636
0.171250894611
0.171201783287
0.171152679009
0.171152566276
0.171078923069
0.171078833235
0.171029746571
0.170956129787
0.170882528855
0.170735376314
0.170686338971
0.170637308674
0.170465775736
0.170465745791
0.170343266049
0.17031877468
0.170269797227
0.170269774328
0.170171845844
0.170171757771
0.170122801456
0.170000452062
0.169951520407
0.169853679996
0.169755866007
0.169658081963
0.169609199629
0.167954536763
0.167905901033
0.167832962412
0.16783292366
0.167784305545
0.167638504045
0.167589914113
0.167347119466
0.167298571809
0.167177238779
0.167128715783
0.167055944501
0.166934699543
0.166910454779
0.166861970536
0.166740792514
0.166692332931
0.166692302986
0.166668075836
0.166643850448
0.166595404957
0.166571184854
0.166353320179
0.166353244436
0.166329041947
0.166111321712
0.166014594545
0.165603937846
0.165531499479
0.165169682839
0.165169378106
0.165121147513
0.165024707465
0.164952395924
0.164904197037
0.16483191368
0.164518940621
0.164446740052
0.164278351324
0.164230251079
0.164206203599
0.16418215788
0.164182078614
0.164133992461
0.164109952027
0.164061876442
0.163989778038
0.163965748173
0.16384562879
0.163797591957
0.16372554992
0.163677530702
0.163629518531
0.163629245504
0.16360524206
0.163605101143
0.163581099461
0.163389165269
0.163341195373
0.163317213067
0.163221303218
0.163125419792
0.163101453339
0.163005610426
0.162933744535
0.162861892735
0.162766116758
0.162550732222
0.162478966734
0.162407215338
0.162383301729
0.16223986411
0.162215962832
0.162024821298
0.161977052208
0.161857665593
0.161833792497
0.161786051591
0.161642881715
0.16164283944
0.161404383273
0.161380543645
0.161332869674
0.161166076831
0.160975560616
0.160904142136
0.16078515185
0.160594866387
0.160523532457
0.160475985311
0.160475638303
0.160309278779
0.160143016136
0.160095525357
0.160048041623
0.159929364878
0.15978701232
0.159739574385
0.159644724937
0.159597308139
0.159573602383
0.159549898388
0.159478798733
0.159407713169
0.159336643459
0.159099864204
0.159005201471
0.158957879792
0.158934221595
0.158414352486
0.158319894082
0.158272674569
0.158249067454
0.15824902694
0.158201817995
0.158154616096
0.158013057958
0.157824421223
0.157800847576
0.157282697654
0.157212103539
0.156976920168
0.15690639475
0.156812387281
0.156741900614
0.156671429801
0.156647942466
0.15653054278
0.156389719172
0.156366252974
0.156342788538
0.156202045957
0.156155143506
0.156061361504
0.156037919966
0.156014480191
0.156014390356
0.155944083359
0.155873790453
0.155826937324
0.155826916186
0.155780070102
0.155780003167
0.155779888672
0.155639403264
0.155615993433
0.155522373485
0.155452175699
0.155288460129
0.15517156246
0.155148187859
0.155054708828
0.155007979
0.154937899232
0.15482114248
0.154634425739
0.154587759324
0.154541099955
0.154517772913
0.154214778537
0.154075008283
0.153935289112
0.153888728385
0.15388869844
0.15381887056
0.153702527752
0.153702247679
0.153609209014
0.153516195009
0.153492945471
0.15344645168
0.153353490519
0.153307017865
0.15328378418
0.153214093695
0.153167642179
0.153167601665
0.153051505461
0.153005078605
0.152912246031
0.152842641857
0.152796246708
0.152680294944
0.152633924455
0.152564381932
0.15247168499
0.15240218122
0.152332693303
0.152286375657
0.152240065058
0.15217061237
0.152124319385
0.152078033446
0.152078012309
0.152008596611
0.151962328287
0.151892939012
0.151777330733
0.151731097638
0.151546251569
0.151523151756
0.151476957413
0.151430770116
0.151315343268
0.151269180631
0.151246101955
0.151084626965
0.150900186033
0.150807996392
0.150669769179
0.150623705185
0.150531600094
0.150439523187
0.150439399885
0.15043770712
0.150368668375
0.150345658396
0.150230634923
0.150000735939
0.149954774109
0.149885846337
0.149587385964
0.149380903857
0.149128787552
0.149060048256
0.149014230866
0.148899728786
0.148853936056
0.148831042334
0.148785260173
0.148739485058
0.148487876054
0.148442146737
0.148396424466
0.14832785427
0.148282149614
0.148259299928
0.148145083204
0.148030906994
0.147278551313
0.147278429772
0.147255657591
0.147232887171
0.147232876602
0.147210107943
0.147141814297
0.147073536504
0.147050780176
0.14698252352
0.146937026716
0.146891536958
0.146777848673
0.146505243041
0.14643711145
0.146437083266
0.146368969289
0.146368953436
0.146323551751
0.146300853551
0.146255462435
0.146210078365
0.146005960139
0.1459832866
0.145937944804
0.145824631711
0.145801972263
0.145801954648
0.145756641036
0.145598102404
0.145597691983
0.145213231748
0.145168009732
0.145167671532
0.145122456562
0.145009449962
0.144625694312
0.14453544228
0.144422675239
0.144287410805
0.14403958366
0.143994544837
0.143904490088
0.143544563497
0.143477125921
0.143409702438
0.143387231466
0.143364762256
0.143342294807
0.14331982912
0.143072840431
0.143050395881
0.143005512066
0.142893343922
0.142781214531
0.142669129177
0.142646716333
0.142601895931
0.142557082574
0.142534678538
0.14246747876
0.142377903129
0.14228835392
0.14222121227
0.142198834656
0.142154084712
0.142131712382
0.142064605962
0.142042240678
0.141774091545
0.141774054554
0.141684697345
0.141662362006
0.141528394008
0.141327571478
0.141126898673
0.141126826453
0.141082245609
0.140970834895
0.14079266829
0.14077040341
0.140725878933
0.140703619337
0.140659105429
0.140503363998
0.140325486274
0.140303258384
0.140258807888
0.140103298971
0.140058880181
0.139970069025
0.139970000328
0.139836835557
0.139792459043
0.139748089575
0.139681548583
0.139615025207
0.139548517683
0.139504186967
0.139459863297
0.139415546673
0.139371237094
0.139326934562
0.139149812504
0.139017035255
0.138840112243
0.138818002371
0.138773787911
0.138751683324
0.138707479433
0.138641186808
0.138574910036
0.138486570951
0.138442409336
0.138442224382
0.138398069812
0.13839801873
0.138111266796
0.138001029215
0.137890835671
0.137890795157
0.137824698054
0.137758618566
0.137670536655
0.137626505388
0.137472469052
0.137098771351
0.137054831679
0.136879162828
0.136725545721
0.136396684275
0.136374769925
0.136287135425
0.136199529109
0.136111947453
0.136068166314
0.135740065819
0.135674486586
0.135521537073
0.135499693182
0.135281414563
0.135215948063
0.135172311364
0.135150495656
0.135106869525
0.135085059101
0.135063250439
0.134976035168
0.134845280076
0.134844903124
0.13484488727
0.134779526459
0.134692402783
0.134648850633
0.13458353562
0.134322446427
0.134278954167
0.134191996069
0.134105060869
0.134061603839
0.133974712676
0.133931276783
0.133909561478
0.133822719637
0.133735909501
0.133670818193
0.133562375542
0.133323975742
0.133280645537
0.133194008025
0.133085750327
0.13306410372
0.132999174466
0.132999163897
0.132955886536
0.132890983704
0.132826098487
0.132804473017
0.132782849309
0.132631545001
0.132566723197
0.132523516294
0.13245871915
0.132458708581
0.132415519293
0.132350750332
0.132285997225
0.132285965519
0.132242804413
0.132199650354
0.132156503341
0.132156230314
0.132134659449
0.132134312441
0.132133930204
0.132069229941
0.131961430223
0.131918321962
0.131724444877
0.131659843256
0.131573737705
0.131509173075
0.131423111561
0.131380091372
0.13135858392
0.131294072133
0.131272571727
0.131100633653
0.1310791491
0.131079050458
0.131057567667
0.130907255062
0.130799934462
0.130671206814
0.130371192832
0.130306925889
0.13028550651
0.130285451904
0.130285429005
0.130264011388
0.130242595532
0.130135546198
0.130092737385
0.130049935618
0.130007140897
0.129964353222
0.12990018492
0.129836032471
0.129793272979
0.129750520533
0.129707775133
0.129686405075
0.129665036779
0.12962230547
0.12955822348
0.129515509786
0.129472803138
0.129430103536
0.129323387118
0.12932325677
0.129301918418
0.129216582627
0.129216540352
0.129152558765
0.129045960364
0.129024644912
0.129003331221
0.129003257239
0.128960635142
0.128896715206
0.128896614803
0.12879012209
0.128747535221
0.128726244429
0.128662382622
0.128598536668
0.128555981505
0.128513433389
0.128470892318
0.128385836599
0.127876469327
0.127834033944
0.127727976313
0.127706770071
0.127685565591
0.127664362872
0.127537190594
0.127494811578
0.127452439608
0.127410074684
0.127304198483
0.12728302747
0.127219526763
0.127198362796
0.127134881464
0.126332878975
0.126311788989
0.126290700765
0.12629065849
0.126248487327
0.126227404387
0.12612202668
0.126058816614
0.126037749527
0.125911391046
0.125911253651
0.12591122723
0.125890172473
0.125890151336
0.125721787268
0.125637647509
0.125595585556
0.125574557222
0.125553530649
0.125532505838
0.125469441973
0.125385386764
0.125238366332
0.125196371315
0.125133392
0.1250704303
0.125007482691
0.124986503678
0.124944550935
0.124881636795
0.12479777887
0.124755857834
0.124734899958
0.124692989491
0.12465108607
0.124630137001
0.124609189694
0.124483553412
0.124399825835
0.124357971735
0.124357846671
0.124253244007
0.124190504251
0.124190463738
0.124169553421
0.124127738073
0.124023241097
0.124023214675
0.123876988663
0.123689104072
0.123626506994
0.123543066536
0.123522210825
0.123501356875
0.123397124119
0.123313762926
0.123230428155
0.123209598866
0.123167945573
0.123126299325
0.122980619366
0.122585835201
0.122544287595
0.122523516435
0.122502747035
0.122461213521
0.122398926461
0.122295155207
0.122253656922
0.122212165683
0.121984153225
0.121777024661
0.121756318675
0.121714911986
0.121673512342
0.121652815163
0.121611426089
0.12154935745
0.121528670839
0.121487302902
0.121363251936
0.121321912182
0.121280579475
0.121259915763
0.121239253813
0.121239067098
0.121238908567
0.121176933285
0.121156278381
0.121135625238
0.121053032043
0.121011745133
0.120805444457
0.120784821259
0.120661136676
0.120640525809
0.120599309358
0.120537497892
0.120455109026
0.120434515773
0.120413924282
0.12031099853
0.120269838446
0.120249261046
0.120146405752
0.120084710543
0.120043589211
0.120002474925
0.119961367684
0.119838095284
0.119735416137
0.119694354694
0.119653300298
0.119550696894
0.119489154932
0.119468644467
0.119427628823
0.119325131106
0.119284140122
0.119243156184
0.119202179292
0.119161209446
0.119140727165
0.119120246645
0.119120221985
0.119058792757
0.119017847571
0.118956444764
0.118935980098
0.118935893786
0.118935870887
0.118874489218
0.118874473365
0.118833559886
0.118731317581
0.118669988756
0.118629110506
0.118526956274
0.118486102684
0.118486086831
0.118424821419
0.11840440255
0.118322749976
0.118302339915
0.118220717285
0.118159518809
0.117996416228
0.117935275879
0.117914899286
0.117874151384
0.117853780075
0.117792676717
0.117711235518
0.117670522845
0.117650169151
0.117589118637
0.117507742612
0.117467065169
0.117345092727
0.117304443467
0.117263801253
0.117101329275
0.116979531219
0.116938945371
0.116655115703
0.116614586222
0.11643231365
0.116391822921
0.116391807068
0.116331084186
0.116290611072
0.116209687743
0.116108581581
0.116027725188
0.116027709334
0.115987289064
0.11592667187
0.115765114092
0.115704555025
0.115664191122
0.115603660239
0.115563313951
0.115563284006
0.115522944763
0.115522906011
0.115462412119
0.115442250424
0.11542209049
0.115422057023
0.115401898851
0.115280993855
0.115260848014
0.115160155796
0.115119887011
0.115099755261
0.115059497045
0.114999122933
0.114958882332
0.114878424029
0.114838204565
0.114797992148
0.114757786776
0.114677402454
0.114597046316
0.114556876173
0.114516713076
0.11449663417
0.114496597179
0.114456444651
0.114416299169
0.114396229071
0.114356094157
0.11431596629
0.114295904998
0.114275845468
0.114235731692
0.114215677447
0.114195624962
0.114155525278
0.11411543264
0.114035270262
0.113975167415
0.113955136068
0.113915078659
0.113814971247
0.113754926528
0.113734914557
0.113714904348
0.113714842697
0.113574846976
0.113514865669
0.113474885764
0.113374977397
0.113354998894
0.113354968949
0.113215175796
0.113195211385
0.113135330482
0.113135319913
0.113135286445
0.113095373476
0.113015568676
0.11295573357
0.112935792058
0.112557352501
0.112437941225
0.112080153049
0.112040426795
0.111901445676
0.111861751128
0.111822063626
0.111742715044
0.111504919425
0.1114851065
0.111445485934
0.111405872413
0.111326671794
0.111326504455
0.111247328496
0.11122753847
0.111187963701
0.111089059367
0.11104950926
0.11099019907
0.110851878499
0.110851795711
0.110812287878
0.110240788554
0.110201389932
0.110181693263
0.110004514839
0.109945484722
0.109886470458
0.109847135248
0.109807807085
0.109768485967
0.10974882805
0.109630919302
0.109571989588
0.10949344071
0.109434546225
0.109395292043
0.109375667594
0.109356044907
0.109356036099
0.109277568248
0.109257954368
0.10923834225
0.109199123296
0.109101112024
0.108983567898
0.108924810808
0.108924791432
0.108924780863
0.108807314242
0.108768172793
0.108748604711
0.108709473831
0.108611682741
0.10849438522
0.108377168726
0.108338104782
0.108279523838
0.108201439985
0.108181922986
0.108142894271
0.108103872601
0.108025855685
0.108025725336
0.107967228942
0.10794773308
0.107713962403
0.107675018238
0.107636081118
0.107597151045
0.107480410146
0.107441508256
0.107305407128
0.107208250164
0.107149973953
0.107091715356
0.106994660558
0.106975252768
0.106975215778
0.106936405484
0.106878205016
0.106858807795
0.106800628464
0.106800579143
0.106761800556
0.106761747712
0.106761502869
0.106703348198
0.106625838583
0.106528988114
0.106470896856
0.106451536626
0.106412821451
0.106258057632
0.106238716779
0.106142040694
0.106122710409
0.106103381886
0.106064730124
0.106026085407
0.106026069554
0.105929493873
0.105852262569
0.105794356264
0.105717174281
0.10564002048
0.105543620945
0.105466530558
0.105427995052
0.10529320269
0.10525469889
0.105235449633
0.104851103893
0.104812681121
0.104697455079
0.10465906049
0.104620672947
0.104601481818
0.104563104844
0.104563088991
0.104409688543
0.104409679736
0.104371337991
0.104333003292
0.104179747284
0.104141447814
0.104141428438
0.104141335081
0.104103042657
0.104083899087
0.10408384272
0.104045560865
0.103969020053
0.103968986586
0.103930725868
0.103892472196
0.10385422557
0.103796868842
0.103663105174
0.103624900823
0.103567607507
0.103491242842
0.103453070197
0.103414904599
0.103262323231
0.103205130319
0.102900400903
0.102900314592
0.102900173675
0.102881141077
0.102862110241
0.10276699305
0.102728954277
0.102671911089
0.102557874034
0.102538873143
0.102519874013
0.102481881038
0.102443895108
0.101856553194
0.101856509158
0.10174293889
0.101724013742
0.101591613445
0.101553793093
0.101478175288
0.1014592748
0.101459258946
0.101421463255
0.10136478469
0.101327006613
0.101326941438
0.101326842797
0.1013079564
0.101270188892
0.101270173039
0.101213536749
0.101175786855
0.101138044007
0.101137763935
0.101118895153
0.101118868731
0.101081136452
0.101043411219
0.100986838341
0.100967983651
0.100892584267
0.100892568414
0.100873722531
0.100873512917
0.100873475927
0.100760444667
0.100647480343
0.100421722556
0.10032773094
0.100252571115
0.10019621842
0.10013988334
0.100121107916
0.10012102865
0.100083483086
0.0999333871411
0.0998771260425
0.0998583752788
0.0997459182556
0.0997271798221
0.0997270723729
0.0996896007902
0.0996895708453
0.0996521063085
0.0996333766823
0.0995584775535
0.0995397567346
0.0995210376771
0.0995023203811
0.0994648910735
0.0994461790619
0.0993900553573
0.0993713503916
0.0993152478245
0.0992965499046
0.0992778537462
0.0990910260328
0.0990536742296
0.0990163294722
0.0990162995273
0.0989976297908
0.0989789618157
0.09894163115
0.0989043075302
0.0988296831894
0.0988110310675
0.0988110081685
0.0987177845498
0.0986991429966
0.0986990813455
0.0986804415538
0.0986804415538
0.0986431672549
0.0986245327476
0.0984383338762
0.0983638856817
0.098270868154
0.0982708258789
0.0977508052842
0.0977137071314
0.0976580748748
0.097528323817
0.0974912679394
0.0972691281958
0.0972321216391
0.0971951221283
0.0971766250151
0.0970841711552
0.0970656846108
0.0970471998278
0.0970102355462
0.0969917560476
0.0969732783104
0.0968993902608
0.0968624541626
0.0968255251102
0.0968070632262
0.0967701447427
0.0967701236051
0.0967516670055
0.0966963077755
0.0966594104294
0.0966409643986
0.0966040776213
0.0965856368749
0.0965303252043
0.0964013527128
0.0963645117335
0.0963276778001
0.0963092634756
0.0962908509125
0.0962356237921
0.0962355920858
0.0962171865686
0.0961803808186
0.0961251854045
0.0960883972691
0.0960148474203
0.0959964630406
0.0959413222319
0.095922944898
0.0958494549389
0.0958493932877
0.0958126579962
0.0957942929926
0.0957575682698
0.0956841417233
0.0956107433602
0.0955557135235
0.0954457084556
0.095445595722
0.0952624406571
0.0952622979787
0.0951890616701
0.0950609734325
0.0949329873597
0.0949147069063
0.0948781512839
0.0948598761149
0.0947685266918
0.0947319992528
0.0946589707967
0.0946407167652
0.0946042139867
0.094567718254
0.0945129896273
0.0944947496876
0.0944582750924
0.0944218075431
0.0943306800642
0.0942942371754
0.0942213742967
0.0941849525454
0.0941303331295
0.0940211524258
0.0939847694267
0.0939847588579
0.0939483829046
0.0939120139972
0.0938393026043
0.0937666158718
0.093748448152
0.0934038656568
0.0934037617306
0.09338562924
0.0933493695432
0.093331242337
0.0933131168923
0.0932768712872
0.093186291623
0.0931500706784
0.0931500583482
0.093059547381
0.0930414483582
0.0929871618585
0.0928786469875
0.0928424859326
0.0928424753638
0.0928424366117
0.0927159548275
0.0926798254789
0.0926798096258
0.0926075738276
0.0925895188414
0.092589510034
0.0925534053459
0.0925353556441
0.0924631797356
0.0922648901886
0.0922468686701
0.0921928164449
0.0921927706469
0.0921927424635
0.0921926755279
0.0919767149934
0.0919587216583
0.0918148542435
0.0917429601689
0.0917249897329
0.0917070210583
0.0916172058686
0.0915274382384
0.0914735956272
0.0914197706307
0.0913838949326
0.0913300945965
0.091258387237
0.0912225432452
0.0911867062994
0.0911687904686
0.0910613430436
0.091025537804
0.0909897396103
0.0909718431557
0.0909539484625
0.0909360555307
0.0908645031798
0.0907393636298
0.0907036218028
0.0905785826561
0.087956371572
0.0879387780888
0.087921186367
0.0877980953974
0.0877277972075
0.0876575254395
0.0876224001243
0.0875346194234
0.0874819728449
0.087446882759
0.0874293403582
0.087394260841
0.0873591883696
0.0872890698489
0.0872540185151
0.0872189742272
0.0872014547254
0.0870788939558
0.0869564036447
0.0869389105648
0.0869214192464
0.0868339996452
0.0868165188956
0.0867815626807
0.0867815415432
0.0867815186442
0.086694164217
0.0866243081541
0.0865719363638
0.0865370294699
0.0865370100938
0.0864846629639
0.0863451851125
0.086275475251
0.0862754188842
0.08624057188
0.0862231510201
0.0862231140294
0.086223062947
0.0862230259563
0.0862056068579
0.0862055839589
0.0862055434452
0.0861881261082
0.0861184796593
0.0860836643615
0.0860314563871
0.0860140566647
0.0859444806743
0.0859270897592
0.0859270739061
0.0859096847525
0.0858922973604
0.085492919303
0.0853888750227
0.0853542076877
0.0853368766623
0.085302219896
0.0852675701756
0.0852502479576
0.0852502391503
0.0852329186937
0.0852155999986
0.0851982830649
0.085163654482
0.0851463428328
0.0850944184538
0.0849733496426
0.0849041928801
0.0848350625396
0.0848177843581
0.0847832332795
0.0847314216341
0.0846796240804
0.0846451011852
0.0846105853359
0.0846098208614
0.0845925655789
0.0845753120579
0.0845408103003
0.0845235620636
0.0844890708748
0.0844373490639
0.0844201113961
0.0843684107228
0.0843167259026
0.0843166959577
0.084282247044
0.0842822417596
0.0842650199449
0.0842305815999
0.0841445218474
0.0841273141244
0.0841273053171
0.0841100993556
0.0840241012542
0.0840069058615
0.0839897122302
0.0839381436665
0.0839037722571
0.0838694078935
0.0838178763205
0.0831846500813
0.083184641274
0.0831845796228
0.0831674705417
0.0830990535933
0.0825018087398
0.0824847701172
0.0824166350027
0.0823485280716
0.0821954358799
0.0821274240678
0.0820934260883
0.082093348584
0.0819914145353
0.0818725774965
0.0817538109162
0.0817537915401
0.081719871065
0.0817198552118
0.0817198287899
0.0817028711945
0.0816520107386
0.081618111401
0.0815672756056
0.081567139973
0.0815501982308
0.0814993853344
0.0814655177031
0.0814316571176
0.0813978035781
0.0812793787214
0.081177941405
0.0811610401764
0.0811441407093
0.0810596750799
0.0810258990447
0.0809246184984
0.080857131602
0.0807728156969
0.0807390995514
0.0807390889826
0.0806380004357
0.0806043124735
0.0805874711346
0.0805537937413
0.0805369576868
0.0804696328449
0.080435980112
0.0804023344249
0.0803686957837
0.0803182527943
0.0803182404641
0.08030142907
0.0802846194375
0.08023420287
0.080200599458
0.0801670030919
0.080150207551
0.0801166217537
0.0800494765809
0.0800159119211
0.0799991322334
0.0799655781424
0.079948803739
0.0799320310972
0.0798314392826
0.0797979204208
0.0797811636321
0.0797644086048
0.0797309038347
0.0796974061105
0.0796806598906
0.0795969604972
0.0795467605896
0.0795133016175
0.079513025068
0.0794795731417
0.0793291337119
0.0792957205378
0.0792122184283
0.0790620449792
0.0790286881719
0.0790120124105
0.0790120071261
0.0789286600252
0.0787954054193
0.0787121728134
0.0786622512168
0.0786456142075
0.0786289789597
0.0785957137485
0.0785957084641
0.0785956327212
0.0785955428866
0.0785622847212
0.0785622547764
0.0785622442076
0.0785621473272
0.0785621367584
0.0785618848693
0.0785618478786
0.078312683784
0.0782628890126
0.0782462942784
0.0782131100944
0.078146762864
0.0781135998175
0.0780638684588
0.078030723027
0.0779810180902
0.077947890273
0.0779313290066
0.0778982117581
0.0778154600314
0.0777823674434
0.0776666164862
0.0776335556046
0.077583977493
0.0775674549788
0.077550934226
0.0772868681622
0.0772703773543
0.0772374010228
0.0772044317372
0.0771549927812
0.077138516065
0.0771055679169
0.077089096485
0.0770396945197
0.0770232301337
0.076973849306
0.0769737735631
0.076973754187
0.0769408412682
0.0768750418524
0.07672709313
0.0767270878456
0.0766942277706
0.0765792994162
0.0764972417055
0.0764316290047
0.0764152297928
0.0763496505598
0.0761531788416
0.0761531629885
0.0761367937214
0.0760876964891
0.076087677113
0.0760385974952
0.0760058853831
0.0757445636772
0.0756955932701
0.0756140129156
0.0755977017768
0.0755976929695
0.0755976242725
0.0755813148952
0.0755812567669
0.0755812321064
0.075581207446
0.0755811951157
0.0755648874999
0.0755485816455
0.0755322775525
0.075532229993
0.0755322229472
0.075532207094
0.075434419527
0.0754181277643
0.0754018377631
0.0754018025338
0.0753692278157
0.0753203807109
0.0752552735498
0.0751901998564
0.0751576709363
0.075125149062
0.0751088907671
0.0750601264511
0.0750113779882
0.0749951320235
0.0749139286219
0.0746382210553
0.074638208725
0.074622003274
0.0745733974895
0.0745733922051
0.0744277069614
0.0744115244094
0.0743791645896
0.074330638071
0.074265965991
0.0742336378775
0.0735578194853
0.0735578142009
0.073509557186
0.07347739465
0.0734452391598
0.0733970191356
0.0733648812601
0.0733488149645
0.0733166876577
0.0733166823734
0.0733006213622
0.0732845621124
0.0732685046242
0.073268465872
0.073220303976
0.0731561180595
0.0731560916376
0.0731240066059
0.0731079667323
0.0730758922694
0.073075886985
0.0730277902631
0.0730117609582
0.0729476666378
0.0728996104295
0.0728835952163
0.0728355601456
0.0728195519783
0.0728035455724
0.072787540928
0.0726436048161
0.0726435942474
0.0726116219493
0.072611609619
0.0726115691054
0.0726115426835
0.0725635974473
0.07256358864
0.0725635833556
0.0725635780712
0.0725475998488
0.0725316233878
0.0725316040117
0.0725315494064
0.0725315036083
0.0724516512482
0.0724516459638
0.0724516371565
0.0724197071335
0.0724196983262
0.0724196930418
0.0724196683813
0.0724196067301
0.0724036443608
0.072387683753
0.0723876590925
0.0723876467623
0.0723876326706
0.0723876238633
0.072387615056
0.0723556991247
0.072244055897
0.0722281129038
0.0721802944929
0.0721165630336
0.0721165507034
0.0721165348502
0.07211652252
0.0721164608688
0.0721164203552
0.0721164080249
0.0721163886488
0.0721163692728
0.0721162389246
0.0721162125026
0.0716081275749
0.0712280428117
0.0711647376262
0.0711647323418
0.0711647164887
0.0711647076814
0.0711646812594
0.0711646706907
0.0711013936886
0.0711011241849
0.0710062588835
0.0709746494466
0.0709746388778
0.0709746124559
0.0709745983642
0.0709429959731
0.0709429854044
0.0709429607439
0.0709429378449
0.0709429255146
0.0709429202303
0.0709428268728
0.0709428215884
0.0709427528914
0.0709427264694
0.0709269279161
0.0709268944483
0.070926885641
0.0709268556961
0.0709268081367
0.0709267605772
0.0709267271094
0.0709267130177
0.0709267024489
0.0709266689812
0.0709266548895
0.070926515734
0.0709264998808
0.0709264734589
0.0709264540828
0.0709264487984
0.0709264241379
0.0709264100462
0.0709264047619
0.0706108617304
0.0702962663656
0.0702490926498
0.0702176523133
0.0701862190226
0.0701547927777
0.0701076683829
0.070091963187
0.0700605580797
0.0700448581683
0.0699663867944
0.0699350098705
0.0699036399924
0.0698409231353
0.0697155968702
0.0696842763131
0.0696216563364
0.069480878526
0.0694652437887
0.0694496108128
0.0694339795983
0.0693558605169
0.0693556086278
0.0692150950367
0.0692143499383
0.0692142812413
0.0691986764488
0.0690895027909
0.0690583231508
0.0690115669015
0.0689804048759
0.0689648265054
0.0689181037239
0.0675904369154
0.0675441826828
0.0674825403176
0.0674363248371
0.0673901234484
0.067390118164
0.0672516373002
0.0672362562134
0.0672054993241
0.0671747494807
0.067128639688
0.0670518328958
0.067036474708
0.0669904124747
0.0668830178936
0.0668370085042
0.0667910132066
0.0664849961621
0.0664544118961
0.0664544030888
0.0664238258686
0.0663779750109
0.0663015997768
0.0662557894327
0.0662405228409
0.0662404876117
0.0662404823273
0.0662099544281
0.0662099385749
0.0661946772675
0.0661946614144
0.0661946490841
0.0661641317537
0.0661641229464
0.0661640683411
0.0661488123181
0.066148792942
0.0661487770888
0.0661484441725
0.0661484283193
0.0661026708191
0.0660874218419
0.065904636684
0.0658741862892
0.0658285256693
0.0658133083984
0.065722045287
0.0657220294338
0.0657220206265
0.0656916125067
0.0656911245817
0.0656910981598
0.0656758967421
0.0656151104474
0.0656150505577
0.0656150170899
0.065523889611
0.0654935272893
0.065493514959
0.0650087253672
0.0649180241622
0.0648575901599
0.0648273828468
0.0647820868496
0.0646915459375
0.0646613773766
0.0646312158615
0.0645558481838
0.0645257113292
0.0644955815204
0.0644654587575
0.0644052361307
0.064330005847
0.0642698466328
0.0641646397876
0.0641195745419
0.0640745251494
0.0640445010283
0.06402949161
0.0639994780577
0.0639994516358
0.0639244503422
0.063924201976
0.0639191818091
0.0639189810024
0.0637093441167
0.0636494737823
0.0636195483031
0.0635746732954
0.0634999274138
0.0633953494105
0.063380415735
0.0633356270389
0.0633207004093
0.0633206299508
0.0633057050826
0.0632758606307
0.0632460232247
0.0632460038486
0.0632310877877
0.0632161734884
0.063171441159
0.0631267264443
0.0630969242675
0.0630820258213
0.0630820117296
0.0629926756576
0.0629629051871
0.0629628928569
0.0629033783378
0.0628885027906
0.0628587569805
0.0628290182164
0.062799286498
0.0627992812136
0.0627546986086
0.0627249845049
0.0626655827194
0.0626655263526
0.0626506789888
0.0626506525668
0.0625616229893
0.0625467879557
0.0625467826713
0.0625022899008
0.0625022652403
0.0624726110263
0.0624725986961
0.0624281323475
0.0623244526899
0.0623243839928
0.0623243505251
0.0623243276261
0.0623243012041
0.0623242747822
0.0623242377915
0.0622798242868
0.0622797837731
0.0622797732044
0.0621910078461
0.0621910025617
0.0621466366165
0.0621466172404
0.0621170475766
0.0620874849586
0.0620283861446
0.0619988446642
0.0619693102296
0.0619397828408
0.0619397669877
0.0619397476116
0.0619249865594
0.0618659617268
0.0618364589985
0.0618364325766
0.0618363568337
0.0618363409806
0.0617921018606
0.0617920349251
0.0617920296407
0.0617919785583
0.0617919609436
0.0617919503749
0.0617919080998
0.0617917407609
0.0617916368346
0.0617474118064
0.0617326736532
0.0617032026312
0.0616737386551
0.0616295576634
0.0616295153883
0.0616147913269
0.0615853484883
0.0615264857102
0.0615264804258
0.0614970587248
0.0614676440696
0.0612619599048
0.0610712957271
0.0610712693051
0.0610419568148
0.0609980012902
0.0609101483693
0.0608223535766
0.0606324538733
0.0606178495913
0.0605886463116
0.0605594500777
0.06055866975
0.0605440742753
0.0605148886102
0.060456540179
0.0604419570345
0.0604127960299
0.0603982181697
0.0600634346881
0.0600053082011
0.0600052782563
0.0599616979231
0.059932653175
0.0599036154727
0.0598890992638
0.0598745848163
0.0598600721303
0.0598600598
0.0598310397124
0.0597875245533
0.0597730224361
0.059744023486
0.0597005400332
0.0596715586977
0.0596281016669
0.0595991379461
0.0595412369262
0.0595122943429
0.0594978256935
0.0594977922257
0.0594977869413
0.0594833200533
0.0594832231729
0.0594687580463
0.0594109204391
0.0593675567658
0.0593386564576
0.0592953192062
0.0592808769787
0.0592808435109
0.0592230974997
0.0592230886924
0.0591509497747
0.0591509303986
0.0591508969308
0.0591508775547
0.0591508687474
0.0591508493713
0.059122001907
0.0591218328066
0.059078574821
0.0590785554449
0.0590785307845
0.0590497009347
0.059035288652
0.0589920641342
0.0589918016764
0.0589917893461
0.0587043204972
0.058704308167
0.0587042958368
0.0587042729377
0.058704144351
0.0586754060973
0.0586753814368
0.0586322872672
0.0586322626067
0.0586320706074
0.0586033499683
0.0586033200234
0.0586032759869
0.0584741273491
0.0582878298358
0.0582735109107
0.0581304203006
0.0580446547122
0.0579589525365
0.0579018512205
0.0578590424077
0.0577877401845
0.0577449754083
0.0577307234186
0.0576737348362
0.05758830921
0.0575740765964
0.057531391086
0.0575313822787
0.057517156711
0.05748871086
0.0574602720548
0.0574176288195
0.0574034173435
0.0572188548704
0.0572046680548
0.0571904830007
0.0571762997081
0.0571762873779
0.0571479260771
0.057077055412
0.0570766766977
0.0570625074967
0.0570483400573
0.0570341743793
0.0569775310434
0.0569492190635
0.0569492102562
0.0569209053221
0.0569208965148
0.0568643130686
0.0568501702897
0.0568218900161
0.0567936167883
0.0567512219192
0.0567088429031
0.0565959314228
0.056553610535
0.0564267870272
0.0563986124413
0.0563704449013
0.0563422844071
0.0562438045856
0.0561875593401
0.0561735011113
0.0561453899381
0.0560470827397
0.0560470739324
0.0560470439876
0.0560189645207
0.0560189398602
0.0559908674391
0.0559768338708
0.0559207189735
0.0558926712129
0.0558646304982
0.0558646216909
0.0558225755912
0.0558225703068
0.0557805382988
0.0557525257675
0.055724520282
0.0556825252647
0.0556265565688
0.0556125687984
0.0554310043338
0.0553751642246
0.0553751554173
0.0553332925096
0.0553332132439
0.0553192624642
0.0553053134461
0.0552216668966
0.0551659324751
0.0551657968426
0.0551657880353
0.0551657580904
0.0550683140085
0.0550126570914
0.0550126324309
0.0550124210555
0.0549846022849
0.0549845476796
0.0549706409365
0.0549567359549
0.0549011354046
0.0546513776972
0.0546236505227
0.0545820747334
0.0545682190727
0.0545682137884
0.0545405077514
0.0542641361136
0.0542503209665
0.0541812769376
0.0540433280354
0.0538917894532
0.0538780218656
0.0538642560395
0.0538092121112
0.0537129570162
0.0536992123277
0.0536854694006
0.0536717282349
0.0536579888308
0.0536442511881
0.0536030488287
0.0535207022382
0.0535069822101
0.0534932639435
0.0534795474384
0.0534658326947
0.0534656495026
0.0533423189741
0.0533012346327
0.0533012258254
0.0531644359651
0.0531370892665
0.0531097496136
0.0530550932069
0.0530277746917
0.0530141180762
0.0529868101297
0.052959509229
0.0529049285652
0.0528640133242
0.0528094872657
0.0526869229732
0.0526596995768
0.0526460905208
0.0525780822317
0.0525372938159
0.0525372744398
0.0525100897956
0.0524285834226
0.0524285481933
0.0524013917326
0.0524013758794
0.0524013670721
0.0522521712345
0.0522386150224
0.0522250605717
0.0521708656681
0.0521708322003
0.0521708128242
0.0520625163745
0.0520489848229
0.0520084007367
0.0515904727223
0.0515096832643
0.0515096039985
0.0515095951912
0.0514961358595
0.0514692224805
0.0514691608293
0.0514422544961
0.0504958984285
0.0504692492688
0.0504159738484
0.0504026589565
0.0503893458262
0.0503891996248
0.0503891908175
0.050388819149
0.0503621981727
0.0503621735123
0.0503621365216
0.050322218268
0.050322195369
0.050322175993
0.0503218325079
0.0503217285816
0.050321688068
0.0501887910389
0.050175506092
0.0501622229065
0.0500825660686
0.0500560261195
0.0499764503089
0.0499234391078
0.0498836970005
0.0497910405725
0.0497116814218
0.0497116761374
0.0496720185803
0.0496455878418
0.0496323751148
0.0495927475026
0.0495135504063
0.0494607858099
0.0494080493969
0.049381689117
0.0493289914561
0.0493158210042
0.0492236877304
0.0491973767715
0.0491710728583
0.0491579235439
0.0491184861696
0.0490790646484
0.049026532565
0.0489740233806
0.0489477793571
0.0488953177322
0.04889527898
0.0488690560942
0.0488559472934
0.0487119178241
0.0486334200282
0.0486203429338
0.0485941940293
0.048594185222
0.048581113412
0.0485549750763
0.0485419085506
0.0485288437864
0.0485157807837
0.0484896600626
0.048437439758
0.0484113401744
0.048411338413
0.0483852458753
0.0483851630865
0.0483590775947
0.0483590582186
0.0483590317967
0.0482678003915
0.048254772618
0.0482157016278
0.0481766464907
0.0481506173656
0.0481506015125
