0.928385104888
0.91164791245
0.897704018385
0.882027296575
0.8713573299
0.866212375734
0.858001130041
0.849993183494
0.841532904055
0.833548219376
0.825493962229
0.817210656885
0.811853969693
0.803958969855
0.795361069146
0.789127265438
0.78255048921
0.77746585279
0.767920385888
0.762417076355
0.756623824879
0.75239630005
0.747462106582
0.7409085887
0.735808837174
0.731386130017
0.726926169698
0.723388193858
0.719808506597
0.716438644697
0.71357801796
0.708074645013
0.703089203568
0.69906386464
0.695446089284
0.690505425966
0.686811400439
0.684157831807
0.680187135194
0.676764966678
0.672183278762
0.668781321262
0.662824931977
0.65997704061
0.656365765049
0.653052289312
0.649890713256
0.647214016627
0.644924112409
0.642876190805
0.639786688493
0.636657250313
0.633582739805
0.630845632073
0.627832228446
0.625811635926
0.622904076793
0.617856040031
0.614827334583
0.61166688234
0.608977656432
0.606525361263
0.603985773319
0.601359449221
0.596674536104
0.594018462673
0.59136829014
0.589042848425
0.587267648709
0.585177274107
0.583407918922
0.580555400195
0.578612444115
0.576807967138
0.574826306453
0.57253371072
0.570245656037
0.568946635887
0.566621067346
0.564344849688
0.561717326034
0.559539833041
0.55758809255
0.555462809293
0.551621115117
0.549551252741
0.54709018373
0.545247972712
0.542883995491
0.540743311771
0.538998941164
0.537039899413
0.534693804555
0.532266257929
0.52993059621
0.528074383331
0.526609000133
0.524328789241
0.522225050426
0.520296762041
0.518243894251
0.516578940924
0.514959202566
0.51346959398
0.511854741918
0.510624068257
0.507490610421
0.506434131267
0.505420945329
0.504240179173
0.502682021529
0.501294336423
0.499405201818
0.497938273818
0.496306279207
0.49521974951
0.493383738839
0.491675994313
0.490303603983
0.488891635361
0.488269347801
0.487108808514
0.481331732545
0.480590840459
0.479234010884
0.477140891925
0.475870828449
0.474602500013
0.473948521989
0.472356392788
0.470970560741
0.469790097556
0.467230851695
0.465650025796
0.464638071119
0.463829295808
0.462657840741
0.461689478728
0.460520713413
0.459071923188
0.458268014797
0.456943118768
0.453062286666
0.452104046013
0.450867799086
0.448203089207
0.446932499054
0.446218585522
0.444317779468
0.443408333077
0.440764973879
0.439505019434
0.438207544085
0.436833531448
0.435931817875
0.43503100441
0.434209331673
0.43374015392
0.432490297937
0.431593044386
0.430657782007
0.429879168211
0.429179064541
0.428362949218
0.427392411799
0.426694307388
0.425803088607
0.425609468696
0.424835441747
0.423598557171
0.422247735943
0.420206259529
0.418630510163
0.417632710596
0.416176515184
0.415449360741
0.414187947806
0.413424392749
0.41266152114
0.411899355877
0.411328200038
0.409693496299
0.40957953851
0.408706416989
0.407758405147
0.406811494219
0.40544997211
0.404166179798
0.403562704654
0.402959678682
0.402206532104
0.402055986987
0.401153308133
0.400063986519
0.399463618593
0.39893863596
0.398301622577
0.397590266687
0.396318959619
0.395721376565
0.394975038039
0.394788560857
0.394154871353
0.393670638383
0.392963432498
0.391810988891
0.391105463441
0.390029875947
0.389585217745
0.388992735885
0.388400712005
0.387328816536
0.386295310371
0.385631617883
0.385226310745
0.384048516175
0.38268895105
0.38199169038
0.381514978853
0.38089203603
0.380342808632
0.377894779725
0.377457095152
0.376837495583
0.376655351598
0.376364023385
0.376327613964
0.374836400687
0.374182642846
0.373674552634
0.373058065568
0.372623192289
0.372043761101
0.371500952472
0.371464779087
0.370452697585
0.369911060327
0.369514113088
0.368540715054
0.367964514388
0.367136995359
0.366310394052
0.365592371029
0.365126015137
0.364624112942
0.363692945961
0.363370889043
0.362905949368
0.362512769895
0.362226955059
0.361655681203
0.360906559566
0.36055010834
0.360086975924
0.360015751205
0.359517438869
0.359161679897
0.358415156417
0.358024418331
0.357350026723
0.357066255183
0.356782596377
0.35664081101
0.356463616733
0.356392751352
0.355613709521
0.35529525127
0.354800169455
0.354234819396
0.352788262704
0.352717763708
0.351978028903
0.351696404585
0.351590822548
0.350817102094
0.350254912097
0.349623006955
0.349166955617
0.348115690391
0.347975638303
0.347974259078
0.347344414846
0.347064647109
0.346784992106
0.34671509553
0.346680149884
0.345528211816
0.345284059081
0.344900550035
0.344412764197
0.344064554851
0.343716526936
0.343715647966
0.343646061407
0.343576481894
0.343541694779
0.342672663374
0.342325334759
0.341874064029
0.341423117408
0.341111081448
0.340626022352
0.340522115466
0.339864445418
0.339345670177
0.336552951325
0.336311983314
0.335967890505
0.335555222216
0.335177156089
0.333633375498
0.333599095685
0.333119365012
0.332982362015
0.332948115669
0.332571525647
0.332297773303
0.331989947237
0.331955751974
0.331682260327
0.331443043208
0.331272227185
0.330657670682
0.330384707474
0.329907323068
0.329498392602
0.329362136465
0.329328076834
0.328579328628
0.328545309511
0.328239216724
0.327865297078
0.327457638387
0.326575447098
0.326439796904
0.32586364732
0.325118798991
0.324915788726
0.324780483778
0.324746661945
0.324712841873
0.324509958433
0.324476150691
0.324273341232
0.324171960283
0.32410438179
0.324070595186
0.323867914314
0.323800367528
0.323597769445
0.323159033279
0.32278802533
0.32258574431
0.322282445201
0.322248753716
0.321070812945
0.320936312986
0.320230757591
0.320197173555
0.32016359128
0.319894996498
0.319492326268
0.319458780984
0.319190482127
0.317817526367
0.317282448794
0.317148743254
0.316914828137
0.316413878892
0.316180233278
0.3158799586
0.315613178123
0.315579837169
0.315546497976
0.315413164105
0.315246529793
0.315213208215
0.314713602965
0.314547155368
0.314147858338
0.314014820392
0.313915056465
0.313815310152
0.313582628058
0.313449704607
0.313416478148
0.313183947539
0.313117524566
0.313084315722
0.313017903317
0.312918297921
0.312122471118
0.312089315117
0.311824141094
0.311791000947
0.311757862561
0.310599747045
0.309740553405
0.309674496816
0.30944335424
0.308552714979
0.308519749217
0.30838790378
0.30812429922
0.308058415254
0.307959602516
0.307696205808
0.307663285843
0.307334209498
0.30730130891
0.306972410473
0.30693952926
0.306840897953
0.306808023786
0.306446552393
0.306380848096
0.30621661818
0.30552735807
0.305363358906
0.304838895904
0.304576822053
0.304544069428
0.304543921465
0.304478421498
0.304020140148
0.303366088143
0.303006649477
0.302745354193
0.302418895381
0.301799110859
0.301570927539
0.301538336968
0.301342832292
0.301277677571
0.301212529897
0.30059401715
0.300366290049
0.300236199029
0.300138649259
0.299976106824
0.299846102115
0.299164148551
0.299131688328
0.299066773166
0.29900186505
0.29893696398
0.298872069956
0.298839625586
0.29861256784
0.298482859057
0.298450435825
0.298353176697
0.298288346085
0.298126300382
0.298093896525
0.29789951214
0.297834730849
0.297769956604
0.297737572124
0.297640429252
0.297478570264
0.297446201637
0.297316744743
0.297122612246
0.296993225811
0.296799199002
0.296540614609
0.29644366902
0.296346737524
0.296314430548
0.296249821881
0.296152922091
0.296088331038
0.296023747031
0.29599145767
0.295862323124
0.295507344479
0.295475083301
0.295281553225
0.295152568403
0.295023611765
0.294894685071
0.294830231412
0.2947657848
0.294154078342
0.293993161736
0.293800124869
0.293767957049
0.29373579099
0.293607144369
0.293478527693
0.293446377487
0.293253518527
0.293157110185
0.292964342822
0.292803752086
0.292739527417
0.292707417725
0.292675309794
0.292674994493
0.292642888324
0.292482383899
0.292386102382
0.292354012066
0.292257751687
0.291969114989
0.290210009752
0.289762635376
0.28963486244
0.288837004671
0.288454438008
0.288422564351
0.288103942284
0.287562690787
0.287435409299
0.28740359201
0.287371776482
0.287085524803
0.286862978162
0.286862916511
0.286672229434
0.286132395914
0.285973688181
0.285561266497
0.285275936063
0.285275532688
0.285180447204
0.285117064514
0.285117027524
0.2851166858
0.284926580006
0.284894901872
0.284863225499
0.284799878039
0.284704871821
0.284641541975
0.284388294811
0.284103524522
0.284008632799
0.283913756928
0.283692459164
0.283502830726
0.283376445822
0.283313263939
0.283281675639
0.283250089102
0.283155341818
0.282902762248
0.282871196848
0.282587192795
0.282555645009
0.282461012221
0.282429471481
0.281579109812
0.281547618393
0.28148464084
0.281453154705
0.280949631964
0.280855270441
0.280823819536
0.280509433785
0.280383719998
0.280038165176
0.280006760068
0.279661439521
0.279567292896
0.279284951663
0.27922222776
0.279034100088
0.278971404368
0.278877374
0.278783359484
0.278752024836
0.278626703855
0.278564053933
0.278532731615
0.278376146444
0.278344834694
0.278313524706
0.278125701766
0.277875376868
0.277750254933
0.277593895229
0.277031506187
0.27700027018
0.277000182107
0.276968947861
0.276937715377
0.276875255694
0.276844028494
0.276812803056
0.276719139072
0.276656704048
0.276500649077
0.276469443015
0.276282245395
0.276219859693
0.276188669484
0.276157481036
0.27612629435
0.276095109426
0.275876866036
0.275814526132
0.275627550456
0.275440647
0.275409500827
0.275222662545
0.275160396622
0.274849209687
0.274786986039
0.274569262281
0.274320573781
0.274289491021
0.274258410023
0.274134105406
0.273637242753
0.273606198745
0.273513077291
0.27348204033
0.273419971691
0.273388940013
0.273357910097
0.273109739467
0.272892683303
0.272644727572
0.272551771695
0.272489808744
0.27245882991
0.272087275908
0.271994413389
0.271963462739
0.27193251385
0.271901566723
0.271839677753
0.27180873591
0.271684986154
0.271623121844
0.271406662816
0.271313918315
0.271221187906
0.271097573782
0.270973991364
0.270943098842
0.270819548131
0.270788664416
0.270510827242
0.270418234227
0.270387373411
0.270325657065
0.270233097517
0.270140553823
0.270017184542
0.269739717275
0.269616441351
0.269554813078
0.26943157943
0.269400774981
0.269339171368
0.26909283442
0.268969704698
0.268938926671
0.268815832179
0.268662005457
0.268661934999
0.268292943924
0.268231467136
0.268047079048
0.267985630443
0.267954908783
0.267801332189
0.267525006349
0.267310183719
0.26721814028
0.267187462657
0.267034100961
0.266635593066
0.266298641225
0.266053695832
0.266053658841
0.266023048153
0.265992439227
0.265961832062
0.26580882442
0.265075261778
0.265044707457
0.265014154898
0.264983604099
0.264953055063
0.264922507787
0.264647672144
0.264586614585
0.26373281278
0.262941273376
0.262667473472
0.262667436482
0.262606607912
0.261665286103
0.260998007279
0.260846438752
0.260845128224
0.260633009438
0.260390686862
0.260330122512
0.260299842979
0.260178742461
0.260148471736
0.260148432983
0.260148385424
0.260148316727
0.260118047763
0.259754994576
0.259603781864
0.259029635063
0.258999431273
0.258939028977
0.258848438744
0.258818245523
0.258245095709
0.258184781486
0.258124474309
0.258034026754
0.257431555643
0.25740144521
0.257341229629
0.257040260935
0.25695000538
0.256919923131
0.256559073533
0.256498956594
0.256348695072
0.256228517561
0.256198477586
0.256078337066
0.255988248849
0.255928198846
0.255898176486
0.255418195686
0.255388203271
0.25523826762
0.255208285774
0.255118350805
0.254908565956
0.254878603486
0.254818683831
0.254788726645
0.254758771221
0.254698865658
0.254668915518
0.254579077429
0.254459315623
0.254429379575
0.254309658282
0.25410020635
0.254010468665
0.253950651174
0.253920745071
0.253860938149
0.253831037331
0.253801138273
0.253741345443
0.253711451671
0.253681559659
0.253621780921
0.253591894194
0.253562009228
0.253233440185
0.253143855747
0.252934893501
0.25293469974
0.252904853527
0.252845166384
0.252785486288
0.252695981116
0.252666148994
0.252546843406
0.252517020092
0.252427560717
0.252338118958
0.25221888559
0.25212947906
0.252099680406
0.252040088382
0.252010295013
0.251891139149
0.251861354587
0.251801790747
0.251772011469
0.251742233953
0.251682684205
0.251593374555
0.251563607607
0.251385048197
0.251325540724
0.251266040296
0.251176804628
0.25114706234
0.251117321815
0.251087583051
0.250968650893
0.250879466307
0.25067143059
0.250612007667
0.250611981245
0.250582272426
0.250552565368
0.250522860071
0.250493156536
0.250463454763
0.2504040565
0.250314972317
0.250285281113
0.250196219829
0.25016653567
0.249929131096
0.24989946279
0.249869796246
0.249454679525
0.249425039403
0.24906959221
0.248921528992
0.248891920576
0.248743910203
0.248655123707
0.248625531144
0.248595940343
0.248536764024
0.248448014519
0.248418434287
0.248300136255
0.24827056483
0.248211427264
0.248181861123
0.248152296743
0.248063614174
0.248004501268
0.247974947457
0.247886296594
0.247856749829
0.247827204826
0.247679507993
0.247443301213
0.247384262289
0.247354745469
0.24732523041
0.247236695804
0.247207187791
0.247000686308
0.246764803637
0.246646900173
0.24661742739
0.246587956368
0.246234538379
0.246057886632
0.246028449078
0.245999013285
0.245940146984
0.245881287729
0.245851860743
0.24582243552
0.245763590356
0.245734170416
0.245704752238
0.245675335822
0.245469475511
0.245410672622
0.24535187678
0.245322481501
0.244940547202
0.244881807727
0.244823075297
0.244676276809
0.244617569039
0.244588217797
0.244500174638
0.244470830441
0.244294812821
0.244265480954
0.244206822506
0.244177495924
0.243972266216
0.243620711854
0.243386446206
0.243357168945
0.243327893445
0.243240079276
0.243239998249
0.243093677118
0.242888901867
0.242859654551
0.242801165203
0.242684212929
0.242625744718
0.242596513255
0.242362730247
0.242304300789
0.242275088702
0.242245878376
0.24215825973
0.24212905645
0.241983071758
0.241837136386
0.241807952483
0.24174958996
0.241691234483
0.241662059387
0.241661920231
0.241632746896
0.241603575323
0.241574405511
0.241399427153
0.241311959992
0.241078828725
0.240496670794
0.240322083481
0.240263900627
0.240176641319
0.24011847608
0.240089396103
0.240060317887
0.239914954991
0.239885887343
0.239856821458
0.23974057553
0.239653409579
0.239537218256
0.239508173508
0.239479130522
0.239478961421
0.239449920196
0.239420880732
0.23939184303
0.239362807089
0.239275711597
0.23915961187
0.239130590021
0.239072551607
0.239014520239
0.238985507197
0.238956495917
0.238869474406
0.238782466987
0.238782449373
0.238753450422
0.238753416955
0.238695424339
0.238666430673
0.238666413058
0.238463512004
0.238376578566
0.238347604276
0.238318631748
0.238289660981
0.238086927266
0.237537236604
0.237421554343
0.237132508986
0.237131545466
0.237073750134
0.236958180608
0.236842639264
0.236842491302
0.236813610369
0.236698106017
0.236409501025
0.236322942779
0.236236402147
0.236121042234
0.236092205339
0.236063370205
0.235976877132
0.235948049044
0.2359479962
0.235919169873
0.235775064661
0.235688622671
0.235602196535
0.235573391346
0.235458193487
0.235429397105
0.235400602485
0.235371809626
0.235343018528
0.235314229192
0.235285441617
0.235227871753
0.235141530166
0.23476768274
0.234738928633
0.23462392982
0.234623876976
0.234623859362
0.234537628747
0.234307768516
0.233647852603
0.233561801658
0.233533121532
0.233475766566
0.233189111512
0.233074494937
0.232959906544
0.232959858985
0.232816671495
0.232788037167
0.232759404601
0.232730773797
0.232616269954
0.232530411009
0.232444566154
0.232387345059
0.23218713728
0.232187093243
0.232072723272
0.232044134743
0.231758383319
0.231558443282
0.231501331398
0.231444226559
0.231272961363
0.231244422154
0.231215884707
0.231187349022
0.23101617366
0.230873579783
0.230873481141
0.230730927776
0.230730748107
0.230702242367
0.23064523617
0.230588237018
0.230588203551
0.230559706617
0.230360287973
0.229961743087
0.229705700483
0.229023783909
0.228995383856
0.228966985565
0.228966959143
0.228938562613
0.228796606384
0.228654699477
0.228116024998
0.228030999224
0.22803083717
0.228030698014
0.227917354976
0.227917212297
0.227860551347
0.227803897442
0.227718931557
0.227718894567
0.227633942774
0.227633905783
0.227322563839
0.227294269474
0.227294167309
0.227096173687
0.227067893414
0.226954791695
0.226926520229
0.22681345374
0.226643914777
0.226559163791
0.226502671941
0.226276792613
0.226248563422
0.226220335992
0.225994590536
0.225994460188
0.225543305714
0.225515122321
0.225486940689
0.225486924836
0.225458744966
0.225430566857
0.225430477023
0.225261452406
0.225233286628
0.225233261967
0.225233217931
0.225176891658
0.225007960399
0.224867233671
0.224698413385
0.224304800593
0.223211149305
0.222706782824
0.222678777339
0.222622771652
0.222566773011
0.222538776333
0.222510781416
0.222063183335
0.221979293703
0.221895419925
0.221867465522
0.221811562
0.221588037748
0.221532169455
0.221085543701
0.22105764038
0.221029738821
0.221001839023
0.220890259208
0.220862368217
0.220806591521
0.220778705815
0.220555695909
0.220332812828
0.220249250829
0.220193551637
0.220165704683
0.22008217439
0.220054334482
0.219776039327
0.219720400025
0.219470147347
0.219220019732
0.219164450888
0.21910888909
0.219081110833
0.219053334338
0.219025559604
0.218942245971
0.218858948191
0.218775668025
0.218664651878
0.218636901805
0.218525920887
0.218359499712
0.218248589252
0.218220865601
0.217390123096
0.21736245405
0.217307121242
0.21727945748
0.216726587379
0.216616090863
0.216588471138
0.216505622531
0.216367582032
0.216312376049
0.216257177112
0.216229580286
0.215926138499
0.215870988883
0.215843416717
0.215815846313
0.215760710789
0.215733145669
0.215678020713
0.215402550944
0.215347468263
0.215319929565
0.215292392629
0.215264857454
0.215099693962
0.215072171117
0.215017130712
0.214934583315
0.214797044833
0.214769541364
0.214687041527
0.214659545104
0.214632050442
0.214522091172
0.214494605318
0.214357213038
0.214329737752
0.214302264228
0.214274792466
0.214192387747
0.213972722858
0.21391782337
0.213890376268
0.213862930927
0.21380804553
0.213670868148
0.213232235909
0.213150031997
0.213095238196
0.212684526892
0.212575066115
0.212547705325
0.21243828154
0.212356230875
0.212301539239
0.212246854649
0.212192177105
0.212137506606
0.212110173999
0.212000861186
0.211864261564
0.21131841265
0.211291132887
0.211263854886
0.211182031449
0.211154760494
0.211127491299
0.211100223866
0.211072958195
0.210963914885
0.210882149577
0.210854897998
0.210827648179
0.210800400123
0.210745909293
0.210718666521
0.21069142551
0.21066418626
0.210636948772
0.210582479081
0.210555246877
0.210500787754
0.210446335677
0.210419112281
0.210228599589
0.210092581249
0.210065380751
0.210038182016
0.209929406448
0.209875028353
0.209847841947
0.20976629506
0.2097391157
0.209196137971
0.208735003053
0.208680779966
0.208653671065
0.208626563925
0.208599458546
0.20851815298
0.208463958076
0.208409770219
0.208382678932
0.208274336684
0.208084808649
0.208003605248
0.208003566496
0.207976501631
0.207949438528
0.207922377186
0.207895317605
0.207868259787
0.20778709866
0.207597790808
0.207570752365
0.207462621493
0.207435591858
0.207219434039
0.207192420257
0.207165408236
0.207111389479
0.207030376315
0.207003374863
0.206733467791
0.2066795054
0.206544632011
0.20649069428
0.206221132455
0.206059484842
0.206005610524
0.205951743253
0.205844031609
0.205817107661
0.205682516105
0.205628691109
0.205171570563
0.205171501866
0.205171447261
0.205144567349
0.205144537405
0.205117659255
0.205010169555
0.204848986968
0.204822128194
0.204795271182
0.204768415931
0.204741562442
0.204714710714
0.204661012543
0.204634166099
0.204607321417
0.204580478497
0.204499962065
0.204392630897
0.204365802068
0.204338975
0.204312149695
0.20428532615
0.204151236611
0.204124423636
0.204097612421
0.204070802969
0.203963588057
0.203936787411
0.203909988527
0.203588551644
0.203374408938
0.203106888647
0.202999923863
0.202919717449
0.202866255313
0.202839526888
0.202839428246
0.202812701582
0.202412049987
0.202385351507
0.202358654788
0.202225208182
0.202198522032
0.202171837643
0.202065117702
0.20203844212
0.201958427705
0.20193175917
0.201905092395
0.201878427382
0.201798444674
0.201771786707
0.201531951316
0.201478672372
0.201425400475
0.20134550584
0.201239006081
0.20118576589
0.201159148437
0.200999498322
0.200972893198
0.200919688236
0.200893088398
0.20086649032
0.200786706657
0.200786690804
0.200547471924
0.200388047276
0.200334919819
0.200228687803
0.200069407595
0.199989784225
0.199936709611
0.199910174946
0.199857110901
0.199671459845
0.199644942795
0.199618427506
0.19945939038
0.199432887421
0.199353390877
0.199300400813
0.199273908423
0.198903263335
0.198850333162
0.198850301455
0.198823839011
0.198797378327
0.198797362474
0.198744446392
0.198532863091
0.198427113715
0.198242112638
0.198215690707
0.198189270537
0.198057197872
0.198030788272
0.198004380432
0.197977974354
0.197951570038
0.197872369419
0.197845972148
0.197766790905
0.19774040068
0.197661240574
0.197634857395
0.197608475978
0.197582096322
0.197371127771
0.197344763968
0.197292041647
0.197265683128
0.197239326371
0.197186618142
0.197160266669
0.197002194824
0.196949518301
0.196923182681
0.196896848823
0.196870516727
0.196791531006
0.196765205955
0.196738882666
0.196712561138
0.196633608885
0.196580981683
0.196554670724
0.196528361526
0.19650205409
0.196449444503
0.196344251749
0.196265371716
0.196212793834
0.196186507536
0.196133940223
0.19602883202
0.196002558052
0.195976285845
0.195844956517
0.195818694879
0.195766176887
0.195739920534
0.195713665941
0.195661162041
0.195608665187
0.195556175379
0.195267639084
0.195267617946
0.195241395061
0.19524135807
0.195136489425
0.195110275347
0.19508406303
0.195057852474
0.19503164368
0.195005436647
0.194953027866
0.194560200686
0.19453402536
0.194481679991
0.194455509949
0.19440317515
0.194377010392
0.194324686161
0.194246213026
0.19424620598
0.194193899364
0.194167748698
0.193932482539
0.193801840181
0.193619009225
0.193357971115
0.193331876816
0.193305784278
0.193175351534
0.193149269565
0.193123189358
0.193097110912
0.193044959304
0.192914612872
0.192914604065
0.192888539711
0.192862477118
0.192836416287
0.192810357217
0.192784299908
0.192758244361
0.192680090051
0.192654041549
0.19262799481
0.192601949831
0.192575906615
0.192523825466
0.192393663987
0.192367634862
0.192237520943
0.192237279623
0.192211261067
0.192185244272
0.192133215966
0.192081194707
0.19205518672
0.192029180493
0.192003176029
0.191873190697
0.191847196801
0.191821204667
0.191769225682
0.191743238832
0.191743198319
0.19174318775
0.191743177181
0.191275822541
0.191197967679
0.191016394407
0.190938592388
0.190912661905
0.19091263196
0.190886703239
0.190860776278
0.190808927642
0.190757086052
0.190731167899
0.190601608841
0.190472093819
0.190472014553
0.190368431776
0.190342540045
0.190316650075
0.190213113096
0.190135474894
0.189876858793
0.18985100053
0.189825144028
0.189515066814
0.18946340137
0.189411742972
0.189411727118
0.189360075766
0.189334252732
0.189153546099
0.189101929976
0.188715114666
0.188689335669
0.188637782959
0.188534703959
0.188508937292
0.188508850981
0.188354295014
0.188302788101
0.188277037287
0.188225540944
0.188225466962
0.188173977664
0.188148235658
0.188122495412
0.188019553807
0.187993822369
0.187993748388
0.187968018711
0.187967962345
0.18794223443
0.187916508276
0.187890783884
0.187839340384
0.187813621276
0.18778790393
0.187607958249
0.187556553501
0.187479459591
0.187453765144
0.187428072458
0.187402381533
0.187351004969
0.187222599668
0.187196922836
0.187171247765
0.187145574455
0.187119902907
0.187042898831
0.186965910608
0.18694025139
0.186837633894
0.186735044581
0.186683759613
0.186529957552
0.186504328279
0.186478700767
0.186453075017
0.186427451028
0.18635058963
0.186324972688
0.186273744086
0.186248132428
0.186248088391
0.186171263984
0.186145659371
0.18612005652
0.18609445543
0.185915307692
0.185889720694
0.185864135457
0.185787390316
0.185761812125
0.185736235696
0.185659516977
0.185608379971
0.185557250012
0.185531687674
0.185455012991
0.1854294577
0.185403904169
0.185378352401
0.185327254147
0.185301707663
0.185301660103
0.185199497065
0.185148423472
0.185097356925
0.185071826294
0.185046297424
0.184918684781
0.18489316648
0.18486764994
0.184791112652
0.184791089753
0.184790964689
0.184663438358
0.184586943344
0.184561447942
0.184001244875
0.183975789986
0.183899437651
0.183797658611
0.183772217814
0.183721341505
0.183695905993
0.183619610025
0.183594181558
0.183594102292
0.183594021265
0.18356859456
0.183492325014
0.183466905355
0.18333984405
0.183314434959
0.183263622063
0.183263386027
0.183212580176
0.182882630146
0.18283187714
0.182831854241
0.18280648038
0.182299563301
0.182274226431
0.182223557974
0.182172896564
0.1821475685
0.18207159488
0.181894402364
0.181894391795
0.181843776182
0.181818471018
0.181793167616
0.181742566095
0.181717267976
0.181717178142
0.181691881785
0.18169183951
0.181666544914
0.181514824902
0.181388436475
0.181186306941
0.181110534127
0.180984286617
0.180858088428
0.180656272434
0.180631050059
0.180605829445
0.180605792454
0.180580573601
0.180454509284
0.180429301
0.180378889717
0.180353686718
0.18032848548
0.180328460819
0.180278063628
0.180252867674
0.180227673482
0.180026200973
0.179900328655
0.179824825345
0.179774498612
0.179749337888
0.179724178925
0.179397388958
0.179372254656
0.179347122115
0.179321991335
0.179321970198
0.179321943776
0.179221440034
0.179171197852
0.179171118586
0.179146000137
0.179120883449
0.179070655358
0.179045543955
0.178995326433
0.178719275381
0.178644022198
0.17861894074
0.178543708694
0.178518634282
0.178493561631
0.178418354246
0.178293043834
0.178293033265
0.178292945192
0.177867430561
0.177792357047
0.177767335478
0.177567228102
0.177467215809
0.177342250644
0.17711742467
0.177117331313
0.177042414569
0.177017445845
0.177017384193
0.177017373625
0.176892566991
0.176867608835
0.17674284976
0.176717902173
0.176717865182
0.176667975292
0.176643032989
0.176393756161
0.176269164426
0.17626910982
0.176194372746
0.176144556837
0.176044951441
0.175970263688
0.175945370706
0.175920479485
0.175870702329
0.17587069176
0.175870653008
0.175820882897
0.175796000483
0.175795981107
0.175746221565
0.175547269708
0.175547248571
0.175472666505
0.175472641845
0.175422928101
0.175373221402
0.175348370696
0.174777528397
0.174232452766
0.174232405206
0.174232028253
0.174132961865
0.174108199231
0.174083438359
0.174058679248
0.174033921898
0.173737013374
0.173390958297
0.173366248507
0.173292131467
0.173267428723
0.17324272774
0.173069887797
0.172897142973
0.17289712712
0.17287245256
0.172872438468
0.172872399716
0.172749055095
0.172699728873
0.172650409696
0.172601097566
0.172502499726
0.172379296023
0.172354658453
0.172330022644
0.172305388597
0.172231497025
0.172182244784
0.172132999588
0.172108379633
0.171763959192
0.171714773887
0.171690183876
0.17164100914
0.171640959819
0.171468930148
0.171419787118
0.171296965652
0.171223292501
0.171076007849
0.170830673173
0.170781621739
0.170634516757
0.170634444537
0.170609932031
0.170585421286
0.170560912303
0.170560789
0.170560413809
0.170486897428
0.17046239549
0.170339922794
0.170193001004
0.170192979866
0.170168499066
0.170021661827
0.169997193357
0.169972726649
0.16997271608
0.169679289966
0.169679252976
0.169679191324
0.169459283353
0.169459253408
0.169459167097
0.169385890275
0.16938586033
0.169361437658
0.169361421805
0.169239340153
0.16921492805
0.169190517709
0.169190066774
0.169190017453
0.169189985747
0.169092367281
0.168994773474
0.168970378986
0.168945986259
0.168921595294
0.16889720609
0.168872818648
0.168848432967
0.168824049047
0.16882398035
0.168750840922
0.168726464048
0.168702088936
0.168677715586
0.168531515995
0.168312353122
0.168214983022
0.168093315313
0.168044658447
0.167947367612
0.167898731883
0.167898659663
0.167898633241
0.167898460617
0.167874145395
0.167849831934
0.167752597466
0.167631102381
0.167606806535
0.16758251245
0.167533929564
0.167218428808
0.166878931654
0.166806213215
0.166757743063
0.166709279957
0.166491295503
0.166467082445
0.166418661614
0.166394453841
0.166370247829
0.16637020027
0.166370175609
0.166273374461
0.166079865522
0.166079814439
0.166079749265
0.166079588972
0.166007044918
0.165789534297
0.165789518444
0.165789499068
0.165717020188
0.165692863497
0.1656445554
0.165596254348
0.164728189985
0.164607795814
0.164607728879
0.164607677796
0.16460763376
0.164607547448
0.164607387155
0.164607353687
0.164535131981
0.163934177488
0.163934064754
0.163934031287
0.163910004944
0.163885980363
0.163861957543
0.163741880435
0.163717868184
0.163693857694
0.163621838556
0.163597835112
0.163333918773
0.163333894112
0.163285931262
0.163190031982
0.163142090269
0.163118122054
0.163094155601
0.162998312688
0.162974355043
0.162950399159
0.162806718459
0.162758833112
0.162734893081
0.162663083557
0.162615219348
0.162591289886
0.162567362185
0.162495589651
0.162471668996
0.162423832971
0.162423227028
0.162279771795
0.162255866993
0.162255710223
0.162136216159
0.162136149224
0.162136031206
0.162136015352
0.162136004784
0.162112110551
0.161921035952
0.161921025383
0.161897147004
0.161897134673
0.161873258055
0.161873217541
0.161873175266
0.161658387865
0.1614199088
0.161419868286
0.161419852433
0.161300664863
0.161300627873
0.161276795291
0.1612767583
0.16125292748
0.161229098421
0.161229063191
0.161228811302
0.161204984005
0.161085884508
0.161038252812
0.16075270748
0.160705125105
0.160562422017
0.160562416732
0.160419785864
0.160419773534
0.160324716233
0.16027719727
0.160205932038
0.160039709908
0.159992233221
0.159968497519
0.159944763579
0.159921031401
0.159873572328
0.159802398691
0.15921004718
0.159186369606
0.159115347456
0.158997017718
0.158736835678
0.15847688439
0.158453261422
0.158429640215
0.158382403087
0.158335173004
0.158240733977
0.158217128624
0.157745692676
0.157722124313
0.157698557712
0.157627868478
0.157580751129
0.15727466891
0.157227604405
0.157180546946
0.156851389574
0.156804388481
0.156757394435
0.156733900054
0.156686916576
0.156569499275
0.156123729591
0.15610028277
0.156053394411
0.155959640592
0.155865913195
0.155795636143
0.155772213981
0.155701958067
0.155655129597
0.155631718005
0.155608308174
0.155421110554
0.155397716576
0.155327546973
0.155304160041
0.155234009814
0.155187251803
0.15516387544
0.155093756919
0.154836805401
0.154766762623
0.15472007507
0.154673394564
0.154533405889
0.154486753566
0.154463430046
0.154416788292
0.154393470057
0.154137089252
0.154090496819
0.154043911432
0.15399733309
0.153787867066
0.153741327477
0.153671533065
0.15362501109
0.153601752745
0.153531988278
0.153508736979
0.15221199616
0.152188845264
0.152165696129
0.152096261056
0.152073118967
0.15204997864
0.152026840074
0.15200370327
0.151703136189
0.151449031193
0.151402847419
0.151333584969
0.151310501008
0.151264338372
0.151056704268
0.151033641446
0.150987521084
0.150918353753
0.150595793057
0.15052671556
0.150480672703
0.150411621628
0.150388608126
0.150342586406
0.150135584668
0.150112592303
0.14988280253
0.149813888849
0.149744991022
0.149722028602
0.1496301983
0.149584292837
0.14953839442
0.149309013306
0.149263157164
0.149148547634
0.149125631012
0.149102716152
0.149056891716
0.14903398214
0.149011074326
0.148988168273
0.148965263982
0.148850774232
0.148759211672
0.148644801187
0.148621923318
0.148530431216
0.148507562154
0.148187610183
0.148164767543
0.148027750454
0.147959264809
0.147708298738
0.147685493089
0.147639887074
0.147594288106
0.147571491263
0.147525902864
0.147503111306
0.147480321509
0.147389179939
0.14736639895
0.147298066552
0.147229750007
0.147206981348
0.147184214451
0.14713868594
0.146979393402
0.146956644119
0.14688840684
0.146774723839
0.146706528835
0.14668380069
0.146638349684
0.146592905724
0.146570186386
0.146502038942
0.146456616119
0.14634309165
0.146320391688
0.146297693488
0.146274997049
0.146274977673
0.146206900687
0.146184211294
0.146161523662
0.145957431859
0.145889428855
0.145889409478
0.145776113999
0.145685506152
0.14561756656
0.145594922965
0.145572281131
0.145549641059
0.145527002749
0.1455043662
0.14536860151
0.144984261055
0.144871309061
0.144848723594
0.144826139889
0.144803557945
0.144780977763
0.144758399342
0.144713247784
0.144600401478
0.144577837149
0.14451015473
0.144465041925
0.144442488165
0.144352292499
0.144329747546
0.144307204355
0.143879244814
0.143856736851
0.143811726211
0.143744223461
0.143721726068
0.143699230436
0.143406963364
0.143384492392
0.143317091808
0.143294627882
0.143227248435
0.143137436768
0.143114986934
0.143025206973
0.142980326681
0.142980321397
0.142823299383
0.142599132197
0.142531914804
0.142397532862
0.142307976608
0.142196076207
0.142151326263
0.142128953933
0.142106583365
0.142061847512
0.142017118706
0.141994756945
0.141972396945
0.141950038707
0.141905327515
0.141860623369
0.141793580361
0.141771236215
0.141726553207
0.141637210089
0.141592548218
0.141547893393
0.141436288917
0.141413972954
0.141391658753
0.141369346313
0.140968039454
0.140945760482
0.140700871456
0.140678613621
0.140634103236
0.140611850686
0.14034499975
0.140300542209
0.140278316081
0.140233869108
0.140211648264
0.140211639457
0.140167203053
0.140144987493
0.140078353145
0.139834219786
0.139812030648
0.139701116666
0.139457286278
0.139280081432
0.139235792991
0.139169373541
0.139014482896
0.13897023673
0.13892599761
0.138903880693
0.138859652141
0.138815430636
0.138793322526
0.138638618596
0.13859443232
0.138572341824
0.13855025309
0.138506080905
0.138483997455
0.138461915767
0.13843983584
0.138307410882
0.138285343286
0.138197095797
0.138175037008
0.138130924713
0.138108871208
0.138086819464
0.138064769482
0.138042721261
0.138020674802
0.137976587168
0.137954545993
0.137910468927
0.137888433037
0.137712235747
0.13769021571
0.137602153175
0.13753612653
0.1374921164
0.137470113978
0.137448113316
0.137448104509
0.137404108471
0.137382113094
0.137294154485
0.137272167916
0.137206218776
0.137206204684
0.13718422516
0.137184193454
0.137140239691
0.137118265451
0.137118240791
0.137118217892
0.137030343834
0.137008378401
0.137008350218
0.136986386547
0.136964424638
0.136942464491
0.13689854948
0.136854641515
0.136810740595
0.136744904189
0.136722961656
0.13648171181
0.136437870781
0.136415952908
0.136394036797
0.136372122447
0.136350209859
0.136328299033
0.136196881632
0.136087417333
0.135912364993
0.135890489396
0.135781143115
0.135737414819
0.135671835586
0.135628124904
0.135584421269
0.135235116294
0.135169658602
0.135104216763
0.135082406339
0.135038790777
0.13499518226
0.134799043459
0.134646587155
0.134603042051
0.134515974742
0.134494211878
0.134385434549
0.13432018471
0.134276692449
0.134254948962
0.134167997909
0.134015897421
0.134015804063
0.133994081713
0.133733577325
0.133690180184
0.133625097684
0.13360340704
0.133538347438
0.13351666384
0.133299926501
0.133278262279
0.133256599818
0.133234939119
0.133191623005
0.13316996759
0.133105013676
0.1330617187
0.133040073854
0.132910259384
0.132845367121
0.132758870526
0.132715631916
0.132672400353
0.132650787213
0.132499562171
0.132477963123
0.132456365837
0.132305251767
0.132283668572
0.132262087139
0.132067949358
0.132046385539
0.132003263186
0.131981704652
0.131960147879
0.131938592867
0.131917039618
0.131895488129
0.131873938402
0.131852390437
0.131830844232
0.13180929979
0.131766216189
0.13170160576
0.131658539774
0.131615480834
0.131593954006
0.131550905634
0.13152938409
0.131507864308
0.131486346287
0.131464830028
0.131400291819
0.131378782606
0.131314265535
0.131292763367
0.131271262961
0.131163790876
0.13107784738
0.131077835049
0.130970449275
0.130948975291
0.130927503069
0.130841637077
0.130820173662
0.130755795746
0.130734339376
0.130712884768
0.130605648719
0.130412736915
0.130412689356
0.130262741374
0.130241325518
0.130219911424
0.130198499091
0.130155679709
0.130027270885
0.129898936043
0.129877550132
0.129749271657
0.129258278195
0.129215613823
0.129172956495
0.129172947688
0.129087659456
0.129087647126
0.129045010936
0.129002381793
0.128938451288
0.128895839759
0.128874536637
0.128789343524
0.128768049209
0.128682894848
0.128257820582
0.128236570303
0.128215321786
0.128172830037
0.128151586804
0.128109105623
0.128045397063
0.128024164399
0.127769606708
0.127727188939
0.127684778217
0.127663575498
0.127642374541
0.127578782237
0.127557588325
0.127536396175
0.127536387368
0.127430463607
0.127388102206
0.12734574785
0.127324573315
0.127239898071
0.127155251012
0.127134092329
0.127112935408
0.127091780249
0.127070626851
0.127028325339
0.127007177225
0.126859216173
0.12681694989
0.126753563677
0.126669078672
0.126647960503
0.126647955219
0.126626838811
0.126500194973
0.126479090896
0.12645798858
0.126436888026
0.126415789233
0.126373596932
0.126331411677
0.126310321692
0.126247064066
0.126225981126
0.126225903622
0.126204822444
0.126162665372
0.126120515346
0.126057303518
0.126015171107
0.125973045741
0.1259519857
0.125930927421
0.125930893954
0.125930881623
0.12588877035
0.125867717355
0.125846666122
0.12580456894
0.125783522991
0.125762478803
0.125657289573
0.125426065969
0.125384039246
0.125342019568
0.125132076188
0.125090098785
0.125069112726
0.124964214137
0.124943238646
0.124922264917
0.124880322744
0.124880313937
0.124838378809
0.124838370002
0.12483835591
0.124545070713
0.124503191953
0.124482255214
0.124461320238
0.123563645697
0.123521932514
0.123521902569
0.12350104862
0.123396805294
0.123375961913
0.12331344234
0.123271771432
0.12325093862
0.12320927828
0.123188450753
0.123084344821
0.122980288211
0.122959480059
0.122917869041
0.122689197796
0.122606074401
0.122502220358
0.122419162137
0.122398401545
0.122253130245
0.122232383745
0.118233052804
0.118151465404
0.118131072958
0.118069907949
0.118029138909
0.118029130102
0.118008748224
0.117906870542
0.117886499233
0.117866129686
0.1178457619
0.117784669111
0.117764308371
0.117723592175
0.117703236719
0.117662531092
0.117642180921
0.117601485862
0.117581140975
0.11756079785
0.117540456486
0.117499779042
0.117479442963
0.117459108644
0.117438776088
0.117398116259
0.117357463476
0.117337139726
0.117316817738
0.117296497512
0.117276179047
0.117255862343
0.117235547401
0.117194922801
0.116910779593
0.116890494596
0.11687021136
0.116849929885
0.116728285076
0.116566198859
0.116464951781
0.116424461052
0.116343502494
0.116303032902
0.116262570357
0.116181671688
0.116141230281
0.116121012219
0.116019950094
0.115999742601
0.115918935529
0.115878539919
0.115838151355
0.115817959715
0.115797769837
0.11577758172
0.115656497056
0.115636321269
0.115636312462
0.115616138437
0.115616133152
0.115595960889
0.115495131277
0.115394345701
0.115031880843
0.114971522584
0.114911181939
0.114891071326
0.114830751819
0.114810648252
0.114750349883
0.114730253362
0.114710158603
0.114489250121
0.114449104639
0.114388899627
0.114368834812
0.114368822482
0.114348759429
0.11424847587
0.114228423386
0.114168278264
0.114148232825
0.114108147233
0.114048032055
0.114027997186
0.114007964077
0.113987932731
0.113967903145
0.113947875322
0.113927849259
0.113727696085
0.113547711652
0.113467758889
0.11338783607
0.113387816694
0.113307925582
0.113267987952
0.113267979145
0.113267945677
0.113228015093
0.113148175063
0.113108265617
0.112968664463
0.112968634519
0.112928756779
0.112868955141
0.11272950195
0.112649838067
0.112649838067
0.112590108649
0.112590106888
0.112570200605
0.112510492325
0.112470695612
0.112450799898
0.112411013754
0.112351349511
0.112331464366
0.112291699359
0.112271819499
0.112251941399
0.112212190484
0.112192317669
0.112152577323
0.112092981777
0.112073119531
0.112053259046
0.112013543361
0.112013532792
0.111973824152
0.111953972475
0.111517857364
0.111418824444
0.111379221492
0.111319830275
0.111300036726
0.111161538247
0.11114175879
0.110924380278
0.110904621958
0.110766373607
0.11066767008
0.110647934659
0.110628200999
0.110588738965
0.110529559123
0.110509836032
0.110490114703
0.110470395135
0.110450677329
0.110430961284
0.110411247
0.110371823718
0.11015518502
0.110096121435
0.110056754519
0.110017394649
0.109997717357
0.109978041825
0.109958368055
0.1099190258
0.10987969059
0.109860025628
0.109840362427
0.109840343051
0.109781365777
0.109742055228
0.109722402596
0.109663457029
0.109643811443
0.109624167618
0.109604525554
0.109584885252
0.109565246711
0.109388628432
0.109349388342
0.109329770938
0.109329765654
0.109329689911
0.10931007427
0.109290460389
0.109251237913
0.10919241741
0.109114020018
0.109094423752
0.109074829248
0.108918148958
0.108898570307
0.108878993418
0.108781137154
0.108781054365
0.108761488044
0.108741923485
0.108722360687
0.108722355403
0.108683235092
0.108644121826
0.108605015607
0.108331606748
0.108331597941
0.108292548088
0.108253505281
0.10823398652
0.108194954282
0.108136420897
0.108116912705
0.108097406274
0.108058398696
0.108019398165
0.107921931184
0.107882955312
0.107882935936
0.107882897184
0.107882888377
0.107746545928
0.107727072965
0.107668666405
0.107590813305
0.107551897323
0.107532441974
0.107493536562
0.107474086497
0.10737686436
0.107376859075
0.10735741958
0.107279680974
0.107260250286
0.107240821359
0.10718254691
0.107163125029
0.107143704909
0.10702722823
0.107007820441
0.106988414413
0.10693020866
0.106910809679
0.106910804394
0.106872011715
0.106852618017
0.106755686521
0.106755660099
0.106697517759
0.106678139915
0.106658763832
0.106600646152
0.106581277115
0.106523182335
0.106484460114
0.106465101646
0.106426389994
0.106310302597
0.10623294799
0.106213612421
0.106213601852
0.106155607475
0.10611695219
0.106097627189
0.106058982473
0.106039662757
0.106020344802
0.106001028609
0.105865882193
0.105846580092
0.105807981173
0.105730809759
0.105692231978
0.105672945729
0.105653661243
0.105595818351
0.10557654091
0.105557265231
0.105422397126
0.105403135538
0.105383875712
0.105383866904
0.105383858097
0.105364600032
0.105364598271
0.105345341967
0.105306834645
0.105287583626
0.105172121548
0.10515288286
0.105095177362
0.105056715838
0.105037487718
0.105018261359
0.104999036762
0.10492215775
0.104845310444
0.104787691258
0.104749286101
0.104730086164
0.10417434488
0.104155197787
0.104155192503
0.104116903602
0.104059483461
0.104040346937
0.103944696024
0.103925570068
0.103887323442
0.103868202772
0.103849083862
0.103829966714
0.10382996143
0.103658035686
0.103581653406
0.103543470193
0.103467130188
0.103428968112
0.103390813082
0.103371738209
0.10331452416
0.103295456333
0.103142996506
0.103009696102
0.102933553381
0.102895489947
0.102876460872
0.10287644678
0.102876432689
0.102857405375
0.102800335766
0.102762296992
0.102724265265
0.102705252043
0.102705241474
0.10264821414
0.102629207964
0.10261020355
0.102534205268
0.102534199984
0.102534187654
0.102515192047
0.102496198201
0.102496178825
0.102439207857
0.102382252743
0.102230476363
0.102097767811
0.102078812717
0.102078733451
0.102059780119
0.10202187874
0.101851425578
0.101832493384
0.101643285935
0.101643277128
0.101605453253
0.101548732413
0.101529828402
0.101492025664
0.101454229972
0.101416441326
0.101359771569
0.101340885172
0.101322000537
0.101284236552
0.101265357201
0.101227603785
0.101170988632
0.10113325283
0.101095524074
0.101076662338
0.101038944151
0.101020087699
0.101001233009
0.10094468127
0.100925833625
0.100888143621
0.100869301262
0.100850460663
0.100850430718
0.100831591882
0.100812754806
0.100793919492
0.100718601135
0.100699774629
0.100680949884
0.1006621269
0.100643305678
0.100624486217
0.100361202242
0.100342409203
0.100323617926
0.100229693245
0.100229673869
0.100192114213
0.10006071795
0.100041953095
0.100004428668
0.0999856690969
0.0999669112873
0.0999481552392
0.0999106484272
0.0998544031818
0.0998169139845
0.099798172028
0.099779431833
0.0997606933995
0.0997419567274
0.0997232218168
0.0996670276537
0.099648299789
0.0995546974559
0.0995359801599
0.0995172646253
0.0994985508523
0.099386306966
0.0991433502637
0.0991433485023
0.0991246699584
0.0990873181552
0.0990686448957
0.0990686396114
0.0990126321633
0.0989939659497
0.0989753014976
0.0989566388069
0.0989193187099
0.0989192975724
0.0988819845213
0.0988260281556
0.0988073795567
0.0987700876431
0.0987514443285
0.0987328027754
0.0987141629837
0.0979335745889
0.0979150105401
0.0978964482528
0.0978593289625
0.0978222167181
0.0978036632381
0.0976738646208
0.0976553252325
0.0976182517402
0.09761823941
0.0975070647312
0.0974515011716
0.0973589381011
0.0973404286576
0.0973219209756
0.0973034150551
0.0972664084984
0.0972479078623
0.0972109118743
0.0969522746366
0.0969338039453
0.0969153350155
0.0967861282495
0.0967676734114
0.0967307690195
0.0966938716734
0.0966200998803
0.0965647899712
0.0965463562706
0.0965279243315
0.0965094941538
0.0964910657376
0.0964542141896
0.09639895184
0.0963805339925
0.0963621179065
0.096343703582
0.096325291019
0.0963068802174
0.0962884711773
0.0962700638986
0.0962516583814
0.0961596677861
0.0960861003226
0.09606771242
0.0960309418992
0.096012559281
0.0959941784243
0.095975799329
0.0958839408434
0.0958472055518
0.0957921175869
0.09575539991
0.0957553875798
0.0957186769487
0.0956819733635
0.0956636242131
0.0954619297598
0.095443601747
0.0954069510056
0.0954068682169
0.0953885454884
0.0952969688367
0.095278656677
0.0952603462787
0.0951688242323
0.0951139317897
0.095077344461
0.0950407641781
0.0950224766789
0.0949859069648
0.0949676247499
0.0949310656046
0.0949127886741
0.0949127587293
0.0948944835603
0.0948762101527
0.0948761978225
0.0948396562918
0.0948213881686
0.0948031218069
0.0948031112381
0.0948030390182
0.0947665115792
0.094766449928
0.0947481888507
0.0947481606673
0.0947299013514
0.094711643797
0.0946751339727
0.0946386311941
0.094620382447
0.0946021354614
0.0945838902373
0.0945656467746
0.0945474050733
0.0945109269553
0.094474455883
0.0944015401605
0.0943650902258
0.0943468679007
0.094328647337
0.0943104285348
0.0943103933055
0.0943103809753
0.0943103651221
0.0943103351773
0.0943103193241
0.0942921022834
0.0941464663606
0.0941464610762
0.0941464557918
0.0941282546042
0.0940918575134
0.0939100411597
0.0938010154646
0.0937828477448
0.0937465175896
0.0936920373291
0.0936920214759
0.0936557089353
0.0936556913207
0.0936556754675
0.0936193699727
0.0936012198675
0.0935467818821
0.0934560859615
0.0934016902512
0.0933835612835
0.0933473086326
0.0933110630275
0.0932929428672
0.0932748244683
0.0932567078308
0.0932385929549
0.0932023684873
0.0928046391585
0.0927504319247
0.0927323663696
0.0927143025761
0.092696240544
0.0926961824157
0.0926059039616
0.0926058634479
0.0926058546406
0.0925878031773
0.0925697534754
0.0924434654521
0.0924434601677
0.0924254245575
0.0924073907088
0.0923893586216
0.092389318108
0.0923893057777
0.0923892793558
0.0923532204657
0.0923532010896
0.0923171492453
0.0922991259654
0.0922811044469
0.0922450666944
0.0922270504603
0.0921730140883
0.0921550049
0.0921549960927
0.0921549749552
0.0921189618631
0.0919929979488
0.0919929926644
0.0919750010908
0.0919570112786
0.0919569989484
0.0919569795723
0.0919569742879
0.0919389862372
0.0918670569335
0.0917951558131
0.0917771836156
0.0917053142015
0.0916155201494
0.0915975655665
0.0915974352183
0.0915974299339
0.0915973753286
0.0915794225071
0.0915435221486
0.0915255746116
0.0914717443306
0.0914179281413
0.0913641278052
0.0913103450837
0.0912924204457
0.0912924116384
0.0910953991513
0.0910953692065
0.0910416657508
0.0910237675347
0.0908985416729
0.0908806575485
0.0908806487412
0.0908448857767
0.0908270069367
0.0907733809853
0.0907019061388
0.0906126052961
0.090594749355
0.0905590427573
0.0905590269042
0.0905411762475
0.0905233273523
0.0905054802186
0.0904876348463
0.0903806172181
0.0903449528955
0.090291471384
0.090202371348
0.0901133171099
0.0900955104898
0.0900777056312
0.090059902534
0.0900598866809
0.0899886919068
0.0899886778151
0.0899530909968
0.0899175112244
0.0898997239804
0.0898641547767
0.0898463728171
0.0898108141822
0.0898107666228
0.0898107542925
0.0897396599218
0.0897218902924
0.0897041224245
0.089668591973
0.0896330685673
0.0896153095067
0.0895975522076
0.0895975469232
0.089420093711
0.0894200919495
0.0894023540264
0.089349150826
0.0893314199488
0.0892959634787
0.0892782378858
0.08927823084
0.0892782114639
0.0892604876325
0.089189615206
0.0891719001819
0.0891364754182
0.0891187656785
0.0890656487897
0.0889417933455
0.0889241029819
0.0888710424598
0.0888533591421
0.0888533344816
0.0888356529253
0.0887296181929
0.0887119489668
0.0886589536189
0.0886059741241
0.0885883172283
0.0885706620939
0.088553008721
0.0885353571096
0.0885177072596
0.0885000591711
0.0884471254743
0.0883060834447
0.0882884564937
0.0882884459249
0.0882884318332
0.0882531832157
0.0882531286104
0.088200268895
0.0882002636106
0.0882002301428
0.0882001949136
0.0879362715282
0.087936167602
0.0879009894429
0.0879009806356
0.0879009735898
0.0879009647824
0.0878833783451
0.0878482107548
0.0878130502104
0.087812995605
0.0877778421065
0.0877602679993
0.0877251250695
0.0876548656318
0.0876373038549
0.0876021855856
0.0875319754688
0.0875144260222
0.0874617900125
0.0874442476117
0.0874442141439
0.0874442141439
0.0873915992718
0.0873389984914
0.0871463156781
0.0871288049836
0.0871112960506
0.0870937888791
0.0870937765488
0.0870937589342
0.0870937025674
0.0870761971573
0.0870761813042
0.0870761724969
0.0870236668354
0.0869886718684
0.0869886595381
0.0869711646968
0.086953671617
0.0869536416721
0.0868662079792
0.0868661833187
0.0868487008077
0.0868137410699
0.086778788378
0.0867785153513
0.0867610416476
0.0867260995244
0.0866213330447
0.0866213083842
0.0865863944445
0.0865514875506
0.0864991421821
0.0864293724309
0.0863247785744
0.0863073506687
0.0862899245244
0.08628991924
0.0862724948572
0.0862376513759
0.0862202322775
0.0862028149405
0.0860983584781
0.0860809534713
0.086063550226
0.0857854118417
0.0857853818969
0.0857506370575
0.08573326728
0.0857332549498
0.085681156186
0.0856637934544
0.08566378817
0.0856636912896
0.0856636789593
0.0856463179891
0.0855422067733
0.0853861553253
0.0853861394721
0.0853860936741
0.0853860848668
0.0853860707751
0.0853687379883
0.085368611163
0.0853339508738
0.0853166233714
0.0852992976305
0.0852300140427
0.0852126971091
0.0852126583569
0.085212586137
0.0851952709648
0.0851260331751
0.0851260243678
0.0851087180029
0.0850741105576
0.0850741017502
0.0850568006698
0.0850395013507
0.0850222037932
0.0850049079971
0.0849876139624
0.0849530311776
0.0849530258932
0.0849357371429
0.084883881461
0.0848147669736
0.084797492315
0.0847629482823
0.0847111472057
0.0846938831159
0.0846938320335
0.0846937774282
0.0846765150998
0.084659254533
0.0846419957276
0.0846419869203
0.0846247298763
0.0846247175461
0.0846246840783
0.0844522492716
0.0843833109304
0.0843144042956
0.0841422847906
0.0839531407546
0.0839531301858
0.0838328716472
0.0835754656715
0.0833013645582
0.0832671270199
0.0832671146897
0.0831473511219
0.0831473387916
0.0831302349949
0.0831302297105
0.0829251867179
0.0828739493091
0.0828739246486
0.0828739158413
0.0828397663761
0.0827714938676
0.082754428823
0.0827542790988
0.0826860382966
0.0826860153976
0.0826859643152
0.0826518536021
0.0826518483177
0.0826518465563
0.082651834226
0.0826177305588
0.082566588269
0.0825665829846
0.0825495390776
0.082532496932
0.0824984179253
0.0824473143876
0.0824472809199
0.0824472721125
0.0824302405358
0.0824132107204
0.0823791563742
0.0823621318432
0.0823451090738
0.0823280880657
0.0823280757355
0.0823277621953
0.0823277533879
0.0823276089481
0.0822595442921
0.0821915078195
