5038
588
893
566
273
5069
5022
140
95
1028
5030
370
458
1768
647
5033
1139
543
286
8344
155
887
80
613
823
90
1806
530
2718
2630
195
128
1569
200
851
82
1672
102
353
114
1819
478
20764
2666
734
1528
9129
1588
136
516
1053
554
1330
4746
76
1817
2737
5036
4153
2348
151
184
9137
78
343
4063
7954
443
342
91
225
878
93
20805
2215
2753
444
8557
147
308
1031
3237
3311
33806
127
1725
106
16625
686
133
213
301
1507
652
5020
360
4880
1304
8556
2939
416
929
1334
1824
1
1365
292
520
9135
4876
4152
56
2015
72
4398
5053
232
3027
2323
1821
107
880
5050
385
22587
910
277
5237
920
74
314
2111
9500
1202
316
1793
1161
6084
939
35675
390
1359
1371
2253
2088
4093
89
1970
2773
1927
2715
2720
5027
802
13634
3844
879
919
4262
960
9044
274
621
4183
6831
5051
2728
2736
79
10815
81
402
13633
915
4154
875
5052
109
9861
2601
9132
3174
1233
876
659
6289
4618
144
3161
1046
5023
5042
1470
2271
13635
6917
30172
8032
8560
8558
1813
928
1000
2047
5070
192
13637
5021
2947
4621
922
5057
620
950
11812
54
4216
449
3258
2637
4272
26576
406
4904
4755
4124
287
8072
539
5853
1935
918
1323
9504
188
8566
1252
4737
9131
10281
5028
244
1833
26142
26811
383
386
22463
13396
1027
7059
1443
10893
15198
2186
4224
8565
593
10280
1552
9130
30779
948
28825
442
581
1025
8559
4227
391
24812
75
5024
1481
1112
10959
101
172
35279
14862
3057
18722
255
9752
8987
9313
279
46
92
775
694
3295
26911
1185
1559
2550
1050
8194
23043
4256
5029
10601
5068
26897
86
815
5830
13267
27605
5150
9134
23873
1168
13266
16201
5032
26990
409
1560
145
12110
11547
26854
3742
1308
4232
24464
53
6829
4205
2667
1628
18778
585
889
1108
3354
23648
5064
1401
4027
13640
645
165
1087
560
438
707
2723
3251
2189
4757
716
22319
23946
1771
28933
215
19815
239
773
1213
30513
1164
923
819
924
1885
5557
1061
3334
5587
19467
8678
1208
575
1234
24810
9754
6828
4480
4642
5061
186
592
5729
24890
121
473
5045
21255
492
26584
212
958
1259
8071
8857
6707
21241
25323
1030
20374
280
974
14338
403
393
1652
2746
6231
3058
20183
1762
5046
16207
20963
457
1783
1847
11744
17278
521
1118
454
498
368
241
10084
22063
32745
1126
264
3108
16202
23960
205
1790
3906
1193
2741
9239
14144
604
1104
2264
20966
29813
4536
639
6069
3266
5614
7581
20919
1936
6009
6653
551
3215
8350
12015
5049
7523
12116
20654
614
1302
3313
4121
4995
10124
12512
13577
16692
25529
28097
28509
531
1767
367
1043
1063
1668
3333
1572
3733
26856
423
2165
6782
8794
12844
1316
4677
7657
3535
4132
6022
6049
6664
6681
782
4223
9079
9136
12076
26015
528
764
3318
9799
25158
267
861
3065
20157
2294
5190
7990
21236
852
853
1461
2651
13366
14827
221
4075
4545
441
1459
2296
4128
354
675
1038
3128
5881
29012
2515
4477
4534
13744
290
4486
11040
1111
3253
4065
4160
4538
16797
822
1585
2510
4191
1049
1245
20336
26378
3200
3219
8271
15264
19325
23364
300
2061
3626
17181
30808
281
4197
6899
11190
824
112
233
1354
5518
3050
4070
22118
1159
5742
8694
22423
636
1713
16978
11165
11818
898
1101
2524
6357
7459
425
1189
448
678
15247
23139
26709
5074
7193
11494
153
2160
7651
12676
13427
537
5824
7638
1113
5202
6876
24467
24743
1076
5211
7324
14065
254
2263
2385
1891
5883
11890
17179
19720
24811
477
971
243
664
10897
13987
504
6738
11922
13630
175
2696
8629
16203
18861
1207
2679
7998
452
1236
2091
2828
4802
6008
13585
16987
18384
19464
19912
26699
30545
293
1037
1778
2580
5041
5963
6982
7516
10778
16017
1095
9499
11680
13093
17824
21582
134
4878
5971
8340
8782
11350
18067
727
1137
3679
4176
5279
13424
13628
27
420
1439
2740
5990
6405
20051
20205
491
587
673
1217
1781
5174
13432
19840
1350
3604
8315
10733
15666
30184
966
1310
5333
7578
12329
315
526
573
1332
1966
2703
2953
5716
6202
6509
13578
14171
16867
2697
6320
14886
18603
753
1384
1922
4884
6671
7102
14055
17832
21680
419
1106
2516
4193
4260
5071
5907
10245
364
3352
3461
4263
6242
7428
7641
7848
14893
15201
24025
26832
235
5833
7140
9172
11298
20990
26435
355
760
1487
1499
2937
4767
6081
6198
6833
13747
15323
446
1324
4142
5943
6175
6258
7331
7467
7517
10032
17925
615
666
917
1188
2383
2782
4542
5199
6735
22201
22359
735
1084
1340
1765
3033
5105
6785
7720
10928
14196
19284
19721
20652
563
1132
3271
10330
24159
224
357
1422
3016
3280
4349
7283
30683
700
751
1032
1077
1102
2613
2648
4736
5170
11204
14036
16782
533
2168
2503
4560
7663
9527
13268
20669
20692
326
1059
4451
9501
13256
16210
1253
2436
3145
4698
6944
15990
19355
284
1122
1191
1831
2096
2276
2951
5276
6909
7541
10458
11692
14057
23371
180
481
508
2144
7531
7784
7927
11191
16781
18617
25766
562
691
2564
8103
10958
544
1198
2935
3039
3267
4752
6872
1048
2579
2668
2941
3226
3795
4246
5500
6518
6976
24152
778
897
1289
1313
2943
4577
5515
8169
8524
10278
20632
27812
839
934
2673
3197
5141
7083
7547
7721
7994
14577
16216
18719
20220
26007
156
408
502
580
682
723
766
812
1734
2229
4218
4639
5748
6340
8878
11083
11423
19711
20353
462
1160
4450
4760
7571
9358
11527
23483
23840
13
500
610
1153
1210
2090
2621
7530
7551
14841
16295
23869
24650
25504
26863
295
307
1057
1205
1356
1772
2497
3635
4678
5118
6193
15003
27728
796
1162
1176
1305
1788
2577
2640
5398
6047
16622
18748
23868
171
471
561
874
907
1221
3649
5552
8016
9534
13175
13631
19249
132
623
1051
1472
2754
3297
3823
5531
6560
7235
8699
9021
20482
23722
26817
358
382
959
1428
3236
3241
13205
16710
21426
23317
122
196
657
724
1070
1406
1798
3400
3593
4335
4426
6783
7096
7113
12542
25791
27148
32840
505
519
661
830
1055
1803
1899
2262
2620
2635
2680
3129
3370
3518
3949
4513
4651
6600
11352
24780
26163
1158
1607
2509
3110
3356
5769
5787
12800
13658
13756
14876
22385
25080
29101
34497
83
808
1373
2491
2610
2708
2818
4517
4879
5215
5799
6488
7558
8005
8029
11033
12350
14039
14189
16288
16808
16983
25595
26033
28642
525
789
2398
3109
4378
5286
5645
5681
6087
9521
11077
22913
1071
1105
1880
2288
3499
4740
5839
11016
11099
13419
16461
19872
20280
20772
22021
22341
22694
27888
29818
29851
30201
30340
30862
34529
35115
296
576
1082
1619
3791
3904
4238
4323
6031
8850
9933
11115
11117
12421
12456
13415
16242
18283
18808
18880
19240
19901
506
1130
1686
1944
1951
2121
2279
3246
3688
3994
4139
6048
6921
17993
19876
22321
22738
27796
28014
35732
413
493
579
599
602
607
1429
1886
3127
3245
3530
5536
6003
6702
7701
7993
8938
11227
12362
12896
13303
16496
16503
17512
20820
22566
23687
24691
27149
28873
400
1320
1546
1919
2076
2573
2642
3263
4522
4766
4863
4937
5026
6734
7995
11394
11522
11846
13820
15465
17100
22525
23490
642
1103
1120
1190
1549
1615
1683
2303
3080
3899
4699
5277
6255
9175
9502
9589
10641
12363
14134
14141
19826
19836
20620
24153
25826
510
548
967
1222
1597
1807
1953
2269
2565
3310
4700
6144
6892
7165
9300
10112
11631
13409
14241
18590
25658
230
2770
2992
3223
3330
3357
3427
4288
4603
6068
6889
8031
17283
19823
23140
23288
242
345
349
362
677
726
1042
3418
5339
6706
7549
8411
8740
9251
11353
12434
13883
15164
15282
16630
17893
389
475
556
1228
1592
1594
1759
1818
2018
2507
3473
4220
5511
6803
7082
7437
7640
9909
11925
12482
14114
15146
19382
22920
23082
29625
653
787
1034
1416
1775
2254
2599
3107
3112
3412
3849
3966
4140
4684
5702
7155
9910
15187
26162
33954
586
869
885
1471
1521
2528
2922
3091
3133
4200
5212
5242
6131
6786
7089
7553
7812
11446
15331
19548
23676
24889
115
324
340
378
424
564
762
884
1170
1387
1458
1797
2692
2800
3038
3323
3743
4119
4498
4616
5467
9967
10384
10414
10415
10972
12409
13147
13486
13731
14156
15165
19126
19149
20958
30834
522
736
1054
1411
1663
1883
3043
3792
4681
5224
6406
6582
6790
7074
7103
7484
7786
9959
11864
14285
14942
15386
19466
25089
27233
118
418
451
708
779
813
930
1068
1145
1425
1478
2060
2386
2622
3035
3157
3969
5920
7203
10387
11827
16085
16489
17642
20237
23421
168
865
890
1265
2125
2270
2631
2975
3001
4237
4687
4735
4815
10903
11031
12178
13174
13423
13972
18310
18826
33056
313
401
480
603
654
937
1300
1642
1697
1763
1828
2290
2472
2705
3364
3379
4210
4504
5315
6654
8543
8962
12770
20378
166
513
524
731
1179
1413
1960
2218
2868
2977
3417
4459
4688
5948
6015
6305
6373
6523
6845
7255
7405
7544
8166
16715
21581
22529
25124
27475
331
633
703
817
842
925
2216
2320
2724
3100
3350
3476
3549
4136
4170
4478
4640
4680
7047
8030
8876
9917
10571
10969
11085
11356
12354
12665
12786
13405
13748
13979
18033
19213
21580
22975
174
527
595
780
2570
2615
2912
3580
3924
4644
5225
5246
5856
5998
6020
6180
7106
7259
10181
11214
11453
14145
14694
15166
19125
22354
22422
22544
24700
25640
119
470
951
1835
2479
2593
2700
2837
3185
3727
3836
4739
5406
5490
6056
6793
7007
7120
8056
9038
9337
9474
10872
11718
14115
14161
14255
17284
19307
19962
23034
143
940
1073
1291
2250
2572
2576
3344
3729
4148
4827
5075
5168
6891
7176
7941
8220
10560
17748
18000
19715
21801
27404
372
509
2251
2751
4012
4230
4531
5172
6023
7095
7128
7515
7527
7548
10017
10359
11669
15601
18773
24357
28623
33707
146
154
559
696
805
1815
2590
3169
3480
4358
4497
4505
4872
5102
5695
5733
6436
6893
7032
7107
7188
8767
9896
9984
10484
11143
11261
12559
12668
13022
13948
13984
15281
25326
26803
28515
29197
35435
169
399
590
792
871
1169
1800
1892
2638
2993
3438
3933
4510
4723
4852
5196
5988
6143
7468
7552
7975
9133
9174
10214
10997
11952
13269
13796
14155
17167
19026
20931
24426
26141
29761
30329
34751
499
517
594
860
1045
2299
3316
3541
4074
4476
5195
5248
5384
5700
7736
8193
8374
10826
14594
16812
17020
18009
21284
21336
21458
26711
28901
113
545
558
584
688
1394
1464
1657
2518
2608
2652
3244
3492
5015
5076
5148
6715
8372
10374
10405
10620
12608
14126
17098
18279
19685
21401
23351
23456
27090
27810
27837
28631
34894
770
867
1109
1224
2690
2886
3147
3259
4161
4820
5318
5964
6283
6460
6997
7205
9121
13421
15566
16318
16822
20618
20964
27563
245
271
312
339
578
800
845
863
1018
1086
1326
1665
1871
2595
2603
3437
3565
4164
4306
4496
4519
4728
5259
5939
6124
6210
6550
6794
6836
7186
7397
7401
8671
9292
9921
10441
11813
13160
13666
14396
20231
20238
21432
26818
30193
772
873
946
991
1396
1660
2711
3032
4178
4499
4556
4689
4920
5142
5776
5926
7183
7532
7611
7991
9761
13404
13707
13735
14686
15275
16998
20626
22541
24221
25325
28979
29040
97
149
263
568
681
909
1116
2785
3115
3210
3460
4226
4697
4726
4866
5676
5749
6815
6855
7800
7962
7999
9370
13265
14067
14170
14296
16618
16853
18079
18852
19259
20268
20630
22034
26021
26851
27152
27721
228
709
1148
1303
1430
1696
1898
2011
2487
2959
3188
3292
3399
3970
4650
4706
5666
5916
6328
6522
7246
7248
8308
8354
8582
9346
9364
11297
14180
14446
15512
17268
17336
18697
19764
20471
21319
25928
34764
5
265
570
903
931
1036
1044
1078
1163
1196
1296
1357
1442
1486
1602
2489
3186
3276
3487
3845
3959
4057
4259
4791
5192
5214
5696
6063
6249
7009
7277
8264
8529
8981
9076
9357
9361
9496
9981
10065
10376
13161
13665
15395
20939
22446
22565
23690
24059
24832
25507
25864
26660
26970
35648
223
291
704
838
1090
1093
1527
1760
2178
2560
2566
2924
3546
3915
4236
4392
4544
4645
4778
4793
5100
5243
6088
6920
7520
7997
8695
8760
9886
9958
10379
10412
10443
11773
11968
13002
13413
16972
18387
20052
20659
24751
26677
26866
27871
27962
29885
549
626
742
758
794
1171
1596
1674
1856
2252
2817
3008
3021
3192
4092
4221
4293
4460
5705
5778
6271
6927
7294
7451
9548
11041
12082
17240
17289
19310
21497
22085
24167
27313
131
804
828
882
1099
1318
1578
1667
1809
2234
2316
2471
2476
2569
3171
3327
3470
3815
4578
4623
4652
4691
7400
7700
8001
8038
8335
9549
10241
10915
11678
12465
13884
14256
14287
14427
14703
15969
16191
16498
16616
19475
20288
20448
23030
35738
381
596
712
803
1287
1328
1409
1519
1691
1989
1996
2142
2578
2628
2784
3793
4014
4080
4133
4174
4383
4546
4671
5145
5727
5934
5941
6517
6926
6998
7216
7312
7382
7607
8081
10799
11252
13202
14268
14701
16031
17040
17253
21136
28611
30448
35263
322
656
670
784
837
1097
1135
1150
1167
1238
1312
1852
1911
2256
2268
2936
3309
3368
3386
3673
4564
4615
4692
4838
4847
5035
5351
5395
5507
6111
6674
6811
7268
7559
8044
8489
9193
10053
10247
10363
10797
11273
11825
12195
14402
15144
16788
17005
17380
23369
23383
23392
26713
26812
28514
30434
85
616
699
769
820
1395
1893
1894
2633
2706
3367
3644
4129
4601
4611
5270
5301
6109
6250
7195
7302
7457
8326
9211
10248
10345
10841
11048
11598
12090
12886
14838
15513
16748
17046
18115
18757
20611
31488
33209
35390
429
484
555
606
1154
1180
1436
1457
1654
2092
3015
3093
3104
3247
4241
4524
4549
4991
5217
5494
5509
5935
6957
7526
8085
8602
8650
9869
10367
11760
11762
12202
16098
16737
17085
18600
18989
19374
19525
23025
27170
28617
29169
33169
84
344
430
638
672
684
797
914
1023
1092
1523
1662
1689
1930
2118
2308
2575
2931
3317
3325
3443
3680
3841
4049
4812
5287
5428
5779
5843
6072
6862
6890
7177
7615
7668
8685
9579
9751
9960
10859
11671
11934
12169
12318
12415
12562
12675
12944
13096
13746
14175
14219
16026
16700
17501
20997
25488
26090
27208
27719
27867
27876
27952
28587
88
178
269
336
347
465
631
745
945
1033
1128
1175
1292
1432
2571
2583
2664
3082
3143
3230
3234
3294
3435
3596
3786
3826
4017
4185
4405
4529
4530
4572
5314
5415
5478
6176
6307
7748
8294
8322
8659
8668
9366
11299
12476
13113
13154
13724
13743
14035
14275
14851
15173
16104
17072
17187
18610
18657
20661
20928
21347
23786
24695
28614
99
660
744
969
1083
1255
1315
2041
2099
2493
2512
2816
3138
3209
4305
4587
5977
6007
6026
6080
6135
6274
6789
6951
7105
7156
7218
7545
7785
7802
7983
8353
9113
9230
10960
11619
11799
12323
14870
16691
17037
17124
20177
20923
20985
21328
21350
22352
23101
23105
24182
25164
26161
26529
26612
27194
138
183
404
405
479
624
625
1143
1388
1532
1670
1937
1939
2260
2563
2646
2699
3141
3324
3378
3767
4240
4390
4490
4515
4588
4703
4787
4921
5025
5368
5450
6060
6948
7985
8391
9449
10603
12020
13230
15697
15981
17113
17185
17565
18020
18803
20643
23387
24063
25085
29923
55
309
546
733
1091
1133
1344
1390
1547
1810
1841
2001
2420
2468
2486
2618
2686
2793
3342
3430
3748
4083
4169
4747
4853
5220
5300
5498
5946
5987
6092
6376
6500
7269
7535
7538
7680
7888
7969
8561
8684
8884
9101
9839
10734
11430
11679
12417
12514
12587
14029
14913
15179
17421
18184
19130
19643
19862
19877
20856
22743
24151
24214
24377
24693
26048
28191
28719
176
547
829
855
1195
1204
1211
1490
1524
1541
1716
2046
2300
2424
2659
3005
3296
3388
3711
3802
3943
4162
4453
4629
4682
4946
4970
5308
5405
5761
5782
5994
5997
6196
6447
6830
6854
6903
6936
6959
6973
7492
8325
8553
8572
8579
8710
8808
9535
9721
9922
10111
10844
10881
11213
11284
12521
12720
13627
13671
13983
14167
14231
14353
14646
14800
15260
15410
15672
15913
16343
16573
17211
17337
17739
18472
18473
18601
18810
18962
19186
19221
19453
19647
19744
20579
20821
21027
21521
21637
21708
22562
22776
23306
24186
24944
25724
26320
26432
26831
27411
27507
28041
28103
28593
28636
28639
28935
29283
29288
29296
29440
29849
30483
31417
31487
32875
32877
33003
33367
34401
34531
35413
35481
35735
35761
35778
36597
36608
658
674
936
1079
1110
2039
2057
2071
2110
2430
2725
2920
2963
2972
2980
3721
4066
4071
4586
5110
5471
5713
5928
7292
7512
7577
7863
8698
9009
9295
10487
10929
11704
12327
12747
12757
13639
13740
13928
14269
14301
14580
16198
16437
17128
17498
17818
18288
18714
19664
20624
20645
22329
22777
23363
23706
24011
24869
25082
25744
26342
26372
33860
35001
35232
35488
455
622
628
1088
1215
1483
1508
1873
2029
2066
2176
2519
2760
3036
3208
4600
4714
4858
4939
5343
5953
6085
6205
7597
7711
7816
7939
8648
8833
9452
10534
11809
11937
12436
12687
13410
14528
15195
15267
15797
16236
16296
16443
16481
17314
18645
19921
20248
20608
20625
21101
21662
21828
22117
22207
26217
27490
28619
28794
35360
375
398
436
618
895
1178
1182
1467
1770
2265
2267
2305
3105
3214
3552
3731
4103
4146
4395
4440
4559
4643
4776
5088
5316
5556
6986
7122
7168
7303
7432
7505
7605
7655
8062
8177
8219
8912
9216
9268
9389
11228
13923
14880
15286
15953
16892
17582
18656
18725
18746
20884
20942
21425
21721
21854
23023
32237
35547
35639
177
459
466
1203
1297
1410
1423
1441
1616
1656
2211
2612
2783
2814
2878
2956
3067
3285
3288
3448
4060
4317
4365
4376
4547
4716
5274
6018
6150
6327
6800
6867
6898
7014
7184
7387
7730
8099
8763
9953
10096
11014
11050
12148
12708
13422
14001
14228
14394
14752
16378
16641
17541
17690
17921
18567
19484
19681
19761
20668
22035
22115
22759
23362
24643
24872
25669
26384
27435
28072
32166
32676
34104
34618
142
229
426
532
542
719
872
1052
1056
1149
1197
1333
1875
1903
2496
2588
2639
2654
2733
2781
2854
2911
3064
3272
3581
3776
5090
5319
6024
6851
7030
7388
8776
9417
9829
10040
10521
11259
11667
13272
13922
14002
15214
16204
17063
17116
17153
18088
18441
18612
18721
18991
19726
19835
20318
21026
23881
24475
26009
26849
27126
27870
29882
32065
34069
36078
515
582
818
1096
1166
1174
1288
1723
1909
1934
2722
2743
2745
3081
3122
3486
3572
4275
4307
4396
4745
4769
4800
4836
4868
5497
5722
5960
6279
6445
6491
6798
7080
8096
8206
8212
8341
9154
10427
10827
10941
12200
12277
16034
16646
16727
16813
16844
17275
18474
18632
18759
18856
19018
19731
20257
21933
22757
31633
34171
35514
384
541
913
1127
1186
1380
1475
1515
1555
1566
1640
1862
2574
2771
2910
3240
3377
3514
4115
4203
4911
4947
4952
5210
5223
5476
5638
5780
6303
6391
7078
7308
7815
8051
8240
8440
8521
9258
10174
10833
10843
10849
10934
10949
11496
14923
15112
15839
16151
16640
16717
16887
17481
18406
20918
21409
22016
23448
23518
24230
24670
26072
26388
26761
29707
35667
87
217
236
388
456
557
943
949
1152
1218
1347
1370
1448
1743
1895
1947
2098
2158
2506
2661
2860
3118
3465
3525
3827
4059
4126
4144
4175
4370
4561
4594
4938
5177
5264
5285
5303
5307
5336
5365
5466
6053
6189
6557
6918
7673
7679
7821
7986
8160
8236
9350
9386
9578
9997
10236
10803
11071
11243
13115
13203
13226
13569
13579
13674
14052
14631
14637
15330
15380
15921
16416
16472
16480
17394
18056
19260
19366
19454
19873
20221
22226
22243
23076
