5038
588
893
566
273
5069
5022
140
95
1028
5030
370
458
647
1768
5033
1139
286
8344
543
155
887
80
90
823
613
2630
1806
2718
530
195
851
128
200
1569
82
1672
102
114
353
478
1819
734
136
1528
2666
20764
9129
1588
1053
516
1330
554
76
2737
4746
1817
5036
4153
9137
184
2348
7954
151
4063
78
443
878
91
342
225
1031
20805
93
444
2215
147
8557
2753
308
33806
127
3311
133
1725
3237
16625
686
8556
106
213
5020
301
652
1507
4880
360
2939
1304
343
416
929
1
1365
1824
1334
520
9135
292
56
72
4876
4152
232
5053
107
4398
2323
880
910
22587
385
3027
314
74
1161
1821
277
1202
920
2111
5050
5237
2015
9500
1793
316
6084
939
390
35675
1359
879
1371
2773
2253
621
2088
919
89
2715
2720
13634
1927
960
4262
1970
4093
9044
274
6831
802
5051
79
2736
2728
5027
3844
1046
4618
2601
3174
81
4183
13633
4154
876
402
9132
659
875
1813
3161
9861
5042
10815
109
5052
6917
1000
5023
13635
2271
144
915
6289
8560
30172
192
1233
8558
1470
922
2047
5021
928
5070
13637
1443
8032
2947
4621
620
449
3258
4216
4272
2637
5057
4904
54
406
26576
11812
1833
4737
287
950
8566
4755
4124
1323
9504
1027
539
188
918
383
1935
9131
5028
8072
26811
5853
26142
15198
244
10281
442
13396
7059
75
1552
2186
30779
386
9130
1025
4224
8565
28825
10893
2550
8559
101
581
593
9752
948
22463
172
391
14862
4227
815
10280
86
1112
3295
35279
18722
3057
279
8987
1481
694
775
5024
10959
1559
9313
5150
26854
1401
8194
92
23043
5068
165
24812
560
5830
4256
10601
1185
26911
27605
1252
16201
26990
13267
1168
1108
5029
9134
1050
1628
13266
1560
5032
23873
18778
24464
1213
4205
716
53
585
26584
6829
255
11547
13640
4027
12110
23648
2189
5729
409
1087
3354
26897
145
575
3742
438
215
5064
28933
46
239
403
23946
819
1164
4642
30513
2667
645
4232
1308
5557
707
3251
6828
22319
1208
2723
25323
5061
592
889
8678
19815
186
923
19467
24810
1043
9754
4757
21255
924
1234
5046
24890
5045
8857
1061
1126
1259
8071
367
3334
4480
17278
121
2746
16202
6707
212
1790
21241
280
1063
20374
264
3058
1652
1885
9239
241
1030
6009
14338
20183
20963
498
393
492
14144
5587
974
473
773
824
1118
1847
2264
205
1762
3108
958
22063
354
10084
11744
12015
32745
4536
221
2165
4677
25158
267
290
521
1104
7990
8315
14827
20966
6782
9799
7459
822
20919
23960
29813
368
3906
1936
2294
3128
4065
20654
22423
678
4223
9136
454
491
1207
10124
13744
4132
6049
6681
12512
13577
20336
28097
28509
25529
457
782
1316
4121
5049
11040
1572
1783
1891
8794
1461
2741
3266
5190
5614
243
2296
6022
7581
12076
12116
764
1765
11190
16210
21236
452
604
853
1193
3050
4534
6069
12844
15264
30808
3200
3318
3333
5881
7657
26856
1767
3733
4538
13366
16797
20157
861
1245
3535
4995
9079
3065
4545
8271
8350
551
3215
4477
1111
2160
29012
153
423
573
614
1159
2061
2385
2651
3626
6664
4075
6899
11350
17179
17181
1585
1668
2696
4160
4486
16692
441
1354
1459
3313
5211
6231
16207
664
1302
4070
11494
526
19325
26015
26378
425
898
3679
7523
7578
11165
11191
26709
735
1713
5742
13578
16978
2510
5074
6653
7638
23364
235
675
3253
112
355
636
723
6738
852
2613
5518
5943
7651
11818
13093
254
281
12329
12676
15247
1781
6357
7193
7998
13427
477
1037
1113
1439
2515
5824
13630
700
1049
1137
3352
4197
5883
14893
22118
24467
24811
639
5202
11890
4193
18861
27
300
1038
2516
2828
4577
6876
8782
10032
10897
13987
1966
5279
6982
7102
7140
11680
18603
1236
1778
4191
4767
4802
6008
6509
6833
8629
8694
10778
16987
18384
19464
19912
26699
30545
1076
1188
1217
2697
2740
7324
7541
16017
18067
1189
2091
11298
13628
14065
20205
26435
233
1771
2573
5174
5333
6671
17824
20051
23139
132
1831
1922
2263
4142
6081
7720
10330
11922
13432
13585
16203
19840
462
673
14841
16867
21680
24159
531
778
1077
1101
2096
2953
3016
4878
7516
9501
19720
134
307
1340
3219
9172
15323
17925
760
1048
2580
2679
5105
5716
6242
8340
14057
14886
504
1059
1102
1487
4246
4884
5990
14055
22359
1332
2577
2703
3604
4128
4176
4752
5141
6785
7283
7331
7551
13747
16782
17832
196
666
727
4349
5833
5971
13424
20990
30184
1205
1310
1384
3033
4698
6340
11204
14171
15666
420
1106
4260
5071
11394
13256
22201
419
508
544
966
1324
1422
1499
2168
2303
3091
4263
5963
6202
6320
10245
15201
18617
19355
21582
24025
315
408
562
615
1472
3949
5315
5907
7113
9499
9527
20220
20353
313
326
563
779
1607
2648
3110
5041
5748
6405
10733
14196
19721
224
556
691
1103
1162
1697
2090
4323
7663
11016
13658
19249
528
812
830
885
1122
1132
6175
6198
7083
10928
13268
16295
19711
20652
20692
25766
27148
180
284
897
969
1350
2579
3039
3129
3145
3280
3795
5199
6944
7517
16710
30683
175
295
475
751
1082
1356
1734
2383
2524
2782
3226
3271
3370
3461
6735
6783
6845
7641
7784
7927
9358
10278
11423
293
580
874
1160
1772
2668
2673
3649
4513
5500
5552
7530
27888
470
537
576
1313
2509
2818
3688
4238
5276
7467
8103
13415
14036
15990
364
448
548
587
653
1071
3791
4560
4736
5170
6031
6872
6921
7235
7994
11692
23722
24152
26832
578
753
1191
1373
1944
3035
3107
4378
6258
6518
16781
839
907
1051
1592
1807
2941
3171
3400
4651
4766
8169
11083
14577
23840
925
1597
1759
1899
2144
2270
2436
2943
5215
6997
8524
9251
13175
35732
500
502
505
602
623
1416
4639
7571
11827
20482
23317
23868
23869
26817
27812
118
533
657
917
1549
1798
2565
2937
3635
4451
4678
6892
7531
7721
11527
13419
14876
400
481
510
1158
1803
2218
2640
2951
3246
3518
4735
13631
16216
20669
20820
25504
25791
26007
156
357
682
766
2229
2564
3593
4450
5118
5531
6047
6734
7096
7428
8005
9038
23483
24691
24695
24743
25080
25658
349
509
610
661
796
2620
2635
2642
8031
10960
11115
12542
12800
16715
18880
26033
845
1032
1320
3241
3297
3356
3418
4542
4681
4697
5769
6909
8029
12350
16288
22021
13
451
519
820
1686
2262
2497
2708
3197
3267
3823
4140
4504
4687
4760
4879
4937
5799
6488
6600
8699
10903
11077
11117
15146
16808
22385
23371
24780
27728
29101
32840
34497
122
703
2288
2503
2572
4218
5787
6889
7547
8016
8740
9521
10972
11352
11353
12363
12409
13972
15187
18748
28642
30862
362
382
808
842
1179
1296
1615
1775
2254
3499
4700
5026
5839
7993
9933
10387
11033
11227
12421
14189
15465
17993
18808
19872
20280
20772
22341
22694
22738
25595
26163
28873
29818
29851
30201
30340
34529
35115
677
787
1291
1429
1619
1951
2269
2680
3043
3080
3357
3969
4645
4699
6560
10620
12896
13756
13979
17512
19240
22529
28014
29197
471
863
884
1105
1130
1176
1396
1546
2121
3263
4863
5225
7401
9534
9909
10112
10415
11846
13409
20939
22920
23421
561
726
813
890
959
967
991
1222
1760
2125
2276
3344
3427
3899
3970
4517
5286
5339
5398
5681
6976
6998
7995
8938
9589
10560
11099
12456
13303
19823
424
642
712
724
789
1054
1406
1411
1478
2992
3994
4237
5515
6003
6087
6794
7165
13205
13421
15331
16461
16496
18283
18590
19284
19836
19876
19901
24153
30834
228
245
603
1055
1170
1919
2060
3236
4531
6255
6702
9502
12434
14241
14255
15164
16630
17100
18719
20632
20958
22321
22525
23082
23490
24650
25826
26863
27796
340
418
599
971
1018
1036
1387
1428
1683
1815
1818
2491
2692
2770
4119
4522
7255
7515
7553
7558
8878
10374
11446
14594
15003
15275
15395
20620
23140
131
296
345
446
579
696
1303
1486
1880
2922
2977
3476
3849
3904
4426
6056
6131
6144
6706
7103
8850
9910
10181
11522
12482
14145
15282
17283
25089
27233
29625
499
525
736
1120
1458
1594
1763
1886
1953
2631
3223
3244
3473
3530
4200
5224
6023
6180
7047
7120
7248
7701
7848
7999
9175
9917
10458
11631
12665
13883
14285
15386
16085
24889
26141
171
708
805
1238
1253
1305
1471
1521
2018
2299
2386
2975
3127
4392
4740
5645
5948
6048
7437
7812
8411
12362
14141
18826
19125
21580
23687
26866
143
154
242
389
594
758
869
934
1084
1221
1788
2216
3743
4139
4210
5075
5242
5536
5920
6124
6249
6582
7468
7484
8767
8962
9292
11598
11864
13423
13486
14114
19126
19213
19466
20626
20630
23288
23676
27404
358
558
607
1642
2320
2935
3001
3100
3845
4080
4161
4220
4288
4498
4616
4815
5259
6803
10641
12668
13405
14134
14155
16242
16503
19826
28901
513
1153
1300
2279
2398
2472
2489
2560
2570
2785
3412
3933
4148
4335
4358
4505
4680
5467
5856
5964
6786
7544
9121
10359
12354
15166
16489
17748
18033
21426
22913
33056
166
681
800
2700
2754
2959
3038
3112
3143
3245
3580
3727
3924
5102
5145
5318
5511
7089
7155
8038
8193
9021
9337
9474
10969
11925
13666
14156
14161
22354
24357
33954
331
430
1210
1312
1602
2610
2800
2936
3109
3323
3350
3379
3549
3792
3836
4074
4164
4827
5195
5212
5498
7188
7312
7527
7549
9886
10872
10958
11214
11430
16318
17284
20378
21432
522
570
1034
1044
1057
1145
1527
2066
2724
3330
3364
4510
5406
5749
6072
6143
6193
6523
6715
7203
7962
8001
8220
9133
10384
10414
10484
12770
13174
13820
15281
15601
16812
19026
19259
19382
20821
26162
30448
168
688
1190
1228
1289
1413
1960
2518
2595
2621
3157
3438
3470
4852
5142
6436
7259
7397
8056
8264
9346
11261
11952
12178
13748
15566
16822
16983
16998
17642
19149
19715
20237
20931
29761
83
324
372
524
547
772
1116
1265
1841
2633
3185
3316
3541
3729
4092
4497
4519
4544
4644
5733
6406
6793
7186
7268
7548
8166
13022
14427
14694
15913
16622
18000
19307
20471
23034
23351
23456
27149
33707
399
413
559
595
742
829
837
867
903
1095
2046
2234
2576
2638
2886
4383
4393
4603
4640
4920
5248
5778
7007
8374
8685
8876
8981
9300
9361
9984
10241
10997
12562
13413
13948
15173
18310
20964
21401
22975
119
517
564
731
804
1070
1086
1287
1394
1660
2290
2652
3133
3169
4174
4572
4691
5196
5287
6210
7975
8354
10017
10571
11143
13984
14396
14942
22566
27837
35435
230
312
378
506
817
937
1042
1464
1856
1996
2471
2608
2711
3546
4012
4723
5277
5700
6654
6891
7405
7736
9959
10841
12786
13731
16616
17005
17268
17336
18009
18773
19548
21458
22422
23369
25640
27810
28979
30193
113
169
336
339
405
523
704
838
1083
1148
1224
1797
1809
1883
1911
2057
2512
2593
2599
3342
3644
4115
4259
4476
4478
4556
4588
4739
4872
5935
6376
7218
8044
8372
8521
8671
9211
10065
10214
11453
14838
16972
17167
20238
21284
22541
22544
24426
27952
30434
5
527
584
1109
1198
1326
1578
2590
2690
4459
4515
4706
5210
5490
5702
5939
6015
6020
6305
6460
6927
7032
7082
7106
7640
8030
8335
8543
10405
11356
12090
12608
12886
13154
13161
14870
14913
16853
18279
18600
19186
19962
27152
27563
29040
29883
115
762
784
871
909
1068
1169
1484
2092
2142
2308
2628
3104
3138
3368
4057
4615
5713
5776
6790
7700
7800
8308
9366
9958
11031
11669
11678
13147
13269
13665
14686
15165
16204
17289
18079
18115
20268
20659
21336
24221
26711
28623
30329
291
401
633
638
792
930
984
985
1442
2603
2993
3032
3259
3310
3324
3915
4014
4226
4230
4293
4623
4838
5384
5666
6063
7107
7176
7205
7216
7432
8582
12465
13796
14115
15144
15969
16031
18387
19310
20177
20942
21581
22034
25124
25507
25928
27475
28514
174
269
344
346
631
670
684
733
780
1090
1097
1197
1409
1523
1674
1892
2528
2569
3399
4221
4688
4747
5035
5100
5168
5660
5727
6522
6836
6920
7552
7786
8326
10053
13707
16498
16618
16748
17240
17253
18991
20052
22085
24700
24832
25326
28631
149
322
541
654
745
865
940
1073
1099
1154
1315
1519
1689
2424
2622
3008
3021
3147
3437
3443
4129
4460
4496
5192
5494
5916
6068
6092
6550
7457
7526
7532
7611
7941
9174
9761
10247
10345
10799
10915
11041
14296
15512
17040
17893
18757
18989
19475
20618
24167
26713
28515
33209
35738
465
586
656
709
873
882
913
931
1092
1328
1654
1665
1835
2751
2916
3276
3292
3327
3448
3480
4240
4549
4684
5015
5471
5934
5988
5998
6373
8648
8668
9076
9921
9981
10441
11718
13724
13735
14402
16198
17020
17037
17098
17187
18610
23101
23690
23786
24059
25085
26021
26812
27721
27876
34751
34894
338
381
384
493
545
596
794
1150
1180
1297
1410
1939
2178
2267
2519
2686
2868
2912
3188
3285
3565
4564
4650
4652
4671
4726
4778
4793
4866
5676
5705
5926
6855
6898
6973
7009
7177
7195
7294
7400
7559
7730
8529
8659
9230
9357
10376
10412
11043
11813
11968
14126
14703
16700
16788
18567
18697
18852
19685
19764
20231
23030
24182
26803
35263
484
606
914
951
1023
1292
1425
1657
1800
1898
2076
2252
2420
2430
2507
2956
3064
3115
3192
3294
3487
3492
3596
4133
4136
4144
4170
4390
4921
5148
5172
5509
6080
6271
6517
6862
7156
7246
7521
7607
7802
8353
8602
8650
8698
9193
10363
11252
11297
11619
11773
12195
12323
13002
13414
14701
17380
21136
23383
25864
26660
26818
27313
27871
28617
35648
549
625
1143
1163
1196
1432
1596
1871
1930
2118
2706
3673
3815
4236
4535
5076
5220
5415
5941
6088
6328
6811
6815
7074
7128
7302
7668
9370
9449
9960
10379
10603
11048
11760
12077
12415
12559
13202
13265
13884
14180
16098
16191
17185
17501
18657
18803
19130
20288
20616
21319
21545
23387
23706
26677
27170
31487
31488
34764
35390
55
97
223
429
860
1078
1110
1524
1532
1696
1828
2098
2316
2654
2760
2816
3214
3247
3367
3417
3827
4017
4376
4396
4490
4529
4601
4682
4689
4853
5395
5437
5478
5556
5696
6007
6209
6307
6834
6926
6951
7748
7821
8081
9549
9751
10248
10859
13113
13404
13983
14175
14287
16443
17072
17153
19525
19862
20661
20923
20928
21801
22047
22115
25082
25325
35360
568
895
1098
1133
1171
1430
1457
1663
1667
1691
1845
2029
2260
2585
2646
3105
3186
3210
3234
3826
3841
3943
3959
4083
4275
4776
4970
5217
5460
5638
5928
6205
6893
6986
7122
7785
8186
8489
10443
10734
10826
11636
11762
12318
12327
13746
14029
14039
14067
14851
15981
16236
16691
17085
17498
17818
21347
23105
24751
27090
27719
27967
29169
29707
29923
398
456
515
590
770
803
818
946
1166
1357
1380
1390
1436
1441
1490
1616
1918
1934
2039
2110
2211
2256
2479
2705
2771
2911
3435
3767
3793
3802
4066
4071
4453
4546
4559
4587
4611
4703
4787
4791
4820
5946
6109
6274
6283
6789
6800
7513
7535
7655
7983
7997
8062
8212
8219
8710
9496
9967
10797
10803
11050
11243
11273
11799
12082
12476
13583
13743
13923
14268
14275
16737
18020
19786
21026
21328
21350
22117
22352
22743
25488
26072
26831
26970
27612
27867
30187
32237
33169
33860
99
466
467
628
658
828
855
1056
1091
1135
1175
1318
1448
1586
1823
1909
2011
2664
2784
2878
2910
3141
3209
3309
3430
4499
4547
5088
5300
5456
5497
6026
7095
7451
7512
7597
7615
7890
7969
8684
8884
9101
9113
9216
9452
11071
11667
11679
12180
12446
12514
13096
13160
14170
15179
15286
16844
17113
17117
17582
19643
20645
20856
20918
22035
23881
24214
24643
24869
26040
26048
26161
26372
28587
28614
28619
28636
29283
137
138
142
176
263
480
555
699
719
943
1033
1152
1333
1467
1485
1656
1669
1810
1894
2099
2743
2814
2817
3005
3388
3460
3552
3721
3776
4059
4185
4629
5110
5428
5695
5987
5994
5997
6060
6196
6279
6645
6677
6830
6903
6918
6936
6948
6957
6959
7277
7510
7680
8553
8808
9535
9721
9922
10015
10367
10827
10881
11284
11671
12169
12202
12417
12687
12720
13230
13627
13671
14035
14167
14219
14228
14256
14353
15267
15672
15697
16481
16573
16892
17211
17421
17565
17739
18184
18472
18473
18656
18721
18810
18962
19221
19258
19453
19647
19877
20248
20579
21027
21521
21637
21708
21721
22207
22562
22776
23306
24063
24151
24186
24670
24685
24944
26320
26432
26851
27194
27411
27507
28041
28103
28191
28593
28611
28639
28719
28794
28935
29296
29440
29849
30483
31417
32065
32875
32877
33003
33367
34401
34531
35001
35413
35481
35488
35761
35778
36597
36608
178
203
219
455
459
582
618
769
1167
1215
1366
1504
1857
2041
2176
2305
2493
2496
2563
2566
3093
3317
3386
3514
4103
4178
5223
5308
5351
6176
6327
6500
6854
7105
7303
7520
7533
7538
7577
8177
8341
9258
9295
9389
9524
9616
9932
10096
11213
11704
11809
11937
12355
12521
12675
13410
13639
13740
14528
14646
15195
15410
16026
16296
16343
17046
17314
17690
17921
18056
18288
19260
19374
19700
19744
20221
20448
20668
21398
21854
22777
23363
25724
25744
26090
26384
26665
27435
35232
116
660
672
744
816
1093
1246
1255
1475
1517
1937
2265
2659
2701
2954
3066
3122
3240
3315
4049
4306
4530
4539
4586
4694
4714
4868
4900
4946
4952
5214
5243
5274
5450
5507
5677
5761
5782
5843
6024
6445
6447
6890
7014
7292
7388
7545
7815
8025
8294
8391
8440
8572
8912
9839
9953
10825
11049
11648
11934
12155
12587
12708
12747
13928
14001
14002
14446
14580
14880
14909
15260
15513
16646
17116
17124
17337
17481
19921
20208
20624
20625
21662
22757
23197
23518
24011
24377
25669
27208
27753
29288
29885
34104
35546
542
546
754
797
1045
1362
1388
1404
1547
1716
1742
1852
1875
2058
2257
2487
2488
2571
2623
2684
2699
2783
2793
3082
3196
3325
3572
3680
4305
4462
4643
4812
4854
5246
5368
5405
5726
5977
6135
6250
6303
6452
6491
6960
7244
7269
7326
7604
7653
7945
8085
8325
8888
9268
9417
9579
9896
10487
10949
11014
11230
11299
11821
11974
12436
14301
15953
16228
16887
17128
18746
18815
19664
19681
22329
22596
22787
24872
26036
26332
27752
27978
28072
29600
34508
35005
84
236
557
624
945
1058
1174
1331
1344
1707
1770
1893
1895
2300
2596
2725
2837
2920
2972
3015
3290
3296
3634
4307
4370
4521
4692
5299
5307
5632
5809
6115
6851
7187
7372
7382
7593
7605
7816
7863
7985
8223
8322
8467
8546
8561
8705
9008
9548
10844
11216
11228
12200
12757
13028
13200
13226
13272
13417
13569
14752
14829
15380
16104
16441
16846
17052
17541
19761
20643
22446
23025
23362
23373
23392
23451
24776
27037
27490
27758
27962
35639
85
146
252
261
374
479
488
616
713
1026
1288
1370
1395
1483
1601
1756
2070
2078
2486
2494
2612
2856
2957
3075
3272
3319
3378
3485
3525
3711
3773
3800
3968
4097
4126
4146
4388
4514
4524
4600
5709
5775
5780
5960
6002
6085
6641
7679
8026
8579
8833
9829
9869
9954
10040
10236
10434
10521
10934
11085
11113
11194
11785
12347
13422
13568
13922
14229
14231
14269
14434
14881
15120
15167
15300
15330
16472
16730
17394
18441
18448
18493
18725
18856
19366
19454
19484
20290
20884
20956
20985
21933
22580
23135
23886
24288
24475
24595
25761
26612
32676
32753
34624
271
872
936
949
1182
1186
1187
1306
1347
1367
1647
1723
1989
2506
2689
2704
2971
3208
3230
3377
4243
4728
4947
4983
5264
5285
5365
5722
5985
6058
6316
6372
6410
7080
7543
7658
7683
7888
8549
8695
9578
10111
10121
10427
10542
11053
11286
11445
11825
12575
15112
15797
15944
16378
16727
17160
17236
20223
20257
20997
21828
24230
24819
24911
26849
27225
27749
27869
35667
36078
229
662
905
1146
1204
1211
1351
1368
1541
