0.928385104888
0.91164791245
0.897704018385
0.882027296575
0.8713573299
0.863121675628
0.855089811949
0.847040911408
0.840498606994
0.832302402426
0.82425418181
0.818874437079
0.810571059874
0.804224582483
0.796366862229
0.791079048204
0.78255048921
0.775844555538
0.770000404855
0.764489626722
0.759464108491
0.754970754375
0.750439335063
0.745511567409
0.741315241596
0.731995095639
0.728444789564
0.723438490646
0.719355220754
0.714330183402
0.709272921864
0.705528958888
0.701496628717
0.695395943981
0.689963293738
0.686467399226
0.683029437442
0.679746908831
0.676325850037
0.67276748175
0.670141212258
0.665582042872
0.662486681938
0.658868536674
0.656029167261
0.652908178815
0.649746770099
0.64492428151
0.642638430416
0.639549500579
0.636894209237
0.633819126254
0.630704517823
0.628020694319
0.622951921626
0.620892437784
0.618136237565
0.615060370731
0.611853000184
0.609487582087
0.606803082181
0.604124514879
0.602326713844
0.599704043018
0.597041277792
0.594430114598
0.592327018717
0.588405167448
0.58622193385
0.583906636395
0.581233904817
0.57897365129
0.57685303943
0.574916294266
0.572982814852
0.570604178743
0.567470280542
0.564969300323
0.562785460782
0.560872512971
0.559051559277
0.556923485864
0.554445927807
0.552635447767
0.550255460617
0.547968476903
0.545510959
0.543758908419
0.541398165242
0.539478356535
0.537823075396
0.535258162911
0.533609374521
0.530578965739
0.528548998718
0.526221547174
0.524543765118
0.52273995045
0.520468141732
0.518628592284
0.517304418455
0.51530007366
0.513809964819
0.51206719362
0.510200181217
0.508717477562
0.506645371084
0.500753130724
0.498697365329
0.49677125235
0.495558862666
0.493597111786
0.492013876207
0.490724163621
0.489436134994
0.487818154575
0.486492550439
0.485458177634
0.484135789927
0.48256782094
0.480673206426
0.478987651037
0.477674109393
0.476526245587
0.475134287175
0.473948617108
0.472356443871
0.471540975004
0.470156312567
0.469180117332
0.467920717747
0.46658190793
0.465245021629
0.464071761063
0.462698121856
0.461649054935
0.460399838362
0.458951238375
0.458187609337
0.456742488238
0.455580023673
0.454179021914
0.452261305824
0.451264017081
0.449710502651
0.448557037396
0.445898335863
0.444551911245
0.440803023221
0.439857826196
0.438599168187
0.437734859261
0.436832175123
0.435577866164
0.434638293486
0.433856081023
0.432332854934
0.431046073422
0.430695454396
0.429800069757
0.428827880086
0.428012097679
0.427041956589
0.426227866947
0.42255651496
0.421785264076
0.42093770137
0.419629593837
0.419053100768
0.418400213089
0.417096044184
0.416368086515
0.415525989626
0.414188141567
0.413424567134
0.412699824133
0.411100446515
0.410301718584
0.409655690038
0.408706600181
0.407607055042
0.406508954301
0.404845834655
0.40420411993
0.403562931882
0.402809230444
0.401830482851
0.401040826449
0.399951658082
0.398826524183
0.39766550754
0.396954720603
0.395983113976
0.395050019956
0.394304306749
0.393596531912
0.39292659328
0.392368747049
0.391848449905
0.390994424395
0.390326715774
0.389511391347
0.388216151294
0.387587762029
0.386812243122
0.386111235822
0.385521399678
0.384049007623
0.383056633359
0.382579257761
0.382102183373
0.38118559073
0.380489702239
0.379392288468
0.378734565576
0.378113902084
0.377639617852
0.376764852888
0.375745551153
0.375091002415
0.374473368638
0.374001374307
0.372985840339
0.371935484028
0.371211965242
0.370344667116
0.369730936739
0.369225879764
0.368649096054
0.36807276504
0.367496916666
0.366633962305
0.366095116965
0.36544902853
0.365018617033
0.364660134841
0.364158558516
0.362834944831
0.362120324953
0.361620504805
0.361156685419
0.360728808667
0.359802670661
0.359340019124
0.358522239219
0.357953905243
0.357527932631
0.357137678947
0.356676746598
0.356286968509
0.355614216822
0.355083535859
0.354623931652
0.354164635701
0.354163756731
0.353881253444
0.353422431326
0.352787672615
0.352153484617
0.351730982086
0.351203223388
0.350535312199
0.350533932974
0.350147517516
0.349410483033
0.348289035874
0.347099328536
0.346470231164
0.345911527101
0.345562555042
0.34507429537
0.344795441832
0.344168456453
0.343402951458
0.343229077536
0.342673026235
0.342360417799
0.341978534583
0.341943828496
0.341076993634
0.340695834379
0.34024566104
0.339899560164
0.338069756885
0.337724765731
0.337414431343
0.336690972447
0.336209025855
0.335693046055
0.335143108788
0.334593629502
0.334010282584
0.333735938389
0.333530254224
0.333187598768
0.332776642621
0.332571254382
0.331375038442
0.331170083522
0.330419242699
0.329737359593
0.329362592684
0.328239845565
0.327933895457
0.327526194491
0.3272884799
0.326711583456
0.326440254884
0.325559398784
0.324713442531
0.324138821897
0.32383479002
0.32353091139
0.323260907438
0.322991016219
0.322754953879
0.322620099866
0.32201366018
0.321777957179
0.321374094439
0.320500146793
0.319828585855
0.319325337902
0.318990070018
0.317484099211
0.317183209783
0.316849055143
0.316715441199
0.316081198596
0.315947746706
0.315680938046
0.315314245679
0.31498107922
0.314581516209
0.314315276501
0.314015894884
0.313185282728
0.312919634871
0.312620915564
0.312090252215
0.311692519363
0.31152687147
0.310831669949
0.310666251046
0.31046780649
0.310203312391
0.309872865629
0.309476561323
0.309278497243
0.308915570882
0.308025692573
0.307828093519
0.307696397807
0.307564728517
0.306906861185
0.306643888989
0.306151146396
0.305855676986
0.305855529023
0.305658627509
0.305232235669
0.304773429404
0.304576876659
0.304445876724
0.304085798647
0.303856755734
0.303627802655
0.303170162478
0.302908798497
0.302614900312
0.302321150089
0.302125393524
0.301668896537
0.301408189581
0.301180155985
0.30095220694
0.300301506997
0.299716479644
0.299586529541
0.298483505514
0.298483190212
0.297997047818
0.297770307135
0.297608402349
0.29744654336
0.29738181139
0.297058257229
0.296734882738
0.296347082771
0.29615327086
0.295927233001
0.295862666609
0.295669011468
0.295475417979
0.295281887903
0.295056188244
0.294444180577
0.294218796221
0.294122229347
0.294122167696
0.294025616675
0.293800394373
0.29367173366
0.293543101131
0.292996759008
0.292804042727
0.292515097773
0.292418810972
0.291969726216
0.291745293049
0.29158503523
0.291264662269
0.291040509174
0.290848437589
0.290432501788
0.290176691697
0.289952949023
0.289857084972
0.289665406192
0.289378030701
0.289090774989
0.28889934986
0.288771767162
0.288676100395
0.288038796371
0.287465912538
0.28670318713
0.286544322627
0.286099868755
0.285909435329
0.285814242396
0.285528763999
0.285180061444
0.285148369218
0.285021617931
0.284578229743
0.284483258754
0.284293366097
0.284135169188
0.284134827464
0.284039930457
0.283976674592
0.283818565756
0.283597287368
0.283470881327
0.283470844336
0.283344466478
0.282744741486
0.282555430111
0.282460797323
0.282177013452
0.282050924474
0.281798838114
0.281735832377
0.281609843802
0.28132647916
0.2811691119
0.28113764338
0.281011788676
0.280760162058
0.280602951568
0.280540079702
0.280163014085
0.28006878291
0.280068379535
0.27981717919
0.27969161865
0.27953470937
0.279409212243
0.27900156236
0.278907526707
0.278782172259
0.278719504723
0.278719467732
0.278374929274
0.278093208075
0.277936746207
0.277842890223
0.277623959863
0.277530156724
0.277373853387
0.27715510798
0.277061384106
0.276905212879
0.276717865534
0.276530581602
0.27609388521
0.276093848219
0.276093800659
0.276093731962
0.27584431774
0.275408167401
0.275159066719
0.275065681045
0.274972311225
0.274723407827
0.274536800296
0.274443520311
0.274319171657
0.274008460316
0.273449611813
0.27298436212
0.272860344621
0.272674376501
0.272581413579
0.272581343121
0.272457417218
0.272209660531
0.272147736332
0.272085819179
0.271900111755
0.27159074441
0.271374290666
0.271374246629
0.271096087108
0.270725445543
0.270385929012
0.270293357135
0.270139105901
0.26995406431
0.269615019852
0.269368552555
0.269368515565
0.268691471195
0.268414682091
0.268199496599
0.267984399181
0.267922957623
0.267677267131
0.267401013511
0.267124893762
0.266971549682
0.266848911408
0.266848828619
0.266634275493
0.266021845075
0.265899419938
0.265624085801
0.265471173278
0.265348876728
0.265073827948
0.264951622994
0.264707301159
0.264310544157
0.264127512394
0.263883569273
0.26363974417
0.262878785509
0.262726667405
0.261936639335
0.261784792497
0.261724066092
0.261450887985
0.261359859148
0.261268847926
0.26111719661
0.261117016941
0.260935093138
0.260813844658
0.260722926793
0.260601727633
0.260541138622
0.260329136093
0.260208033814
0.259935657172
0.259361269051
0.259240386954
0.259119533042
0.259089323967
0.258998709074
0.258817523323
0.258666583638
0.258425189353
0.258183897232
0.257852303758
0.257701647669
0.257520923421
0.257219908929
0.257069436031
0.25697917343
0.25691900717
0.256798701072
0.256648353238
0.256407897812
0.256167549835
0.256017385194
0.255867264588
0.255777213363
0.255657169723
0.255597158471
0.255537154266
0.255387174577
0.255297207902
0.25517728228
0.255087352595
0.255027408279
0.254757751335
0.254488235307
0.254248792722
0.254188947048
0.254099193509
0.253859949969
0.25356104747
0.253501282823
0.253142858759
0.253023435153
0.252933885945
0.252933716844
0.252874026179
0.252754665986
0.252486257918
0.252366991083
0.251533164258
0.251503400833
0.251384364749
0.250908583275
0.250730256377
0.250314491438
0.249988006204
0.249839666437
0.249010340149
0.2488919012
0.248773485151
0.248655097285
0.248507153847
0.248388831155
0.24821139908
0.247679522084
0.247679386452
0.247590790194
0.247561261044
0.247089037722
0.246853096923
0.246764646867
0.246735167038
0.246499411192
0.246381565857
0.246204857743
0.246028213042
0.245939910948
0.245822199484
0.245586871674
0.245586854059
0.245528037079
0.245351630175
0.245204673156
0.245087139599
0.244999006606
0.244969632464
0.244910889465
0.244793424606
0.244705344456
0.244558581198
0.24449988752
0.244147952682
0.244001360285
0.243913422814
0.243884113847
0.243766897353
0.243679003919
0.243473983825
0.243386141473
0.24309347455
0.242947195693
0.242917944854
0.242917883203
0.24277165719
0.242713178411
0.242567012288
0.242566864325
0.242187064919
0.241895107865
0.241603362186
0.241574192374
0.241311760947
0.241253458314
0.240962052597
0.240845538927
0.240758172169
0.240758091142
0.240554302311
0.240554163155
0.24055414554
0.240554112073
0.240350409553
0.240350356709
0.240350302103
0.240350203462
0.239943101393
0.239797771965
0.23979760991
0.239681378074
0.239478057791
0.239477927443
0.239477883406
0.239361730836
0.239071505299
0.239013473931
0.238868428098
0.238607463969
0.238462544961
0.238201797492
0.237999099005
0.237941197985
0.237767542485
0.23762287889
0.237536098699
0.237478254046
0.237304764124
0.237246947654
0.237160237922
0.237044652542
0.236957979801
0.236842438458
0.236813557526
0.236553745393
0.236322893458
0.236207507123
0.236005650615
0.235890341785
0.23589020263
0.235746111509
0.235688485277
0.235602059141
0.235515648857
0.235429256188
0.23531409356
0.235314067138
0.23511259639
0.234997507743
0.23476742909
0.234709922637
0.23447998314
0.234307595892
0.234163989174
0.234163950422
0.233762138024
0.233274685101
0.233246022591
0.233016791201
0.232930856512
0.232844937676
0.23278766726
0.232444289605
0.232215484489
0.232101105711
0.23204392689
0.231701056536
0.231672490906
0.23147258786
0.231130122642
0.230987493535
0.230930452108
0.230901934037
0.23078788113
0.2305313735
0.230246582073
0.230018862018
0.230018744
0.229933364172
0.229848001958
0.229791101449
0.22916593566
0.229023908973
0.228910321091
0.228796761393
0.228796727925
0.228768341964
0.228711575325
0.228115998577
0.228059312966
0.227917631525
0.227860970575
0.22780431667
0.22777599236
0.227719349024
0.227521165165
0.227521063
0.227492756304
0.227322960168
0.227266373199
0.227124941886
0.227096659851
0.226927008154
0.226813945188
0.226757421632
0.226644395656
0.226361991011
0.226164397241
0.225938676445
0.225854057569
0.22562849002
0.225543929272
0.225431211552
0.225318516732
0.225149537914
0.225036913552
0.224896176255
0.224755481233
0.224642955513
0.224474237391
0.224446120934
0.22436178213
0.224277459179
0.224024590729
0.223940331191
0.223884166973
0.223743789014
0.223743764354
0.223603432193
0.223266860828
0.223126680153
0.223126632594
0.22307057054
0.222958469332
0.222818382015
0.22270634422
0.222566336169
0.22253833949
0.222454360025
0.22217454649
0.222090635721
0.222006740805
0.221922863504
0.221839000295
0.221727207343
0.221671321436
0.221113119389
0.220917831374
0.220778388752
0.220750504807
0.220749541287
0.220610147986
0.220610093381
0.22044288307
0.220442817896
0.219941796432
0.219886135991
0.219830482597
0.219691379937
0.219635751204
0.219580129516
0.219524514874
0.219441106122
0.219357713223
0.219163196727
0.219107634929
0.219024305443
0.21894099181
0.218718926048
0.218691172451
0.218607922231
0.218275143293
0.218164257494
0.217887190079
0.217776399399
0.217499569781
0.217444219358
0.217250553649
0.217250539557
0.217029333388
0.216974042855
0.216918759368
0.216891120267
0.216890926506
0.216808019771
0.216780387715
0.216642255621
0.216614634134
0.216587014409
0.216531780242
0.216421338332
0.216393730937
0.216283320733
0.216228125319
0.216200530254
0.216145345408
0.216034998617
0.215814386061
0.215676562222
0.21556633521
0.215483682125
0.215428588876
0.215401044894
0.215290886579
0.215070673875
0.215015633469
0.214933087833
0.214383367227
0.21430094137
0.213669871161
0.213615010425
0.213560156734
0.21350531009
0.213450470491
0.213395637938
0.213231187839
0.213176383469
0.213066795868
0.212929856283
0.212875090666
0.212792955451
0.212738207448
0.212628737865
0.212300561627
0.212245877037
0.212191199493
0.212054541743
0.210936251123
0.2108544911
0.210772748691
0.210663782886
0.210663758225
0.210663726519
0.210554788897
0.210500329774
0.210473102855
0.210391432666
0.209901846613
0.20984747204
0.209738745793
0.209494212583
0.209195593679
0.209087034771
0.209059899448
0.208815778419
0.208680212775
0.208544691168
0.208490492741
0.208111364452
0.207921903353
0.207813677361
0.207705483076
0.207597316975
0.207543241851
0.207408088389
0.207245958135
0.207191928809
0.20719178613
0.207056748925
0.20697574633
0.20614024964
0.206032488674
0.205951685125
0.205924754131
0.205817047771
0.205790125585
0.20576320516
0.205682454454
0.205655541075
0.205574813268
0.205547906935
0.205494099553
0.205413401691
0.205359611924
0.205278942245
0.205252055288
0.205171404986
0.205090770536
0.205090717692
0.205010099096
0.204956362173
0.204956307567
0.204017982005
0.203991177837
0.203937574785
0.203294961714
0.203214698933
0.203107705965
0.203000741181
0.202974003948
0.20289380458
0.202813621065
0.202653299833
0.202466343533
0.202439641529
0.20225279444
0.202172735989
0.202039342227
0.200073716131
0.200020630948
0.199994090999
0.199914481721
0.199861417676
0.199622727235
0.199569701942
0.199490178975
0.199437171297
0.199357672991
0.199198727461
0.199198567168
0.199172081824
0.199066158064
0.198827955547
0.198431247867
0.198325523151
0.19821982662
0.198140571395
0.198087743386
0.198034922423
0.19787650357
0.197718156937
0.197691770235
0.197639002116
0.197559863148
0.197480740033
0.197375268968
0.196874784749
0.196716834445
0.196690514679
0.196664196674
0.196558947554
0.19650633092
0.196506279838
0.19645367025
0.196295889046
0.196190735045
0.196033059529
0.195954242908
0.195901707302
0.195849178742
0.195796657227
0.195717888166
0.195534160626
0.195481681386
0.195193234926
0.195114589167
0.194983550481
0.194931145223
0.194721610502
0.19451218323
0.194486011427
0.194198269551
0.19406753912
0.194015257164
0.194015015844
0.193936606121
0.193858212252
0.193858087188
0.193805833416
0.193753586689
0.193701347008
0.19349247812
0.193257629428
0.19325758363
0.193048945493
0.192970731293
0.1929185973
0.192866470352
0.192710142355
0.192658043591
0.192501793098
0.192241521224
0.19224143315
0.192007348933
0.191955345288
0.191903348689
0.191825367001
0.191747402929
0.191695434513
0.191643473143
0.1915655443
0.191539571541
0.191539531028
0.191383742038
0.191305866038
0.191279910894
0.191202057794
0.191072336681
0.191020459861
0.191020442247
0.190838939433
0.190813015996
0.190709341622
0.190709274687
0.190579720913
0.190476108191
0.190294871358
0.190243100226
0.190217217303
0.190113704984
0.190010219087
0.189312912619
0.18923545937
0.189183832678
0.189080600432
0.189003196504
0.188925808429
0.18890001534
0.188874224013
0.188848434446
0.188796860598
0.188745293796
0.188590653279
0.188410316554
0.188358802595
0.188333048258
0.188127087544
0.188075612338
0.188024144178
0.187972683063
0.187895504602
0.187844061102
0.187818341995
0.187741197002
0.1876640661
0.187561249559
0.187535549828
0.187458461201
0.187407077591
0.187278652914
0.187278637061
0.187227278112
0.187175926208
0.187073245299
0.187021914533
0.186842314098
0.186406570657
0.186355331486
0.186278487703
0.18597131514
0.185894550623
0.185792222006
0.185741067386
0.185689919812
0.185587645801
0.185562081702
0.185536519365
0.185434292913
0.185357639368
0.185306544638
0.185229915753
0.185227914732
0.185074715091
0.185023659113
0.184998133766
0.184972610181
0.184921568294
0.184870533454
0.184819505659
0.18476848491
0.184742977178
0.184564479418
0.184437032353
0.184309631086
0.184207742835
0.184182273855
0.184105879245
0.18408041731
0.183165110535
0.183114318776
0.183063534063
0.183063407238
0.182961858949
0.182936476281
0.182860340605
0.182657411367
0.182606690067
0.182479922926
0.182429226286
0.182353194537
0.182277178641
0.182251843532
0.182226510185
0.182150520711
0.18207454709
0.181922665023
0.181872045887
0.181872014181
0.181821402091
0.180383436051
0.18018187723
0.180106315791
0.180106305223
0.18000558306
0.179930058612
0.179854550017
0.179753896551
0.179703580387
0.179653271269
0.179653035233
0.179602733161
0.179552438134
0.179552411712
0.179502123731
0.179451842797
0.179376434605
0.179376360624
0.179300968286
0.179300917203
0.179300542012
0.179300480361
0.179300450416
0.179300418709
0.179074359713
0.178973924668
0.178948820311
0.178848422257
0.178848395835
0.178748025965
0.178697850718
0.178321898344
0.178171580455
0.178171564602
0.178171554033
0.178171511758
0.178171399025
0.178171362034
0.178171103099
0.178121008879
0.177920718311
0.177870659321
0.177770564238
0.177720526385
0.177670495578
0.177445463514
0.177320498348
0.177170606733
0.177070708935
0.176920919484
0.176895959567
0.176621580143
0.176571704344
0.176372290984
0.176372261039
0.176347339874
0.176148049816
0.176073339164
0.175998644365
0.175948856639
0.175824423435
0.17577466037
0.17574978148
0.175675155378
0.175650283533
0.175650235974
0.175600497569
0.17560045001
0.175476140108
0.175252506645
0.175177987992
0.175053827815
0.174632121464
0.17455773316
0.174483360708
0.174482534582
0.174333847807
0.174284296118
0.174160449481
0.174036645119
0.174011889531
0.173764462238
0.173640798793
0.173591345745
0.173393614582
0.173368904792
0.173319490496
0.173294785991
0.173146595948
0.1730478431
0.172998474602
0.172973792996
0.17294911315
0.172924435067
0.172801076355
0.172751743087
0.172702416864
0.172653097688
0.172653018422
0.172579054629
0.172554402968
0.172505104929
0.172455813935
0.172283361514
0.17225873099
0.172234102227
0.172234014154
0.171791237194
0.1717909307
0.171717150099
0.171250431347
0.171152217506
0.171029498205
0.17102938371
0.170955766925
0.170882165994
0.170808580916
0.1707104939
0.170636947575
0.17056341534
0.170538908118
0.170514402658
0.170440898607
0.17039190354
0.170367408648
0.170366955952
0.170317971454
0.170293481846
0.170268994001
0.170220023594
0.170195541032
0.169975305429
0.169926377297
0.169828547455
0.169779640461
0.169681849371
0.169657405561
0.169608523227
0.169535214699
0.169535184754
0.169486320035
0.169388611733
0.169315349003
0.16926651599
0.169217690023
0.169095657692
0.169071256158
0.169071134617
0.169022336833
0.16894915513
0.168802842805
0.168705337072
0.168169695832
0.168096697321
0.167999392394
0.167950749619
0.167877798667
0.167877685934
0.167877596099
0.167756051693
0.167634551324
0.167561669069
0.167488802667
0.167415952119
0.167318842715
0.167173238499
0.167173199746
0.167124676751
0.167124648567
0.167003382472
0.166906398132
0.166736760527
0.166688300944
0.166615626542
0.166615610689
0.16656716872
0.166204215937
0.166155833858
0.166083273951
0.166034909487
0.166010729897
0.165938203458
0.16586569111
0.165744875949
0.165744560647
0.165672090575
0.165551345873
0.165551315928
0.165527171567
0.16547888813
0.165285851263
0.165285828364
0.165213458695
0.165020559222
0.164972349766
0.164924147357
0.164923978256
0.164779430917
0.164442426232
0.164346185228
0.164346113008
0.164346088348
0.164346047834
0.164321991547
0.164081537882
0.164009432432
0.163913321777
0.163865274376
0.163745186699
0.163649148264
0.163601139615
0.163553138012
0.163505143455
0.163145474037
0.16309753937
0.163001696457
0.162881925843
0.162834029928
0.162810084613
0.162762199266
0.162618587264
0.162594657801
0.162451125064
0.162427207932
0.162307659263
0.16209256889
0.162044789232
0.161997016619
0.161949251052
0.16192537091
0.161662869025
0.161639010021
0.161638958939
0.161567392496
0.161566982076
0.161519279921
0.161519006895
0.161518985757
0.161304450245
0.161161491745
0.161137669732
0.16109003099
0.160994776405
0.160947158801
0.160899548243
0.160756769412
0.160542714779
0.16049516411
0.160447620487
0.16040008391
0.160233771946
0.160186267075
0.1599488854
0.159901422805
0.159711646404
0.159640509758
0.159545683209
0.159498280503
0.159450884843
0.159403496229
0.159332426519
0.159285055519
0.159237691565
0.159190334658
0.159048323824
0.159048281549
0.159024616306
0.158977291104
0.158859010687
0.158788064279
0.158764418413
0.158740774307
0.158740732032
0.158717089688
0.158362768069
0.158150325174
0.158055944275
0.157985177536
0.157914426651
0.157890845958
0.157867267027
0.15758449952
0.157560943488
0.157466742257
0.157419649569
0.157396105867
0.157207835516
0.157113734689
0.157043177564
0.157042872831
0.157019357313
0.157019316799
0.156925272339
0.156854757489
0.156831256062
0.156784258493
0.156690284491
0.156572861906
0.156525903089
0.156478951317
0.156432006592
0.156338140039
0.156150500292
0.156103604887
0.155845834289
0.155705308368
0.155635070067
0.154957565956
0.154934207207
0.15491085022
0.154864141531
0.154747405916
0.154700721887
0.154677382514
0.154654044903
0.154630709054
0.154537385032
0.154490732709
0.154467409189
0.154420767435
0.154327506826
0.154327432844
0.154210898036
0.154164295034
0.154140996175
0.154047820116
0.154047437879
0.154047370943
0.153837846791
0.153744760566
0.153721493414
0.153581938058
0.153558683236
0.153488929338
0.153465681561
0.153349474385
0.153279769808
0.153186854445
0.152931541087
0.152861929867
0.15283872965
0.152769141329
0.1526995671
0.152560473248
0.15253729593
0.152467776306
0.152444606034
0.152398270774
0.152259317838
0.152213010762
0.152004753101
0.151981618058
0.151935353257
0.151889095501
0.151865969266
0.151796601128
0.15175036451
0.151750346895
0.151588584787
0.151565481451
0.151565391616
0.151496093937
0.151496072799
0.150942341343
0.150827090641
0.150711885737
0.150711848747
0.150527617428
0.150159656809
0.150067692635
0.149952776611
0.149883847077
0.149883725536
0.149860752548
0.149860736695
0.149814796002
0.149722937517
0.149608153602
0.149539305096
0.149516358529
0.14944753116
0.149218231073
0.149103644443
0.149034912192
0.148989098325
0.148943291504
0.148920390736
0.148897491729
0.148851698999
0.148828805277
0.148805913316
0.148760134678
0.148737248001
0.148691479932
0.148645718909
0.148622841039
0.148371364145
0.148348507413
0.148165734586
0.14812005459
0.148028717497
0.147846141953
0.147732089045
0.147732067907
0.147709260497
0.147663650959
0.147595251625
0.147526866383
0.147412936778
0.147344593811
0.147071415704
0.147048659375
0.147003152003
0.146957651676
0.146934904155
0.146889414396
0.146730282151
0.146707552245
0.146662097716
0.146548493981
0.146503064113
0.146502953141
0.146480240849
0.14600396088
0.145958615562
0.145958539819
0.145822553186
0.145777236051
0.145663984608
0.145663974039
0.145641326922
0.145460229244
0.14543759798
0.145324469839
0.145256614797
0.145188773847
0.145143555354
0.145098343907
0.145053139506
0.144872394121
0.144578936301
0.144533812927
0.144511253883
0.144398486842
0.144375938366
0.144330846699
0.144285762077
0.144263222408
0.144218148355
0.144195613971
0.143925375744
0.143790335015
0.143745334944
0.143655361223
0.143565412162
0.14352044732
0.143497967541
0.143453013267
0.143363131142
0.143183446157
0.143138541205
0.143048757721
0.143026314933
0.142936566679
0.142914132698
0.14286927002
0.142846841324
0.142824414389
0.142757144152
0.142600248964
0.142600238395
0.142555425038
0.142443425995
0.142331467466
0.142309081044
0.14219717712
0.142130056608
0.141995864904
0.141951146667
0.141884082521
0.141861731329
0.141839381898
0.141772344175
0.1417723019
0.141727618891
0.14161594748
0.141504316583
0.141437358125
0.141303495815
0.141236586678
0.141236576109
0.141214275999
0.141214101614
0.141124920551
0.141080339707
0.140991204442
0.140924369287
0.140701711673
0.140701438647
0.140612417876
0.14056791806
0.140567669694
0.140545422428
0.14050093318
0.140411977584
0.140367509474
0.140345278061
0.140278594392
0.140234147419
0.140167491933
0.140123062575
0.140122993878
0.140078571566
0.1400341563
0.139900959822
0.1398787654
0.139856572739
0.13967911072
0.139656933912
0.139479602241
0.139413126424
0.139368816845
0.139324514313
0.139280218826
0.139235930385
0.138815562746
0.138771348286
0.138749243699
0.138705039808
0.138660842963
0.138638747183
0.138572472172
0.138550383438
0.138484127804
0.138417888022
0.138373736975
0.138351664094
0.138307523616
0.138263390184
0.138197203246
0.138175144457
0.138175058145
0.138153001117
0.138152978218
0.138108869446
0.137976603021
0.137932522432
0.137866414761
0.137822351787
0.137756272299
0.13771222694
0.137668188626
0.137646172112
0.137624157359
0.137558123669
0.137404113755
0.13733813467
0.137316144578
0.137315864505
0.137271889605
0.137183966225
0.137183932758
0.137183906336
0.137096005855
0.13703009899
0.137008133558
0.136986169888
0.136920289445
0.136722757326
0.13652536084
0.136503435922
0.13645959137
0.13626238336
0.136130997666
0.136087213003
0.136043435386
0.135977783933
0.135955903051
0.135627931143
0.135584227508
0.135540530918
0.135518685266
0.135496841374
0.135453158876
0.13536581678
0.135343985219
0.135060377495
0.135016765455
0.134820619607
0.13477704632
0.1347116996
0.134624600585
0.134581059004
0.134537524469
0.134515759844
0.134472235877
0.134385210843
0.134341708015
0.134276468744
0.134102596584
0.134059139553
0.133993968979
0.133950529563
0.133907097193
0.13388538365
0.133863671868
0.133798548854
0.133711745765
0.133668352146
0.133559904211
0.133516535253
0.133429818475
0.133321472705
0.133299806721
0.133256480039
0.133169853095
0.133148199442
0.13312654755
0.133083249051
0.133039957598
0.132737230964
0.132650767837
0.132607546842
0.13252112599
0.132521096045
0.132434705138
0.132434666385
0.132369892141
0.132348303661
0.131981731074
0.131960174301
0.131938619289
0.131917066039
0.131744719306
0.131744691122
0.131744618903
0.131658481646
0.131572372572
0.131507807941
0.131421746427
0.131378726239
0.131357218787
0.131314209168
0.13124970795
0.131228211067
0.131056315267
0.130691412546
0.130605620535
0.130327064684
0.130198566026
0.130134339596
0.130091530783
0.130070129019
0.130027330775
0.129984539577
0.129920367752
0.12989898008
0.129856210019
0.129727959727
0.12964248478
0.129578395744
0.129492970118
0.129492940173
0.12947158773
0.129343517107
0.129300838642
0.129279502052
0.129151521264
0.129151501887
0.129130177628
0.129087534392
0.129066215417
0.129002270821
0.128980958891
0.128917033671
0.128831829989
0.128725368983
0.128704079952
0.128661507175
0.128597662982
0.128576384521
0.128384964676
0.128299933617
0.128214930742
0.128129954288
0.127960122922
0.127896451353
0.127854012447
0.127854001878
0.127853901475
0.127832684664
0.127726630556
0.127705424314
0.127705392608
0.127662985408
0.127662930803
0.127662906142
0.127620505989
0.127599308554
0.12755691897
0.127556862603
0.127514480064
0.127472104571
0.126163389333
0.126142313439
0.126079098088
0.125952711423
0.125910596626
0.125910496223
0.125910443379
0.125742056412
0.125699976845
0.12555276089
0.125510713029
0.125405624202
0.125363601001
0.125321584846
0.125279575737
0.125195580418
0.125153592447
0.125069637642
0.125027670808
0.12498571102
0.124901814343
0.124817944087
0.124671265379
0.124587477913
0.124524651845
0.124503713345
0.124440908415
0.124252602835
0.124189861317
0.12391822449
0.123897337072
0.123855567522
0.12377204956
0.123751174473
0.123688561542
0.123646827221
0.123542532813
0.123500823152
0.123313239772
0.123292403437
0.123271568864
0.123229905001
0.123167422419
0.123146598414
0.12306332001
0.123000879702
0.122938455248
0.122876048408
0.122772074586
0.122108366246
0.122108322209
0.122025401382
0.122004674258
0.121963225294
0.121859638994
0.121797505181
0.121631929507
0.121280433274
0.121218449185
0.121156479187
0.121135826045
0.121094525043
0.121032586753
0.121011944178
0.120950028787
0.120867497243
0.120826242039
0.120764372446
0.120723134857
0.120702518705
0.120578869352
0.120475878426
0.120475855527
0.120414077529
0.120393487799
0.120331730938
0.120126022113
0.120105457043
0.120084893735
0.119982107139
0.119961554399
0.119838285522
0.119838148128
0.119797069071
0.11975599706
0.119755981207
0.119673863606
0.119550749738
0.119530233989
0.119427686951
0.11918180446
0.119120357617
0.119079401863
0.119038453154
0.118915651064
0.118711147079
0.118588519374
0.118506798102
0.118425105014
0.118424941198
0.118343281578
0.118282051395
0.118281910478
0.11826150394
0.118118725108
0.118057553054
0.117976014974
0.117935256503
0.117853765983
0.11781302865
0.117772298363
0.117731575121
0.117690858925
0.117670503469
0.117629797842
0.117589099261
0.1175280646
0.117446714997
0.117406048122
0.117263781877
0.117223146708
0.117182518585
0.117162207166
0.117141897508
0.117040380926
0.11699978451
0.116938904858
0.116918614576
0.116878039297
0.116736093637
0.116675282682
0.116594225482
0.11655370657
0.116432202678
0.116371470988
0.116351230028
0.116270285561
0.116229823016
0.11616914417
0.116169133601
0.116128688671
0.116108468848
0.116108091895
0.116108030244
0.116108030244
0.11610798973
0.116087771668
0.116087752292
0.116067535992
0.115966491482
0.115905879572
0.11570398255
0.115603096571
0.115603066627
0.115542549836
0.115542516368
0.115542489946
0.115421521538
0.115320758862
0.115300609497
0.115199892619
0.115199855628
0.115199742894
0.115159467064
0.115139331791
0.115078938302
0.114958195362
0.114877740581
0.114737008569
0.114616450582
0.114516033152
0.113914779211
0.11379465102
0.113754621795
0.113514641963
0.113454674748
0.1134346892
0.113414705413
0.113374743123
0.113334787878
0.113234941162
0.11321497499
0.113175047929
0.113135127914
0.113095214945
0.113015415428
0.112975523597
0.112895762833
0.112855892139
0.112756251514
0.112736327616
0.112676568254
0.112656651402
0.112636736312
0.112596911416
0.112557093566
0.112557088281
0.112119674973
0.112079941673
0.112040215419
0.112020354934
0.111821910379
0.111782229923
0.111762392337
0.111722722449
0.111683059608
0.111643403812
0.111544305717
0.111524489269
0.111504674582
0.111484861657
0.11140562757
0.111405618763
0.111168182482
0.111148399502
0.111108838825
0.110990206116
0.11093091178
0.110891389855
0.110891340534
0.110832070858
0.110772818797
0.110713582589
0.110693840122
0.110674099417
0.11063462329
0.110555692175
0.110496512333
0.110457067913
0.11045682307
0.110437103502
0.110279412133
0.110259708418
0.109984088925
0.109905392083
0.109826723426
0.109787398785
0.109767739107
0.109708770641
0.10964981979
0.109630172442
0.109571242728
0.109571237444
0.109531958601
0.109433794081
0.109414166109
0.10937491545
0.109355292762
0.109335671836
0.109296435269
0.109217983271
0.109002434918
0.108982845699
0.108924088608
0.108904506434
0.108787060951
0.108747923025
0.108708792145
0.108650109036
0.108571894836
0.108532795662
0.108513248717
0.108415550985
0.108376479995
0.108356947142
0.108356910151
0.108298323922
0.108103157448
0.107966663513
0.107947167651
0.10792767355
0.107908181211
0.107888690633
0.107849714762
0.107771784157
0.107732829423
0.107693881735
0.107674410533
0.107538163203
0.107479797157
0.107440895268
0.107421446965
0.107382555644
0.106607514093
0.106568770735
0.106568747836
0.106530011523
0.106433203329
0.106433187476
0.10629773985
0.106201046151
0.106143044728
0.106104385919
0.105930527851
0.105891907795
0.105891869043
0.105853256033
0.10579535149
0.105737462801
0.105698877974
0.10569883746
0.105698828653
0.1056988128
0.105679523029
0.105640948771
0.10554455452
0.105467462371
0.105371142102
0.10537109102
0.105274820072
0.105274800696
0.105274763705
0.105217017694
0.104890132608
0.10485170279
0.104774869576
0.10467886637
0.104659669956
0.104582907201
0.104544533749
0.104467807984
0.104410282156
0.104371940411
0.104333605712
0.104295278059
0.10414205728
0.104084621286
0.104084534975
0.104027116595
0.104007980071
0.100805083639
0.100786248325
0.100767414772
0.100673278716
0.10063563451
0.100579181412
0.100541554821
0.100503935275
0.100428719083
0.100334741559
0.100278374773
0.100240804548
0.100240721759
0.100184381395
0.100146828785
0.100128055122
0.10005298337
0.0999966958495
0.0999779362784
0.0999591784688
0.0999591520469
0.099959122102
0.0999403660539
0.0999402357057
0.0998464871712
0.0998089979739
0.0998089327998
0.0997527139763
0.0996590535149
0.0995841543861
0.0995654335672
0.0995279972138
0.0993970518847
0.0993970360315
0.0993596313844
0.099340931703
0.0993222337831
0.0992287758899
0.0991914029491
0.0991166799665
0.0990419851673
0.09904197636
0.0990233066234
0.0989486505764
0.0989113304794
0.0988553653065
0.0988180628241
0.0988174762573
0.0987988276583
0.0987986180443
0.0987985810536
0.0987985704848
0.0987985334941
0.0987983908157
0.0987610989021
0.0987238140344
0.0985933777679
0.0984444073974
0.0984071824195
0.0983699644873
0.0983141525615
0.0982211702631
0.0981282372855
0.0980167807728
0.0979610674889
0.097923934107
0.0978868077708
0.0977754816064
0.0977198387809
0.0977012941082
0.0976642100472
0.0976456706589
0.0976085971666
0.0975900630627
0.0975159495459
0.0975145245231
0.0975143571842
0.0974773083524
0.0974032318264
0.0972921751656
0.0972736710065
0.0972366679728
0.0971996719848
0.097125702908
0.0970517620145
0.0969409114448
0.0968855064168
0.0968485773644
0.0967931987583
0.0967931881895
0.0966824855826
0.0966455952824
0.096608712028
0.096590273043
0.0965349666569
0.0964981045401
0.0964796761238
0.0964244032055
0.0963139190198
0.0962586918994
0.0962402863822
0.0962034806322
0.0961298955541
0.0960931109416
0.0960195646157
0.0958909497009
0.0957257069439
0.0956339541459
0.0955972646524
0.0955605822047
0.0955605663516
0.0955605504984
0.0955422119168
0.0955055400379
0.0954505471919
0.0954322191791
0.0953589300266
0.095340610821
0.0953222933769
0.0951758542274
0.0950660816725
0.0949746476992
0.094938085031
0.0949379916735
0.0949379141691
0.0949377838209
0.0949377591605
0.0949194804685
0.0948829283691
0.0948646549615
0.0947915842303
0.094663786634
0.0943538802812
0.0942992203516
0.0942810033108
0.0942809610357
0.094280927568
0.0942627122887
0.0942624304547
0.0942610529914
0.0941518159209
0.0941517190405
0.0941335160914
0.0941335002383
0.0940425154378
0.0939333893394
0.0938788491893
0.0937153309035
0.0936245557171
0.0936064038504
0.0935338157598
0.0935156727005
0.0934793918661
0.0934249838256
0.0933887206059
0.0933705916383
0.0933162153041
0.0932980933823
0.093261854823
0.0932437381856
0.0931894006036
0.093171291012
0.0931712117462
0.0929721260183
0.0929540375643
0.0928094039134
0.0927913313125
0.0926648847576
0.0926648689045
0.0926287536476
0.0926282128787
0.0925560052639
0.0925018667271
0.0924657831766
0.0924297066718
0.0923215247171
0.0923034996757
0.0921953881795
0.0921593645187
0.0921413553304
0.092087340096
0.0920693379536
0.0920513375726
0.0920153420952
0.0919973469986
0.0919253895115
0.0919074032222
0.0918714359282
0.0918174999595
0.091799524239
0.09178155028
0.0917456076464
0.0917096720587
0.0916737435168
0.091655781888
0.0915480667208
0.091547754942
0.0915298056435
0.0914939123308
0.091458026064
0.0914400855727
0.0914042098747
0.0913324813776
0.0912787039405
0.0912070247644
0.0911532825565
0.0911353720102
0.0910995562018
0.0909742739733
0.0909027145766
0.0908669445663
0.0907954309676
0.0907953939769
0.0907953693164
0.0907596204436
0.0907238786167
0.0907237746904
0.0907236795715
0.0907058113002
0.090705494237
0.0907054678151
0.090634017629
0.0906339912071
0.0906339806383
0.0906339595008
0.090633948932
0.0905625234064
0.0904554423655
0.0904553983289
0.0904197163917
0.0903483754163
0.0900278668233
0.0899922694362
0.0897255347574
0.0896722311536
0.0896544668086
0.0896367042251
0.089618943403
0.0895479177293
0.0894236976624
0.0893350221387
0.0891932262033
0.0891755094177
0.089140081131
0.0891223696299
0.089086951912
0.0890515412399
0.0890338385461
0.0890161376137
0.0889630453854
0.0889453514988
0.0889276593738
0.0889099690102
0.0887685253672
0.0887508508567
0.0887331781077
0.0887155071202
0.0886978378942
0.0886271838889
0.0885918648129
0.0885565527827
0.0885212477984
0.0884859498599
0.0884683035329
0.0884506589673
0.0884330161631
0.0881510043237
0.0881157803667
0.0880981710303
0.0880981410855
0.0879397521773
0.087886984058
0.0877990747703
0.087799065963
0.0877814883329
0.0877814724798
0.0873079227775
0.0872378253943
0.0872027846292
0.0871677509101
0.0870452148009
0.0870277129138
0.0869927144238
0.0869752178211
0.0869402298999
0.0869227385815
0.0867654241652
0.0866955416804
0.0866082365742
0.0865733226344
0.0865209666972
0.0864860703721
0.0864511810928
0.0864511652396
0.0864510507446
0.0864510084695
0.0864510031851
0.0864509767632
0.0864335347658
0.0863812211036
0.0863463529619
0.0863463406317
0.0863463318244
0.0863289003957
0.0863114707285
0.0857201267729
0.0855639273621
0.0854945345637
0.085442504497
0.0854424886439
0.0853558088567
0.0853557436826
0.0853384126573
0.085303755891
0.0852691061705
0.0852171448008
0.085182512695
0.0851305795087
0.0851132713824
0.0850786604141
0.0850613575721
0.0850613170585
0.0850613047283
0.0850440036478
0.0849575299517
0.0848883802351
0.0848883679049
0.084871084439
0.0848538027346
0.0848537921658
0.0848192340414
0.0848191547756
0.0848191195464
0.0847845684678
0.0847500244351
0.0847327550609
0.084698221597
0.0846119293315
0.0845429205318
0.0841467571428
0.0840607361424
0.0840263400725
0.0839747591786
0.0839575690702
0.0839060110754
0.0839059688003
0.0838716044367
0.0837857349221
0.0834769911343
0.0834598521083
0.0834084473606
0.0833913153805
0.0833056871862
0.0832885657748
0.0832372121095
0.08320298514
0.0831687652163
0.0831345523384
0.0831003465064
0.0830148680364
0.0829806868649
0.0829635989213
0.0828611188193
0.082844043206
0.0828269693541
0.0828098972637
0.0827075193266
0.0826734015677
0.0825710923275
0.082537002752
0.0825199606065
0.0823666640851
0.0823496395542
0.0823155957767
0.0822645433214
0.0822135067193
0.0821624859704
0.0818399094209
0.0817890066899
0.081788930947
0.0817889168553
0.0817888781032
0.081771913462
0.0817549505822
0.0817379894639
0.0816701678897
0.0815854257108
0.0815176675492
0.081449937571
0.0813822357763
0.0813145621649
0.0812976468446
0.0812131072338
0.0810948162483
0.0810441460303
0.0809934916655
0.0809091053019
0.0808079004985
0.0807741773071
0.0807067573462
0.0806730552924
0.0806225171841
0.0805719949289
0.0805718874797
0.0805382136092
0.0804204228789
0.0804036009161
0.0803699622749
0.0803531455965
0.0800509579705
0.0800341747599
0.0800173933107
0.0800173880263
0.0799838304124
0.0799837317705
0.0799669556057
0.0798831117725
0.0798328202688
0.0798160599572
0.0797825446183
0.0797657895911
0.079648571336
0.0795983555752
0.0795983502908
0.0795481503832
0.0794311012284
0.0791639455601
0.079147255707
0.0791472151934
0.0790971562027
0.0790804733954
0.0790471130652
0.0790137597808
0.0789804135423
0.0788138373585
0.078797184496
0.0787472364775
0.0787471994868
0.0787305536702
0.0787305448629
0.0785143482924
0.0785143253934
0.0784810848426
0.078480995008
0.0784643773748
0.0782651683446
0.0782153911878
0.078198801738
0.0781656281228
0.078066160121
0.0780164463769
0.0779501854581
0.077950166082
0.0779170453106
0.0779159866719
0.0778663204873
0.0778663046341
0.077849752175
0.0778332014774
0.0778166525412
0.0778166049818
0.0778165926515
0.0776182396918
0.0776182344074
0.0776017083703
0.0775025944223
0.0774695687699
0.0774200435023
0.0774035386026
0.0773705340878
0.0773045479571
0.0772385882483
0.0771232283356
0.0770408905525
0.0770244261665
0.0770079635419
0.0769750435772
0.0767777510177
0.076744880374
0.0767448750896
0.0766791549396
0.0766627293058
0.0765970443851
0.0765642124935
0.0764821688745
0.0764657643782
0.0764001657692
0.0763837700802
0.0763509839866
0.0763182049389
0.0762199276854
0.0761871768211
0.0753403733055
0.0752264489844
0.0751451222805
0.0751448615841
0.0751448562997
0.0749499487599
0.0749174726836
0.0749167029247
0.0749004675288
0.0748842338943
0.0748680020213
0.0747868743626
0.0747706530583
0.0747544335156
0.0747382157343
0.074705785456
0.0746733622236
0.0746409460371
0.074576136563
0.0745761312787
0.0745275431088
0.0744789707922
0.0744789584619
0.0744142176849
0.0743980368943
0.0743818578651
0.0737044365425
0.0736883332562
0.073656131968
0.0736239377257
0.0734791790111
0.0734631003853
0.0734630951009
0.0734630757248
0.0734469988605
0.0733987788362
0.0733505764266
0.0733505500046
0.0733344854705
0.0733344801861
0.0733023564023
0.0732702396643
0.0732541839375
0.0732220777683
0.0732060273259
0.0730937499719
0.0730616790319
0.0730456462041
0.0730296151378
0.0729815325076
0.072933467492
0.0729014317813
0.0729014212125
0.0728693925476
0.0728373709286
0.0728053563554
0.0727573494681
0.0726134380167
0.0725495163195
0.0725494898976
0.0725494810903
0.0725487624137
0.0725487571293
0.0725327806683
0.0725327595308
0.0724050482461
0.072341218145
0.0723093127824
0.072261469711
0.0722455249564
0.0720702999937
0.0720702753332
0.0720384298604
0.0720384104843
0.0720224903901
0.0720224851057
0.0720224762984
0.0719906413944
0.0719588135362
0.0719588047288
0.0719587959215
0.0719428846346
0.0719428793502
0.0719428546898
0.0719427930386
0.0719427313874
0.071926821862
0.0719267883942
0.0718631731914
0.071863148531
0.0717836678393
0.0717836484632
0.0717677565524
0.0717677442221
0.0717677072314
0.0717676931397
0.0717676843324
0.0717676755251
0.0717358969879
0.0717358617586
0.0717358564742
0.0717358406211
0.0716405543302
0.0715770624298
0.0715136022357
0.0714818800652
0.0714660216222
0.0714026072261
0.0714025948958
0.0714025790427
0.0714025032998
0.0714024627862
0.0713074090083
0.0713073684947
0.0713073561644
0.0713073367884
0.0713073174123
0.0709595995146
0.0709595730927
0.0709595642854
0.0709595449093
0.0709279460412
0.0709278773441
0.0708962855219
0.0708962802375
0.0708331230148
0.0708331177305
0.0708331018773
0.0708330895471
0.0708330772168
0.0708330507949
0.0707856991714
0.0707856886027
0.0707541284867
0.0706910346767
0.0706908919983
0.070580554014
0.0705175377083
0.0705175077635
0.0704545196412
0.0703915561794
0.0703912866757
0.0703912761069
0.070391249685
0.0703597776421
0.0703582927296
0.0703110996377
0.070311085546
0.0703110749773
0.0703110503168
0.0703110274178
0.0703110221334
0.0703110098032
0.0702952817083
0.0702952764239
0.0702952711395
0.0702952024425
0.0702951760206
0.0702951619289
0.0702951284611
0.0702951196538
0.0702793933204
0.0702793633756
0.0702793158161
0.070279063927
0.0702787081117
0.0702786605522
0.0702786270844
0.0702786129927
0.0702786024239
0.0702785689562
0.0702785548645
0.070278415709
0.0702783575807
0.0702783241129
0.0702783082598
0.0702782818378
0.0702782624618
0.0702782571774
0.0702782325169
0.0702782184252
0.0702624938533
0.0702153307063
0.0699016160725
0.0698232274873
0.0696666211787
0.0696666123714
0.0696353023831
0.0696196500311
0.0696196341779
0.0695883347584
0.0695570423846
0.069510117035
0.0694788422759
0.0694632075385
0.0694006914881
0.069385065558
0.0693381983367
0.0692601232917
0.0692289048994
0.0691820905219
0.0691664892523
0.0691352919975
0.0691351563649
0.0691195603797
0.069103966156
0.0690727829929
0.0690260232207
0.0687770564098
0.0687459472281
0.068668206861
0.0686371223398
0.0685905105304
0.0685749761964
0.0685749656276
0.068543902244
0.0685434178419
0.0685123615041
0.0684813122121
0.0684812435151
0.0684036563951
0.0683416159395
0.0682641133697
0.0682486160264
0.0682331204445
0.0682330904997
0.0682021046203
0.0681866143229
0.0681556390123
0.0681401539992
0.0681091892574
0.0680782315615
0.0680472809114
0.0680163373072
0.0679854007488
0.0679390108836
0.0679389985534
0.0678771729961
0.067846268144
0.0678462346762
0.06781533687
0.0677690033716
0.06773812318
0.0677072500342
0.0676763839343
0.0676300997569
0.0675838314326
0.0675838191024
0.0675529811859
0.0675375648698
0.0675067375221
0.0674913264904
0.067491321206
0.0674913018299
0.0674450793036
0.0674296753178
0.0673219002609
0.0673065103667
0.0672603530146
0.0672142097541
0.0671834563877
0.067183373599
0.0671833436542
0.0671679696132
0.0671679502371
0.0671525779576
0.0671525444898
0.067152511022
0.0671217717474
0.0670910395186
0.0670756760464
0.0670756672391
0.0670603055284
0.0670602086479
0.0669834318006
0.0669527312781
0.0668913566551
0.0668300066925
0.0668146731652
0.0668146396974
0.0668146308901
0.0667839691198
0.0667839004227
0.0667838775237
0.0667838563862
0.0667378787032
0.0667378522812
0.0667378188134
0.0667224958549
0.0666918552221
0.0666612216352
0.0666305950941
0.0666305827639
0.0665999632687
0.0665999509384
0.0665999350853
0.0665693226359
0.0665693032598
0.0665692874067
0.0665539838242
0.0665386820031
0.0664774940951
0.0664773936918
0.066462100678
0.0664468094258
0.0663856637928
0.0663703813479
0.0663551006644
0.0663550918571
0.0662939884992
0.0662939585544
0.0662634165635
0.0662481482102
0.0662328816184
0.066232856958
0.0662328164443
0.0662022885452
0.0662022128023
0.0661869514949
0.0661867313121
0.0661409597201
0.0661409297753
0.0661409121607
0.0661407448218
0.0661407043081
0.0661406919779
0.0660796872619
0.066049194592
0.0659729955042
0.0659577606187
0.0658816126133
0.0645401359421
0.0644347001068
0.0644196448905
0.0642541907579
0.0642090955674
0.0641640144685
0.0637591318422
0.0637441558917
0.0636992386088
0.0635944932666
0.0634450561087
0.0634301171489
0.0633405274264
0.0632808314767
0.0632509940706
0.063206252934
0.0632062441267
0.0631615188432
0.0631466133511
0.0631168076514
0.0631167953211
0.0630869966672
0.0630572050592
0.0629083703213
0.0628934947741
0.0628042837659
0.062804188647
0.062804116427
0.0626852864341
0.0625813918781
0.06258118931
0.0625515174813
0.0625218526986
0.0625070229494
0.0624477215672
0.0624329006253
0.0623588329066
0.0623578905244
0.0623574272599
0.0623571982698
0.0621353297914
0.0621205458403
0.0621202516761
0.0620463636265
0.0620020505251
0.0619872824271
0.0619577515154
0.0619429887018
0.0619134683589
0.0618249566512
0.0617659846625
0.0617217719644
0.0617070373342
0.0617070179581
0.0616922850893
0.061677553982
0.0616480970517
0.0616186471673
0.0616039248673
0.0615450585663
0.0614715104789
0.0613539416928
0.0613392510991
0.0613245622669
0.061280506339
0.0612364662642
0.0611777761094
0.0611631066533
0.0610604962031
0.0610458408387
0.0610165353941
0.0610018853141
0.0609579474041
0.0609433043699
0.0609140235859
0.060899385836
0.0608554849168
0.0608262252703
0.0608261847566
0.0607969321559
0.0607969127798
0.0607968934038
0.0607822697456
0.0606799798815
0.0606799552211
0.060592341859
0.0605922872537
0.0605922819693
0.0605193151644
0.0605192746507
0.0604755093641
0.0604171855934
0.0603443244762
0.0603442945313
0.0602278019985
0.0601695980073
0.0601695715853
0.0601404775163
0.0601259331239
0.0601259172708
0.0600822946625
0.0599660628262
0.0599660540188
0.0599370092707
0.0599369987019
0.0599369898946
0.0599079521924
0.0588859325214
0.0588715413762
0.0588715255231
0.0588715096699
0.0585270205322
0.0585269201289
0.0585268866611
0.0585125395525
0.0585125307452
0.0583978260965
0.058340513405
0.0583403143598
0.0582830333746
0.0582544008086
0.0582543884784
0.0581542564054
0.0581542317449
0.0581399304343
0.0581397032057
0.0581392540329
0.0580963606699
0.0580963360095
0.0580534602611
0.0580105986045
0.058010551045
0.0580105387148
0.0580105299075
0.0579819642771
0.0579819537083
0.057981849782
0.0579247449431
0.0577678479933
0.0577393422525
0.0576538690669
0.0576253915096
0.0575969209981
0.0575826883845
0.0575115570231
0.057483114695
0.0573978335087
0.0573410140266
0.0573268131194
0.0572984165893
0.0572558367666
0.0572416464281
0.0572416376208
0.0572132622283
0.0571140108863
0.0570998381625
0.0570856672001
0.0570573305597
0.0570148405716
0.057000680178
0.0569157565685
0.0568167835375
0.0567885138327
0.0567037522777
0.0566755107563
0.0566331616852
0.0564639662072
0.0564357845755
0.056379444211
0.0563759582776
0.0563753875639
0.0563613064361
0.0563190736214
0.0562205937998
0.0562065320481
0.0561924720578
0.0561503026558
0.0561221985284
0.0560941014469
0.0560660114112
0.0560098577618
0.0560098489544
0.0559817800563
0.0559396916815
0.0558695819681
0.0558555642529
0.0558415482992
0.0558415394919
0.0558275252996
0.0558274742172
0.0557854439707
0.0557434278159
0.0556874362209
0.0556314728094
0.0556034990302
0.0555755322969
0.0555615515724
0.0555335954078
0.0555056462891
0.055491674372
0.0554497709507
0.0553520802641
0.0552823386963
0.0552544529902
0.0551987079999
0.0551290650739
0.05510121812
0.0550594626616
0.0550594362397
0.0550594062948
0.0550454907444
0.055017664928
0.0550176561207
0.0549342279926
0.0547814775245
0.0547675972034
0.0547537186437
0.0547535495433
0.0547257977084
0.0542970578397
0.0542417954901
0.0542141740033
0.0542141616731
0.0541865472322
0.054186485581
0.0541726810027
0.0541726616266
0.0541312584606
0.0541036651572
0.054020938091
0.0540071546502
0.053993372971
0.0539933641637
0.0538419612141
0.0538419207005
0.0538418942785
0.0538281337368
0.0538006179378
0.0536906621908
0.053690068578
0.0536900527249
0.0536763115593
0.0536761653579
0.0536624259537
0.0536621388354
0.0536620172945
0.0536345437706
0.0535384683447
0.0534973082604
0.0534972836
0.0534972712697
0.0534835547646
0.05342870812
0.0534287028356
0.0534286781751
0.0534285742489
0.0533052877569
0.0532231736794
0.0531958128891
0.0531684591445
0.0531547849144
0.0531137745545
0.0529771837394
0.0529635341698
0.052936240315
0.05285440631
0.0527998872974
0.0527726357177
0.05275901257
0.0527181536957
0.0525005232951
0.0524461874745
0.0523918763144
0.0522291295491
0.0522155768599
0.0521884767659
0.0521749293611
0.0521478398359
0.0520801521328
0.0519989892448
0.0519854665005
0.0519584262962
0.0519178792007
0.0519043670252
0.051688457573
0.0516884522886
0.0516749700579
0.0516075958951
0.0515671879551
0.0514864337264
0.0514729779176
0.05143262106
0.0513250908463
0.0512579456735
0.051204258071
0.0511908392529
0.0510835697356
0.050922857459
0.0509094756316
0.0508827172612
0.0507490434274
0.050735684499
0.0506956200442
0.0506956059525
0.05068225407
0.0506689039489
0.0506555555893
0.0506021815271
0.0505355066647
0.050482196015
0.0504555503782
0.0504155968955
0.050229427969
0.0502294191616
0.0501762740894
0.0501629909039
0.0501497094799
0.0501364298173
0.0500435479222
0.050003756494
0.0499904962075
0.0499772376825
0.0499109767637
0.0498844826126
0.0498579955074
0.049844754597
0.0498447246522
0.0498182481157
0.0498050124897
0.0497785465221
0.0497388607815
0.0497256357243
0.0496991908942
0.0496859711213
0.0496199004404
0.049580279874
0.0495538737961
0.049527474764
0.0495274659567
0.0495142690828
0.0495010739704
0.04947468903
0.049356072174
