5038
588
893
566
273
5030
5069
5022
1028
140
370
1768
5033
647
1139
458
95
155
613
8344
286
823
90
543
195
80
887
1806
851
102
4063
200
2630
1672
114
530
1569
2666
2718
478
734
82
128
20764
554
76
1330
9129
343
1031
1528
136
1588
184
353
2348
93
4746
516
1817
78
147
308
443
1053
2737
4153
5036
9137
225
213
7954
91
8557
151
360
3237
8556
342
444
878
20805
652
33806
1819
2215
127
1304
1507
2753
16625
301
686
1725
3311
4880
385
2939
106
520
1824
4398
133
1365
5020
277
416
1821
2111
880
72
4876
5053
1
107
314
929
1334
3027
5237
6917
22587
4152
81
910
56
232
390
915
2088
2773
9135
292
2323
6084
9500
35675
919
920
939
1359
1793
1927
2601
5050
5051
74
876
879
960
1371
89
1161
1202
3174
4262
5027
188
802
1443
2715
2728
4904
6831
9044
10815
13634
22463
875
1000
1813
2015
9861
13633
316
402
2253
2271
4093
5021
6289
9132
255
386
2720
2736
3844
4183
5052
8560
13635
16201
1970
3161
5853
8032
75
144
274
4124
5023
5057
5070
26811
30172
109
192
659
1323
2637
3258
4154
54
79
815
928
4618
4621
5028
8558
26576
621
918
950
1213
1234
1302
1470
2047
4755
9130
9131
9504
11812
26854
406
560
593
922
1559
1935
2947
4216
4224
4272
5042
9313
26142
244
279
391
449
575
620
772
822
1308
1833
8072
8566
10601
15198
24812
280
408
539
775
1050
1168
1233
1252
1552
1560
2937
5024
7059
10893
13396
13637
20336
28825
30779
53
454
782
820
948
958
1025
1027
1108
1185
2186
2189
2510
3313
3742
4027
4737
5032
5064
5068
6009
8565
10280
10281
10959
18722
23043
35279
46
224
581
852
1114
1208
1481
1767
1831
2550
3215
4132
4227
4256
5557
5587
5729
7848
8194
8340
9134
9752
13267
23873
25323
101
287
438
819
959
1093
1112
1788
1885
2091
2516
2559
2741
4538
4642
5029
5150
5830
6829
7531
8559
8678
8987
9079
11297
13266
23648
26435
27605
86
92
112
121
145
239
409
492
509
513
525
551
579
585
675
707
712
764
813
923
1077
1095
1137
1189
1289
1781
1797
2160
2251
2294
2648
2856
3057
3295
3318
3334
3354
4060
4191
4205
4534
4995
5041
5215
5614
6202
6828
7113
8029
8341
9239
11350
12116
14862
17278
18778
19467
19711
23946
24810
24890
26990
28933
30513
165
172
212
263
290
307
357
383
393
441
477
563
615
664
688
853
869
1037
1101
1128
1259
1332
1527
1790
1835
1936
2211
2296
2564
2603
2612
2782
2837
3035
3065
3108
3128
3251
3352
3400
3626
3688
3906
4065
4128
4140
4156
4160
4232
4306
4480
4486
4536
4545
4651
4678
5045
5190
5211
5243
5279
5518
5742
5883
6069
6357
6681
6707
7578
8030
8071
8857
9337
9754
9799
10803
11040
11494
11547
11744
12015
12110
13093
13414
13640
14338
16710
17098
17167
19815
20183
20374
20963
21255
22063
22319
22423
25158
26378
26856
29813
32745
205
246
291
313
340
364
368
403
420
448
462
473
481
502
535
547
556
573
591
592
607
614
616
636
661
691
709
716
726
865
889
907
924
945
1030
1038
1061
1099
1118
1160
1193
1245
1305
1316
1384
1392
1572
1607
1654
1668
1762
1775
1783
1847
1996
2168
2507
2528
2560
2575
2579
2593
2640
2651
2668
2746
2951
2954
2963
3038
3043
3058
3110
3200
3280
3309
3333
3370
3535
3635
3733
3795
4176
4218
4263
4477
4498
4577
4718
4767
4826
4863
5049
5071
5333
5515
5536
5695
5716
5824
5833
5907
5948
5963
5971
6022
6031
6320
6560
6653
6782
6783
6793
6982
7128
7459
7467
7484
7516
7541
7551
7638
7657
7663
7701
7720
7993
7998
8271
8315
8322
8350
8694
8794
9136
9175
10124
10414
10441
11204
11680
11922
12076
12354
12512
12676
12844
13366
13577
13666
14039
14065
14144
14827
15166
15179
16210
16443
16616
16692
18748
19325
20157
20654
20919
21432
23483
23960
24159
24464
24467
25529
25658
26672
26709
26803
27148
28097
28509
28619
29012
30808
5
113
119
122
149
153
166
168
171
175
178
196
215
229
230
241
269
281
295
322
336
354
355
372
378
384
423
472
510
526
541
544
561
584
587
590
602
603
622
633
639
653
658
670
736
760
776
787
789
804
812
838
863
898
917
925
966
967
1042
1051
1056
1058
1068
1070
1105
1111
1113
1130
1140
1145
1148
1159
1176
1179
1187
1198
1221
1224
1295
1340
1387
1430
1478
1483
1484
1485
1499
1713
1765
1772
1778
1886
1893
1911
1918
1929
1944
1966
1987
2057
2060
2061
2090
2216
2264
2320
2383
2436
2479
2503
2524
2569
2571
2572
2577
2620
2622
2680
2697
2748
2932
2935
2941
2943
2953
2972
3015
3050
3129
3145
3157
3171
3241
3246
3266
3271
3350
3386
3417
3418
3427
3440
3489
3518
3549
3644
3766
3924
4049
4066
4115
4121
4161
4170
4195
4197
4220
4238
4260
4288
4307
4323
4426
4478
4517
4531
4601
4677
4698
4699
4753
4760
4793
4802
4878
5074
5082
5105
5118
5170
5172
5174
5225
5287
5319
5339
5471
5645
5666
5684
5733
5799
5998
6008
6015
6023
6072
6081
6131
6175
6198
6231
6340
6460
6488
6697
6738
6785
6803
6845
6876
6909
6951
7103
7106
7193
7331
7527
7545
7571
7784
7800
7821
7962
7994
7999
8001
8038
8169
8629
8684
8782
9172
9366
9499
9501
9527
9967
9981
10015
10032
10084
10241
10245
10330
10620
10733
10778
10897
10958
11083
11165
11190
11261
11298
11352
11353
11394
11496
11527
11669
11818
11890
12329
12446
12456
12665
12944
13147
13154
13202
13203
13205
13256
13410
13422
13585
13628
13630
13658
13744
13747
13756
13822
13972
13987
14036
14055
14114
14156
14822
14839
14870
14886
15146
15164
15187
15247
15264
15323
15512
15666
16017
16203
16295
16503
16618
16622
16730
16797
16867
16987
17179
17181
17240
17748
17824
17832
17893
17925
18067
18384
18590
18697
18713
18861
19260
19464
19720
19826
19901
19912
20051
20205
20220
20353
20620
20692
20966
20990
21236
21241
21582
21680
22118
22354
22385
22565
23840
24780
25080
25326
25595
25791
25804
26033
26699
26911
27313
27781
27907
27962
28515
28873
29818
29885
30201
30545
33707
13
27
83
88
132
134
137
154
169
217
227
243
252
254
260
296
299
315
326
338
344
346
358
388
405
413
418
419
446
471
486
491
495
504
515
517
521
522
533
548
550
559
576
604
610
626
669
677
678
682
684
694
703
708
713
723
727
730
731
735
744
753
758
773
784
800
817
818
828
829
839
842
845
859
860
861
862
867
871
873
882
884
897
900
909
931
940
971
973
1018
1048
1049
1054
1079
1081
1082
1103
1104
1106
1109
1122
1126
1127
1132
1150
1153
1154
1163
1165
1171
1188
1190
1207
1214
1215
1236
1238
1301
1326
1331
1350
1354
1357
1362
1388
1389
1390
1393
1406
1409
1411
1419
1425
1428
1432
1461
1475
1486
1519
1521
1546
1568
1601
1616
1619
1652
1653
1660
1665
1670
1683
1696
1697
1716
1734
1803
1807
1818
1828
1845
1856
1857
1864
1883
1899
1917
1922
1937
1939
1953
1976
1989
2018
2070
2096
2110
2121
2125
2218
2229
2234
2262
2263
2268
2269
2270
2276
2290
2300
2316
2331
2378
2385
2386
2420
2471
2494
2501
2512
2518
2519
2563
2565
2567
2580
2583
2588
2590
2608
2613
2615
2618
2621
2638
2639
2664
2667
2673
2696
2703
2708
2711
2722
2724
2730
2740
2744
2751
2760
2769
2784
2828
2911
2922
2945
2959
2980
2992
3008
3016
3033
3036
3100
3107
3109
3118
3122
3138
3147
3162
3188
3197
3210
3219
3226
3236
3276
3297
3316
3317
3327
3344
3356
3358
3394
3399
3435
3438
3443
3447
3461
3473
3476
3486
3487
3499
3565
3593
3596
3604
3671
3696
3743
3786
3792
3793
3800
3802
3842
3845
3896
3899
3970
3994
4057
4075
4079
4148
4155
4164
4173
4174
4193
4200
4203
4237
4240
4259
4284
4308
4314
4335
4349
4355
4358
4362
4405
4450
4451
4460
4467
4499
4505
4510
4514
4522
4553
4556
4585
4600
4603
4615
4623
4639
4640
4644
4650
4691
4694
4695
4703
4714
4745
4752
4757
4778
4815
4817
4827
4828
4836
4879
4914
4937
4952
5026
5035
5046
5061
5090
5102
5141
5142
5167
5193
5195
5202
5248
5257
5271
5285
5318
5351
5352
5368
5406
5413
5415
5426
5451
5467
5500
5511
5531
5660
5675
5676
5681
5700
5702
5704
5708
5713
5745
5749
5785
5787
5839
5856
5881
5934
5941
5943
5966
6003
6018
6033
6056
6092
6143
6193
6242
6255
6258
6274
6314
6327
6405
6406
6414
6491
6509
6517
6523
6550
6600
6633
6671
6702
6734
6746
6794
6862
6887
6889
6899
6912
6920
6921
6944
6997
7005
7032
7047
7076
7083
7096
7102
7130
7131
7168
7203
7235
7237
7246
7283
7324
7357
7387
7400
7405
7437
7477
7512
7513
7517
7523
7530
7533
7547
7548
7549
7558
7577
7618
7655
7695
7721
7730
7736
7753
7772
7812
7815
7876
7890
7995
8000
8003
8005
8103
8186
8193
8219
8220
8264
8303
8308
8326
8335
8354
8501
8524
8543
8582
8659
8699
8710
8740
8744
8760
8767
8876
8878
8938
8962
8981
9009
9122
9174
9211
9216
9300
9370
9474
9486
9521
9534
9579
9589
9649
9886
9896
9917
9933
9958
9984
10017
10053
10214
10278
10345
10384
10387
10434
10484
10560
10571
10641
10680
10799
10826
10841
10872
10920
10969
10987
10997
11077
11099
11117
11191
11194
11227
11243
11284
11430
11453
11522
11569
11631
11636
11671
11692
11718
11811
11825
11827
11846
11864
11925
11952
11981
12180
12281
12323
12347
12362
12421
12434
12521
12542
12559
12608
12668
12687
12770
12800
12896
12945
13022
13134
13208
13265
13268
13269
13303
13419
13423
13569
13578
13631
13707
13735
13746
13796
13820
13884
13948
13983
14035
14057
14152
14155
14161
14170
14171
14189
14196
14229
14268
14285
14296
14379
14577
14694
14701
14703
14838
14840
14851
14876
14893
14917
14942
14974
15003
15282
15293
15331
15386
15465
15566
15601
15705
15990
16191
16224
16288
16461
16727
16748
16759
16788
16808
16844
16853
16887
16971
16972
16978
17052
17085
17124
17153
17187
17225
17289
17498
17512
17565
17642
17818
17993
18000
18009
18033
18079
18090
18115
18283
18310
18567
18617
18719
18808
18826
18835
18972
18991
19126
19240
19249
19290
19310
19355
19382
19685
19715
19786
19821
19836
19840
19862
19872
19876
20052
20177
20268
20280
20439
20471
20482
20619
20624
20652
20659
20772
20820
20821
20918
20985
20997
21409
21426
21458
21544
21620
22021
22030
22032
22117
22201
22321
22341
22359
22422
22525
22566
22676
22694
22738
22911
22913
22920
22975
23023
23025
23082
23105
23139
23140
23288
23317
23364
23369
23373
23392
23456
23676
23687
23690
23722
23869
24025
24063
24152
24153
24167
24377
24426
24650
24693
24743
24811
24832
24889
24911
25085
25089
25504
25507
25640
25766
25826
25928
25971
26011
26036
26141
26163
26332
26372
26388
26584
26609
26665
26711
26812
26818
26863
26866
26900
26957
27090
27194
27208
27233
27404
27753
27791
27796
27808
27810
27888
28014
28623
28631
28642
29101
29656
29851
29923
30187
30193
30340
30434
30448
30683
30834
30862
33056
33209
33954
34497
34529
34751
34817
35115
35362
35435
35547
35732
4
55
73
85
87
118
125
131
142
156
174
176
180
183
207
218
219
221
223
233
234
242
250
264
300
305
309
331
339
345
373
374
376
382
389
398
425
427
429
430
436
450
451
455
456
457
459
466
475
498
500
501
505
506
511
518
519
527
537
540
568
570
577
580
586
594
595
618
623
625
627
628
640
645
654
656
657
662
674
676
681
687
696
699
704
706
711
719
729
739
741
742
762
766
770
779
783
792
794
797
805
808
824
830
837
855
870
872
885
901
913
930
934
936
937
946
951
969
970
974
983
985
989
991
1004
1009
1011
1023
1033
1034
1035
1055
1057
1059
1060
1063
1073
1076
1080
1083
1086
1088
1091
1096
1098
1102
1117
1120
1135
1143
1144
1149
1162
1166
1169
1178
1180
1182
1195
1196
1200
1205
1209
1210
1211
1216
1231
1232
1237
1241
1246
1255
1265
1282
1287
1288
1292
1294
1296
1303
1306
1307
1318
1320
1324
1325
1327
1339
1344
1352
1355
1356
1372
1373
1394
1395
1396
1397
1399
1401
1404
1413
1416
1420
1421
1422
1423
1429
1434
1436
1437
1438
1439
1441
1457
1458
1459
1464
1472
1487
1490
1504
1508
1514
1523
1532
1547
1553
1566
1574
1584
1585
1586
1592
1594
1596
1597
1615
1617
1620
1624
1628
1634
1642
1643
1647
1662
1667
1686
1689
1691
1704
1731
1737
1743
1756
1759
1761
1763
1798
1800
1812
1815
1822
1852
1862
1870
1873
1875
1879
1880
1892
1896
1897
1903
1909
1919
1926
1941
1946
1960
1997
2029
2039
2046
2049
2065
2073
2075
2082
2092
2093
2118
2141
2144
2149
2178
2184
2185
2226
2228
2250
2256
2258
2288
2291
2295
2305
2308
2321
2354
2355
2379
2424
2442
2469
2474
2477
2486
2489
2491
2493
2506
2515
2521
2529
2533
2548
2554
2558
2570
2574
2576
2585
2595
2596
2599
2602
2605
2610
2619
2628
2629
2632
2633
2635
2642
2646
2654
2657
2659
2660
2661
2665
2676
2679
2685
2690
2692
2699
2700
2702
2706
2713
2723
2733
2745
2747
2754
2762
2770
2772
2780
2783
2785
2793
2814
2816
2817
2818
2841
2847
2886
2910
2913
2916
2919
2924
2940
2950
2960
2966
2970
2971
2973
2983
2986
2993
3001
3005
3019
3020
3021
3046
3056
3066
3067
3075
3077
3091
3105
3111
3112
3115
3126
3130
3132
3141
3150
3166
3169
3177
3182
3184
3185
3186
3192
3196
3202
3205
3209
3214
3223
3240
3245
3253
3259
3264
3270
3272
3275
3285
3288
3292
3294
3296
3310
3315
3330
3336
3337
3340
3348
3349
3357
3364
3372
3377
3378
3379
3380
3384
3388
3401
3422
3426
3430
3431
3448
3459
3462
3470
3472
3477
3492
3494
3495
3525
3528
3530
3541
3546
3574
3578
3581
3584
3597
3606
3608
3610
3616
3624
3625
3633
3650
3666
3667
3673
3679
3680
3684
3711
3716
3717
3721
3726
3729
3755
3765
3767
3768
3774
3815
3823
3826
3827
3836
3841
3848
3849
3859
3904
3915
3939
3943
3944
3947
3949
3959
3963
3965
3969
4012
4014
4056
4070
4071
4080
4083
4087
4092
4097
4119
4122
4123
4133
4136
4142
4144
4146
4169
4178
4210
4221
4223
4225
4231
4236
4243
4244
4246
4247
4248
4269
4274
4277
4300
4303
4305
4352
4370
4373
4375
4376
4383
4388
4390
4393
4395
4396
4397
4400
4412
4413
4440
4449
4453
4459
4471
4484
4489
4497
4513
4519
4529
4530
4539
4542
4544
4546
4547
4549
4551
4552
4564
4566
4569
4584
4586
4587
4591
4594
4614
4629
4649
4652
4680
4681
4684
4689
4697
4700
4721
4726
4728
4729
4736
4758
4766
4770
4787
4792
4800
4810
4820
4835
4837
4838
4844
4846
4852
4853
4854
4855
4858
4864
4866
4868
4872
4886
4890
4895
4911
4920
4921
4938
4940
4946
4949
4983
4991
5015
5018
5025
5048
5066
5067
5075
5083
5088
5100
5128
5130
5131
5134
5136
5138
5145
5148
5152
5165
5168
5192
5196
5197
5210
5212
5216
5224
5226
5242
5252
5253
5255
5256
5259
5273
5275
5276
5286
5291
5299
5300
5301
5302
5303
5307
5308
5315
5316
5343
5345
5347
5353
5395
5398
5400
5402
5405
5428
5435
5438
5456
5461
5476
5478
5482
5483
5489
5490
5497
5509
5556
5632
5638
5680
5696
5705
5712
5727
5748
5752
5756
5769
5776
5778
5780
5782
5791
5796
5809
5825
5840
5860
5916
5926
5928
5939
5946
5953
5954
5977
5985
5987
5988
5994
5997
6002
6024
6038
6048
6049
6051
6053
6058
6062
6068
6071
6078
6080
6085
6090
6109
6113
6124
6125
6128
6135
6144
6169
6170
6176
6179
6192
6196
6210
6216
6221
6249
6257
6279
6283
6284
6303
6305
6316
6328
6330
6336
6363
6372
6376
6398
6400
6429
6436
6443
6447
6452
6469
6470
6476
6486
6500
6521
6522
6528
6541
6546
6552
6554
6557
6565
6570
6581
6582
6596
6641
6645
6665
6669
6678
6687
6696
6706
6715
6724
6735
6741
6750
6784
6786
6789
6790
6792
6800
6805
6811
6816
6830
6834
6836
6840
6846
6860
6864
6867
6872
6886
6890
6903
6924
6926
6931
6936
6940
6948
6957
6959
6976
6991
6993
6998
7001
7008
7009
7011
7014
7030
7060
7069
7078
7082
7089
7095
7105
7107
7112
7119
7120
7132
7140
7151
7165
7167
7172
7186
7188
7200
7205
7208
7214
7216
7236
7255
7259
7269
7284
7300
7302
7309
7312
7320
7326
7340
7353
7363
7372
7385
7386
7393
7394
7396
7397
7403
7416
7422
7428
7430
7451
7468
7474
7492
7515
7520
7538
7540
7543
7552
7553
7555
7559
7563
7585
7594
7597
7604
7605
7607
7611
7615
7620
7627
7641
7651
7653
7658
7668
7669
7680
7683
7687
7690
7692
7700
7711
7737
7748
7749
7757
7770
7778
7785
7786
7794
7796
7797
7802
7810
7816
7826
7829
7856
7927
7931
7941
7945
7952
7960
7964
7966
7969
7979
7980
7981
7983
7985
7986
7989
7990
7991
7992
8010
8018
8023
8025
8031
8034
8044
8047
8049
8050
8062
8064
8065
8081
8085
8099
8130
8160
8166
8185
8204
8206
8213
8221
8251
8294
8312
8324
8325
8331
8353
8372
8376
8391
8393
8403
8411
8417
8440
8453
8467
8474
8477
8478
8488
8489
8494
8521
8530
8546
8548
8549
8553
8561
8572
8576
8579
8597
8600
8621
8650
8666
8670
8683
8685
8695
8700
8705
8709
8727
8732
8753
8763
8771
8776
8808
8833
8850
8860
8884
8888
8912
8971
8977
8990
8999
9008
9013
9076
9101
9105
9121
9133
9193
9230
9232
9248
9251
9258
9260
9268
9274
9340
9344
9345
9348
9357
9358
9361
9364
9382
9386
9421
9449
9452
9467
9477
9479
9502
9503
9510
9524
9528
9530
9532
9535
9549
9578
9586
9594
9616
9620
9641
9648
9650
9721
9751
9761
9786
9789
9803
9809
9819
9829
9839
9866
9869
9887
9888
9909
9910
9915
9921
9922
9932
9953
9960
10021
10023
10028
10040
10061
10065
10096
10111
10112
10121
10179
10212
10227
10236
10240
10242
10243
10247
10248
10302
10305
10317
10334
10338
10353
10358
10359
10363
10367
10376
10379
10393
10405
10406
10412
10415
10420
10458
10459
10473
10489
10505
10542
10574
10583
10603
10604
10605
10613
10621
10670
10708
10731
10775
10789
10797
10833
10845
10859
10862
10874
10881
10894
10915
10929
10934
10941
10946
10949
10973
10988
11003
11014
11032
11041
11042
11043
11048
11049
11056
11057
11074
11076
11080
11085
11088
11108
11143
11178
11199
11213
11214
11216
11228
11229
11252
11259
11273
11286
11288
11358
11393
11406
11416
11423
11446
11488
11564
11598
11614
11619
11620
11623
11625
11628
11648
11665
11667
11678
11679
11688
11704
11715
11760
11762
11773
11785
11799
11809
11813
11821
11855
11926
11928
11931
11934
11937
11958
11968
11974
11991
12065
12077
12084
12090
12148
12155
12169
12178
12195
12200
12254
12274
12284
12291
12293
12300
12321
12326
12331
12350
12356
12363
12397
12404
12409
12415
12417
12436
12465
12471
12476
12482
12506
12509
12514
12518
12526
12562
12587
12606
12664
12675
12690
12695
12696
12701
12708
12720
12736
12747
12757
12765
12886
12962
12967
12993
13002
13014
13095
13096
13113
13114
13115
13161
13165
13174
13175
13216
13226
13230
13233
13242
13272
13312
13404
13405
13408
13409
13415
13418
13421
13424
13432
13468
13474
13486
13562
13579
13627
13661
13665
13671
13674
13685
13703
13724
13731
13740
13743
13748
13773
13787
13789
13802
13861
13883
13925
13929
13975
13979
13984
14001
14002
14027
14033
14049
14051
14052
14074
14105
14115
14121
14134
14141
14145
