0.928385104888
0.91164791245
0.897704018385
0.882027296575
0.8713573299
0.863121675628
0.855089811949
0.848516435343
0.840498606994
0.832302402426
0.82689641191
0.818874437079
0.810571059874
0.804224582483
0.798910698819
0.791079048204
0.78255048921
0.776681086207
0.771146408556
0.764489626722
0.759464108491
0.754919203426
0.750439335063
0.745511567409
0.736164988952
0.731995095639
0.728444789564
0.723438490646
0.718399185452
0.714330183402
0.709272921864
0.703138438194
0.699410724706
0.693962379835
0.690505676093
0.686516577486
0.683029437442
0.679746908831
0.676325850037
0.67276748175
0.669655436247
0.666792891278
0.664178321416
0.659639518055
0.656509942481
0.653339814528
0.650656015683
0.647547850681
0.64444712081
0.642162115218
0.637367913948
0.63424458628
0.630704517823
0.62562490157
0.622390062784
0.619303616609
0.616923824981
0.614920880549
0.612224452022
0.609533924393
0.607728085806
0.605047543905
0.603202280273
0.600531681826
0.597224681223
0.594521585562
0.591870320923
0.589771762568
0.586812874431
0.584859479927
0.582909328275
0.580781513797
0.578386788494
0.576087032418
0.573432280083
0.571232127642
0.568991426344
0.567157328621
0.564790828986
0.5626518486
0.560161521704
0.55767676279
0.555197543674
0.552812039624
0.551136410075
0.548759686914
0.546958528532
0.54520415282
0.543408838969
0.541136144235
0.539478319545
0.536170337807
0.533826145328
0.53248269582
0.530665249197
0.528376262701
0.526522795941
0.52462957122
0.522954330954
0.519825993687
0.518329349822
0.516323018099
0.513809964819
0.511939774738
0.510454543386
0.508378926313
0.506645399267
0.504661792166
0.502724173316
0.496854867193
0.495558820391
0.49397243884
0.492763471676
0.491140011349
0.489519214353
0.488191299178
0.486906601475
0.485499550855
0.484094536486
0.48273276601
0.480632049864
0.478741243631
0.47742804371
0.47623951303
0.475052460216
0.473866892314
0.47227485647
0.470970558979
0.469586734998
0.468326789361
0.467514808189
0.466541360834
0.465204532662
0.464071761063
0.462698121856
0.461245898541
0.459836203967
0.458790388705
0.457344325223
0.455980712258
0.454819218258
0.454059036402
0.452820140236
0.452021722322
0.450307620679
0.449431841113
0.448278733434
0.445422848553
0.444828883542
0.441078824145
0.440133331194
0.439228175724
0.438284671464
0.436949865449
0.435695378583
0.434168923734
0.432918447716
0.431942736883
0.431085026394
0.430111406417
0.428789105022
0.42750761318
0.426615550658
0.424023657859
0.423058029635
0.422247750035
0.421515307683
0.420745007988
0.419783142247
0.419014434914
0.418515146728
0.417632523881
0.416980765299
0.416099757713
0.414913841042
0.412356763541
0.411404547089
0.410453442119
0.409351510198
0.408782124629
0.407493047932
0.406849235305
0.40613028223
0.405034210693
0.40344977732
0.402319728942
0.401980999785
0.401040824688
0.399539051445
0.398976528532
0.397890169697
0.396842645817
0.396095250413
0.394453599467
0.393671230234
0.393038439076
0.392368976039
0.391625799337
0.39092043418
0.390401098794
0.38969684512
0.38903024622
0.387846684624
0.38707088036
0.386222081108
0.385632160414
0.385005867289
0.383901953723
0.383424051448
0.382432485695
0.381735459299
0.381002463848
0.380453155424
0.379977409178
0.379136466047
0.378223440365
0.377603196101
0.376947030341
0.376437064172
0.375781909491
0.374836590925
0.374364367603
0.373711018421
0.373348291105
0.372913248725
0.371971585193
0.371103415142
0.370055715116
0.36904555713
0.368540968705
0.368180758518
0.367173145845
0.366741717986
0.366166880691
0.36559249257
0.365126131394
0.364695910136
0.364122700432
0.363514150515
0.362191709965
0.361620483667
0.361156669566
0.360693149629
0.360194310615
0.35973141952
0.359233246339
0.359019848732
0.358664324035
0.357989330007
0.35710215378
0.35667668847
0.356216053807
0.356215174838
0.355330205723
0.354941155118
0.354305033035
0.353704767274
0.353422447179
0.352294574206
0.351625625516
0.351097946084
0.351096566859
0.350463900765
0.349270480266
0.349130193903
0.348954875583
0.348324117152
0.347903918613
0.347274091996
0.34654009075
0.346225722614
0.345667215834
0.345318367078
0.344551583261
0.344272941099
0.343890002767
0.34305524589
0.342568761772
0.342186762299
0.341839675005
0.341354075141
0.340142138152
0.33979609012
0.339415642496
0.33872451876
0.33868997825
0.338103108408
0.337585664832
0.33668987858
0.336311173041
0.336104696218
0.335829494191
0.333976407907
0.333119745488
0.332914251561
0.3326403583
0.331887851134
0.33144353994
0.330897097415
0.330180666753
0.329771570709
0.329464914254
0.329090304115
0.327594600871
0.327255003313
0.326949512946
0.326610257112
0.325729210773
0.325221342506
0.324950633968
0.324544793107
0.3234303002
0.3229242251
0.322418562183
0.321845977798
0.321643992704
0.320971233971
0.320668692291
0.32036629329
0.319996893556
0.319325861056
0.318957058457
0.318588481326
0.318287075789
0.318019270141
0.317785032676
0.317149719104
0.316848988208
0.316314745568
0.316047781899
0.315714240248
0.315480853569
0.314881167329
0.31454822986
0.314215475583
0.313949389122
0.313550481375
0.313251467904
0.31268708841
0.31179178832
0.311460494295
0.311195579206
0.311162472527
0.31099696555
0.310566864071
0.310203182043
0.309872726474
0.309740592158
0.309476411599
0.308684574507
0.308519728079
0.308289017061
0.307992517196
0.307794928711
0.307498670166
0.307498522204
0.307037972091
0.306774943529
0.306577746088
0.306314916571
0.305953734057
0.305822438197
0.305658358005
0.304216694655
0.304020321579
0.303725882625
0.303268166705
0.303137450366
0.302680188903
0.302353770605
0.302125377671
0.301799251776
0.300692155248
0.300431871043
0.300204210878
0.29991163555
0.299326988674
0.299132200913
0.299034830813
0.298807697324
0.298191631248
0.2980620123
0.297900031771
0.297705709036
0.297479082849
0.296929157913
0.29683214715
0.296444264395
0.296250417255
0.296250101953
0.296185500332
0.295927167827
0.29573349331
0.295507615744
0.295314075099
0.295088368395
0.294862739195
0.294250932335
0.293929088553
0.293446671651
0.293093163827
0.292932537862
0.292804067388
0.292258413997
0.292033869858
0.292033808206
0.291456961084
0.291232723439
0.291040590202
0.290752510125
0.290496566163
0.29040061404
0.290240727889
0.289665570008
0.28953781821
0.289378168095
0.289314320379
0.289027112227
0.288580641481
0.288325652231
0.288038923196
0.287943377971
0.287816006648
0.287688663509
0.287625002508
0.287561348553
0.287434063542
0.287433721819
0.287211043068
0.286765986776
0.286067396202
0.285654914628
0.285401220053
0.285274412399
0.285052570342
0.284830811074
0.284704130245
0.284514163606
0.284513760231
0.284387149861
0.284260567673
0.284070748997
0.283944237268
0.283754526041
0.283659692446
0.283501671684
0.282870110026
0.282113514506
0.28192441803
0.281703879455
0.281640884287
0.281451941058
0.281200117155
0.281074246598
0.280288495358
0.279817459262
0.27975467547
0.279629130783
0.279472237356
0.279472200366
0.279378085447
0.279221262479
0.279033134806
0.278751064839
0.278469142834
0.278218661166
0.278030869933
0.277936998096
0.277655477704
0.27756166928
0.277280358503
0.277030408796
0.276936706059
0.276655696492
0.276530847583
0.276406026858
0.276125309693
0.276031760204
0.275969402685
0.275969365694
0.275346296045
0.275190610981
0.275128348581
0.274661742563
0.274537344588
0.274444066364
0.274350802232
0.274350765241
0.274102143677
0.274102096117
0.27410202742
0.274008821416
0.273698259799
0.273387900751
0.273387830292
0.273015605173
0.272860578896
0.272550721864
0.272488758912
0.272302912334
0.272024277217
0.271931425267
0.27183858917
0.271652966296
0.271529251769
0.271281914311
0.271220095799
0.270972897496
0.270880225215
0.270478865513
0.270232017741
0.270046944444
0.269800283387
0.269553738586
0.269307306519
0.268507431876
0.268507394885
0.268353654476
0.268169224112
0.267954137263
0.267739140248
0.267524227783
0.267094751623
0.266512496812
0.266420590767
0.266083774558
0.265930731687
0.265777732853
0.265685955395
0.265319034038
0.265043988781
0.264921790872
0.264769080918
0.264646946422
0.264494317495
0.264494234706
0.264402677431
0.264280625724
0.264036610382
0.264036566346
0.264006071915
0.263823149363
0.263822969693
0.262970400912
0.26281825991
0.262605334375
0.262392495151
0.262301302498
0.262149349972
0.262027819658
0.261754491827
0.26157234608
0.261087010434
0.260874785961
0.260844474722
0.260602055265
0.260571759879
0.260450595949
0.260208357923
0.260117545746
0.259996492788
0.259845209618
0.259573016168
0.259300963635
0.259210309989
0.259059257571
0.2589686462
0.258395329048
0.25755189697
0.257431437625
0.257401327192
0.257311006463
0.257250801451
0.257100319746
0.256769430857
0.256619090069
0.256558966084
0.256378636404
0.255958170123
0.255808068894
0.255718028237
0.255567997467
0.255328040534
0.255238084428
0.255088194574
0.254998280742
0.254938346995
0.254818500639
0.254758588029
0.254698682466
0.254159904061
0.253771128244
0.253771110629
0.253621650573
0.253502114233
0.253472234552
0.253352733442
0.253173536383
0.253113817534
0.252994402736
0.252755664735
0.25263633801
0.252427580094
0.252099747341
0.251950782255
0.251831642245
0.251801861206
0.251682754663
0.251414887364
0.251414718264
0.251325454412
0.251206462364
0.251117235503
0.250641665404
0.250404042409
0.250225896942
0.250196211022
0.250107163829
0.249988464185
0.249929122289
0.249840122656
0.249780798375
0.24972148114
0.249602873091
0.249484293226
0.249276847599
0.249187964223
0.249039860491
0.24895101939
0.248891800797
0.248862194142
0.248773386509
0.248595820563
0.247326526846
0.247001998597
0.246736629051
0.246618727349
0.246589256327
0.246324096395
0.246265191342
0.246147402373
0.246088518457
0.245970773525
0.245705957078
0.245588301981
0.245441274503
0.245264901067
0.245117968708
0.244941715052
0.244882975576
0.244824243146
0.244706804708
0.244560039688
0.24426665585
0.244266157356
0.244266095705
0.244207437256
0.244060823722
0.243943568476
0.24388494878
0.243884867753
0.243826255102
0.243738349337
0.243738210182
0.243562449735
0.243474591529
0.243181882331
0.243181864716
0.243064815562
0.243064667599
0.242947646628
0.242596807419
0.242596754575
0.24259669997
0.242596601328
0.242187600403
0.24192483606
0.241778907735
0.24177874568
0.241662034726
0.241661904378
0.241661860341
0.241399369025
0.241253600992
0.241137022148
0.241049602547
0.240816566399
0.240700089719
0.240699954086
0.240699920619
0.240641691967
0.2405543622
0.240437947172
0.240321565611
0.239972671057
0.239449703536
0.23939162637
0.239246466042
0.239043318383
0.238898263742
0.238811251039
0.238782250327
0.23852137251
0.238318534868
0.238202664131
0.238028913512
0.236987859482
0.236958969743
0.236756790887
0.236583563423
0.236554698344
0.236439255642
0.236323841124
0.236208456551
0.236093100161
0.236092997997
0.235891206663
0.235401462078
0.235315090547
0.235171175573
0.234969762953
0.234912231841
0.234825950144
0.234739682539
0.234739656117
0.234595913766
0.234538428451
0.234480950182
0.234337288859
0.234308561174
0.233964003339
0.233734421418
0.233562305436
0.233447595503
0.233390251105
0.233103645373
0.233017694831
0.232989048173
0.232903118769
0.232616808962
0.232502331542
0.232159147647
0.232044788245
0.231959033226
0.231930451742
0.231816143422
0.231758999831
0.231673299417
0.231587613094
0.231530497687
0.231473389325
0.2313591955
0.231359162032
0.231216462467
0.230788693164
0.230703170657
0.230532180249
0.230446705302
0.230332763367
0.230190379103
0.230133436318
0.23007650058
0.229507800219
0.229394090796
0.229337246654
0.229308827225
0.229280409557
0.229138352925
0.22913821377
0.228854248469
0.228400307362
0.228343586522
0.228031811258
0.227946801337
0.227833479436
0.227691866693
0.227522000098
0.227323895504
0.227097626894
0.22675844328
0.226617165214
0.226419455188
0.22627828281
0.225996119485
0.225939698093
0.225742289277
0.225544961489
0.225488596464
0.225178723579
0.225150563085
0.224981642395
0.224953494231
0.224840920951
0.224587767145
0.224447169004
0.224194201912
0.223576709052
0.223296224401
0.223099965819
0.222987857566
0.222791739901
0.222735720123
0.222595706787
0.222511716753
0.222343789527
0.222287826116
0.222287632355
0.22211980201
0.222091833515
0.22203590181
0.221812264824
0.221644607102
0.221309515365
0.221253682301
0.221225768412
0.221030431075
0.220946736966
0.22086305871
0.220723633703
0.220612124346
0.220528509503
0.220527545984
0.219887360208
0.21985953263
0.219803882758
0.219748239933
0.219664788906
0.21955354553
0.219470131494
0.2193589392
0.219108873237
0.219053318485
0.218914464191
0.218858934099
0.218858909439
0.218803386393
0.218636861291
0.218553623401
0.218442661859
0.218165418297
0.21813769993
0.218109983325
0.218026844076
0.217971426718
0.217888313891
0.217749829505
0.217666758953
0.217639072292
0.217556022879
0.217389982179
0.217334645848
0.217279316563
0.217223994324
0.217196335846
0.217058071642
0.2169751332
0.216892210612
0.216698798553
0.216698743948
0.216615874203
0.216615809029
0.216505340697
0.216284490343
0.216229294929
0.216201699865
0.216146515019
0.216036168228
0.215925849619
0.215843127838
0.215705296953
0.215650175521
0.215595061134
0.215484855259
0.21542976201
0.215347137108
0.215236994646
0.215181933103
0.215126878606
0.215016792511
0.214934245114
0.21485171357
0.214714197987
0.21465920338
0.214274501825
0.214164637674
0.213972451593
0.213917552104
0.213780339493
0.213670598645
0.213423807239
0.213423664561
0.213396249165
0.213368835531
0.213040072727
0.212930520355
0.212903136665
0.210885110595
0.210694391812
0.210476553559
0.210422105005
0.210313230795
0.210313112777
0.210231476056
0.210149855188
0.209986661011
0.209905085941
0.209850711369
0.209741983361
0.209714805762
0.209633285298
0.209524615418
0.209361666084
0.209117365387
0.209008829378
0.208954571062
0.208737624108
0.208520811026
0.208466616123
0.208087464934
0.207979200191
0.207870963631
0.207789800743
0.207519400461
0.207357233217
0.207276172494
0.206790370062
0.20657454516
0.206466671461
0.206466657369
0.206439692908
0.206358810092
0.206250996283
0.205981621173
0.205954688417
0.205766219021
0.205712383456
0.205577830653
0.205308909999
0.205282021281
0.205201365694
0.205174484021
0.205093849572
0.205093796728
0.205013178132
0.205013053068
0.205012998463
0.204771264215
0.204663862588
0.204637016145
0.204475974475
0.204261370266
0.204261319184
0.204100443091
0.203939612796
0.20388601679
0.203832427829
0.203752057599
0.203671703222
0.203618142445
0.203484276612
0.203430740495
0.203377211424
0.202842498474
0.20284248086
0.202789029293
0.202708865154
0.202708826402
0.20265539245
0.2023883548
0.202148170639
0.201801460297
0.201428426667
0.20140179336
0.201348532031
0.201295277749
0.201242030512
0.201162172867
0.201082332837
0.200922696814
0.200842902582
0.20055049107
0.20044420621
0.200444158651
0.200364459538
0.200231664674
0.200072370374
0.200072345713
0.199435881907
0.198615783918
0.198589337326
0.198510009882
0.197691694492
0.197638926373
0.197533416556
0.197454298726
0.197401562313
0.197296112386
0.19724339711
0.197190688881
0.197137987697
0.197058949132
0.196979926421
0.196874587466
0.196821928557
0.196742953405
0.196269537574
0.196190673394
0.196138106081
0.195954186542
0.195875385774
0.195875297701
0.195796512787
0.195770254672
0.195717743726
0.195638990518
0.195586497187
0.195534010902
0.195481531662
0.195376596082
0.195140605962
0.195140445669
0.194983192904
0.194904587659
0.194825998267
0.194799805326
0.194721238833
0.194616507583
0.194511802754
0.194459460909
0.194407126109
0.194171726079
0.194093286411
0.194041000933
0.193962585926
0.193805821085
0.193753574359
0.193701334678
0.193466371491
0.193466329216
0.19325758363
0.193179327154
0.193075009847
0.193022861763
0.192918588492
0.192918572639
0.192449703142
0.191773479613
0.191747492763
0.191669542782
0.191591608654
0.191539661376
0.191487721144
0.191435787958
0.191176238283
0.191124347371
0.191098404558
0.191072463506
0.190994650919
0.190839083873
0.19078723876
0.190579939334
0.19052812945
0.190398646135
0.190346860911
0.190113942781
0.189055233617
0.189003631585
0.1889520366
0.18890044866
0.18874574473
0.188256338347
0.188230591055
0.1879989676
0.187870347401
0.187870088466
0.187844367597
0.187433140184
0.187381760097
0.187304703177
0.187176315491
0.187150642181
0.187099300846
0.186996641075
0.186945320878
0.186842706904
0.186765760957
0.186663192782
0.186586283825
0.186509390721
0.186483763209
0.186227648385
0.186022851997
0.18581816482
0.185741430248
0.185741188927
0.185740873625
0.185587462609
0.185536336172
0.185485216782
0.185434104437
0.185408550906
0.185408505108
0.185357403332
0.18522968324
0.185050961775
0.184974385735
0.184846799514
0.184668263002
0.184667077538
0.184463131937
0.184412160509
0.184030236779
0.184004780129
0.184004739615
0.18390293063
0.183826594149
0.183699404257
0.183623108288
0.183572253117
0.183521404991
0.183470563911
0.183394315503
0.183394204531
0.183394130549
0.183241688337
0.183114701013
0.183013140394
0.182962369773
0.182936987105
0.182860849668
0.182860243725
0.182860176789
0.182784055206
0.182733316291
0.182707949476
0.18260650159
0.182555787336
0.182454381726
0.182403688609
0.182302323512
0.182099697246
0.182023734194
0.181694823427
0.181618946686
0.181568369826
0.181517800011
0.181441960262
0.181315598257
0.181290330083
0.1811640174
0.181163985693
0.181138728089
0.181113472245
0.181037715285
0.180987219451
0.180987208883
0.180987178938
0.18093669015
0.180886208409
0.180835733713
0.180785266063
0.180785244926
0.180734784322
0.1807347579
0.18073471034
0.180684256782
0.180608589656
0.180608538573
0.18055810263
0.180079502816
0.180079441165
0.18007941122
0.180054229358
0.180054197652
0.179953487819
0.179953461397
0.179852781509
0.179701818925
0.179701803072
0.179701792503
0.179701750228
0.179701718522
0.179575960699
0.179575923708
0.179425075619
0.179374805253
0.1791738101
0.179123574963
0.179073346872
0.179023125827
0.17894780747
0.17889760404
0.178847407655
0.178747037785
0.178671777556
0.178596533181
0.178546379071
0.178521304658
0.178446091989
0.178145426267
0.17809533557
0.178045251918
0.177895060855
0.177845005387
0.177794956965
0.177769935396
0.177744915589
0.177669868497
0.177544827589
0.177444822342
0.177269891543
0.177244906965
0.177219924148
0.177194943093
0.177070067763
0.177020128551
0.17689531311
0.176620933686
0.176571057887
0.176446404501
0.176421478051
0.176346711032
0.176271959866
0.176222133388
0.176147406883
0.17607269623
0.175923333054
0.175923243219
0.175873466063
0.1757988153
0.175674429656
0.175574952846
0.175500363735
0.175450646468
0.17537608554
0.175326385887
0.175301538703
0.17525184962
0.175177330967
0.175177292215
0.175127620746
0.175028298945
0.174953827852
0.174904188089
0.174902919836
0.174828473403
0.174778851255
0.174729236153
0.174704431244
0.174679628097
0.174630027086
0.174555638781
0.174481268091
0.174431695264
0.174406911492
0.174406832227
0.17430772004
0.174183868119
0.174134337567
0.174134314668
0.174060032051
0.17393626468
0.173936176607
0.173911428064
0.173787715299
0.173787340107
0.173367160944
0.173342452916
0.173317746649
0.173243638416
0.173243613756
0.17255327387
0.17252862397
0.172454684838
0.172430041984
0.172331489942
0.172306855895
0.172183713843
0.172134468648
0.172085230499
0.172060614066
0.171986775337
0.171962165951
0.171888350121
0.171814548383
0.171765356032
0.171716170726
0.171494934613
0.171421217425
0.171347516091
0.171101996461
0.171028363823
0.171028127787
0.171028097843
0.170979018225
0.170905412009
0.170880880127
0.170758257706
0.17068469905
0.170635668753
0.170562136519
0.170219262642
0.170096872734
0.169876700544
0.169778884793
0.169754433938
0.169558906364
0.16955879363
0.169534358628
0.169412211802
0.169338943787
0.169290107251
0.169216865658
0.169192455317
0.169119234862
0.169094831566
0.16899723776
0.168899672137
0.168753377427
0.168607142608
0.168582776303
0.168534048977
0.168509687957
0.168363569394
0.168241848841
0.168168836238
0.168047184383
0.167998534562
0.167974212294
0.167925573042
0.167876940835
0.167755394668
0.167706787122
0.167658186622
0.16748816678
0.167391037999
0.167342483297
0.167293935641
0.167293662615
0.16709956887
0.167099547733
0.166954038635
0.166881304343
0.166300074703
0.165937412561
0.165937065553
0.165888722226
0.165816222209
0.16559882256
0.165550528554
0.165309176544
0.165212680129
0.165140326312
0.165092099242
0.165043879218
0.16499566624
0.164971562393
0.164947460307
0.16489926142
0.164875164619
0.16485106958
0.16475471232
0.164393741181
0.164369681371
0.164321567034
0.164297512508
0.164153232911
0.163984981577
0.163816816554
0.163792799019
0.163768783245
0.163744769233
0.163720756982
0.163672737764
0.163624725592
0.1633368428
0.163288879949
0.163073171304
0.162977335437
0.162953379552
0.162857575392
0.162857534878
0.162785698932
0.162618150421
0.162498526009
0.162402855719
0.162259411055
0.16218770898
0.162139915229
0.162092128525
0.162020461679
0.161924930545
0.161877175547
0.161829427594
0.161757820638
0.161686227774
0.161590797043
0.161400028939
0.161233214958
0.16120938766
0.161185562124
0.161137916336
0.161090277595
0.161042645899
0.160995021249
0.160923599246
0.160685673279
0.160638101473
0.160614318212
0.160590536713
0.160542978998
0.160519202783
0.160471655637
0.160471625693
0.160424085593
0.160400318185
0.160376552539
0.160376462704
0.160210159547
0.160162658199
0.159996469537
0.159925269478
0.159925174359
0.159925073956
0.159877614883
0.159877577893
0.1595930683
0.159593013695
0.159498202999
0.159427112151
0.159403418725
0.159261302203
0.159237621107
0.159119252617
0.159024582838
0.15902423583
0.158858630212
0.158764037937
0.158763733204
0.158669169112
0.158574631443
0.158527373177
0.158503746686
0.158480121957
0.158409258338
0.158362024732
0.158243976828
0.158055193892
0.157960841176
0.157913674506
0.157866514882
0.157795790419
0.157795774565
0.157748632556
0.157701497592
0.157489500347
0.157442404136
0.15737177303
0.157324694433
0.157254089749
0.157230558377
0.157089414182
0.157042377861
0.156760323746
0.156642880024
0.156642857125
0.156595887739
0.156548925398
0.156455021855
0.156384612693
0.156337682059
0.156267299319
0.1562203863
0.156032831103
0.156009391327
0.1559156516
0.155892220631
0.155845363978
0.155845316419
0.155798466812
0.15579834351
0.155751500949
0.155540819516
0.155447218945
0.155423823205
0.155423782692
0.155400388714
0.155166558147
0.155143183545
0.155119810705
0.155026342243
0.154956255428
0.154862836287
0.154746095388
0.154606066199
0.15441946043
0.154349512771
0.154302888632
0.154209663251
0.153953497345
0.153883653612
0.153767293189
0.153744024275
0.153674228102
0.153488201854
0.153464954077
0.153418463809
0.153395221317
0.153325506171
0.153209357123
0.153209335986
0.153139661353
0.153070002574
0.152977154147
0.152884333903
0.152837931708
0.152814733252
0.152768341626
0.152698767397
0.15267557951
0.152652393385
0.15265237577
0.152629191406
0.152582827963
0.152559648883
0.15246695018
0.152443779908
0.151957852412
0.15184221595
0.151819093237
0.151819063292
0.151703479674
0.151611046952
0.151541736942
0.151495539076
0.151403166244
0.151333905555
0.151287739395
0.151149283192
0.151103145216
0.15108007887
0.151033951463
0.151010890401
0.15091866377
0.150665249268
0.150596155918
0.150527078421
0.150504056112
0.150411989774
0.150388976272
0.150273936945
0.150112971018
0.150089980415
0.150044004493
0.149998035618
0.149929097276
0.149929086708
0.149906110196
0.149768295165
0.149722368565
0.149699407906
0.14967644901
0.149630536501
0.149630485418
0.14963047485
0.149515734972
0.149080354391
0.148965818843
0.148897118299
0.148874221053
0.148805539886
0.148668235678
0.148645356048
0.148439541535
0.148416679518
0.148325250829
0.148028321168
0.147800113187
0.147708874736
0.147686069087
0.147435332007
0.147412547495
0.147298651357
0.147253105232
0.147162035882
0.147093751043
0.147048236624
0.146957234209
0.146934486688
0.146911740928
0.146866254693
0.146798038551
0.14677530336
0.146707108356
0.146661653827
0.146638929205
0.146593485245
0.146548048331
0.146525332516
0.146479906171
0.14645719564
0.146434486871
0.146411779864
0.146298276532
0.146162129605
0.14609407728
0.14598069725
0.145935355455
0.1459126872
0.145867355973
0.145731411615
0.145550250525
0.145482340878
0.145346586757
0.145346503969
0.145256026469
0.145233411058
0.145210797407
0.145210459207
0.145142628825
0.145142602403
0.145097390956
0.145052186555
0.1450069892
0.143633304195
0.14356584372
0.143273749272
0.143251288869
0.143206373347
0.143161464872
0.143094117131
0.14307167082
0.143004342455
0.142757619747
0.14271278173
0.142623126833
0.142578309954
0.142511099607
0.142488699094
0.14239911994
0.142197672091
0.142018719875
0.141951641638
0.141884579254
0.141839878631
0.141795185053
0.141772840907
0.141728157899
0.141683481936
0.141661146597
0.141616481203
0.141594151148
0.141482532581
0.141482449792
0.141437812582
0.141370871739
0.141214751594
0.141170156659
0.141080989687
0.141036415889
0.140925015743
0.140813661395
0.140746868515
0.140702347561
0.140391014424
0.14036878125
0.140035597176
0.139991188955
0.139968987487
0.139924589836
0.139902393652
0.139702728403
0.139702455377
0.139702379634
0.139702353212
0.139701970975
0.139701904039
0.139657548663
0.139635373617
0.139524535377
0.139480208184
0.139302985723
0.13925869376
0.139192270786
0.139170132731
0.139081599886
0.139059470638
0.13872782432
0.138639432392
0.138551066885
0.138352356349
0.138219973667
0.138197913116
0.138021511496
0.138021442799
0.137955315752
0.137911238686
0.137867168667
0.137823105693
0.137735006167
0.137492886159
0.137448883075
0.137404887037
0.137163098184
0.137119147944
0.136899530614
0.136767834902
0.136723948075
0.136680068293
0.136592331629
0.136526548066
0.13630744156
0.136285534256
0.136263628714
0.136197922656
0.136088458357
0.136000915453
0.135672883656
0.135651027434
0.135563620163
0.135367076225
0.135323414865
0.135236115043
0.135236014639
0.135214193647
0.135126932578
0.135126877972
0.135126805752
0.135126795184
0.134952362879
0.134930564786
0.134886973884
0.134734478828
0.13462559405
0.134516758592
0.13440796541
0.134299218026
0.134233987563
0.134125315922
0.134081855368
0.13403840186
0.133951521266
0.133908088896
0.133886375353
0.133777839344
0.133495880349
0.133322492591
0.133279162386
0.133235839226
0.133149215806
0.133105913783
0.132997691315
0.132932777915
0.132911143638
0.132781385534
0.132738143402
0.132694908315
0.132673293414
0.132630068896
0.132629883943
0.132608274326
0.132586666471
0.132521855235
0.132500254426
0.132392278562
0.132392238048
0.132349059329
0.132327472611
0.132305887655
0.132241145116
0.132176418431
0.132154845805
0.1320685782
0.132025452324
0.132025436471
0.131853019279
0.131637673494
0.131551571467
0.131508530141
0.131400957652
0.131293434484
0.13120744519
0.131164460231
0.131035554675
0.131014075407
0.130928181232
0.13090671077
0.130820851825
0.130777930278
0.130713562931
0.130692110085
0.12992144929
0.129793154961
0.129750402515
0.129600842055
0.129558121315
0.129451355576
0.129408659497
0.129344628589
0.129301950125
0.129259278706
0.129216614333
0.12921659848
0.129152615131
0.129067333945
0.129046016731
0.128960767251
0.128939458845
0.128939416569
0.128875501918
0.128811604881
0.12876901449
0.128769003921
0.128683846037
0.12861999656
0.128598716337
0.128386049736
0.128343529803
0.128322272479
0.128237262558
0.128131048156
0.128046105171
0.128046082272
0.128024849608
0.128003618705
0.127961162185
0.127939936567
0.127918712711
0.127897490616
0.127897469478
0.127876249144
0.127833813762
0.127770173898
0.127748964134
0.127536975696
0.12749459668
0.12745222471
0.127367503668
0.127303981823
0.12724047407
0.127071213417
0.126796495793
0.126711991411
0.126669749789
0.126627515213
0.126606400567
0.126543067198
0.126479751444
0.126458649128
0.126037242226
0.125910883744
0.125826680573
0.125805632863
0.1257425003
0.12561630035
0.125553215348
0.125532190536
0.125448110667
0.12523805103
0.125196056013
0.125175061147
0.125154068042
0.125112087116
0.125049128939
0.125049120131
0.125028137595
0.12500715682
0.124881326777
0.12481842849
0.124713635588
0.124692681235
0.124671728644
0.124629828745
0.124546055371
0.124525115109
0.12450417661
0.124441373441
0.124420441987
0.124378584364
0.124336733787
0.124273972893
0.12423213993
0.124211226091
0.124148496904
0.124148458151
0.124085744817
0.124023047336
0.123981256649
0.123960363947
0.123897696411
0.123876810755
0.123855926861
0.123814164356
0.123793285746
0.123751533811
0.123751517958
0.123730644632
0.123688903265
0.123688876843
0.12368886099
0.123584543683
0.123521971266
0.123480265129
0.123480245752
0.123396856376
0.123355171377
0.123292657088
0.123230158652
0.122834802012
0.122626945965
0.122585391313
0.122564616629
0.122502303147
0.122108110834
0.122087376664
0.122025186484
0.121983733997
0.121963010396
0.121900850161
0.121838705779
0.121817994508
0.118066113759
0.117984582726
0.117862340781
0.11782160697
0.117740165771
0.117719808554
0.117699453099
0.117638399062
0.117455363776
0.11739437139
0.117374044118
0.117231828955
0.117170896459
0.117150588562
0.117089675442
0.117069374592
0.117049075503
0.11700848261
0.11686648939
0.116846207916
0.11668403891
0.116643509429
0.116602986994
0.116542218314
0.116501713494
0.116481463726
0.116481333378
0.116420596404
0.116359875283
0.116238484125
0.116238447134
0.116157551988
0.116117114103
0.115955470013
0.115915067358
0.115894868672
0.11565271872
0.115652657068
0.115592136754
0.115571966252
0.115571934546
0.115571797152
0.115551628411
0.115551348339
0.115531181359
0.115450536341
0.115450435938
0.115228801734
0.115188525904
0.115148257119
0.114806330909
0.11476612906
0.114725934257
0.114665657025
0.114464857394
0.114344454416
0.114304333594
0.114284275826
0.114244165573
0.114184015166
0.114143922528
0.114083798543
0.113863511857
0.113803460092
0.113723417494
0.11366340272
0.113643401318
0.113603403799
0.113563413325
0.113503442587
0.113443487703
0.113423505677
0.113343600473
0.113263723452
0.113263702315
0.11310403987
0.113064137469
0.113024242115
0.112984353806
0.112804950655
0.112785024996
0.112765101099
0.112745178963
0.112168775729
0.112109174898
0.112109150238
0.112009847813
0.111989992613
0.111890753601
0.111751904592
0.11171224175
0.111672585954
0.11157348786
0.111514043799
0.111474423233
0.111434809712
0.111395203237
0.111375402642
0.111256646631
0.111256604356
0.111256588502
0.111157670077
0.111078564576
0.111019252626
0.111019242057
0.110920425796
0.110861157882
0.11080190582
0.110742669612
0.110742629099
0.110683408744
0.110663671561
0.110565022639
0.110565006786
0.110545280172
0.110466393093
0.110446675287
0.11036782696
0.110367712465
0.110367678997
0.110366106012
0.110366051406
0.110366040838
0.110365987994
0.110346278995
0.110306866281
0.110247762182
0.109854174051
0.10983451085
0.109716568634
0.109696917763
0.109422004615
0.109382757479
0.109284675748
0.10918663453
0.109108233615
0.108951528664
0.108892787427
0.10865807789
0.108638522138
0.108599415919
0.108482150104
0.108462610206
0.108462582022
0.108423507509
0.108384440042
0.108325853813
0.108306328006
0.10828680396
0.108111187953
0.108072176853
0.107994181074
0.107955191111
0.107935698771
0.107838274065
0.107799312286
0.107760357552
0.107740882827
0.10764354091
0.107624076754
0.107585153727
0.107565694855
0.107526782397
0.107487876984
0.107448978617
0.107429532076
0.107332331076
0.107254597754
0.107215741662
0.107196316259
0.107157470736
0.107079802588
0.107060389515
0.106924573743
0.106905174761
0.106905130725
0.106866338046
0.106846944348
0.106788775586
0.106691861704
0.106633735217
0.106594991859
0.106556255547
0.106556232648
0.10647878116
0.106459422692
0.106459357518
0.106440000811
0.106343254268
0.106246546478
0.106246535909
0.106227198578
0.106053270052
0.106053220731
0.10601458306
0.105975952435
0.105898717608
0.105744348356
0.105705767052
0.105705742392
0.105647885409
0.105570766838
0.105570754507
0.105569526768
0.10556938409
0.105530834492
0.105473023307
0.105453756435
0.105415227975
0.105376706561
0.10528044442
0.105222701932
0.105088048725
0.1049534695
0.10478058552
0.104742180363
0.104684587599
0.104665392946
0.104646200056
0.104607819559
0.104569446107
0.104531079702
0.104511899141
0.104473543305
0.104454368029
0.104416022761
0.104301039801
0.104300932352
0.10430032817
0.104298859111
0.104297994233
0.104259677149
0.10422136711
0.104144773455
0.104068202698
0.104068165708
0.104029890898
0.103972493657
0.103934236462
0.103915110507
0.1038386243
0.103781279903
0.103781269334
0.103685729392
0.103628425508
0.103609327737
0.103513870584
0.103456616021
0.103418453945
0.103399375549
0.103361224042
0.103323079581
0.10324681708
0.103227754538
0.103170577479
0.103037231277
0.102999146706
0.10296106918
0.1029229987
0.102884935266
0.102751795155
0.102732778411
0.102713763428
0.102713747575
0.102618700843
0.102618695558
0.102561689361
0.102542690231
0.102504697256
0.102428734204
0.102352799335
0.102314841589
0.102276890889
0.102163091631
0.10216302998
0.102068247468
0.10199244647
0.10195455566
0.101916671895
0.101878795176
0.101840925503
0.101765207294
0.101765177349
0.101727328814
0.101727295346
0.10170837372
0.101689453856
0.101688049971
0.101574585391
0.101574518456
0.101480003685
0.101479695429
0.101441899738
0.101328556699
0.101215275312
0.101158658398
0.100932351035
0.100838133952
0.100762794457
0.100725132637
0.100687477862
0.100668653117
0.100593371751
0.100536929222
0.100499309676
0.100480502545
0.100461697176
0.100461610865
0.100330049024
0.100273680476
0.100254894483
0.100198547073
0.10016099094
0.100142215516
0.100123441853
0.100085899812
0.100067131433
0.100066854884
0.100066687545
0.100047920928
0.100010392979
0.0999353599787
0.0998978531667
0.099879102403
0.0997666365725
0.099654242962
0.0995606230143
0.0993361176272
0.0992800309133
0.0991492458773
0.099130565572
0.0990745369864
0.099037192229
0.0989625291361
0.0985524748571
0.0985152287416
0.098496608326
0.0984593727792
0.0979579109489
0.0979393433772
0.0979207775669
0.0979022135181
0.0978465319405
0.0978279749376
0.0977537663019
0.0976610535071
0.097605442388
0.0976054265349
0.0975683600885
0.0974016588408
0.0974016429876
0.0973275964064
0.0972535815316
0.097198086669
0.0971610977269
0.0970686667661
0.0970132247473
0.0969023953151
0.0968654627398
0.0968469990944
0.0968466573707
0.0968281954867
0.0968097353642
0.0967728204035
0.0966436911419
0.0964962197756
0.0964409415729
0.0964040970707
0.0964040776946
0.0962200101923
0.0961464180684
0.096146412784
0.0961280178355
0.0961096246486
0.095907479261
0.0955955366581
0.0955588542104
0.0955588119353
0.0955587784676
0.0955585036795
0.0954485162262
0.0954484193457
0.095448408777
0.0954482731444
0.0954482361537
0.0954115818894
0.095301666656
0.0951369065395
0.0950271445534
0.0948078583784
0.0947530663392
0.094716545946
0.0946982883916
0.0946435262972
0.0946070270416
0.0942970889825
0.0942242313882
0.0941696066879
0.0941514019773
0.0941331990283
0.0941149978407
0.0941149185749
0.0940421367235
0.0940057537243
0.0939693777711
0.0939511924366
0.0938239620311
0.093787621307
0.0937512876289
0.0937149609965
0.0936241805256
0.093606028659
0.0935515836278
0.0935152957476
0.0934790149133
0.0933883489374
0.0933339690803
0.093315845397
0.0932977234752
0.0932796033149
0.0932433682786
0.0932071402881
0.0931890289351
0.0931347054447
0.0931166011375
0.0931165923302
0.0927551455972
0.0927190127257
0.0926828869
0.0926287131339
0.092520427253
0.0924843401795
0.0923400693898
0.0923040175456
0.0922139222835
0.0921778950997
0.0920518589654
0.0920158634879
0.0919798750563
0.0918899400873
0.0918539763161
0.0916563437944
0.0916204258213
0.0916024694769
0.0915127194613
0.0911544081308
0.0911364975844
0.0911185887995
0.0911006817761
0.0910290730584
0.0909932783876
0.090903833105
0.0909037943528
0.0906357808525
0.0906000636861
0.0905286522522
0.0904929562233
0.090403748738
0.0903680773696
0.0902967610546
0.0902967240639
0.0902967011649
0.0902432284607
0.0901897733712
0.0900295261206
0.0900117265463
0.0898338488218
0.0898160686236
0.089744967207
0.0897094261868
0.089708881895
0.0897088713262
0.0896555747683
0.0895845402872
0.0895845209111
0.0894780211527
0.0894777763095
0.0894600313406
0.0894245466871
0.0893713346793
0.0893181367633
0.0892826802932
0.089247230869
0.0891940699436
0.0891409248714
0.0891232133702
0.0891055036305
0.0889992927519
0.0889815953425
0.088946205808
0.0889285136829
0.0889285083985
0.0886987151023
0.0886810476377
0.0885044874868
0.0884868393982
0.0884162664203
0.0882752173448
0.0881871195806
0.0881695031984
0.0877651824785
0.0877476083714
0.0877473388677
0.0877121959379
0.0876419365002
0.0876408813844
0.0876057595921
0.0875882013382
0.0875530901147
0.0875355371451
0.0875004364904
0.0874302580799
0.0873951785627
0.0873776414463
0.0873776115015
0.0873600761465
0.0873074806505
0.0872724257938
0.0872373779829
0.0872198567197
0.0871673034987
0.0871672982143
0.0871497839969
0.087132271541
0.0870622446163
0.0870447409676
0.0870272390805
0.0870097389548
0.0869747439878
0.0869397560666
0.0869222647482
0.0868872873958
0.0868698013618
0.0868348345782
0.0865379577604
0.0864681703945
0.0864158461636
0.0863635360244
0.0863286714056
0.0862415459685
0.0862067060102
0.0861892886732
0.0861544592836
0.0861196369399
0.0860674183968
0.0860326136676
0.0860326048603
0.0859804127391
0.0858934687326
0.085876083102
0.0858065599554
0.0858065511481
0.0857717992628
0.0857023219143
0.0857023219143
0.0856849556597
0.0855287879552
0.0855114393153
0.0854247278218
0.0854247119686
0.0854246186111
0.0853206166059
0.0853206077986
0.0853205514318
0.0852858981885
0.0852166146007
0.0851819824949
0.0851473574349
0.085147331013
0.0851473151599
0.0851472499858
0.0850953273682
0.0850607199229
0.0850434188424
0.0849569398619
0.0845425294872
0.0844563164875
0.0844218393904
0.0843529063336
0.0841979170472
0.0840774700321
0.0840430704393
0.0840086778923
0.0840086479474
0.0840086391401
0.0839914455088
0.0839398751837
0.0838539598711
0.083836782093
0.0838024318211
0.0838024194908
0.0837680762648
0.0837337400846
0.0837165746367
0.0835964763911
0.0834422145885
0.0834250790855
0.0833908133638
0.0833907182448
0.0833735880262
0.0832195323147
0.0831853088681
0.0831852930149
0.0831847733836
0.0831505569828
0.0829113768552
0.0828430638331
0.0827747807558
0.082774750811
0.0827235574387
0.0827064959171
0.0826723781582
0.0826553219209
0.0826212147308
0.0824678230906
0.0824337546526
0.0824167230758
0.0823486161447
0.0823145723673
0.0822635216734
0.0822294955106
0.081551235732
0.0815173575319
0.0814496240308
0.081381922236
0.0813480792652
0.0812804197455
0.0812127884092
0.0811789806676
0.081162079439
0.0811113880835
0.0810944939007
0.0810269365458
0.0810268502342
0.0809087072115
0.0808918341663
0.0808580933603
0.0808412255995
0.0808243596001
0.0807906328858
0.0806895126326
0.080622124378
0.0806220662498
0.0806052231494
0.0806052002504
0.0806051315534
0.0805882902145
0.0805882285633
0.0805713889859
0.0804535876868
0.0804535788795
0.0803694743499
0.0803190313605
0.0802349937665
0.0802181911798
0.0801510037319
0.0801006276781
0.080083839183
0.0800837616787
0.0800836313305
0.0800836225232
0.0800668357896
0.0799997117544
0.079999687094
0.0799996465803
0.0799660924893
0.0799325454441
0.0798822398488
0.0798654742527
0.0798653703265
0.0798486064919
0.0798475883669
0.0798470898731
0.0797968106997
0.0797966979661
0.0797129333987
0.0796794391973
0.0796459520419
0.0796124719322
0.0795957345196
0.0793950458612
0.079328200137
0.0792780847796
0.0791779051471
0.0790110735512
0.0789610568356
0.0789610145605
0.0789276788908
0.0788943502669
0.0788110612942
0.0787944084318
0.0787444604132
0.0787111705415
0.0786778877156
0.0786612489449
0.0786446119356
0.0786113432014
0.0785614533111
0.0785448268706
0.0785282021916
0.0783288716204
0.0783122698404
0.0782292891236
0.0782292644631
0.0781131647364
0.0780302897073
0.0779971513213
0.0779805847705
0.0779640199812
0.0779308956869
0.0778646699973
0.0777819306008
0.0777157665624
0.0776165839175
0.0775670110904
0.0775174558778
0.0774679165185
0.0774514063345
0.0774348979119
0.0774348221691
0.0773358103859
0.0773028199628
0.0772863273934
0.0771050887992
0.077072147697
0.077055679788
0.0769404660767
0.0769075602038
0.0768746613766
0.0768582146052
0.0768417695953
0.0768253263469
0.0767760071703
0.0767267038468
0.0766774163766
0.0766609907427
0.07661172441
0.076595305822
0.0765132498728
0.0764476336491
0.0764312326757
0.0764148334638
0.0764147929502
0.0763819998108
0.076381966343
0.0763491802494
0.0763164012017
0.0761362934662
0.076136281136
0.0761035478863
0.0761034862351
0.0760707600312
0.0760216839364
0.0758255557033
0.0758254570614
0.075825432401
0.0757927660868
0.0757601068185
0.0757274545961
0.0757274457888
0.0756948006122
0.075694784759
0.0754177067749
0.0754176909217
0.0754014009205
0.0753851126807
0.0753688262023
0.0753687575053
0.075336189833
0.075222265512
0.075189729546
0.0751734642053
0.0751572006259
0.0750596737553
0.0750434225062
0.0750271730186
0.0749784351245
0.0749784227943
0.0749784034182
0.0749621609764
0.0748647433164
0.0748322848548
0.0748317934069
0.0747831206869
0.0747831048337
0.0747668835295
0.0746048166885
0.0746047515144
0.0746047391842
0.0746045824141
0.0746045771297
0.0745883752015
0.0745559766296
0.0743294314695
0.0742324365604
0.0741839576012
0.0738290018559
0.0737806567678
0.0737323257715
0.0736679108649
0.0736196186207
0.0735874314242
0.0735713404682
0.0734909121099
0.073410538357
0.0733302033562
0.0732338601881
0.0732338549037
0.0728335238954
0.0728015093222
0.0727855046778
0.0727375013134
0.0727374290935
0.0723224092529
0.0723064574524
0.0722745591357
0.0722586126196
0.0722267248717
0.0721311144718
0.0720355745304
0.072035569246
0.072003730819
0.072003662122
0.0719877455507
0.0719400081671
0.0718763859184
0.0718286855255
0.0718127883303
0.0718127830459
0.0718127742386
0.0717968788048
0.0717809851325
0.0717809551877
0.0717650632769
0.0717332847396
0.0717332653635
0.0716856125301
0.0716062269573
0.0716062075813
0.0716061688291
0.0715902962943
0.0715902698724
0.0715267991095
0.0714950734161
0.0714792132116
0.0714792079272
0.0714316396439
0.0713840872138
0.0713682393395
0.0713523932267
0.0713048672185
0.0713048566498
0.0712731802773
0.0707680827892
0.0707680563673
0.07076804756
0.0707680422756
0.0707522630984
0.070673397157
0.0706103350533
0.0705945734906
0.0705945646833
0.0705945400229
0.0705945347385
0.0705945259312
0.0705315025796
0.0705314937723
0.070531488488
0.0705314638275
0.0705314021763
0.070515649421
0.0705156300449
0.0705156159532
0.070515603623
0.0705155983386
0.0704998473447
0.0704526066934
0.0704368627454
0.0704368504151
0.0704053678035
0.0703738922377
0.0703109640052
0.0703109516749
0.0702794972467
0.0702794849164
0.0702794091736
0.0702479617912
0.0702479212775
0.0702479089473
0.0702478895712
0.0702478701951
0.0702478437732
0.0702478243971
0.0702478155898
0.070184947247
0.0701849419626
0.0701849261094
0.0701849137792
0.070106364901
0.0701063349561
0.0701063085342
0.0701062979654
0.0700905927696
0.0700591876622
0.0699493428874
0.0698866084156
0.0698865784708
0.0698865590947
0.069886289591
0.0698862737378
0.0698392391775
0.069807890437
0.0698078657766
0.0698078393546
0.0698078146942
0.0698078023639
0.0697921306359
0.0697921165442
0.0697921059754
0.0697920813149
0.069745078461
0.0697450555619
0.06974502914
0.0697450168098
0.0697450115254
0.069745006241
0.069744937544
0.0697449111221
0.0697448970304
0.0697448635626
0.0697448547553
0.0697448248104
0.0697447772509
0.0697447473061
0.069744564114
0.0697445165546
0.0697444830868
0.0697444689951
0.0697444584263
0.0697444408117
0.0697444073439
0.0697443932522
0.0697442540967
0.0697441008495
0.0697440673817
0.0697440515286
0.0697440321525
0.0697440268681
0.0697440022076
0.0697439881159
0.0696656876039
0.0695248639955
0.0693997931424
0.0693685430438
0.0693216811068
0.0692904486228
0.0691656014754
0.0691032192961
0.0690252798837
0.0690096962288
0.0689785342032
0.0689473792235
0.0689473739391
0.068900656442
0.068869519077
0.0688383887577
0.0688072654844
0.0685120902389
0.0684500004623
0.068418965262
0.0683879371076
0.068356915999
0.0683259019363
0.0682793958146
0.0682329037847
0.0682019179054
0.0681554522973
0.0681399672842
0.0681244840326
0.0681241898684
0.0680932286496
0.0680777506823
0.0680622744766
0.0680468000323
0.0680313273494
0.0679849216311
0.0679694559941
0.0679539921185
0.0677994713811
0.0677531449286
0.0677531325983
0.067675959422
0.0675525848569
0.0675525725267
0.067521741656
0.0675063288629
0.0674909178312
0.0674446953049
0.0674446900205
0.0674138838103
0.0672753694787
0.0672753606714
0.0672445932134
0.0672292121266
0.0671984552373
0.0671677053939
0.0671215956012
0.0670908633724
0.0670908369505
0.0670907858681
0.0670907295013
0.0670139350393
0.0668451799268
0.0668451605507
0.0668451059454
0.0667378082447
0.0666918446533
0.0666918252772
0.0662183090427
0.0661877846664
0.0661877723362
0.0661725127903
0.06617250046
0.0661572426756
0.0660352808031
0.065989562055
0.065852506214
0.0658524815535
0.0658524551316
0.0657611673596
0.0657611550294
0.0657611180387
0.0657611127543
0.0657154873637
0.0656850792439
0.0656698778262
0.0655635436452
0.0655635172233
0.065563508416
0.06554832109
0.0654875911621
0.0654875506485
0.0654875242265
0.0654723457078
0.0654419939549
0.0654419745788
0.0654418847442
0.0654115400371
0.0653812023758
0.0653811019724
0.0653356104529
0.0651992468665
0.0651992345363
0.0651538064294
0.0651386666629
0.0651235286579
0.0650932579321
0.0649873782084
0.0649873482635
0.0649873429791
0.0649873324104
0.0649419782849
0.0649268631788
0.0648966382511
0.0648815284295
0.0648664203693
0.0648664098005
0.0648662635991
0.0648360527631
0.0648359276993
0.0646849897757
0.064534219191
0.0645191516444
0.0644589008342
0.0643986782074
0.064353530173
0.06429336039
0.0642482475849
0.0642181811887
0.0641580712955
0.0641430477855
0.0640679619417
0.0640529490004
0.0640379378206
0.0639929166115
0.0639629101051
0.063887929949
0.0638729381453
0.0638729082005
0.0637680254642
0.0637530477522
0.0637380718017
0.0636183399402
0.0636033798428
0.0635585101194
0.0635435570678
0.062963000306
0.0629332368814
0.0629034805026
0.062898419822
0.0628982172539
0.0628535958967
0.062852998761
0.0628381284982
0.0627935282785
0.0627489456734
0.0627192315697
0.0626895245119
0.0626004526592
0.0625559369897
0.062526268684
0.0624521305068
0.0624224868615
0.0623632207086
0.0623039880235
0.0622891829348
0.0621560322552
0.0621116751173
0.0620968929275
0.0620673338325
0.0620377817833
0.0619934669204
0.0619491679108
0.0618901325094
0.0618311252914
0.061801629609
0.0617721409724
0.0617426593817
0.0617279212285
0.0617131848368
0.0616984502066
0.0616248087617
0.0616100847002
0.0615806418616
0.0615806365773
0.0615659178002
0.0614629621035
0.0614482574181
0.0613454003632
0.0613307097695
0.0613160209373
0.0612866485572
0.061257283223
0.0611839059974
0.0611838232087
0.0611838038326
0.0611251348153
0.0610958082333
0.0610664886971
0.0610518315712
0.0610078707622
0.0609932206821
0.0609785723635
0.0608468537526
0.0608029686865
0.0607737196087
0.0607006295014
0.0606567955177
0.0606129773872
0.0606129474423
0.0606129139745
0.0605545197454
0.0605253305573
0.0604815617477
0.0604669750803
0.0603066538483
0.0603066203805
0.0603065851512
0.0603065657752
0.060306549922
0.0603065446376
0.0603064019592
0.0603063772987
0.0602918117688
0.0602626859934
0.0602190105413
0.060219001734
0.0602189858809
0.0602044309198
0.0601753262819
0.0601462286899
0.0601462128368
0.060131666683
0.0601025796598
0.0600734996824
0.0600153661496
0.0600153291589
0.0600007988582
0.0599862703191
0.0598701318402
0.0598699856388
0.0598699768315
0.0598554641455
0.0598554183475
0.0598553989714
0.0598553232285
0.059840812304
0.0598407735518
0.0598404300667
0.0598402627278
0.0597967405229
0.0596807693829
0.0596807570527
0.0595793761031
0.0595359507786
0.0594346878469
0.0593479569773
0.059319060192
0.0592901704526
0.0591891153734
0.0591169940703
0.0588720891909
0.0588433086621
0.058785768742
0.0587857528889
0.0587713723125
0.0586994976141
0.0586420299139
0.0586276669522
0.0585558891342
0.0585271861097
0.0585128372396
0.0584698011982
0.0583694718415
0.058340814615
0.0582835212996
0.0580261875439
0.0579262316171
0.0578834122355
0.0578406087071
0.0578120818289
0.0577693047224
0.057641091421
0.0576268517616
0.0576268429543
0.0576126050564
0.0575983689199
0.0575841345449
0.0575699019313
0.0575556710792
0.057498767047
0.0574561079585
0.0574276761991
0.0574134629617
0.057370833818
0.0573566276264
0.0572998257589
0.0572714327518
0.0572430467905
0.0571153989184
0.0571012244331
0.0570587133074
0.0570162180349
0.0570020558798
0.0569595817449
0.0568888290978
0.0568746827959
0.0568605382554
0.0568039794697
0.0567898437366
0.0567615775547
0.0567615528942
0.0567332937582
0.056705041668
0.0566767966236
0.0566626767437
0.0566203294339
0.0565779979774
0.0565779715555
0.056577946895
0.0565638393453
0.0565638129233
0.0565637935472
0.0564791905239
0.056422825499
0.0564227286186
0.0564086404449
0.0563100901648
0.0562678749648
0.0562678591116
0.0562678432585
0.0562678344512
0.0562677780844
0.0562677587083
0.0562536899107
0.0562536705346
0.0562396034985
0.0561412011812
0.0559867667554
0.0559446713348
0.0559306430509
0.0559166165284
0.0559166077211
0.0559165672074
0.0558885194468
0.0558885000708
0.0557624216614
0.0556784333883
0.0556784281039
0.0556364489398
0.0556363485364
0.0555943869869
0.0554825658516
0.0554825464755
0.0554546079256
0.0554545955953
0.0554545903109
0.055398739633
0.055384780046
0.0553010700839
0.0552871228272
0.0551617137735
0.0551477841314
0.0551477718012
0.0551059952052
0.0550920726089
0.0550920285724
0.0550920127192
0.0550919440222
0.0550362730134
0.0550362272154
0.055034689459
0.0550346630371
0.0550345591108
0.0549928230284
0.0549789145239
0.0549650077808
0.0549511027992
0.0548955022489
0.0548538190104
0.054826038992
0.0547288644138
0.0547011161018
0.0546317761473
0.0545901933121
0.0545486280916
0.0545347759538
0.0545070769627
0.054465541687
0.0543548743094
0.0543272211163
0.0543133971619
0.0543133918775
0.0542995696846
0.0542581136747
0.0542442985277
0.0541200907911
0.0540511313124
0.0540097721829
0.0539959887422
0.0539822070629
0.0539408743553
0.0539270997219
0.0536795191817
0.0536383027306
0.0536245668494
0.0536243713271
0.0536239855669
0.0535553431514
0.0535416178389
0.0534867359651
0.0534730194599
0.0534181763383
0.0533633578771
0.0532948757546
0.0532811839099
0.0532811504421
0.053212722925
0.053199041649
0.0531306669757
0.0529531662041
0.0529395183959
0.0528576755836
0.0528440401057
0.0528304063893
0.0528303729215
0.052803110773
0.0527486128979
0.0527213718869
0.0527213666025
0.0525989185665
0.052558119582
0.0525037432478
0.0524901535679
0.052449395097
0.0524358124629
0.0524086524792
0.0523543589337
0.0523272200876
0.0523000882873
0.0522594055592
0.0522051859951
0.0520968648849
0.0520562596612
0.0519751143879
0.0519345584851
0.0517725163046
0.0517455289442
0.0516915771223
0.0516646108995
0.0516646020922
0.0515299154176
0.051516452563
0.0514491699962
0.0513550674079
0.0513416274523
0.0512744646649
0.0512476076526
0.0512073371067
0.0511804977091
0.0511670806525
0.0511536653573
0.0511402518236
0.0511134300407
0.0510866153035
0.0510598076122
0.0510597759059
0.0510597459611
0.051059723062
0.0510463218586
0.0510329224166
0.051006128817
0.0509793422633
0.0509525627554
0.0508990248771
0.0508856448112
0.0508588899638
0.0508588635418
0.0508053802689
0.0507519251794
0.0507118501557
0.0507118254953
0.0507118096421
0.050711790266
0.0506717293341
0.0503388746534
0.0503388411856
0.0503388253325
0.050325519248
0.0502989123634
0.0502856115632
0.0502723125246
0.0502722861027
0.0502722825797
0.0502191093241
0.0502191005168
0.050219070572
0.0502189772145
