0.928385104888
0.91164791245
0.897704018385
0.882027296575
0.8713573299
0.863121675628
0.855089811949
0.848516435343
0.840498606994
0.832302402426
0.82689641191
0.818552353739
0.810571059874
0.805236214812
0.797373541326
0.791079048204
0.78255048921
0.775844555538
0.770312865327
0.764489626722
0.759929685816
0.754919203426
0.750439335063
0.745511567409
0.741315241596
0.731995095639
0.728444789564
0.723438490646
0.718399185452
0.714330183402
0.709272921864
0.703138438194
0.699112956588
0.693665774282
0.689963293738
0.686664124595
0.683225669601
0.679746908831
0.676325850037
0.673984956776
0.670432760653
0.665872597803
0.663018159082
0.659928773027
0.656317629575
0.653195954159
0.65051245124
0.647404629723
0.644304243337
0.641734189145
0.638599984449
0.633819126254
0.630704517823
0.628867559486
0.626845300622
0.624451045629
0.619396731017
0.616317725258
0.613618231786
0.610414629008
0.607728085806
0.605047543905
0.602418949282
0.599750091159
0.597087155072
0.59497935961
0.592372714567
0.590182079305
0.587222160712
0.585268084523
0.583271930527
0.581143453739
0.579199513002
0.576672787254
0.574376467791
0.572084708754
0.5702456349
0.567962138881
0.56470159684
0.562340293518
0.560516956567
0.558164367198
0.556037984788
0.55267953364
0.550211445203
0.547748896564
0.5459932526
0.544327998062
0.541965988394
0.539609145094
0.537692514065
0.535996527299
0.53282935684
0.531054553453
0.529714598685
0.52738457893
0.525575862113
0.52372731864
0.521453362699
0.519825993687
0.518329356868
0.516323025145
0.514405691293
0.512534416151
0.511005886299
0.509267881616
0.506772080096
0.504788224629
0.503566078206
0.502177161838
0.500874180159
0.498818127646
0.492971755759
0.491764018096
0.490724052649
0.488689002048
0.487113670149
0.485789024248
0.484218372554
0.482938916962
0.481249389477
0.479645011069
0.478494779858
0.477181918138
0.475870870724
0.474561612956
0.473131703843
0.471255725597
0.470319096323
0.469342731987
0.468164312099
0.466784624031
0.465528446161
0.464152647401
0.462819248795
0.461245898541
0.459795966889
0.458388491757
0.457143698216
0.455780384699
0.454739195036
0.453579284591
0.451862228977
0.451104523736
0.449750313456
0.445979504036
0.444830840526
0.44403950369
0.442735399959
0.441748678227
0.440487314612
0.439621145583
0.43867721681
0.4377343044
0.436478699005
0.435498980846
0.433972876528
0.433074081697
0.43026715137
0.428750245407
0.428089862707
0.427662819126
0.426693074365
0.425918053952
0.422248040676
0.421361488007
0.420206603014
0.419552818751
0.418707508955
0.417786343556
0.416827854538
0.416100132904
0.414799571474
0.414226407569
0.413386480801
0.412585522859
0.411633052756
0.410643634225
0.409807355445
0.408213600415
0.40669844006
0.405979619094
0.404883751888
0.403789322034
0.403110759284
0.402357471789
0.401040990265
0.400289649186
0.398639317755
0.397441213528
0.396655885039
0.396319549709
0.395796638555
0.395087532053
0.394416335737
0.393708460497
0.39262930428
0.391551585417
0.390401216812
0.389548771334
0.388845280372
0.388290340553
0.387661891399
0.387218584239
0.38622211986
0.385853368344
0.385079588
0.384306558039
0.3836445865
0.382762890182
0.3819188504
0.381295581706
0.380599592812
0.379977417986
0.379392293753
0.378844147893
0.378259892061
0.377785516233
0.376874119903
0.376291396543
0.375563650249
0.375054622939
0.374182859505
0.373130817475
0.372587217949
0.371863107312
0.37085048328
0.37038077885
0.369442321178
0.368901414927
0.368036822406
0.36749694485
0.367029370027
0.366849612822
0.365843825024
0.365413179253
0.364946937857
0.364660164786
0.364194400746
0.363693145007
0.363084973804
0.362334381347
0.361763031747
0.361334800941
0.360372204193
0.359909188034
0.3594464678
0.359055167808
0.359054288839
0.358414443025
0.357881674729
0.357313839246
0.356852792402
0.356285793614
0.354941223815
0.354093150285
0.353669485189
0.353175534233
0.352540997466
0.351695798642
0.35106259354
0.351061214316
0.350393436998
0.349971987821
0.34958588238
0.349270142065
0.349129855703
0.348428903008
0.347903627972
0.34779861841
0.346575275955
0.34584199867
0.345493072409
0.345109445346
0.344586687439
0.34368149674
0.342569293734
0.342222012678
0.341666778695
0.341354630001
0.341007965458
0.340522936307
0.339899850805
0.339208195108
0.338966277668
0.337758127823
0.337447770536
0.337068645769
0.336345556781
0.3352109515
0.33479873943
0.333941020134
0.33352959896
0.333186936459
0.332810221372
0.332296857343
0.332160023446
0.331271473279
0.331066550066
0.330656904446
0.330452171471
0.330145190907
0.329259381575
0.328748777756
0.328476603683
0.327898659169
0.32745702716
0.326778208998
0.326337323848
0.325998379793
0.325964494547
0.325693475992
0.32555800899
0.325354861331
0.324982593936
0.324238806007
0.323867172739
0.323597027869
0.323394493199
0.323090810091
0.322787280231
0.322517586296
0.322180645024
0.320365701439
0.320197765406
0.319996298182
0.319727775619
0.319492909312
0.318989925578
0.318688322758
0.318353378983
0.31795168108
0.317583672901
0.317282734151
0.317015351254
0.316647885606
0.316113819112
0.315946999847
0.315546823847
0.315080286525
0.314880439846
0.314747241607
0.314081740098
0.313782467691
0.31345011855
0.312918750617
0.311427206185
0.311228518547
0.310599768183
0.310368282122
0.309476311196
0.30921224337
0.308948295324
0.308651487204
0.308519613584
0.308255950895
0.306808164703
0.306610956694
0.306019810022
0.306019662059
0.305757070339
0.305166705757
0.304806201406
0.304544141647
0.303954969575
0.303660560565
0.303333613828
0.30310485451
0.302647617708
0.302517033479
0.302288589463
0.302158084499
0.302060222951
0.301994990726
0.301668938812
0.301375641285
0.300952259784
0.300659318072
0.300399044436
0.300171391316
0.300073852116
0.29974884651
0.299488962157
0.299424008243
0.299164282422
0.298969549267
0.298742440439
0.298580273194
0.29812645539
0.297770136273
0.297252241763
0.297251926462
0.297090162592
0.296540596994
0.296314412933
0.296088313423
0.295862300225
0.295346043874
0.295345982223
0.29512025262
0.294991303027
0.2949268388
0.294314965004
0.2941540026
0.293607091525
0.293382027754
0.293189184648
0.292611196098
0.292418606642
0.292226080599
0.29200154879
0.291712993119
0.291456621122
0.291296442568
0.291040252001
0.290880187942
0.290816174649
0.29072016792
0.290368287688
0.290240380881
0.290144469271
0.289697144216
0.289441654711
0.289377799949
0.289313952234
0.289282031018
0.289058631829
0.288899113824
0.288771531126
0.288675862598
0.288388962701
0.288229634934
0.288102200198
0.287974793647
0.287783738424
0.287688233712
0.287083923634
0.28695674255
0.286480131426
0.286384843374
0.286289571175
0.286162566236
0.286003849696
0.285718276181
0.285623114954
0.285337731676
0.285210938113
0.285052485792
0.284957437298
0.284799055436
0.284735715021
0.28464071761
0.28441912392
0.283344427726
0.283218079813
0.283186496798
0.28299703746
0.282997000469
0.282996658746
0.282807262821
0.282523286951
0.282428661209
0.282334049558
0.281546536855
0.281137345693
0.281136942318
0.280948168189
0.28066514527
0.280507961202
0.280445099905
0.280256558289
0.280099488716
0.279911068641
0.279816879741
0.279440300288
0.279095337317
0.279001285811
0.278844570292
0.27881323212
0.278531283693
0.277842807434
0.277467579022
0.277373802304
0.277186298189
0.276998857487
0.276936390758
0.276717817975
0.276624169844
0.276374519586
0.276187358956
0.275750977865
0.275564021565
0.275408273088
0.275408236098
0.274599339246
0.274599302255
0.274350567957
0.274350520398
0.274350451701
0.27428828442
0.274039687516
0.273977555464
0.273822259683
0.273729101239
0.273542831909
0.273449721024
0.272705850306
0.272550912102
0.272334076121
0.27214828767
0.272055414582
0.271807841088
0.271560373281
0.270386531432
0.27010888978
0.269923858758
0.269708072609
0.269430770919
0.269338362857
0.269184386411
0.269122807459
0.268999670691
0.268907338372
0.268845791126
0.268815020145
0.2683538042
0.26801575849
0.268015675702
0.267831368641
0.267585722186
0.267555023425
0.267217490301
0.267217310632
0.267094610706
0.26648165185
0.266451016501
0.266328492723
0.266236618384
0.26580813745
0.265685761634
0.265593998267
0.265349384029
0.265165991167
0.264952116203
0.264463652202
0.264463581743
0.264280493614
0.264188973329
0.264127968613
0.263914511116
0.263518342443
0.263335583707
0.263031160785
0.262818147177
0.262726880542
0.262544398356
0.262483583878
0.262453179281
0.26233158027
0.262240398185
0.262027728062
0.261875854802
0.261784751984
0.261632950944
0.261420511572
0.261390168626
0.26111717195
0.260995881194
0.260753394802
0.260541302438
0.260420147315
0.260359579442
0.260238464833
0.260177918097
0.260056845763
0.259845042279
0.259754293514
0.259512384882
0.259512347891
0.258938428318
0.258757263706
0.258696889593
0.258515811292
0.257731951862
0.257280235482
0.257220033993
0.257159839549
0.2570394718
0.256889053508
0.256768749171
0.256528232094
0.256528062993
0.256437895511
0.256197536966
0.256077394683
0.255957285869
0.255957241833
0.255117496495
0.255027579141
0.254967641871
0.254937675878
0.254757918674
0.254428574587
0.254368707775
0.254219073334
0.254159231183
0.254099396078
0.253860152537
0.253770455366
0.253680775809
0.253471586334
0.25332221435
0.253292345238
0.253292283587
0.253172826513
0.253142966208
0.252874315059
0.252814631439
0.252695285338
0.252158661202
0.251950095285
0.251801172474
0.251533224148
0.251503460723
0.251443939158
0.251324918927
0.251146442306
0.251027490772
0.250908569183
0.250878842749
0.250759954628
0.250730237001
0.250611385871
0.250611250238
0.250314278301
0.250195525813
0.250106480382
0.249780158964
0.249394749301
0.24924658568
0.249098469619
0.248802408358
0.248595235758
0.248003812536
0.247915156389
0.247796974614
0.247737893415
0.247619752153
0.247501639075
0.247383555942
0.247354039122
0.247206483206
0.24708846877
0.247029472121
0.24691149996
0.246852524448
0.246764074392
0.246439914288
0.246322084805
0.246174837145
0.245968768981
0.245821627008
0.245733361905
0.245674527311
0.245409878203
0.245292298848
0.245292272426
0.244939784489
0.244822317868
0.244734232434
0.244616809849
0.244470073013
0.244411389904
0.244323378451
0.244118085331
0.244030126722
0.24385426411
0.243795654983
0.243707756264
0.243707608301
0.243707590687
0.243414717672
0.243151287496
0.243004994548
0.242887992953
0.242829500082
0.242800256289
0.2425663764
0.242245029351
0.242128205664
0.242069804389
0.241982215687
0.241865457174
0.241719546463
0.241486200298
0.241398717284
0.241340404082
0.241194653664
0.241194572637
0.241136284095
0.24113614494
0.240903098223
0.240757483438
0.240670132534
0.240611907405
0.24061188979
0.240611856322
0.240408136188
0.240291756389
0.240204490035
0.240000937239
0.23979746547
0.239797412626
0.2395069352
0.239506880595
0.239506781953
0.239100395038
0.238955321022
0.238955158967
0.238955019812
0.238954889464
0.238954845427
0.23883881792
0.238751815786
0.238664829504
0.238519887597
0.238374989727
0.238085329619
0.237911621276
0.237044578561
0.23692901608
0.236871245408
0.236582497738
0.236524769342
0.236438189958
0.236265082272
0.236178550448
0.236120871373
0.236063199343
0.23603436597
0.236034321934
0.235976660473
0.235659711794
0.235515685848
0.235514722328
0.235255597166
0.235082936892
0.234967853529
0.23485280011
0.234507840662
0.234306720446
0.23424927036
0.233990837452
0.233962130905
0.233847327614
0.233732552507
0.233589118412
0.233245131291
0.233159156088
0.233130500623
0.232987255005
0.232958610108
0.232929966974
0.232872685988
0.232729514351
0.232672258026
0.232414711134
0.232271682175
0.232100106962
0.232014341373
0.231957173122
0.231871433955
0.231528690427
0.23141448251
0.231385934494
0.231385901027
0.231385798862
0.231357252607
0.231243086966
0.230957818183
0.230701213673
0.230587213609
0.230501728093
0.230273849506
0.230159949845
0.230046078368
0.229875329281
0.229818425248
0.229420357719
0.229391933005
0.229335088863
0.229278251766
0.229079387982
0.229022582592
0.228994182539
0.228880599942
0.228823819212
0.228653524581
0.228454932063
0.228341483337
0.228143033496
0.227972990755
0.227859661808
0.227774683594
0.227633093749
0.227576468028
0.227463237723
0.227321741236
0.227123735284
0.227095453249
0.226982344485
0.226954071257
0.226925799791
0.226699707327
0.226671451714
0.226586695443
0.226501955026
0.226191391648
0.226134945595
0.226134920935
0.225965635622
0.225740018753
0.225683629067
0.225627246428
0.225570870834
0.225458142546
0.225317269617
0.225063835738
0.224417086754
0.224276539695
0.224051771851
0.22377098775
0.223742915329
0.223686775771
0.22256663914
0.222538642462
0.222119041058
0.222119026967
0.22195124242
0.221923284494
0.221867373926
0.221476264172
0.221364564577
0.221280807056
0.221169156782
0.221029633133
0.220973835299
0.220862260768
0.220834371539
0.220750714421
0.220416323745
0.220360603416
0.220277037893
0.220249185655
0.220137796078
0.220082110977
0.220082063418
0.219970719639
0.219942886777
0.219775928355
0.219164558338
0.218970128154
0.218970103493
0.218692516447
0.218526031859
0.218525580925
0.21844236241
0.218331434336
0.2183037054
0.218192809033
0.218054231288
0.218026519967
0.218026481215
0.217887952792
0.217832553048
0.21777716035
0.217694084514
0.217444975025
0.217030089056
0.217002442908
0.216753724464
0.21669846916
0.216587981451
0.216311891647
0.21625669271
0.216229095884
0.215953287914
0.215870560848
0.215815418278
0.215787849635
0.215567400895
0.215429658084
0.215236892482
0.214906683517
0.213780882024
0.213698572424
0.213588856236
0.213534006068
0.213287281598
0.212985969419
0.212931196756
0.212876431139
0.212876376533
0.212766868198
0.212739495077
0.21268475412
0.212684688946
0.212493156368
0.212438447117
0.212383744912
0.212301704816
0.212165011837
0.212083015777
0.212055686693
0.211891759748
0.211782503301
0.211482195156
0.211400329444
0.211345761111
0.211291199823
0.211263921821
0.211236645581
0.211182098385
0.211073026892
0.211045762982
0.210882227082
0.210827725684
0.210800477627
0.210773231331
0.210691503014
0.210637026277
0.21060979055
0.210582556585
0.210337558348
0.21033744033
0.210283009391
0.210201377954
0.21020132511
0.210174117567
0.210119707765
0.210119582701
0.210065179945
0.210037981209
0.209766127721
0.209711770763
0.209548745687
0.209467255167
0.209467073736
0.208518452429
0.208410071429
0.208274637894
0.20792276823
0.207868650831
0.207841594774
0.207787487943
0.207544110251
0.207490042173
0.207408953267
0.207408863432
0.207327790379
0.206760728178
0.206625826605
0.206571878306
0.206544906799
0.206517937053
0.206437040146
0.206383116507
0.206275290368
0.206194439259
0.206113604003
0.205387286254
0.205252839139
0.205199070509
0.205172188836
0.205091554387
0.205010937552
0.204876613739
0.204849753204
0.204661789347
0.204634942904
0.204608098222
0.204527576506
0.204447068882
0.20442023653
0.204312926499
0.204286102955
0.204205644652
0.203616143186
0.203455503129
0.203241434405
0.203187929994
0.203134432629
0.203054199793
0.202920517152
0.202706747877
0.202653313925
0.202546472443
0.202493059628
0.20243965386
0.202359558418
0.202279478829
0.202199415093
0.202146048077
0.202092688106
0.201985989303
0.201879318682
0.201825993941
0.201772676245
0.201719365596
0.201719254624
0.201612656223
0.200788080598
0.200787920305
0.200787888598
0.200708120788
0.200681535041
0.200415800873
0.200336107044
0.200229873267
0.200097125962
0.200017495546
0.199964417409
0.199778709986
0.19975218589
0.199752118954
0.199433981289
0.199354482983
0.199248511663
0.199195535691
0.198957250387
0.198904313167
0.198877847199
0.198824920548
0.198375488785
0.198322629069
0.198190512368
0.198084849304
0.198058437942
0.198005620501
0.197926407552
0.197820814947
0.197662496497
0.197451490955
0.197398754542
0.197346025175
0.197293302854
0.197240587578
0.197187879349
0.197056143123
0.197003459554
0.196924447411
0.196792797497
0.196661193381
0.196634877138
0.196503324104
0.196503243077
0.195977654501
0.195925115372
0.195872583288
0.195531347571
0.195347708104
0.195347690489
0.195242793661
0.195164137334
0.195085495098
0.194980668729
0.194928263471
0.194849668794
0.194823474092
0.194823331414
0.194692389607
0.19469224869
0.194613701574
0.194587522724
0.194508996745
0.194038413345
0.194012273248
0.193803226452
0.193176804741
0.193046416033
0.193046289208
0.193046030273
0.192498965951
0.192420862723
0.192290727667
0.192264705587
0.19223868527
0.192186649918
0.192082602115
0.191952581554
0.191796614656
0.191692670779
0.191225309093
0.191173411136
0.191121520225
0.191043697069
0.190421726572
0.190292269679
0.190240498547
0.190188734461
0.190059356833
0.189878312
0.189800744256
0.18974904006
0.189697342909
0.189671496976
0.189593969746
0.189309867051
0.189232415564
0.189206601337
0.189129169226
0.188974370177
0.188922778715
0.188613474782
0.18856193264
0.188355871522
0.188330117185
0.188201377207
0.187918324343
0.187558359
0.187096176012
0.187044841723
0.187044600403
0.18691630079
0.186916260276
0.186864950648
0.186813648065
0.186787999415
0.186685422433
0.186582878918
0.186505987576
0.186454734314
0.186377869394
0.186326633746
0.186249793486
0.186172969079
0.186044968915
0.185993779066
0.185942596262
0.185917007503
0.185865835268
0.185763513698
0.185686791455
0.185584519206
0.185507832193
0.185482273379
0.184997117403
0.184895038914
0.184869522374
0.18481849458
0.184818246213
0.184767225464
0.184741717732
0.184716211761
0.184639706179
0.18453772281
0.184537671727
0.18448668973
0.184333793061
0.184333777208
0.184180942189
0.184104545818
0.183900915518
0.183824577275
0.183748254884
0.183646516358
0.183595657663
0.183519382833
0.183468541753
0.183417707719
0.183316060789
0.183239844086
0.183189041758
0.183163643237
0.183036682335
0.182935146377
0.18290976547
0.182833633317
0.182782887357
0.182732148442
0.182681416572
0.182579979256
0.182427878767
0.182377189173
0.182377157467
0.182225132721
0.182174471311
0.182073174911
0.182047853894
0.181997217144
0.181997206575
0.181491496098
0.181339857113
0.181314587178
0.181289319004
0.181264052592
0.18116300632
0.181011497683
0.180961005373
0.180910520108
0.180784339534
0.180759108351
0.180683425372
0.180557332871
0.180532117541
0.180531881505
0.180456247847
0.180405833041
0.18038062828
0.180254632659
0.180254606237
0.180204219615
0.179751296633
0.179700980469
0.179575226169
0.17937413942
0.1793238761
0.17932382854
0.179323754559
0.178972175536
0.178821582859
0.178545690339
0.178395273808
0.178345147882
0.178244922452
0.178219869177
0.17814471992
0.178144668838
0.178144293646
0.178094202949
0.177593847317
0.177593785666
0.177593755721
0.177593724015
0.17759368174
0.1774936624
0.177493635979
0.177068995032
0.176969125417
0.176919200297
0.176719589654
0.176594888708
0.176520082936
0.176520037138
0.176370483724
0.176370416788
0.176370400935
0.176370390367
0.176370348091
0.17624576164
0.17624572465
0.176195901695
0.176146085786
0.176096276923
0.175897122498
0.175847348864
0.175623491695
0.175524028978
0.175474308188
0.175449450435
0.175399740214
0.175300340909
0.175002363178
0.174952716369
0.174779034447
0.174729419345
0.174655009903
0.174605412415
0.174580616313
0.174481451283
0.174431878456
0.174407094685
0.174134626447
0.174134587694
0.174010797424
0.173961291533
0.173788083444
0.173738609259
0.173565522711
0.173540800591
0.173343092326
0.173293681554
0.173219578606
0.173022067625
0.172849338654
0.172775330825
0.172701340611
0.172652021434
0.17257805588
0.172307047894
0.172282415609
0.172257785085
0.172208529321
0.172110040692
0.172085422498
0.171888559735
0.171839356815
0.171790160941
0.171765565646
0.171740972112
0.171667202081
0.171642615593
0.171618030867
0.171519714861
0.171396858166
0.171372291055
0.17137226111
0.171323132171
0.171298570344
0.171298540399
0.171273980333
0.171224865486
0.171200310705
0.17112665693
0.17107756322
0.170905801292
0.17088126941
0.170758639943
0.170685081287
0.170660565258
0.170562518756
0.170440003785
0.170391008717
0.170195125327
0.170146165489
0.170072738942
0.169974863302
0.16997481222
0.169974724147
0.169925796015
0.169852417028
0.169779053894
0.169779006334
0.169705660815
0.169632331149
0.169290401416
0.169168346186
0.169095131015
0.168948758801
0.168924367835
0.168899978631
0.168826821589
0.168802439431
0.168704930175
0.168704104049
0.168630991043
0.168582256671
0.168533529346
0.168484809067
0.168314355905
0.168290010737
0.168192649444
0.168168313084
0.168143978486
0.168046659468
0.167803493151
0.167730575667
0.167657672275
0.167560494174
0.16731768015
0.167244866592
0.167050783417
0.166929534936
0.16685680769
0.166808330493
0.166638722832
0.166614499206
0.166444993711
0.166348167902
0.166299764686
0.166202981152
0.166033701124
0.165985343706
0.165840317249
0.165719510895
0.165719422822
0.165719354125
0.165646891098
0.165550301326
0.165405463345
0.165357197523
0.165308938746
0.165260687016
0.165236563793
0.165164204692
0.165091861445
0.165067750552
0.165067734699
0.165043625568
0.164995412589
0.164947206657
0.16489900777
0.164874910969
0.164850815929
0.164778541379
0.164754453385
0.164537751275
0.164489612278
0.164417418755
0.164369297372
0.164321183036
0.16429712851
0.164249024742
0.16410476276
0.163984592294
0.163912509743
0.163816427271
0.163816384996
0.163792367461
0.163696316695
0.163504312045
0.163456324534
0.163360375933
0.16331240956
0.163264450232
0.163144588022
0.163096653355
0.162976852796
0.162809216212
0.162737390835
0.162617718863
0.1625937894
0.162522011582
0.162474168511
0.162426332486
0.16230677677
0.162306630569
0.162163222896
0.161948259349
0.161495028111
0.161280494361
0.161209007184
0.161113720893
0.16111360816
0.161042157974
0.160994533324
0.160804121035
0.160804096375
0.160803957219
0.16073257573
0.160637430356
0.160613647095
0.160518533428
0.160280884011
0.160114628413
0.160067141157
0.159948457365
0.15990099477
0.15985353922
0.159806090716
0.159782369106
0.159711214846
0.159426763381
0.159284631007
0.15921358948
0.159047894027
0.158976903583
0.158929585427
0.158882274317
0.158834970253
0.158811320863
0.158764027368
0.158716740919
0.158669461515
0.158622189158
0.158598555621
0.15852766558
0.158102844964
0.158032065895
0.157961304441
0.157866983431
0.156456397557
0.156409456354
0.156385988395
0.155963966743
0.155005359706
0.154888565964
0.154841860797
0.154818510856
0.154701792856
0.154655115872
0.15446849425
0.154421852496
0.154375217787
0.154351903075
0.154305278936
0.154281969508
0.154212051794
0.154188749412
0.154188670146
0.154142070667
0.154141854007
0.15411855691
0.154095261574
0.154071968
0.154025386135
0.153932248828
0.153932218883
0.153885658156
0.153885628211
0.153792527895
0.15379248562
0.153792462721
0.153769192045
0.153745923131
0.153722655979
0.153722534438
0.153699269047
0.153652743549
0.153629483442
0.153466724347
0.153234371646
0.153211143246
0.153187916607
0.152932564496
0.152839758344
0.152746976852
0.152723785442
0.152677407907
0.152491984079
0.152468812046
0.152445641774
0.1523529783
0.152214053548
0.152075185162
0.152052044835
0.151843884054
0.151774522962
0.151635846576
0.151589634619
0.151474140835
0.151451046306
0.151404862532
0.151381773287
0.151266358769
0.151197128025
0.151150983003
0.151081778681
0.151012591974
0.150966475135
0.150920365343
0.150897313088
0.150828166895
0.150759036554
0.150689922067
0.150666887427
0.150620823433
0.150551740652
0.150528716581
0.150390619716
0.150275580389
0.150275552206
0.149609754771
0.149540904503
0.149449130568
0.149357383054
0.149288590914
0.149265663724
0.149219814628
0.149105233281
0.149013591456
0.148944878581
0.148899078806
0.148853286077
0.148807500393
0.148761721755
0.148715950163
0.148532951868
0.148372910709
0.148327199006
0.148121606438
0.147984614009
0.147916138933
0.14789331743
0.147824863491
0.147824780702
0.147733535205
0.14764231613
0.147596717162
0.14752833192
0.147254984712
0.147209445633
0.147118388613
0.147050116104
0.147027361537
0.147004608732
0.14682268669
0.146754482879
0.146709021304
0.146663566775
0.146640842153
0.14654996304
0.14648182088
0.14645911035
0.146390991088
0.146368287604
0.146028084103
0.145982735262
0.145914726973
0.145892060479
0.145892039341
0.145846711638
0.14584661828
0.145823957071
0.145755985772
0.145552182849
0.145552108868
0.145552098299
0.145484190413
0.145484153422
0.145438889131
0.145371007667
0.145257907711
0.145257530758
0.145234915346
0.145144476599
0.145099265152
0.145099192932
0.145099117189
0.14509910662
0.145076503539
0.145076487686
0.145076140678
0.144985747729
0.144985365491
0.144962771217
0.144872411736
0.144849826269
0.144827242564
0.144714352221
0.144714311707
0.144691738571
0.144669167196
0.144488675462
0.144353379321
0.144285749747
0.144263210078
0.144240672171
0.144060442894
0.144015400548
0.143970365247
0.143925336992
0.143543018695
0.143498057375
0.143340755289
0.143183550083
0.143138645131
0.143003979594
0.142981540328
0.142600502614
0.142488487718
0.14228696765
0.142242203614
0.142197446624
0.14215269668
0.142085584975
0.142040852646
0.141951410886
0.141683270561
0.141638601644
0.141393111959
0.141303874529
0.141281569135
0.141259265502
0.141236963631
0.141192365172
0.141170068585
0.14114777376
0.141103189393
0.140991769871
0.140546759378
0.140279956002
0.14027985736
0.140079915561
0.139991097359
0.139946696185
0.139857916735
0.139813536698
0.139769163707
0.139724797762
0.139680438862
0.139658262055
0.139636087009
0.139503084292
0.139392298896
0.139347992841
0.139347971703
0.139325821318
0.139281525831
0.13923723739
0.139237218014
0.139192936619
0.13914866227
0.139082265718
0.139038008984
0.139015883259
0.138971637093
0.138949516652
0.138927397973
0.138905281055
0.138861052504
0.13883894087
0.138728419694
0.138662121785
0.138617931986
0.138595839728
0.138573749232
0.138551660498
0.138441253817
0.138419175651
0.138352953484
0.138330882365
0.138022187898
0.137867929618
0.1378018378
0.137801747965
0.137669622456
0.137625591189
0.137537551553
0.137515545607
0.137361563877
0.1372955936
0.137229640937
0.137185680128
0.137119753887
0.136965987055
0.136944026908
0.136834254353
0.136812304774
0.136790356956
0.1367684109
0.136768380955
0.136505262558
0.136439498372
0.136308024604
0.136242309738
0.136198507461
0.136132819017
0.136023374094
0.135935848806
0.135826481387
0.135739019511
0.135673440278
0.13567341914
0.13560785576
0.135520467865
0.135476781844
0.135454941476
0.135454908008
0.135411232556
0.135280255521
0.135236608252
0.13521478726
0.135214771407
0.135192952176
0.135083893013
0.135018474073
0.134844112227
0.134147811554
0.134147697059
0.134147670637
0.134147637169
0.134082443696
0.134060716062
0.134060603328
0.134038877455
0.133951996861
0.133821720888
0.133756606681
0.133691508327
0.133604735182
0.133561359179
0.133539673819
0.133517990221
0.133474628309
0.133257952621
0.133236291922
0.133214632984
0.133128014848
0.133106364718
0.133084716349
0.133041424895
0.132976500926
0.132954863126
0.13291159281
0.132889960295
0.132500920258
0.132457723924
0.132328177196
0.132177126539
0.132090851888
0.132047722489
0.132026160432
0.132004600136
0.131983041601
0.131810656116
0.131789113434
0.131746033357
0.131681426451
0.131616835398
0.131337134597
0.1312941285
0.13125112945
0.131229632566
0.131122179857
0.131100693543
0.130971814409
0.130885934325
0.130821540556
0.130800078902
0.130735706271
0.130714251663
0.130692798816
0.130649898407
0.130607005044
0.130564118727
0.130521239456
0.126386226615
0.126344044883
0.126175406027
0.126133259524
0.126112188915
0.126091120067
0.125985804011
0.125964745732
0.125943689214
0.125901581463
0.125817387099
0.125796342912
0.125607052674
0.12556500129
0.12554397824
0.125438894698
0.125396871497
0.125396860928
0.125333839338
0.125291833752
0.125249835212
0.125186852374
0.125144871448
0.125102897569
0.125081913271
0.125060930735
0.12503994996
0.124997993695
0.124851214583
0.124788330387
0.124746416397
0.124704509453
0.124662609555
0.124599774679
0.124536953896
0.124474148966
0.124453217512
0.124348591949
0.124306751941
0.124264918978
0.124244005139
0.124223093061
0.124223070162
0.124223052547
0.124181233676
0.124097617072
0.124034923114
0.12401402865
0.12395135583
0.123909582757
0.12384693812
0.123846654524
0.123658821016
0.123617097264
0.123533672659
0.123512820471
0.123491970044
0.123471121379
0.123408587714
0.123325233567
0.123283566182
0.123283525668
0.123262694618
0.123241865329
0.123158571072
0.123158546411
0.123158273384
0.123054199159
0.123054061765
0.123033250091
0.122991632027
0.122991531623
0.122908321916
0.122887522572
0.122866724989
0.122865380994
0.122865042793
0.122844246972
0.122781870077
0.122677954383
0.122657174415
0.122615619764
0.122511774529
0.122491008652
0.122428723353
0.122283452053
0.122262705553
0.122221217837
0.122158999473
0.122096796963
0.121993171911
0.121910300405
0.121517119171
0.121393057636
0.121351717882
0.121331050648
0.121269061274
0.121165777946
0.121124476944
0.121083182989
0.12104189608
0.120979980688
0.120918081149
0.120876822423
0.120650064126
0.120588247376
0.120423496067
0.120341160045
0.120217718544
0.12019714819
0.120176579598
0.12011488615
0.120114794554
0.120073673222
0.120012004435
0.119991451695
0.119909263636
0.119909177325
0.119785947199
0.119744882234
0.119601236763
0.119519177291
0.119478158124
0.119416644345
0.119396142688
0.119334650047
0.119314155436
0.119273171498
0.119273155645
0.119273048196
0.119272715279
0.119231738387
0.119231407232
0.11914947987
0.119108524115
0.119006170839
0.118985704411
0.118965239744
0.118862944596
0.118781140536
0.118760693484
0.118740248194
0.118699362898
0.118678922892
0.118576754568
0.118515471541
0.118433787261
0.11816853221
0.118127745556
0.118107354871
0.118066578785
0.117761016198
0.117760979207
0.117720263011
0.117699907556
0.117638853519
0.117598158461
0.117516789482
0.11749645164
0.117232262274
0.117211949094
0.117191637674
0.117191628867
0.116948060938
0.116826366807
0.116806088856
0.116785812666
0.116684463423
0.116643933942
0.116441455638
0.116421211154
0.116400968432
0.116380727472
0.116360488272
0.116340250835
0.116320015158
0.11627954909
0.11621886496
0.116097547783
0.115996503272
0.115956093571
0.115391405821
0.115371252933
0.115351101807
0.115290660759
0.11525037436
0.114467371001
0.114407160704
0.114367029314
0.114306847201
0.114226628456
0.114166481572
0.114146436134
0.114006193808
0.113926084274
0.113886037434
0.113805966653
0.113745932502
0.113645913163
0.113465999188
0.113426033375
0.113386074608
0.113366097867
0.113365923482
0.113106467164
0.113086515083
0.113066564764
0.113066526012
0.11298674411
0.112986728257
0.112926910766
0.112887040072
0.112827249004
0.112727640085
0.112707721472
0.112707666867
0.112687750015
0.112647921596
0.112647891651
0.112627980084
0.112548353191
0.112528450431
0.11246875272
0.112468747435
0.112448851721
0.112389176909
0.112249994983
0.112230118645
0.112170501962
0.112110901131
0.111773595235
0.111773570575
0.11177291355
0.11177226357
0.11177098651
0.111770970657
0.111770944235
0.111751110172
0.111731277871
0.111711447331
0.111513270517
0.111513233526
0.111513222958
0.111513170114
0.111473549547
0.111255771184
0.111196411674
0.111156847474
0.111097514385
0.110939372082
0.11089985368
0.110820839776
0.110801090263
0.110781342512
0.110662894756
0.110603693778
0.110485339379
0.110268533343
0.110229134721
0.110189743145
0.110150358614
0.110091295029
0.110032249059
0.109973217181
0.10989453267
0.109874865946
0.109815876342
0.109776558747
0.109717597327
0.109678297347
0.109639004413
0.109423031548
0.109383784411
0.109344544321
0.109305311276
0.109305216157
0.109285602277
0.109285523011
0.109246300535
0.109187481794
0.109050322026
0.109030731045
0.108952390019
0.108932807846
0.108913227433
0.108854498526
0.108815353555
0.108619773136
0.108600220907
0.108463416955
0.108462788113
0.108384651417
0.108383120707
0.108305012194
0.108303816161
0.108225735832
0.108186703594
0.108108662017
0.108069650916
0.107952665174
0.107913682257
0.10789419344
0.107816257551
0.107738349845
0.107641004405
0.107602077855
0.10754370124
0.107504792304
0.107465890414
0.107368668277
0.107349228781
0.107310355075
0.107252057726
0.107213201634
0.107174352588
0.107135510588
0.107077260799
0.107038436413
0.107019026862
0.106999619073
0.106980213046
0.106960808779
0.106941406275
0.106922005531
0.106805655677
0.106689356905
0.106631230418
0.106611857858
0.106515026765
0.106495664774
0.106476304545
0.105781066033
0.105761770977
0.105723186151
0.105723142114
0.105665278085
0.105626710873
0.105607429909
0.105472538905
0.105453272033
0.105434006922
0.105433975216
0.105395450279
0.105299174046
0.105279923027
0.105183704923
0.105068295689
0.104933749932
0.104914532381
0.104876102563
0.104818472808
0.104741655447
0.10472245551
0.104684060922
0.104645673379
0.104607292881
0.104549737108
0.104511374226
0.104473018389
0.104473002536
0.104415483753
0.104415460854
0.104377122632
0.104338791456
0.104281309664
0.104089835214
0.104070695167
0.104013287357
0.103936767683
0.103936755353
0.103841148476
0.103822031328
0.103592859828
0.103592761186
0.103592699535
0.103573605286
0.103459087352
0.103401848642
0.103382772008
0.103363697135
0.103325552674
0.10319212016
0.102868492018
0.102849464704
0.102830439153
0.102697327225
0.102697327225
0.102640299891
0.1026022893
0.102469334143
0.102431355259
0.102431323553
0.102393351715
0.102298454707
0.102298405387
0.102298312029
0.102298285607
0.10226033843
0.102222398298
0.102203430874
0.102089680938
0.102051772513
0.102013871133
0.101900219839
0.10188128236
0.101862346643
0.101843412687
0.101748779899
0.101748764046
0.101729840658
0.101729815998
0.101729520072
0.101729509504
0.1015971004
0.10155928357
0.101559257148
0.101483644627
0.101483616444
0.101464717717
0.101464617314
0.101464312581
0.101464240361
0.101464220985
0.101426428816
0.101407535374
0.101388643693
0.101180988453
0.101086653351
0.101067791615
0.101048931641
0.101011216976
0.100954659952
0.100822756388
0.100785083998
0.100766250446
0.100634466661
0.1006156472
0.100559199387
0.100502767426
0.100408754672
0.100371159787
0.100183340371
0.100145787761
0.100127014098
0.100051938823
0.0998268944286
0.0997894087542
0.0995272873445
0.0992841439273
0.0992654512917
0.0992093857154
0.0991533359922
0.0990786271013
0.0990412823439
0.0990412770595
0.0990039393479
0.0989106276561
0.0988360103612
0.0987427779351
0.0986682275758
0.0985937018769
0.0985564487155
0.098537824777
0.0985378142083
0.0985005716157
0.0984633360689
0.0984447209377
0.098426107568
0.0983888861129
0.098388299546
0.098387720025
0.0983319010534
0.0982575021798
0.098220312431
0.098213301812
0.0981947095798
0.098138943452
0.0981203582657
0.098119646635
0.0980824815467
0.097989604936
0.0979710338413
0.0977854479588
0.0977668962402
0.0976927087421
0.097655624681
0.0976000135619
0.0974888406446
0.0974517953358
0.0973592146507
0.0972481844118
0.0972296837756
0.0972111849009
0.0971926877877
0.0971187169494
0.0970632590775
0.0970632485087
0.0970262842271
0.0970078047285
0.0969339061101
0.0968785010821
0.0968600356752
0.0968231101457
0.0968231048613
0.0968230291185
0.0967676540353
0.0967307461205
0.0966753974592
0.0965278961481
0.0964726073765
0.0962884465168
0.0962332264423
0.0961596272724
0.0961044441886
0.0960676630991
0.0960308890554
0.0959757429622
0.095957363867
0.0959389865331
0.0959022371499
0.0958838651005
0.095828759521
0.0957186012059
0.0957185747839
0.0956818676758
0.0956451676135
0.095608474597
0.0956083882854
0.0954617060542
0.095425048267
0.0953700765586
0.095333436386
0.0953151189419
0.0952601789398
0.0952418685416
0.0952052530295
0.0951686445632
0.0950954540526
0.0950588667239
0.0950405757017
0.0949308683208
0.0949308260457
0.0948942704233
0.0948577218468
0.0948211803161
0.0947663829924
0.0947481201537
0.0947481043005
0.0947480320806
0.0947115116874
0.0946567443086
0.0946566280521
0.094656539979
0.0946017884534
0.0946017655544
0.0945652733446
0.0945470298819
0.0945287881807
0.0944740736458
0.0944376060965
0.094419374964
0.0943829179835
0.0943829074147
0.0942918010733
0.0942553687533
0.0942553282397
0.094200694732
0.0941278741284
0.0941096729408
0.0940368910894
0.0939823192329
0.0939459468026
0.0939277632296
0.0938550483137
0.0938187005439
0.0936371167031
0.0936370391988
0.0935281544207
0.0935100113614
0.093473730527
0.0934374567386
0.0934374003718
0.0934373316748
0.0934191974227
0.0932923140252
0.093256075466
0.0932379588285
0.0932198439526
0.0932198316223
0.0931654993247
0.0931473914946
0.0931111811187
0.0930749777887
0.0930387815046
0.09303876389
0.0930387515597
0.0930386546793
0.0929843752255
0.0928939470471
0.0928577859922
0.0928397081069
0.0928395037773
0.0925144418049
0.0924242390936
0.0920279083656
0.0918839881069
0.0918660053406
0.0914890753559
0.0914711313418
0.0912022001198
0.0910947315572
0.0910410210557
0.0909694317141
0.0909157599647
0.0908799864315
0.0907905851854
0.0907905552405
0.0907011962696
0.0906297425606
0.0906118830966
0.0906118408215
0.0905582729984
0.0905225699236
0.0904868738947
0.0903976752168
0.0903085100066
0.0902728562528
0.0902015698827
0.0901303134575
0.0900946949329
0.0900590834541
0.0900234790213
0.0899522930545
0.0897034019865
0.0896501036671
0.0895613083639
0.0895258025729
0.0894903038278
0.0894725570974
0.089437068921
0.089242073308
0.0892420010881
0.0892065587097
0.0889233385073
0.0889056481437
0.0888702727009
0.0888172227476
0.0887995429528
0.0886935064589
0.0886758389943
0.0886405093495
0.0884816289934
0.0884463381008
0.088411054254
0.0884101294864
0.0883748526855
0.0883395829304
0.088321950695
0.0883214979993
0.088286238813
0.0882862088681
0.0881980952508
0.088162860725
0.0881452461042
0.0880924128108
0.0880571994225
0.0880395953705
0.088004392551
0.0879691967773
0.0878460688169
0.0877581824282
0.0877230359755
0.0876527694919
0.0876000841613
0.0875123157906
0.087494766344
0.0874772186588
0.0874421285728
0.0873895066549
0.0873369023515
0.0873018404489
0.0872317430657
0.0871967023007
0.0871791845604
0.0869516952565
0.0868817387903
0.0868467684838
0.0868118052231
0.0867244296584
0.0866545647882
0.0866371016532
0.0865498176845
0.0865149143135
0.0864800179884
0.0863753889027
0.0862534076541
0.0862359850328
0.0862185641729
0.0862185588885
0.08620113979
0.0861663068775
0.0861314810109
0.0860096723856
0.0859574837873
0.0859227001957
0.0859053110421
0.0858705380194
0.0857836468567
0.0857662717949
0.0857315269555
0.0857314018917
0.0857311253421
0.0857311165348
0.0856963787413
0.0856963258974
0.0856961955492
0.0856614648015
0.0856441020698
0.0856267410996
0.0855746705193
0.085557316595
0.0854879202737
0.0854358919684
0.0854185521357
0.085418515145
0.0854184975304
0.0854184411636
0.0853837667827
0.0852797964838
0.0852624725044
0.0851758843132
0.0851758790288
0.0851585656181
0.0850720249865
0.0849855389601
0.0849855301528
0.0849854614558
0.0849335863977
0.0849162976475
0.0848298856026
0.0848298468504
0.0847262217981
0.0847089541854
0.0846744242444
0.0846399013492
0.0846398925419
0.0846398308907
0.0846225720853
0.0846053150414
0.0846052991882
0.0845880439057
0.0845362903886
0.0845017956768
0.084226213174
0.0842089966437
0.0841745688674
0.0841401481371
0.0841057344525
0.0840885302525
0.0840197328283
0.0840025374355
0.0839681519344
0.0839681149437
0.0839678524858
0.0839162874451
0.0838819195586
0.0838475587179
0.0838303809398
0.0837616927262
0.0837445237554
0.0836244078952
0.0836243973264
0.0835729397349
0.0835386423068
0.0834700703498
0.0834015265761
0.083401484301
0.0832987364568
0.0832987241266
0.0832985004209
0.0832980582939
0.0832467011057
0.0832462660246
0.083177813847
0.0831607047658
0.083126491888
0.0831263985305
0.0831261536873
0.0831261431185
0.0831259863484
0.0830233970358
0.0830233618065
0.0830232191281
0.0830232067979
0.0830232015135
0.0829206703291
0.0828865067722
0.0828694276359
0.0828523502611
0.082801130467
0.0827499247645
0.0826816769165
0.0823919463503
0.0823749182964
0.082204745207
0.0821197211942
0.0820857232147
0.0820687268671
0.0820007608531
0.0818479434494
0.0818140018367
0.0810194344789
0.0810025491034
0.080968783637
0.0809350252163
0.0808675312741
0.0808169279916
0.0807157760321
0.0806315358699
0.0805978479077
0.0805641669914
0.080530493121
0.0804968262964
0.0804631665176
0.0804463392704
0.0804126900604
0.0803958680976
0.0803454145395
0.0803285996225
0.0802445567441
0.0801605579022
0.0801269685819
0.0800933863075
0.0800765978125
0.080009461447
0.0799088115041
0.0798752750277
0.0798417455972
0.0797914664237
0.0797579546078
0.079741201342
0.0797077000948
0.0796909521134
0.0796742058935
0.079657461435
0.0796239778025
0.0796072386284
0.0795905012158
0.0794901190152
0.0794399490524
0.0794232292544
0.0794065112179
0.0793897949428
0.0793396566863
0.0791893863569
0.0791726929808
0.079139311513
0.0791059370911
0.0790225424307
0.0789725221922
0.0789558517152
0.0789225160454
0.0789225107611
0.0789224861006
0.0788891574767
0.078872495807
0.0788723284681
0.0788556685598
0.0788555998627
0.0784566269417
0.07844001107
0.0784233969597
0.0783901740235
0.0783569581332
0.0782905492516
0.0782241685533
0.0782075773421
0.078157814277
0.0781246477077
0.0781080670652
0.0780914881841
0.0780583357065
0.0780086219624
0.0779920536501
0.0779920483657
0.0779920360355
0.0779257821625
0.0778926649141
0.077876108932
0.0778595547115
0.0778595247666
0.0778429723075
0.0778428912803
0.0777767008199
0.0777601571682
0.077710538543
0.0776774670926
0.077644402688
0.0776278731279
0.0774792145362
0.0774296857457
0.077429671654
0.0774296522779
0.0774296135257
0.0774296011955
0.0773965896348
0.0772976007506
0.0772975743287
0.0771986559031
0.0771821739024
0.0771821580493
0.0771821562878
0.0771821510034
0.0771656707643
0.0768531504018
0.0768367053919
0.0767873826923
0.0767380740845
0.076672359219
0.0766559335851
0.0766066672524
0.0765574167728
0.0764917794116
0.0764753731538
0.0764425659227
0.0763769743595
0.0763441882659
0.0763114092182
0.0762622538576
0.0761967433216
0.0761148934635
0.0760003966672
0.0759840432534
0.075869645099
0.0758369682161
0.075804298379
0.0757716355878
0.075771625019
0.0757552962656
0.075690000628
0.0756899882978
0.0756899618758
0.0756410090834
0.0756409932302
0.0756246785685
0.0756245957798
0.0756245552661
0.0754778166681
0.0754777902462
0.0754614931991
0.0754614843918
0.0754614791074
0.0754614245021
0.0754451292164
0.0754125439295
0.0753962539283
0.0753962345522
0.0753962134147
0.0753799251749
0.0753798705695
0.0753472993743
0.0753472659066
0.0751683013599
0.0751682766994
0.0751357513023
0.0751357319262
0.0750544598276
0.0750544545432
0.075054392892
0.0750543840847
0.075021883348
0.0750056356218
0.0749406640933
0.074940655286
0.0748919438138
0.0747621610497
0.0743250313372
0.0743250207684
0.0742765101029
0.0742764854425
0.0742603187435
0.0741956748469
0.0741956413791
0.074195579728
0.0741955462602
0.074130930547
0.0741309058865
0.0740824603951
0.0740824374961
0.07408241812
0.0740823617532
0.0740823370927
0.074082303625
0.074082277203
0.0740822402123
0.0739692846954
0.0739692706037
0.0739692617964
0.0739369970956
0.073872490593
0.0737596865619
0.0737113626113
0.0737113273821
0.0737113220977
0.07369521705
0.0735504002071
0.0735021449536
0.0734860628049
0.0734860504746
0.0734217394943
0.0733895945729
0.0733895540593
0.0733413498882
0.0733092225815
0.0733092102512
0.0733091996825
0.0733091838293
0.0733091714991
0.0733090957562
0.0733090552426
0.0731005157477
0.0731004822799
0.073068407817
0.0730683673034
0.0730362998864
0.0730362875561
0.0730202564898
0.0730202371137
0.0730202177376
0.0729881608894
0.0729881344674
0.0729880675319
0.0729880587246
0.0729880428714
0.072955993069
0.0729559842617
0.0729399620027
0.0728758958656
0.0728758623978
0.0728758377373
0.07287582893
0.0728117909764
0.0728117504627
0.0728116606282
0.0728116553438
0.0728116394906
0.0728116271604
0.0728116148302
0.0727956084243
0.0727156081013
0.0727155816794
0.072667601214
0.0726516106613
0.07263562187
0.0726196348403
0.072475880159
0.0724758695902
0.07247585726
0.0724439201911
0.0724438162649
0.0723321096246
0.0722683112297
0.0722682812849
0.0722682619088
0.0722523153927
0.0722522960166
0.0722520265129
0.0722520177056
0.0722519877607
0.0722519824763
0.0722519525315
0.0722360077768
0.0722200647836
0.0722200542148
0.0722200277929
0.0722189814844
0.0721233781304
0.0720755931872
0.0720755790955
0.0720755033527
0.0720754927839
0.0720436437881
0.0720436191277
0.0719958606065
0.0719958377075
0.0719958112855
0.0719957989553
0.0719321485233
0.0719320815877
0.0719320763033
0.071932071019
0.0719320657346
0.0719319970376
0.0719319706156
0.0719319565239
0.0719319230561
0.0719319142488
0.0719319036801
0.0719000863906
0.0719000652531
0.0719000353082
0.0718999947946
0.0718999472351
0.0718998961527
0.0718998485933
0.0718998151255
0.0718998010338
0.071899790465
0.0718997569972
0.0718997429055
0.0718996918231
0.0718837858206
0.0718836396193
0.071883535693
0.0718517289723
0.0718516955046
0.0718516796514
0.0718516356148
0.0718516162388
0.0718516109544
0.0718515862939
0.0718515722022
0.0716768105041
0.071660929162
0.0715815594425
0.0711853484939
0.0710746053734
0.0710587909669
0.0710113583162
0.0708533710214
0.0707902278904
0.0707428850743
0.0707113320042
0.0706955581113
0.0706482470015
0.0705694409498
0.0703490626683
0.0703333292891
0.0703175976713
0.0702704133868
0.0702075274293
0.0699719741521
0.069924906124
0.069893536246
0.0698621734137
0.0698308176274
0.0697837989203
0.0697681289536
0.0697211313841
0.0696741479062
0.0696428343949
0.0695802337943
0.0695645867267
0.0694863883794
0.0694082340687
0.0693926063772
0.0692988825032
0.0692832671419
0.0692832618575
0.0692832530502
0.0692832477658
0.0692520223276
0.0692364122507
0.0691583935726
0.0691116020941
0.0690648264687
0.0690492375294
0.0690024830416
0.0689869011481
0.0689245911887
0.0689245260146
0.0688933816037
0.0688778120404
0.0688155566864
0.0687377722827
0.068722220334
0.0686444975815
0.0686444922971
0.0686134112988
0.0685668047738
0.0685357413902
0.0685202123405
0.0684891595256
0.0684736357604
0.0684581137566
0.0684425935143
0.0683340187535
0.0683030082137
0.068302997645
0.0681170999836
0.0680861387647
0.068024239226
0.0679469022337
0.0679005211758
0.0678997126648
0.0678842558351
0.0678839616709
0.0678530532959
0.0677603880606
0.067729507869
0.0676523487843
0.0674366454232
0.0674366313315
0.0672365679922
0.0670061969364
0.0670061757988
0.0669754682305
0.0669601170886
0.0669601082812
0.0669447589007
0.0669140654241
0.0667760531092
0.0667760443019
0.0667607160589
0.0666994224632
0.066607539317
0.0665922304502
0.0665310143587
0.0664851212259
0.0664239544554
0.066408666726
0.0663628158683
0.0663475351848
0.0663322562628
0.066332222795
0.0663169456344
0.066271126483
0.0661642797165
0.066027038922
0.0659965568208
0.0659660817655
0.065935613756
0.0659051527924
0.0659051334163
0.0650869589438
0.0650415678276
0.0650264403913
0.0650113147165
0.0649961908031
0.0649659482608
0.0649205994197
0.064543417546
0.0645283482379
0.0644982149062
0.0644680886204
0.0644530281197
0.0644229124026
0.0643928037314
0.0643476539355
0.0643476451282
0.0643325987192
0.0642874718223
0.0642874383545
0.0642723989914
0.0642122644376
0.0641972338818
0.0641822050874
0.0640920763575
0.0639570409135
0.0639270414529
0.0639120443648
0.0637771780212
0.0637472208357
0.063717270696
0.0636873276023
0.063687315272
0.0636872853272
0.0636723164225
0.0636573492792
0.0636274202772
0.0636124584183
0.0636124284734
0.0635974683761
0.0635825100401
0.0635675534657
0.0635376456011
0.063522694311
0.0634778510096
0.0634629067654
0.0634330235613
0.0633583516611
0.0633284931175
0.0633284737414
0.0632837008984
0.0632240278478
0.0631792919955
0.0630452112639
0.0629856509468
0.0629707648309
0.0628368972362
0.062807161995
0.0627774337995
0.062762572344
0.062703149421
0.0627031441366
0.0626140722839
0.0626140564308
0.062614045862
0.0625843634646
0.062450888676
0.0623767980583
0.0623619841623
0.0623175548044
0.0623027479542
0.0622731395382
0.0622435381681
0.0622435381681
0.0621547833786
0.0620513344725
0.0620365593286
0.0620217859462
0.0620217648087
0.0620217560013
0.0620217154877
0.0620069438668
0.0619774059093
0.0619478749976
0.0619035918411
0.061874078544
0.0618445722929
0.0618298218095
0.061829797149
0.061815048427
0.061815029051
0.0613886125508
0.0613445319624
0.0613445231551
0.0613298325614
0.061329735681
0.061300359778
0.0612709909209
0.0612122796285
0.0611535929966
0.0611242593687
0.0610656150119
0.0610069988385
0.0609923487584
0.0609191353488
0.0608898580877
0.0608895463089
0.0608602760936
0.0608602672863
0.0608602461488
0.0607871120048
0.06075786645
0.0607578470739
0.060757820652
0.0606701368315
0.0606701245012
0.0606700998408
0.0606700804647
0.0606408630933
0.0606262570498
0.0606262447195
0.0605532514927
0.0605532462083
0.0605386507335
0.0605386348804
0.0605386190272
0.0603636389078
0.0603490663321
0.0603490575247
0.0603490381487
0.0603490293414
0.0603344585271
0.0602470882468
0.0602034198405
0.0602032190338
0.0602032137495
0.0602031978963
0.0601595435817
0.0601304495127
0.0601013624895
0.0601013572051
0.0600722772277
0.060072194439
0.0600721697785
0.0600721539254
0.0600576165789
0.0600430809938
0.0600140151082
0.0599704312521
0.059941382981
0.059941360082
0.0599413442289
0.0599268227355
0.0599268104053
0.0598687438081
0.0598687385237
0.0598397149131
0.05982520575
0.0597526969252
0.0597381983309
0.0597380521295
0.0596945686768
0.0596511010772
0.0596366148131
0.0595642134375
0.0595497377422
0.059520791636
0.059520395307
0.0595203759309
0.0595203706465
0.0595197382816
0.0595197012909
0.059476297104
0.059476274205
0.0594762548289
0.0594759113438
0.0594758954906
0.0594758708302
0.0594758584999
0.0594180138469
0.0594179962323
0.0594179856635
0.0594178676456
0.0594177637193
0.0593743947616
0.0593454909304
0.059331041657
0.0593165941451
0.0593021483947
0.0592877044057
0.0592443830074
0.059143387818
0.0591145403536
0.0590136367602
0.0589416123375
0.058927212385
0.0588264690847
0.0587689362105
0.0587545573956
0.0586826950273
0.0586539602965
0.0585821648639
0.058567808948
0.0585247535305
0.0584673703806
0.0584243501924
0.0583670146019
0.0583526851079
0.0583097071948
0.05828106406
0.0582810587756
0.0581808809046
0.0579950695549
0.0579665039244
0.0579379453398
0.0578808545926
0.0578523171455
0.0578523118612
0.05782378146
0.0577382501461
0.0577097479283
0.0576812527563
0.0576527646302
0.0576100474134
0.057595811277
0.0575958024697
0.0573117508572
0.0572833543271
0.0572691587043
0.0571273169708
0.057056458636
0.0569573358807
0.0569431807715
0.0569007260126
0.0568865779492
0.0568865515273
0.0568299768884
0.0568017001378
0.0567592999842
0.0567451695355
0.0566745542824
0.0566463162839
0.0565757521133
0.0565193342445
0.0564911349982
0.0564770380172
0.0564347594045
0.0564206694694
0.0563924948835
0.0563784102328
0.0560553193364
0.0560131974938
0.0559991604026
0.0559149924603
0.0553844629829
0.0553705051574
0.0553286422498
0.0552867951953
0.0552728497001
0.0552310255446
0.0552170870952
0.0552154401282
0.0552015034402
0.0551875685138
0.0551318464226
0.0551039959457
0.0550900733495
0.0550204885518
0.0549926662583
0.0548814581118
0.0548397819191
0.0548397766347
0.0547564753318
0.0547009769463
0.0546732356801
0.0546593676892
0.0546455014597
0.0546454926524
0.0546316281845
0.0545761932115
0.0545623375509
0.054479242339
0.0544238813475
0.0543962105398
0.0543823777782
0.054368546778
0.0543547175392
0.054340890062
0.0543270643461
0.0542994181989
0.0542855977675
0.0542717790975
0.0541199023146
0.0541061047822
0.0540647227537
0.0540509322671
0.0540233565784
0.0539682316228
0.0539544534665
0.0539544340904
0.0539543794851
0.0539268284568
0.0538855168868
0.0538855080795
0.0538717404919
0.0538442106012
0.0538166877563
0.0538166824719
0.0538029236916
0.0537479114696
0.0537204132852
0.0537202565151
0.053706510065
0.0536927653765
0.0536790224494
0.0536652812837
0.0536378042369
0.053596603639
0.0535828730421
