5038
588
893
566
273
5069
5022
95
140
5030
1028
370
458
1768
647
5033
1139
286
8344
543
155
887
80
90
823
613
1806
530
2630
2718
195
1569
851
200
82
128
1672
102
114
353
478
1819
20764
2666
734
136
1528
1588
9129
554
516
1053
1330
4746
7954
2348
76
151
1817
4153
5036
9137
184
2737
78
443
4063
342
91
2753
2215
878
1031
225
93
20805
444
147
3237
8557
308
127
33806
3311
1725
343
686
16625
106
652
133
5020
416
213
301
1507
1304
8556
4880
2939
360
929
1824
520
1
1334
1365
292
56
9135
4152
72
4876
2323
880
232
4398
5053
385
2111
107
920
277
2015
22587
3027
74
1821
314
9500
316
5050
5237
910
1202
1793
1161
6084
939
390
35675
1359
1371
2253
2088
1927
3844
1970
4093
879
2720
2715
2773
960
13634
919
89
802
4262
274
9044
6831
621
5051
4183
5027
10815
79
1046
2736
2728
81
402
2601
876
13633
2271
9861
659
875
109
4154
9132
1813
3174
4618
5023
915
3161
6289
5052
13637
144
2047
6917
30172
8560
8558
13635
192
5042
1233
1000
1470
5057
5070
8032
2947
620
2637
922
5021
928
4621
26576
449
4216
3258
4124
4272
11812
406
1443
8566
54
4737
4755
4904
9504
1935
287
8072
5853
539
5028
9131
950
1323
10281
1027
918
22463
244
188
1833
26142
442
13396
386
7059
9130
26811
948
15198
10280
383
30779
581
2186
10893
8559
4224
8565
28825
1552
1025
4227
101
593
75
10959
1252
255
14862
391
279
9752
2550
35279
1112
5024
18722
172
775
24812
3057
8987
1108
9313
23043
1481
5068
10601
5029
8194
4256
86
26911
5830
16201
1185
3295
716
92
46
694
23873
26854
5150
409
13267
5032
27605
9134
26990
1050
1401
1560
165
18778
26897
4205
13266
560
24464
145
1559
815
1308
585
1087
53
575
1168
6829
12110
1213
2189
215
23648
1628
3354
11547
707
5064
5729
2667
8678
13640
4232
6828
4027
1771
28933
645
1885
23946
30513
239
3334
22319
19815
2723
923
4642
438
24810
1126
1164
3742
9754
24890
592
1061
5061
819
403
21255
19467
121
5557
889
3251
1208
924
8857
6707
21241
212
26584
186
1043
1790
3058
5587
25323
5045
17278
20374
14338
2746
20963
958
205
6009
20183
393
1259
1652
1762
4480
1847
473
492
1765
3318
8071
1030
16202
457
4757
498
551
23960
1234
243
773
11744
2741
5046
521
4536
22063
454
20966
5614
12116
22423
280
32745
10084
6231
2296
29813
1302
2264
1936
2165
764
1118
3200
3253
241
1461
3108
1049
8350
12015
267
367
3128
604
3266
6653
354
853
20919
782
1767
2740
290
368
1783
5049
9136
4677
614
1316
6357
861
6049
6069
20654
25158
4197
9239
12076
12512
13577
25529
28097
974
2294
6681
28509
441
723
1104
10124
11040
3535
4477
8794
14144
14827
1245
3333
6022
7990
20336
531
4121
11190
21236
639
1038
1189
4995
5190
6782
7581
29012
16207
4545
11165
26856
675
3604
8271
13366
112
153
233
1572
1668
2160
3733
7523
7657
12844
24743
264
678
3626
8315
16797
423
824
3906
8340
16210
17181
20157
284
4065
4070
13744
26378
3065
30808
822
1193
4132
6899
16692
1207
4884
9799
15264
477
4534
537
852
4128
5881
6833
7324
615
1354
5971
7720
19325
293
898
1585
4486
4191
1101
5041
7459
26709
2524
3050
14065
1459
1487
3679
13578
134
281
300
11890
1713
4075
7193
7638
26015
1159
2510
4160
7428
1340
6664
11818
14841
17179
2061
2696
5211
15247
1037
1063
1439
5742
1111
1236
2515
2679
3313
5333
425
2516
11494
16978
24467
2263
5518
7551
11191
6876
10897
2385
5202
12676
13630
1137
2580
6982
13987
18861
735
1217
11298
11680
19720
26435
664
1113
1778
2697
22118
5141
13093
18067
18384
1095
1324
2828
4246
4802
5824
6008
8629
11922
16017
16987
19464
19912
20205
26699
30545
27
452
462
504
9079
13432
20051
23364
502
6671
8782
17824
7517
10733
16867
448
700
1350
5279
6738
12329
528
636
2651
3352
5174
5963
7998
9172
13628
420
4142
7651
13585
14886
19840
20353
254
4577
5943
7102
10778
23139
1499
2648
3033
5074
573
812
1781
3016
7516
14055
17832
22359
491
526
751
971
4538
13427
24159
235
315
1102
6509
10032
16781
21680
26163
295
4263
14171
221
3215
4698
7140
11204
16295
505
1966
5990
7541
132
326
1077
2229
3267
5883
6081
7578
7641
1103
1205
4767
7663
9501
13424
17925
30683
3795
4260
5071
6320
15666
20652
24025
544
959
2953
7283
9499
11350
14057
14893
23840
171
1310
9527
13415
26832
408
587
4878
6785
13268
13747
25791
661
673
967
1059
5118
5833
6198
6944
7331
563
2621
2937
3280
4760
5907
13256
513
1891
2254
2703
4560
5716
6242
10245
10330
14036
20692
175
2091
3197
3219
4176
6340
6921
510
1253
1922
2096
4736
14196
20990
666
1198
1734
4451
5170
6258
11016
16216
19355
796
966
1188
1373
1831
2577
3245
4223
16203
419
1048
1384
1899
6735
7530
16782
18617
21582
180
2951
3226
3845
5105
6031
6783
6976
7083
11394
11423
24152
357
682
1162
1697
22201
30184
196
224
446
610
727
753
1798
2270
2509
4349
6175
8016
8694
20220
20632
20669
28873
897
1422
1472
2144
2673
3091
3530
7235
8169
11692
13658
22566
1132
1313
1597
2262
2782
3039
4119
6560
27812
307
1051
2168
2269
3461
4193
6202
6872
8524
8878
364
1055
1076
1686
2680
2943
4752
5748
7721
7927
8103
9358
15323
19721
23869
471
556
1130
1478
1797
1880
2090
3370
5398
7531
7994
11527
12800
1546
1772
2383
2564
3145
3400
5500
5531
10278
10958
23483
23722
508
525
580
917
1106
1191
1615
2436
2620
3246
6909
7993
726
1082
1160
1332
4450
7467
15990
18603
25504
400
760
874
1032
1122
1153
1356
1683
2288
2668
2818
3110
3593
4323
5199
5286
6845
8374
11083
12456
23868
25766
1759
2497
2992
3241
3949
4542
7571
10928
20482
493
548
1458
2060
3297
3649
4237
6734
7437
8029
12542
13631
24650
25080
26033
35732
345
830
907
2276
3904
4639
4699
5276
6518
9534
13756
14876
13
122
1775
2121
2613
3823
4678
4766
9521
11864
13175
19715
27888
481
1105
1190
2579
2610
2770
3043
3127
3635
5026
5787
8031
11077
15166
15201
18719
19249
19876
25595
313
533
778
789
839
1179
2572
3418
3688
4651
5536
6600
7484
10458
13419
14134
16288
17993
19711
27728
28642
34497
642
1592
2560
2868
3129
4218
4735
5315
5799
6488
7784
7848
11117
11827
14189
14577
20820
22385
24153
29101
30201
242
296
355
1607
3080
3107
3271
4681
4697
6048
26817
27149
30862
32840
475
703
1527
2935
3223
3499
5839
10641
12421
15465
16503
19240
19872
20280
20772
22021
22341
22694
29818
29851
30340
34529
35115
118
358
623
1919
2503
2642
3344
4426
4504
4522
6405
9021
9910
9933
12409
13405
14156
18748
18808
166
779
1222
2565
2941
2977
3427
4517
4879
5215
7515
11099
11846
13820
13979
19284
22738
22920
681
1057
1807
3100
3356
3969
5552
5769
6003
7096
7558
8411
11227
13303
14114
14141
15164
17512
18590
19901
23371
29625
561
564
1471
2692
4238
5515
6794
7089
7165
7995
8699
8740
10387
11352
14285
24780
26863
27796
28014
813
1406
3743
4687
6047
6305
6715
7113
7547
9251
12896
16622
18283
19823
22354
23490
24691
25826
382
712
766
1054
1320
2125
2279
3473
4210
4498
4937
5467
7203
8005
8938
12363
13205
13409
14241
16461
23082
156
349
599
603
704
925
1416
1619
1944
2573
3109
3236
4140
4164
7701
10620
11446
11522
12362
13883
14145
15003
18880
19826
20958
23140
27148
506
519
602
805
837
869
1018
1265
2754
4531
4815
6255
9502
9589
10181
13972
14039
15187
16630
16808
19125
23317
26007
362
787
863
940
1221
1291
2216
2635
4220
4644
4680
6063
6143
6193
6702
7103
11631
12354
16496
20626
21580
22321
24889
83
340
890
1818
2700
3035
3364
3518
8850
11115
12434
12482
13748
16710
23288
24811
451
1071
1788
1803
2018
3323
3580
4335
4378
5242
6144
6892
11033
19466
25124
331
2489
2640
2708
2724
3001
3357
3791
3924
4136
4200
5511
6786
6889
7032
9175
10112
10903
12665
13486
15282
17284
18826
19213
21426
23687
154
413
677
871
884
1763
2303
2491
2570
2975
3476
4358
4700
6523
7082
7186
7812
11353
11925
15146
18033
19382
20378
30834
562
842
1549
1642
3966
4684
4740
5212
5339
5681
10560
11214
13421
14155
16318
19685
30329
389
691
1145
1521
1594
1951
3133
5075
5259
5645
6087
6793
7047
7120
8056
8671
10484
14161
14446
15331
16489
16983
17283
17748
21432
22525
23676
25658
26711
27233
500
804
1120
1210
1228
1390
1429
4513
6436
6582
10969
14694
15386
16715
19836
20237
499
708
772
937
1036
1158
1169
2575
2638
3244
3438
4139
6023
6406
7259
7548
7640
9133
10359
21801
28901
33954
418
517
568
860
1171
2398
2622
3171
3836
4288
4505
5702
5733
6131
7007
7468
7553
8767
9292
9474
12350
13413
17642
19548
174
269
378
522
1068
1305
1886
1960
2472
3316
3330
4012
4230
4460
4478
4640
5102
5471
6460
7095
7549
7786
10571
10872
11356
11813
15281
16242
17100
22913
25326
27090
509
758
951
1034
1411
1428
1696
2386
3350
4544
5507
6927
7128
7205
9300
12668
13022
13423
13731
14255
17336
18009
25089
33056
35435
143
230
736
1070
2566
2590
3112
3549
4603
4706
5384
6124
6249
8981
10972
10997
15165
16616
22975
27404
27475
223
252
524
638
934
1084
1086
1387
2487
2922
3729
4459
6056
6654
7527
10384
10414
10441
10841
13796
15601
19126
19186
19307
20964
654
1042
1090
2211
2290
2528
3727
4148
4178
4392
4490
4872
5856
6803
6997
7106
7405
8030
9917
11952
12178
16822
16853
17005
18310
18773
19259
20620
20630
22034
26866
27810
27871
30193
30448
424
657
800
1396
2218
2800
5148
5926
6706
7248
7401
8876
9038
9361
9984
10415
11143
11297
12786
13948
15395
16812
19026
20942
21284
21458
22529
22544
26141
169
578
579
724
867
1176
1238
3379
3437
4852
5988
7155
8193
9959
10412
13984
17893
24700
27837
455
607
817
829
1073
1289
1394
1464
1486
1835
1911
2076
2299
3214
3296
3412
3849
5196
5214
5224
5225
5776
6068
6210
8166
8308
8582
8962
9761
10017
10241
13174
13202
15275
15566
21581
25640
26021
34894
97
731
744
885
991
1760
1953
3292
3899
3994
4820
5248
5490
5498
5920
7188
7611
7999
8543
9357
9886
10405
11031
11252
18600
19149
27952
119
168
229
792
845
1224
1930
2066
2631
3327
4080
4497
4688
7107
7941
8038
9121
11261
12562
12886
14942
15512
17020
17380
18610
23369
28631
336
339
401
653
865
1326
2178
2711
2912
3157
3185
3443
3767
4133
4259
5318
5676
5700
5843
6180
7294
8685
13269
21401
23025
24357
25928
26162
27152
28614
29197
33707
594
808
1097
1154
1413
2142
2420
2507
2652
2785
3143
3470
3541
4499
4510
4791
4920
7183
7821
7975
8220
16972
19962
20659
22541
29761
480
584
633
709
1078
1109
1519
2250
2518
2569
3310
3786
4074
4623
4739
4863
5168
5223
5494
6015
6836
6893
10363
14115
14838
15969
20231
23034
27978
113
115
576
762
930
1116
1665
2320
2576
2959
3104
3546
3644
3673
4221
4240
5172
5287
6020
6205
7520
7552
8354
11085
11430
11773
13161
13665
14396
16085
16788
16998
18115
19310
24832
26803
28623
399
405
545
1292
1357
1436
1674
2486
2793
3230
3915
3933
4129
4652
4728
5100
7268
7457
7607
11273
12465
13724
13923
14067
18656
20268
324
470
596
672
742
770
1044
1300
1524
1800
1815
1883
2603
3378
3487
4014
4611
4689
5308
5395
6088
6328
6790
6920
7216
7312
7512
7736
9346
9960
9967
10214
11678
13884
16443
20238
20448
20471
22446
22757
23383
28979
29885
30434
131
549
595
1196
1287
1303
1318
1409
1430
1660
2571
2608
2771
2878
2886
3186
3210
3480
3841
4144
4293
4556
4650
5195
5666
6072
6373
6550
7255
7544
7615
7800
7962
8335
8372
9337
9909
10376
13147
13922
14170
14686
17253
20052
24426
27721
28514
34764
178
271
322
590
969
1023
1045
1312
1442
1892
1939
2593
2751
3169
3263
3294
4174
4185
5035
5192
5778
5948
6274
7176
7532
7985
9076
9211
10065
11968
12327
14256
14703
16191
16498
18279
18852
20618
23101
23690
24751
35648
149
688
1083
1148
1170
1657
1742
1989
2011
2057
2300
2316
2633
2690
2993
3147
3324
3386
3596
4092
4691
4838
5660
6500
10053
10603
11718
12090
12476
13707
20177
21136
23421
34751
35390
85
312
606
946
1515
1654
1689
2251
2595
2784
3021
3038
3290
3399
4170
4305
4496
4515
4615
4692
5076
5351
5749
6522
7397
7700
8602
9174
9193
9366
9921
10015
10374
12608
14219
14870
16618
18020
18079
18757
18991
19764
20931
24182
24221
26612
35738
484
909
1297
1315
1425
1823
1996
2706
3032
3276
3492
3970
4549
4616
4703
4758
4778
4866
5220
5368
5406
6376
6811
7559
7748
8264
8684
10248
12770
13404
13735
16844
17040
24869
26660
26713
28636
88
299
541
628
631
733
794
1204
1215
1578
3188
3240
3259
3430
4115
4236
4476
4519
5015
5277
5935
5998
6092
6986
7009
8561
9958
10040
11825
12195
13154
13746
14287
15173
15913
16031
17187
18803
18989
20616
24059
25325
26851
33209
780
803
882
1601
1602
1909
1937
2252
2588
2628
2790
3115
3192
3367
3959
4161
4645
4769
5684
6789
7545
7802
7997
8081
8668
9751
11799
12415
12675
13002
13265
14296
14594
17085
20821
20939
22085
23456
23706
24167
26812
27208
28515
28617
31487
35263
84
291
338
769
1152
1457
1856
1875
2479
2599
3151
3317
3325
3460
4370
4383
4564
4827
5145
5761
5934
5941
6391
6898
6957
7292
7302
7382
9370
9981
10334
10379
10797
10843
13743
15981
19374
19786
22422
26677
26970
27719
27867
28587
33169
245
547
625
656
684
784
895
1091
1296
1663
1828
1898
2268
2308
2471
2817
2936
3247
3368
3826
4057
4226
4847
5110
5964
6024
6271
6854
6862
6973
7400
8294
8698
8884
9496
10960
11041
11453
12318
13096
14180
14301
14701
17240
17501
18000
21328
21854
26818
27313
384
558
931
1143
1596
1716
1841
2098
2176
2654
3093
4587
5509
5556
5705
6080
6517
6951
6998
7668
8489
11048
12082
13160
13983
15144
15513
16098
16481
17128
19475
20928
21319
23786
27170
29040
687
873
1092
1099
1110
1517
2099
2256
2260
2354
2424
2519
3015
3036
3064
3792
4390
4405
4552
4559
4572
4776
5450
6283
6447
7385
7521
7983
8001
8212
8391
8650
10367
10915
11671
12020
12559
13113
13666
14126
17289
17565
18657
20985
21336
22035
25507
26048
26090
29923
31488
398
626
1056
1150
1307
1380
1455
1586
2041
2110
2623
3008
3141
3208
3417
3565
3943
4071
4195
4453
4524
5142
5217
5246
5428
5928
5960
5977
6890
7730
8326
8341
8353
8695
9009
9389
9524
9549
10247
11598
11669
11704
11760
14402
14427
14646
14913
17072
19643
20288
21347
21350
22743
26384
27876
28719
29169
99
429
527
555
914
949
1033
1127
1135
1195
1871
2512
3815
4017
4671
4787
4868
4921
5010
5210
5243
5314
5415
5696
5713
5727
6410
7195
7246
7269
7277
7538
7969
8325
8529
9449
11043
11619
11762
12169
12521
12944
14880
15697
16472
17124
17167
17268
17582
18567
19018
19525
19877
21026
23030
24063
25488
27962
28191
29283
32237
263
372
465
618
696
838
1052
1532
2578
2664
2956
3711
3793
3802
4146
4396
4529
4716
4726
5088
5301
5316
5987
5997
6111
6150
6948
6958
7991
8546
9101
9113
9230
11284
11934
12323
13967
13973
14269
14353
14851
16236
16573
16691
16737
16748
17037
17185
18759
19862
20248
20645
20856
21101
22352
22565
23363
23387
24186
24214
27194
176
183
319
515
570
616
719
855
913
1026
1410
1523
1853
1894
2563
2646
2699
3345
3388
4629
4723
4864
5677
5695
5916
6176
6196
6279
6674
6798
6800
6830
6855
6918
7177
7451
7680
8085
8553
8572
8710
8808
9268
9350
9535
9721
9839
9896
9922
10825
10826
10859
10881
10949
11679
12200
12417
12514
12687
13230
13671
14167
15672
16296
17337
17921
18184
18387
18810
18962
19221
19453
19647
21027
21521
21637
21708
22207
22562
22776
22777
23306
24011
24151
24819
24944
26009
26320
26432
27411
27507
28041
28103
28593
28639
28935
29296
29440
29849
31417
32875
32877
33003
33367
34401
34531
35001
35413
35481
35761
35778
36597
36608
142
309
485
488
559
1079
1166
1333
1508
1656
2118
2493
2604
2931
3138
3465
3721
4049
4547
4588
4600
4682
4714
5300
5405
5632
5946
5994
6085
6250
6327
6452
6926
7218
7244
7535
7605
7785
8186
8912
9452
9953
11667
11937
12077
12720
13627
14228
14275
14528
15286
16026
17046
17098
17153
17421
17739
18288
18472
18473
19260
19278
19283
19664
20208
20624
20643
20923
24377
25744
30483
33860
5
219
430
436
872
1328
1616
1653
1670
1814
1918
2583
2705
2814
2816
2837
3105
3234
3285
3486
4059
4083
4578
5270
5451
5939
6060
6303
6936
7074
7300
9258
9579
10096
10734
11213
12747
13422
14002
14268
15112
15260
15267
15410
17211
18721
19744
20318
21721
22226
22329
22787
23518
24695
25082
25085
26040
26161
26372
26529
26849
28611
28794
32065
260
388
404
660
699
820
1180
1389
1810
2071
2265
2476
2972
3160
4376
4393
4397
4530
4561
4601
4793
4947
4970
5090
5201
5343
5478
5709
6109
6189
6891
6959
7014
7388
7503
7945
8392
8760
10174
10827
11243
11809
13272
14001
14049
14580
14752
15179
15195
16887
18088
18746
20918
21398
21488
23362
28072
29288
546
624
818
903
1344
1388
1404
1541
1770
2257
2585
2612
2701
2911
3081
3272
3968
4182
4243
4569
4643
4800
4991
5252
5460
5476
5780
5809
6316
7156
7492
7655
7679
8026
8440
9932
10487
10521
10842
11113
11228
11785
12180
12587
12696
12708
13639
13745
14394
16892
17314
17394
19130
19921
19925
20884
21662
22117
23881
24643
24670
24693
25724
26332
35232
35488
36078
228
261
550
582
713
745
945
1081
1128
1347
1691
2267
2511
2910
2980
3111
3342
3731
4241
4352
4462
4946
5274
6641
6645
6864
7168
7387
7432
7816
7890
7939
8236
9154
9829
9869
10922
13203
13233
13740
14229
15120
15271
15330
16343
17481
18123
18601
18697
19258
19681
20257
20579
20608
21425
21828
22047
24475
27435
30187
35639
138
146
828
1163
1175
1288
1339
1467
1483
1787
1862
2092
2272
2676
2760
3075
3209
3435
3552
3699
3748
3827
4131
4854
5264
5303
5456
5779
6007
6307
6443
6491
6677
6903
6960
7144
7593
7597
7815
8062
8099
8177
8469
9298
9344
10833
10941
11014
12155
12436
12757
13028
13226
13569
13737
13928
14029
14231
16437
17541
18725
19761
20611
20668
21119
21423
22115
22911
23105
24684
25669
26217
27037
27225
27490
27758
34618
35546
347
374
459
479
674
1432
1448
1475
1873
2305
2916
2986
3118
4175
4203
4365
4586
5025
5726
6135
6834
7618
7683
8206
8579
8776
10803
11648
12148
14923
16204
16700
17113
17498
18632
19484
20661
22016
22024
22238
23392
23450
26617
26831
27967
31633
32166
34104
34752
236
426
490
670
905
1114
1178
1186
1255
1490
1707
1723
1852
1893
1903
2046
2469
2567
2615
2725
2748
2954
3005
3066
3122
3288
3394
3448
4087
4103
4306
4307
4395
4440
4594
4747
5285
5435
5464
5708
6486
6851
6912
7105
7303
7326
7533
7692
8021
8467
9008
9417
10111
10302
10534
10574
11229
13568
13579
14035
14052
15380
15839
16480
16646
16813
17116
18474
18714
18835
23076
25164
25761
25864
32676
35362
55
246
250
318
466
989
1142
1246
1351
1367
1441
1845
1895
1934
1971
2234
2494
2592
2743
2854
3117
3126
3182
3264
3377
4066
4097
4274
4539
4563
4853
4886
5722
5985
6018
6449
6546
6815
6869
7952
8888
9295
9578
