5038
588
893
566
273
5069
5022
95
140
5030
370
1028
647
1768
1139
458
5033
543
286
8344
155
887
613
80
823
90
1806
2630
530
2718
195
1569
128
82
200
478
851
20764
102
1672
114
2666
554
516
353
1053
136
9129
1819
734
1528
1588
1330
4746
5036
76
4153
9137
4063
1817
2348
184
2737
78
151
91
342
443
2215
3237
308
878
225
343
147
2753
20805
8557
444
93
33806
8556
7954
3311
127
1725
1031
5020
133
301
686
16625
652
106
213
1507
1304
4880
360
2939
1824
929
416
1
9135
1334
520
72
56
1365
4152
880
4876
232
5050
292
1821
3027
4398
920
385
107
5053
74
277
2323
22587
314
316
2111
9500
1202
910
5237
6084
1793
2015
621
1161
390
35675
1371
939
2088
1359
2253
3844
1970
2720
960
1046
919
2715
13634
81
2773
802
1927
6831
4093
89
4262
9044
274
659
5051
79
2736
4183
5052
2728
4154
144
879
9861
10815
875
5027
13637
876
4618
13633
6289
109
402
2601
5023
6917
8560
1470
3161
9132
1233
3174
192
915
5057
2271
30172
1000
8032
13635
2047
2637
1813
5021
5042
922
8558
5070
26576
1443
4621
928
386
4124
54
449
620
3258
4272
9504
4904
1027
406
4216
918
4755
188
287
442
11812
2947
4737
5028
22463
539
1935
14862
244
255
9130
5853
9131
10281
950
26142
8566
13396
101
15198
7059
1323
26811
10893
8565
581
2550
8072
30779
75
2186
391
1552
1833
4227
28825
1025
9752
4224
10280
948
1252
8987
26897
1481
279
383
1771
5024
86
172
35279
575
775
10959
3295
8559
694
4480
23043
593
1401
4256
5830
18722
23873
46
3057
8194
165
1185
10601
26911
409
1112
1308
4205
13267
5150
560
1560
9313
24812
26990
92
13266
16202
27605
5068
24464
9134
145
707
1559
5032
5587
4027
5029
815
1087
1108
16201
23648
53
1061
5729
6828
438
3354
6829
1208
18778
773
716
1050
215
585
1628
11547
13640
923
924
2667
5064
239
4757
241
5061
8678
12110
23946
26854
30513
24890
28933
3251
4232
592
645
22319
24810
1164
1885
3334
3058
4121
4642
6231
5557
26584
457
492
1043
1847
6653
6707
19467
186
205
974
2723
25323
1234
1652
2746
9754
21255
3604
121
1111
1762
17278
212
473
14338
19815
20374
393
1213
1783
1790
8857
11744
12116
20963
21241
1259
819
824
5045
22423
889
2189
4534
454
1461
1316
3742
6009
14827
16978
20966
9239
29813
32745
281
4536
6049
20183
403
958
1207
16207
23960
368
604
664
1030
1236
4677
12015
425
521
782
1302
1354
4538
6357
264
615
751
1668
1936
3253
5518
9079
20654
20919
26856
678
853
1126
2160
2741
5046
6022
7657
7990
10124
11165
12512
13577
16692
20336
22063
25529
28097
28509
1137
1168
1765
2296
3091
3266
3333
3626
6681
8794
10084
153
280
293
675
852
2651
3200
3313
3535
3906
4197
4477
5049
8071
12076
18603
21236
573
1245
2165
5074
9136
12844
13366
300
423
452
551
861
1713
2828
4545
5824
5881
6069
7638
11040
13744
16203
17181
26015
26378
221
233
367
419
1104
1767
2061
3108
3733
4065
5614
8271
15264
20157
25158
462
666
764
1193
2294
3318
4132
5333
5742
5943
6193
12676
19325
30808
112
254
1217
2696
4752
4995
5190
5211
7459
11350
15247
17179
29012
267
477
1585
2264
7193
7581
7998
11190
11298
11818
11890
16867
24743
134
504
1063
1422
1572
2524
2573
3050
3065
3128
5141
5279
6982
9799
14144
26435
26709
491
531
778
1190
1487
3110
3219
4160
6833
7523
7651
8315
13630
14065
26163
1340
2091
2515
2580
3039
3370
4142
5907
6198
7102
8350
10897
13432
16797
19720
498
898
2679
2740
3033
3129
3245
4070
4767
5716
8694
17824
243
587
614
766
1077
1082
1118
1313
1607
1891
2254
2385
2631
2941
3197
4802
4884
5174
5990
6008
6081
6782
6876
6899
7641
8340
8629
11494
11922
16017
16987
18067
18384
18861
19464
19840
19912
23317
24467
26699
26832
30545
175
420
441
636
1051
1439
2782
3352
3679
4128
4191
4736
5202
7517
11680
13585
13628
13987
14886
22118
30683
290
526
537
576
907
1037
1049
1373
1384
1499
2096
2144
3127
4075
4246
4260
4651
6671
6738
6944
7248
7467
8782
9499
13658
14893
20051
20205
22359
224
681
959
1095
1778
1831
1966
2697
2953
4486
5286
6242
6785
7516
10778
12329
13256
14055
21680
25791
122
735
753
1101
1472
1527
1922
1944
2668
2703
2935
3688
4451
4698
4766
4878
6509
6921
6976
7331
7663
9358
10928
13093
13415
13427
15666
17893
19355
20990
22201
27148
27
822
1032
1057
1071
1188
1332
1459
1619
1772
2263
2303
2751
2937
3949
4560
4681
5536
7140
7927
10958
11423
13747
14036
14171
17832
19284
19901
20220
196
364
513
639
787
1038
1162
1205
1326
1734
2288
2516
2579
3043
3226
3530
4176
4263
6258
6320
6405
6735
7083
7720
7784
13424
17925
18617
18880
19721
20692
22566
132
156
235
307
358
528
533
580
724
726
1159
2262
2620
3016
3344
4223
4335
4542
5041
5071
5105
5215
5833
6202
6664
7283
7324
7530
7531
9527
10032
10330
10903
11191
11352
11692
15323
16216
16295
16710
20652
23364
23483
23869
24025
24159
13
509
561
673
703
839
1153
1228
1350
1356
1458
1697
1807
2168
2503
2510
2608
2610
2648
2754
2951
3271
3743
4193
4349
5963
5971
6340
6518
6909
8878
11353
11527
12363
13578
14196
16781
20353
27812
28873
118
354
408
510
578
682
696
700
727
817
897
1076
1084
1102
2491
2564
2673
2770
2943
3035
3795
4496
4577
4735
5199
5883
7165
7578
7640
7721
8103
8169
9501
10374
11827
12542
13268
14876
16622
16715
16782
19876
20669
23840
25504
30201
166
284
315
481
544
584
745
812
1036
1105
1122
1160
1253
1781
2276
2398
3241
3280
3461
3593
3635
3791
4450
4544
4678
6872
7235
7541
8524
8767
9251
9521
10245
10733
11016
11204
11631
12362
13419
13631
14189
14241
14577
15990
21582
23139
23722
26033
27888
30184
35732
180
326
500
508
525
570
610
966
1034
1059
1324
2090
2269
2497
2509
3649
3904
4639
4680
5170
5315
5531
5748
6023
6047
6175
7812
8031
8374
9172
9534
10278
10415
11813
12350
12354
14141
14285
16288
16461
20482
21580
22021
23868
24152
25124
242
263
295
400
505
723
796
1055
1106
1110
1120
1132
1145
1387
1406
1416
1546
1803
2436
2613
2692
3080
3323
3427
4119
4210
4879
5118
6031
6892
7544
7558
8016
8699
10458
10641
11083
11394
11446
12896
13175
13756
13820
14134
14841
15187
19711
20632
22385
24691
25766
26007
28642
29101
522
563
654
813
869
1224
1686
1759
1798
1818
2121
2229
2472
2640
3109
3145
3223
3350
3356
3473
3499
3823
3845
4504
4700
5733
5787
5839
6056
6144
6560
6600
6815
7096
7113
7553
7701
8029
8659
8740
8850
9300
9933
11099
11846
12409
12421
12434
13205
13303
13409
14057
14114
15003
15465
16503
16808
17512
18808
19240
19872
20280
20620
20772
20931
22341
22354
22694
22920
23490
24780
25080
25595
26866
27796
29625
29818
29851
30340
30862
34497
34529
35115
331
355
413
451
661
779
794
871
882
971
1103
1113
1189
1191
1289
1657
1899
1960
2018
2250
2383
2560
2818
2922
3038
3296
3418
3476
4490
4517
4522
4699
4747
4815
5276
5511
5681
5702
6734
7428
7549
8005
8648
8938
9337
11117
13421
13486
13883
16210
16496
17167
17642
17993
19466
20820
22321
28014
271
349
399
424
446
456
762
792
820
842
845
885
917
925
1042
1116
1303
1310
1464
1592
1683
1815
1919
2570
2572
2621
2642
2708
3133
3215
3297
3379
3400
3924
4178
4323
4358
4426
4684
4697
5242
5856
6003
6007
6087
6249
6255
6305
6488
6702
7047
7405
7484
7548
7993
7994
7995
9361
9502
10844
11077
11522
11864
11952
12800
13202
13731
13979
15164
15165
17283
17748
18283
18590
19249
19823
19826
20626
22738
22913
23687
25658
27233
27475
27728
475
548
556
595
760
789
967
1056
1109
1300
1471
1549
1594
1597
1674
1797
1880
1911
1953
2218
2299
2528
2576
2724
3001
3143
3234
3357
3438
3994
4080
4136
4148
4174
4220
4237
4288
4459
4505
5026
5212
6072
6180
6793
7089
7457
7571
7821
9589
9909
10384
11031
11214
12482
13423
13748
13972
14145
14694
14942
15146
15179
15566
15601
16616
16822
17284
18719
19126
22525
22541
23676
24357
25089
27404
27962
30834
32840
35435
168
169
313
357
455
465
471
499
603
624
895
951
1130
1305
1320
1411
1413
1521
1615
1841
2046
2125
2270
2507
2599
3107
3185
3324
3412
3518
3549
3849
4140
4185
4293
4510
4515
4615
4645
4760
4820
4827
5467
5500
5645
5776
5799
5920
6706
6783
6790
6960
7009
7032
7120
7205
7255
7312
7551
7711
7786
7848
7941
8326
8561
9021
9886
10112
11430
13174
15166
15331
15969
16489
19548
20958
20964
21544
21581
23288
23456
25826
26141
33954
230
245
322
340
389
502
519
562
579
607
642
657
874
934
1068
1196
1221
1265
1306
1394
1653
1691
1763
1788
1883
2176
2279
2628
2664
2680
2972
2975
2993
3236
3259
3364
3378
3933
4074
4164
4378
4392
4497
4838
5270
5277
5318
5339
5700
5948
6015
7107
7188
7552
7736
7962
7999
8193
8876
9174
9292
9357
9910
9917
10214
10387
10414
10571
10872
10969
10972
11227
12178
12665
13147
13665
13735
14156
14446
15281
15386
16318
16630
18033
18748
18826
19026
19213
20177
22544
22975
23140
23421
24153
28515
33056
84
171
174
229
339
345
382
418
506
549
599
618
623
653
1048
1073
1163
1425
1428
1519
1892
2076
2211
2320
2386
2571
2577
2595
2700
2705
2785
2817
2931
3112
3171
3294
3437
3727
3836
4012
4092
4133
4144
4200
4218
4238
4601
4603
4623
4687
4688
4847
4920
5398
5515
5769
5926
6018
6063
6131
6143
6328
6523
6845
6855
6889
7216
7547
8962
9076
9121
9295
10181
11033
11598
11678
11925
12082
12327
12456
13265
13413
13707
13948
14170
14175
14296
15275
16812
16853
17100
18310
19125
19382
21136
21545
22034
23076
24650
25640
26021
26803
26851
27810
27837
28631
28979
30434
97
154
362
688
712
772
780
805
829
863
884
890
1054
1079
1222
1238
1429
1442
1642
1760
2060
2098
2216
2234
2290
2420
2566
2635
2800
2868
2912
3082
3141
3188
3244
3247
3263
3267
3316
3417
3899
3969
4460
4478
4498
4530
4640
4778
4791
4937
5145
5148
5196
5490
5494
5695
6038
6048
6376
6582
6715
6803
6918
6951
7074
7103
7186
7203
7246
7268
7326
7397
7515
7545
7800
7975
8001
8030
8056
8308
8335
8372
8671
9579
9967
10017
10376
10484
10560
10620
11825
12465
12786
13269
13984
14256
14703
15201
15512
16085
16972
18020
18115
18600
18773
19149
19307
19310
19715
20231
20238
20471
21426
21458
24221
24700
24751
24889
26161
26711
28611
28901
29761
30329
35390
261
296
372
429
547
633
731
808
867
946
1170
1195
1198
1204
1296
1318
1455
1578
1602
1647
1835
1898
1951
2256
2316
2424
2519
2565
2578
2910
3021
3210
3292
3310
3330
3386
3460
3470
3541
3841
4259
4549
4587
4650
4706
4739
4863
5035
5195
5210
5259
5301
5666
5934
5998
6020
6205
6279
6436
6522
6786
6794
6811
6862
6998
7128
7155
7401
7451
8166
8220
8411
8543
9038
9175
9366
9474
9761
9921
9958
10334
10826
11041
11043
11115
11143
11261
11718
12090
14035
14155
14838
14870
16242
16443
16472
16618
16700
16998
17336
17380
19836
20659
20923
20942
20997
21284
21336
21497
23034
23082
23690
24832
24869
25326
25928
26677
26812
27149
27313
27721
27952
30448
33707
34618
34764
34894
35738
131
223
269
338
378
384
542
555
586
656
691
704
713
744
758
784
973
1018
1070
1143
1148
1150
1210
1287
1291
1292
1357
1396
1485
1770
1918
2057
2487
2512
2593
2633
2690
2886
3032
3104
3115
3214
3240
3367
3368
3546
4059
4169
4240
4306
4307
4519
4652
4716
4740
4744
4864
4872
5168
5223
5224
5287
5395
5507
5676
5677
5705
6210
6283
6460
6500
6550
6654
6997
7184
7259
7385
7468
7532
7700
8038
8085
8322
9133
9449
9524
9896
10040
10412
10441
10997
11056
11773
12886
13002
13154
13422
13569
13796
14126
14180
14255
15144
15282
15913
15981
16031
16098
16191
17020
17040
17253
17289
18000
18079
18279
18656
18852
19475
19643
19786
20237
20268
20288
20378
20611
21401
21432
22529
23383
25505
26660
27090
28636
29885
35263
35648
146
252
324
336
404
480
517
524
606
658
677
708
736
860
865
914
937
949
991
1023
1088
1362
1395
1524
1596
1660
1775
1809
1852
1873
2075
2477
2486
2518
2603
2622
2638
2699
2706
2743
2837
2878
2959
2980
3093
3147
3186
3345
3430
3448
3486
3729
3792
3793
3966
4203
4383
4476
4513
4531
4559
4588
4616
4921
5102
5172
5192
5243
5308
5384
5406
5438
5638
5660
5696
5749
5779
5916
5928
6373
6517
6926
7105
7195
7292
7437
7577
7748
7945
8214
8240
8354
8489
8710
9230
9984
10053
10248
10359
10603
10797
10841
10849
10915
11284
11760
12476
12575
12608
12668
12675
12687
12770
13022
13161
13404
14115
14161
14229
14287
14396
14402
15271
16104
16640
16727
17128
18387
18645
18746
18757
18991
19685
19962
20052
20318
20618
20630
20821
21801
21854
22085
22565
22757
23101
24182
24811
26713
26970
27152
27170
33169
34752
35546
143
236
398
405
467
493
559
564
628
672
733
770
800
828
830
837
909
945
1078
1099
1152
1180
1211
1297
1368
1380
1515
1532
1894
1909
2070
2092
2142
2178
2251
2493
2783
2793
2936
2992
3015
3233
3246
3276
3399
3443
3552
3644
3767
3943
4017
4129
4556
4572
4691
4703
4726
4769
4800
4852
4854
4885
4947
4991
5100
5248
5300
5307
5316
5368
5809
6060
6092
6124
6176
6274
6391
6406
6854
6898
6920
7082
7106
7303
7611
8212
8391
8529
8650
8981
9193
9211
9298
9467
9496
9932
9960
10015
10363
10367
10405
11048
11252
11356
11453
11799
12155
12318
12415
12559
12562
13405
13666
13743
13746
13773
13884
13983
14029
14067
14219
14222
14301
14594
14686
14701
15112
15173
15513
16236
16498
16691
16748
16844
17005
17085
17921
18835
19186
19258
19278
19283
19525
19764
20448
20928
21423
22422
23369
23371
23373
23786
24377
24426
24776
25488
26672
27719
27781
27867
27876
28587
28614
28619
28719
29040
29169
29283
29923
31488
32237
32753
33209
34751
85
115
149
173
178
193
217
228
374
469
527
568
582
594
676
719
930
931
940
1045
1083
1090
1096
1146
1154
1169
1175
1328
1393
1410
1448
1478
1523
1667
1696
1716
1800
1871
1886
1996
2011
2029
2118
2265
2569
2585
2590
2596
2612
2619
2686
2711
2725
2760
2847
2916
3118
3208
3209
3230
3317
3480
3492
3523
3673
3915
3959
4014
4049
4071
4084
4103
4167
4230
4376
4499
4547
4643
4689
4723
4787
4793
4866
5076
5142
5214
5225
5428
5552
5761
5782
5935
5988
6080
6085
6303
6313
6447
6486
6674
6836
6901
6903
7187
7294
7512
7520
7615
7668
7939
7985
7986
8025
8081
8264
8353
8467
8685
8695
9216
9517
9548
9751
9981
10096
10241
10247
10799
10843
10949
10988
11014
11085
11243
11273
11619
11762
11968
12195
13230
13745
14039
14221
14231
14269
14646
14851
16573
16737
17046
17072
17187
17498
17541
18009
18759
18856
19018
19862
19877
20608
20661
20856
20985
21119
21347
22159
22352
22743
22857
23030
24059
24063
24595
25082
26090
26342
26372
26384
26612
26817
26818
27208
28623
5
119
142
176
265
346
401
448
596
660
668
709
771
803
816
818
855
862
872
913
1052
1081
1135
1158
1167
1333
1367
1370
1432
1436
1438
1457
1467
1484
1490
1662
1689
1856
1862
1917
1997
2040
2041
2071
2099
2257
2308
2479
2488
2489
2502
2563
2575
2583
2652
2659
2784
2816
2856
2911
2956
3138
3151
3192
3327
3377
3388
3477
3487
3528
3565
3580
3581
3721
3786
3802
4057
4139
4146
4170
4221
4226
4352
4629
4644
4671
4682
4714
5017
5075
5149
5217
5351
5465
5478
5497
5509
5556
5727
5939
5946
5960
5987
5994
5997
6024
6196
6209
6250
6491
6596
6669
6750
6789
6800
6830
6936
6948
6957
6959
6986
7007
7095
7122
7183
7200
7244
7387
7400
7559
7605
7680
7802
7997
8294
8440
8495
8553
8582
8655
8698
8752
8808
9101
9113
9535
9549
9616
9721
9839
9922
9953
9959
10065
10186
10212
10305
10345
10379
10487
10542
10859
10881
11071
11213
11297
11667
11671
11679
11934
11937
12020
12169
12202
12291
12417
12514
12696
12708
12720
13096
13113
13203
13417
13639
13671
13922
14052
14167
14353
14434
14528
15260
15267
15286
15410
15672
15921
15953
16026
16296
16641
16788
16846
16892
17185
17211
17421
18056
18088
18184
18288
18441
18472
18473
18610
18697
18810
18815
18962
18989
19221
19374
19453
19647
19664
19681
19744
19921
20579
21026
21027
21328
21425
21521
21637
21708
22032
22035
22117
22207
22226
22329
22562
22776
23021
23023
23058
23197
23306
23362
23363
23451
23881
23886
24011
24151
24186
24214
24670
24911
24944
25085
25302
25724
25744
26036
26320
26432
26863
27194
27411
27507
27870
27871
28041
28072
28103
28593
28639
28935
29296
29440
29849
30483
31417
32875
32877
33003
33367
33860
34104
34401
34531
35001
35232
35413
35481
35488
35639
35761
35778
36597
36608
73
99
108
113
226
312
381
484
490
515
546
602
616
625
768
838
905
1026
1033
1086
1098
1133
1141
1166
1174
1179
1295
1315
1361
1388
1390
1409
1475
1486
1535
1538
1541
1586
1670
1723
1857
1875
1930
1937
1976
2260
2305
2623
2717
2781
2814
2854
2860
2924
2986
3066
3111
3122
3126
3272
3285
3319
3325
3342
3514
3525
3596
3671
3680
3896
3970
4162
4195
4305
4390
4395
4405
4453
4520
4521
4546
4564
4586
4594
4853
4938
4946
4952
4970
5015
5025
5144
5220
5299
5302
5405
5417
5471
5498
5505
5775
5984
6068
6088
6117
6429
6445
6645
6677
6801
6867
6890
6927
6973
7008
7119
7177
7269
7277
7510
7526
7540
7772
7816
7952
7969
7983
8051
8325
8341
8572
8714
8884
9008
9268
9346
9417
9452
9954
10243
10534
10734
10803
10825
11032
11049
11080
11113
11194
11228
11230
11286
11669
11821
12148
12200
12587
13128
13160
13584
13627
13724
13923
14228
14275
14580
14829
14923
14974
15300
15380
15478
16198
16204
16480
16481
16887
17098
17153
17160
17236
17268
17314
17337
17488
17582
17739
18612
18657
18721
18803
19484
19700
20248
20352
20884
21319
21350
21398
21488
21662
21721
22223
22466
22596
22777
22911
23025
23097
23387
23518
23706
23971
24475
24643
24688
24695
25163
25305
25761
25864
26831
26849
26940
27037
27490
27967
28191
28617
28794
29197
29600
30193
32065
32676
35667
36078
55
88
183
203
250
309
436
459
466
541
611
622
674
699
804
936
943
969
1040
1107
1128
1171
1231
1331
1339
1344
1389
1430
1441
1483
1548
1565
1566
1663
1665
1707
1810
1814
1914
2252
2261
2626
2676
2745
2771
2841
3036
3064
3105
3157
3162
3169
3179
3288
3289
3426
3491
3572
3624
3815
3826
3842
3922
4083
4087
4182
4236
4243
4275
4294
4297
4317
4374
4396
4440
4529
4539
4600
4683
4728
4745
4756
4776
4828
4911
4939
5082
5194
5208
5285
5303
5343
5344
5451
5456
5466
5722
5725
5726
5745
5780
5941
5964
6307
6316
6443
6452
6557
6633
6838
6864
6868
6869
6891
7176
7237
7302
7308
7357
7372
7382
7503
7655
7658
7730
7753
7833
7873
7876
7888
8026
8044
8062
8160
8219
8417
8579
8602
8668
8684
8705
8709
8763
8833
8888
9009
9258
9578
9620
9789
9809
9829
9869
10111
10317
10574
10585
10613
10708
10833
10855
11216
11259
11299
11564
11648
11704
12323
12347
12436
12521
12674
12757
13226
13474
13579
13674
13740
13776
14001
14002
14268
14394
14427
14880
14951
15167
15248
15330
