0.928385104888
0.91164791245
0.895849367923
0.882027296575
0.8713573299
0.863121675628
0.855089811949
0.847040911408
0.838812789148
0.832302402426
0.82689641191
0.820486211867
0.81249546952
0.804224582483
0.798910698819
0.791079048204
0.78255048921
0.776681086207
0.771146408556
0.764489626722
0.759464108491
0.754919203426
0.750439335063
0.745511567409
0.736164988952
0.731995095639
0.728444789564
0.723438490646
0.719355220754
0.714330183402
0.709272921864
0.705528958888
0.699410724706
0.695890943007
0.690456355155
0.686467399226
0.683029437442
0.679746908831
0.676325850037
0.67276748175
0.6698982855
0.666792891278
0.662245146735
0.659061184258
0.656461833429
0.653339814528
0.650225230757
0.647547843635
0.643970784475
0.639169822714
0.636089251015
0.633819126254
0.630704517823
0.62562490157
0.623232982276
0.621219812556
0.618509591781
0.615805271904
0.612595956703
0.609533924393
0.606895590646
0.603571088156
0.600899741088
0.598234250881
0.596445243063
0.593835385113
0.59113999761
0.588951691001
0.586994722491
0.584904834052
0.582592141799
0.580464906842
0.577349102379
0.575096423139
0.573162646038
0.570783636499
0.568275356782
0.56630842192
0.564478657393
0.56229576728
0.560028279428
0.557898345911
0.555595516084
0.553120933137
0.550519743341
0.548715690876
0.545510959
0.543146411065
0.541223502185
0.539478356535
0.537823075396
0.536474602197
0.534780538947
0.532439390274
0.530794952696
0.528505686127
0.52669506517
0.523684384763
0.521839154599
0.519825993687
0.517304418455
0.515811412009
0.513809964819
0.51206719362
0.510157786347
0.508632814649
0.506645316478
0.504788224629
0.502724173316
0.501504529931
0.499908643531
0.494055859922
0.492763471676
0.491347976607
0.4900591289
0.48873048448
0.487527953699
0.485913149196
0.484301008024
0.482897730456
0.481290581268
0.479932763513
0.478535823685
0.476649149842
0.475379757483
0.474071176116
0.472886834193
0.4715816912
0.470604016336
0.469464685053
0.468651717462
0.467474169497
0.466136004375
0.464071761063
0.462698121856
0.461245898541
0.459836203967
0.458790388705
0.457344325223
0.45610095142
0.454939304174
0.453619273303
0.45286009548
0.451144403237
0.447407435027
0.446256932551
0.445385105705
0.444593275659
0.443644020225
0.442379951005
0.441472486258
0.440487175457
0.437656275153
0.436283164385
0.434951412746
0.43342626314
0.430813717198
0.429879302082
0.429023645458
0.428052359418
0.426810732986
0.424217187935
0.423328569071
0.422363733505
0.421592658767
0.42101481818
0.420168030517
0.41936052522
0.418054873165
0.417211071181
0.41621496614
0.415564296142
0.414914133444
0.4141880852
0.413462671081
0.412509159955
0.410833794625
0.409959309733
0.409237612299
0.408137352006
0.407076419876
0.405487991507
0.404656983022
0.403638355927
0.402884594599
0.401717680581
0.400740257607
0.399989198362
0.399051392431
0.398264473342
0.397478338103
0.396730334995
0.395647041104
0.394155413883
0.39296407367
0.392331851464
0.39162585042
0.391068928956
0.390364072861
0.389067381363
0.388475290548
0.387477209147
0.386812512626
0.385963996969
0.385300589839
0.384674566218
0.384343351458
0.383828405636
0.382726183074
0.382028888936
0.38155215451
0.380929185265
0.380160335253
0.379246076547
0.378515476685
0.377931485072
0.377275030432
0.376801272877
0.376255004736
0.375636393348
0.374618639938
0.3741102538
0.373239573666
0.372695893113
0.372225020833
0.3716097527
0.37124804527
0.370236240318
0.369297965838
0.368865292625
0.368504925668
0.367676774274
0.367245050489
0.365915831832
0.365341640994
0.364911291149
0.364517026616
0.363764943962
0.363192445889
0.362727624232
0.361870318879
0.3614063392
0.360514940749
0.359945039072
0.359517882757
0.359055416174
0.358735425451
0.358273466169
0.357598840287
0.356570398325
0.356569519356
0.356179788826
0.355719485319
0.355542520031
0.35497655346
0.354587696616
0.35391657252
0.353175580031
0.352541043264
0.351907031413
0.351273636073
0.351272256848
0.35077997752
0.349656332056
0.34846428902
0.348008989826
0.347484031853
0.346924510471
0.346540088988
0.346016224883
0.345667199981
0.345039421944
0.344481905106
0.343716051341
0.342846753955
0.342534073299
0.342221528276
0.341839722565
0.340938303156
0.340730410118
0.340349448146
0.340003294427
0.339726498277
0.339380661621
0.337552258704
0.337414346793
0.337173070525
0.337138609281
0.336587495358
0.335384066231
0.334937419339
0.334662694668
0.334456725146
0.33404498691
0.333839207626
0.333119595764
0.331990454538
0.331409425705
0.331033711129
0.330351193896
0.329601283125
0.329260653351
0.328886154184
0.328375828676
0.328239805052
0.327729993891
0.327356370171
0.327050832244
0.326779362755
0.326236781354
0.325999535312
0.325593030379
0.325322166833
0.325152934364
0.324273857341
0.323767121693
0.323159603993
0.322754883421
0.322485205339
0.322181950267
0.321273143286
0.321004083478
0.320667929578
0.320231187388
0.319593430668
0.319258011298
0.319023317615
0.317517267542
0.317249787765
0.317082669051
0.316548229127
0.316281156248
0.315947477203
0.315547301203
0.315247333019
0.314880894303
0.314581241421
0.314248474813
0.31394912138
0.313384113044
0.311924313681
0.311261806657
0.310930789182
0.31079843116
0.31066609956
0.310203176759
0.309377604145
0.309080582888
0.30842109501
0.30812454054
0.30786105752
0.307400236143
0.307137054333
0.306873987018
0.306873839055
0.306610880951
0.306315189597
0.306183816233
0.305822711224
0.305330623894
0.305199463667
0.305002773527
0.304806146801
0.304478587075
0.304249392676
0.303660440786
0.303464247379
0.303104724162
0.302941376738
0.301376581905
0.301246272464
0.300985748701
0.300692791136
0.300497559487
0.300302391251
0.300042267339
0.299879746041
0.299619814129
0.299392456934
0.299165186052
0.298548927977
0.297900834998
0.297771279462
0.297285764148
0.296962262831
0.296671272819
0.296089796574
0.296025212567
0.295799227552
0.295573327087
0.295218538681
0.295218223379
0.294863649871
0.294862976992
0.294637432343
0.294411979289
0.294250995747
0.293832652028
0.293607503707
0.293478887031
0.29347882538
0.293253821499
0.2929967731
0.292836173557
0.292643511881
0.292098008215
0.291521011368
0.291296749062
0.291136614545
0.290944511253
0.290496560879
0.290400606994
0.290176776247
0.289537816449
0.289282400925
0.289186647847
0.28893138557
0.28835761396
0.28813457411
0.287911620571
0.287656927247
0.287529619337
0.287211476387
0.287020674816
0.28692529869
0.286924956967
0.286734250514
0.286035698692
0.285877019143
0.28543299859
0.28521109136
0.284989270441
0.284704218318
0.284419294782
0.284229421501
0.284166144499
0.283976357529
0.283849866938
0.283723404529
0.283565369675
0.283502166654
0.283407375334
0.282618365389
0.282555268057
0.282492177769
0.282334482877
0.282145307135
0.282019225203
0.281798654922
0.281641153791
0.2816411168
0.281546637259
0.281483659705
0.281357725736
0.28123181995
0.281074487919
0.280948645545
0.280697055917
0.280602734908
0.279942970481
0.279691826503
0.279566294147
0.279378048456
0.279315313985
0.279158510392
0.278563236615
0.278563199624
0.278375292135
0.278218752762
0.277937116114
0.277936712739
0.277874140322
0.277436387052
0.277280120705
0.276905253393
0.276749126202
0.276468211753
0.276187447029
0.276000344528
0.275813303677
0.275813266687
0.275563982813
0.275563935253
0.275563866556
0.275190145955
0.275065628201
0.27475449411
0.274692281031
0.27456787601
0.274536779159
0.274257002615
0.274163770189
0.274101624045
0.273977352896
0.2737910043
0.273604715594
0.273449521978
0.273201314358
0.273077247538
0.273015224697
0.272612284963
0.272333501884
0.27224059709
0.272240526631
0.27214763769
0.271900014875
0.271281560257
0.270787290476
0.270663773232
0.270324283124
0.270200871568
0.270015810601
0.269923302136
0.269923265146
0.269584222449
0.269153016533
0.268968313143
0.268875986109
0.268752907469
0.268660617425
0.268107254115
0.267892195449
0.267800051606
0.267554419243
0.267462333529
0.267216854413
0.266940836829
0.26672624495
0.266297409963
0.266266785183
0.266205540908
0.266052462808
0.265991243194
0.265868826864
0.265868744076
0.265746354168
0.265623994205
0.265257115123
0.265012650609
0.26476830059
0.264707228939
0.264615634672
0.264524056259
0.264493533644
0.264249416138
0.264127401422
0.26363968428
0.263609212748
0.263274147432
0.263121913073
0.263000157291
0.262726320397
0.262604656212
0.262422219824
0.262331021886
0.262179060553
0.261662765451
0.261450308464
0.260662203911
0.26045015206
0.26035929937
0.260086850508
0.259965799311
0.259965755275
0.259874985373
0.259542347352
0.25942142298
0.259421243311
0.25927012748
0.259119057447
0.258937831183
0.258817047728
0.258696292457
0.258545389763
0.258364366067
0.258273876238
0.258092949422
0.257851815833
0.257761415838
0.257640908933
0.257550545929
0.256768509612
0.256497947276
0.256227520573
0.256167442386
0.255957224218
0.255837138303
0.255717080571
0.255687070541
0.255117401376
0.254877657581
0.25478778074
0.25394995892
0.25380044778
0.253710761177
0.253561320497
0.253322311231
0.253262574767
0.253172983284
0.253053552632
0.252904303951
0.252784941996
0.252695435062
0.252605943982
0.252337569382
0.252248141714
0.252247972613
0.252218166914
0.25189044161
0.251830874247
0.251146509241
0.250968092509
0.250849188535
0.250670884537
0.250581752794
0.25037384038
0.2501660178
0.250076975892
0.249898939636
0.249839608309
0.249661656603
0.249513411955
0.249365213105
0.249335578267
0.249276313876
0.249157811515
0.248772882731
0.248684089189
0.248565722461
0.248506549665
0.248388225212
0.24821079666
0.248092542665
0.248092525051
0.247885665991
0.247856119226
0.247678875628
0.247590277608
0.247531221069
0.247354100774
0.247353952811
0.247147391438
0.24711788871
0.247088387743
0.246999895411
0.246822960069
0.246763995126
0.246616615356
0.246410356954
0.246174738503
0.246115851064
0.245292739214
0.24520456923
0.244910820768
0.244910759117
0.24488139026
0.244881372645
0.244617142766
0.244323723698
0.244147753637
0.24400116124
0.24385461288
0.243444577977
0.243327470694
0.243268924979
0.243268898557
0.243210359888
0.243181093196
0.243181012169
0.243034708652
0.24288844741
0.242888308255
0.242859060938
0.242625172243
0.242625117638
0.242420541432
0.24242044279
0.242011589829
0.241748920604
0.241603045123
0.241602883068
0.241486219674
0.24128212787
0.241281997522
0.241281953486
0.241107077293
0.240874012961
0.240786640919
0.240699286492
0.240611946157
0.24037912843
0.240320938531
0.240291846223
0.240088254675
0.239971954142
0.239971901298
0.239855628948
0.239623184651
0.239536039838
0.23953600637
0.239419837947
0.239129589511
0.23886847918
0.238810472473
0.238607504482
0.238578516101
0.238491561526
0.238317710504
0.238201838005
0.238085998975
0.237999134234
0.237941233215
0.237594029664
0.237304859243
0.237044742377
0.236986957613
0.236727032747
0.236669286736
0.236524952534
0.236178767108
0.236063416003
0.23603458263
0.23589044395
0.235803982584
0.235659916124
0.235515891939
0.235371910029
0.235227973917
0.235227834762
0.235199052472
0.235198916839
0.235083805292
0.234997491889
0.234911192578
0.234307625837
0.234192734473
0.234164015596
0.233991749889
0.233762152116
0.233504032748
0.23350399928
0.233475322677
0.233360639166
0.233303305337
0.233160003352
0.232988100506
0.232644541421
0.232501442003
0.232386994528
0.232301176096
0.232215373517
0.2321009965
0.232072406209
0.232015230912
0.231900901454
0.231672364081
0.231586677758
0.23152956235
0.231358276017
0.23112997644
0.230730718163
0.230616711053
0.230445745305
0.230331805131
0.230246367175
0.230018620697
0.22990478445
0.229677222926
0.229563471228
0.229506605948
0.229392898287
0.229336054144
0.229336040052
0.229279202956
0.229250787049
0.229108739225
0.229023528497
0.228938335384
0.228824772163
0.228541000623
0.228540898458
0.228540833284
0.228427365181
0.22822886602
0.228143819109
0.228058789811
0.227917108371
0.22786044742
0.227803793516
0.22760556562
0.22695517041
0.226813835977
0.22658779988
0.226474817941
0.22641833666
0.22633362971
0.225938595418
0.225882181072
0.225853976542
0.225741177795
0.225121553566
0.225037087936
0.225036124417
0.224895383597
0.224698431
0.224529675887
0.224248567678
0.224164265864
0.224108073463
0.224051888107
0.223995709797
0.223911455543
0.22371492922
0.223686860322
0.22312612177
0.223014009993
0.2229019264
0.222761856697
0.222649832994
0.222369920817
0.222230021976
0.222118132144
0.222118014126
0.222062078898
0.221950229579
0.221838410205
0.22155901766
0.221447296928
0.221028655521
0.220972857687
0.220889174147
0.22080550646
0.220610354077
0.220331736575
0.220276026814
0.220248174576
0.22016462843
0.220025421843
0.219969750835
0.219969726174
0.219886232872
0.21955249746
0.219357894653
0.219024536194
0.218968992011
0.218830162378
0.218635887203
0.21858039234
0.218580337735
0.218081303199
0.217998169235
0.217831955912
0.217804258683
0.217665802479
0.216698747471
0.216615877726
0.21562282706
0.215540163407
0.215429971624
0.215319811547
0.215264739436
0.215182144479
0.215072044292
0.215017003887
0.214961970527
0.21493445649
0.214851924946
0.214824417954
0.214576948386
0.214412042068
0.214384563259
0.214329610927
0.214274665641
0.214164796205
0.21413733325
0.214054954953
0.214000044896
0.213945141885
0.213862800579
0.213862747735
0.213807862338
0.213752983987
0.213588396494
0.213506123885
0.213369039861
0.213341627988
0.213204596807
0.212985472687
0.212848559524
0.212848511965
0.212684267957
0.212574807181
0.212465376349
0.212273947697
0.212055269226
0.211973292543
0.211918650228
0.210800720709
0.210800595645
0.210746104816
0.210446594612
0.210174489235
0.210174295474
0.210092685175
0.209956702064
0.209929510374
0.209847945873
0.20973922315
0.209630523325
0.209576183982
0.209467528194
0.209467385515
0.209304455558
0.209304416806
0.209141552022
0.209087276091
0.209005875406
0.208924490574
0.208599206657
0.208490802758
0.208274098887
0.208219935689
0.208165779538
0.208165538218
0.208138462784
0.207894891332
0.207786670625
0.207651436136
0.207651411475
0.207651379769
0.207489159681
0.206625745578
0.206598770547
0.206517856026
0.206490888041
0.206463921818
0.206356076303
0.206329118887
0.206059705025
0.206005830707
0.205951963436
0.20584425003
0.205790403896
0.205736564807
0.205225571706
0.205171806599
0.205171755517
0.204527197792
0.204446690168
0.204366198397
0.204285722479
0.204098017558
0.204044400414
0.203937189024
0.203722863127
0.203669295304
0.203374805267
0.203267770024
0.203214262091
0.203134013401
0.203053780566
0.203000300815
0.202466081075
0.20182581251
0.201825757905
0.201612548774
0.201559259262
0.201479339966
0.201239694813
0.201186454622
0.201106607546
0.201079995377
0.200734213326
0.20068104007
0.200627873861
0.200574714697
0.200494989162
0.200441847613
0.200309026326
0.200255909438
0.200202799595
0.200096602808
0.19993735959
0.199857760881
0.199698612782
0.199645576921
0.199566036339
0.199486511611
0.199380505062
0.199248039591
0.19919506362
0.199142094694
0.1991419344
0.198665770688
0.198401375231
0.198269235631
0.198189969838
0.198163551429
0.198110719897
0.197978677178
0.197873072242
0.197820279462
0.197714720324
0.197661948682
0.197556428297
0.197082166964
0.196976801587
0.196924128586
0.196897794728
0.196818803723
0.196713508805
0.196687189039
0.19660824207
0.196476697844
0.196424091779
0.19626631586
0.196161172427
0.195950964828
0.195845902422
0.195793380908
0.195767122792
0.195714611847
0.195609612854
0.195530882545
0.195294799068
0.195242351534
0.195189911047
0.194901642494
0.194875444269
0.194796860161
0.194718291907
0.194639741267
0.194613560657
0.194561204719
0.194535029393
0.194456513983
0.194404179183
0.194299532483
0.194273374771
0.194038050484
0.193828989596
0.193724496143
0.193515595548
0.193385094108
0.193280722196
0.193280634122
0.193150217232
0.193045906971
0.192967692771
0.192837376283
0.192655017399
0.192602925681
0.192576882465
0.192524801316
0.192498763383
0.192498745769
0.192394611654
0.192394537672
0.19158907391
0.1914851864
0.191433253214
0.191355366645
0.191303451073
0.191225590927
0.191069928762
0.191018051942
0.190914319441
0.190888390719
0.190862463759
0.188952233883
0.188951048419
0.18889946048
0.18869321617
0.188667438934
0.188564352889
0.188487052887
0.18848691197
0.188177882826
0.188126400574
0.18810066209
0.188023457207
0.187920543786
0.187843377655
0.187817658547
0.187740511793
0.187483509192
0.187278013504
0.187226654554
0.187123957792
0.18707261998
0.187021289214
0.186944306275
0.186841688779
0.186790389719
0.186636540099
0.186559636426
0.186482748607
0.186405876641
0.18635463747
0.186329020527
0.186149768862
0.185996195792
0.185842686133
0.185638092314
0.185484723572
0.185433611227
0.185408057697
0.185382505928
0.184820930682
0.184820890168
0.184795378913
0.184718855716
0.184667849059
0.184387501801
0.184336540942
0.184285587128
0.183929174654
0.183929128856
0.183776475268
0.183395212087
0.183394606144
0.183343782679
0.183292966259
0.183242156886
0.182481353233
0.182405310915
0.182379966999
0.182151963348
0.182101312506
0.182075989728
0.18194940754
0.181645840689
0.181519408226
0.181494125961
0.181367746342
0.181342474645
0.18121614787
0.181190886742
0.180963638759
0.180812211148
0.180812186488
0.180812170635
0.180761706508
0.180686023528
0.180559925743
0.1804842868
0.180383457188
0.180307853474
0.180181887799
0.180131511745
0.180081142737
0.17990492431
0.179753944111
0.179628172196
0.179351649072
0.179125546039
0.179050208306
0.178999990784
0.178924677712
0.178849380492
0.178774099126
0.178723920356
0.178698833613
0.178573429844
0.178573362908
0.178573320633
0.178422895295
0.178372765846
0.177997037179
0.177946967619
0.177646761638
0.177546729968
0.177496723822
0.17747172339
0.177471691684
0.177346721234
0.177296743271
0.176922270526
0.176872352452
0.176872341883
0.176822430855
0.17682238858
0.176722589424
0.176572951459
0.1765729039
0.176572852817
0.176572791166
0.176572761221
0.176572729515
0.176472999055
0.176472972633
0.17647295678
0.176472946211
0.176348324531
0.17634828754
0.176248622255
0.1761987993
0.176099174528
0.176049372711
0.17599957794
0.175949790214
0.175900009534
0.175750709771
0.17567608543
0.175651213585
0.175601475181
0.175526880785
0.175477159995
0.17547713005
0.175452272297
0.175402562076
0.175328009955
0.17532777392
0.175203557376
0.175079384868
0.17493044092
0.174855989202
0.174855614011
0.174706768704
0.174607571967
0.174533190709
0.174384482796
0.174384223861
0.174334665126
0.174235568792
0.174186031194
0.174012722702
0.173963216811
0.173938466507
0.173616969734
0.173419229763
0.173369808422
0.173221597241
0.173196899782
0.173098129319
0.173048753776
0.172974705433
0.172925347504
0.172826658069
0.172801988792
0.172703334586
0.172358322294
0.17213670042
0.171669412716
0.171595658537
0.171472780704
0.171325372751
0.171276250858
0.171251692554
0.171128927455
0.17012528864
0.169538538578
0.169514105337
0.169489673858
0.169367542886
0.169294285439
0.169245455949
0.169099013277
0.16905021197
0.168977024982
0.168952632256
0.168781943058
0.168757564423
0.168708812437
0.168708791299
0.168660046359
0.168611308465
0.168586942161
0.168562577617
0.168538214835
0.168513853815
0.168465137058
0.168392075134
0.168221660725
0.16805134848
0.167881106693
0.167832481533
0.167735252349
0.167662348957
0.167589463179
0.167492306216
0.167370899204
0.167298075077
0.167103974287
0.167079717193
0.167031208289
0.166934211618
0.166909966854
0.166861482611
0.166788769456
0.166667619618
0.166594948738
0.166594922316
0.166522269052
0.166449629879
0.166425420344
0.165966043366
0.165893527495
0.16548302052
0.165482907787
0.165410495842
0.16536223002
0.165313971244
0.165289844498
0.16524159629
0.165072800664
0.165072761912
0.164711327509
0.164663163851
0.16461500724
0.164494648298
0.164302175099
0.164302145154
0.164254041386
0.164205944664
0.164205856591
0.164133724719
0.164133465784
0.164133407656
0.164037258249
0.16401322486
0.163917110682
0.163916763674
0.163844695215
0.16377264437
0.163700609379
0.163604585035
0.163508590636
0.163388640354
0.163316688151
0.163220778302
0.163124894876
0.163100928423
0.163029039633
0.162957166696
0.162909260212
0.162885309612
0.162885230346
0.162813390877
0.162789447323
0.162765505531
0.162645826513
0.162621895289
0.162574038126
0.162502265593
0.16250215462
0.162501881594
0.162286682011
0.162262777209
0.162238874169
0.162047729112
0.162023841925
0.161976072835
0.161880555792
0.161761209691
0.161594210756
0.161522656644
0.161474961535
0.161427273473
0.161403432083
0.161212783759
0.161141314197
0.161093675455
0.160974614711
0.160855598003
0.160760413877
0.160617693174
0.160593911674
0.160570131936
0.160403749513
0.16033245962
0.160166181123
0.160071201327
0.159999983654
0.159999936094
0.159999559141
0.159904632189
0.159714868118
0.159620020431
0.159548903162
0.159548813327
0.159548772813
0.159501370108
0.159430281021
0.159335519646
0.15926446755
0.159193431308
0.159075071625
0.159027739378
0.158814868448
0.15879122082
0.158720290265
0.158720267366
0.158672987962
0.158602082068
0.158578450293
0.158460321362
0.158389463027
0.158106230494
0.158059042687
0.158058704486
0.157870036045
0.157822883467
0.157705043415
0.157634354181
0.15744593939
0.157445911207
0.157398822041
0.157351739922
0.157304664848
0.15718700975
0.157139959336
0.157069396927
0.157069081626
0.157022048827
0.156975023074
0.156974993129
0.156927974422
0.156880962761
0.156693012996
0.156528636878
0.156481685107
0.156364340026
0.155848694903
0.155778424897
0.155684755628
0.155661342274
0.155614520851
0.155497508687
0.155427316185
0.155427300331
0.155240213683
0.155146706469
0.15509996255
0.15493642665
0.154819669898
0.154726293032
0.154702951898
0.154609606738
0.154469649769
0.154469609255
0.154376334554
0.154259778609
0.154213168561
0.153701194325
0.15363140872
0.153608150375
0.153538385908
0.153491885071
0.153422147026
0.153213040341
0.153096930045
0.153004069287
0.152934443976
0.152888034735
0.152841632539
0.152818434084
0.152748851048
0.152586555217
0.152540198819
0.152401178948
0.15237801396
0.152308529566
0.152077066404
0.152007650706
0.151961382382
0.151915121104
0.151891993107
0.151822619684
0.151822552749
0.151706970892
0.151614534647
0.151568326212
0.15147593048
0.151452835951
0.15115284663
0.150899238366
0.150853139142
0.150807046964
0.15073792367
0.150691849106
0.150576704092
0.150346553219
0.150300538545
0.150277533851
0.150162542083
0.150116555593
0.149978656012
0.149955675978
0.149932697705
0.149886746444
0.149794866821
0.149794586748
0.149725695966
0.149679776412
0.149679704192
0.149679683054
0.149496091147
0.149427269062
0.149358461069
0.149060523851
0.148831517928
0.148602689913
0.14841975327
0.14816845076
0.148145609881
0.148122770764
0.148099933408
0.148031433671
0.147962949787
0.147940124762
0.147917301498
0.147848844036
0.147780400665
0.147711973148
0.147689167499
0.147666363611
0.147666345996
0.147597944901
0.147552352978
0.147483980066
0.147392840257
0.147392789175
0.147347228958
0.147256131424
0.147233361004
0.147187825448
0.146983025537
0.146892040736
0.146846558024
0.14682381931
0.146755615499
0.146710153924
0.146596532575
0.146505667554
0.146482955262
0.146460244731
0.146392123708
0.1463013221
0.146006448064
0.145983774525
0.145938432729
0.14589309798
0.145870433248
0.145757146576
0.14571184001
0.14566654049
0.145621248015
0.145553324276
0.145508049417
0.145440150338
0.145394893093
0.145259170679
0.145213941617
0.145213899342
0.145168677326
0.145123462356
0.145100857514
0.145078254432
0.145055653112
0.145010455757
0.144987859722
0.144987554989
0.144919777451
0.144852017528
0.144806851879
0.144693970343
0.144671398968
0.144603697174
0.144558570277
0.144513450426
0.144468337621
0.144423231861
0.144355586433
0.14433304148
0.144333030911
0.14431048772
0.144242868714
0.144175267322
0.144085156207
0.144085076941
0.144084953639
0.144084571402
0.14408454498
0.14403949911
0.143994460286
0.143926915262
0.143904403776
0.143881894053
0.143791872772
0.143701884959
0.143566955203
0.143028249018
0.143005807991
0.142916066783
0.142871204106
0.142848775409
0.1428039233
0.142759078237
0.142736658348
0.142691823854
0.142579770206
0.142467760594
0.142400576669
0.142288639277
0.142199120013
0.142154370069
0.142087260126
0.142086987099
0.14208697653
0.142042244201
0.141997518917
0.141908091249
0.14177400171
0.141729318702
0.141684642739
0.140172996502
0.140128567144
0.140106355107
0.13999532663
0.139950925455
0.139862149528
0.139773398262
0.139573822847
0.139529488608
0.139529419911
0.139485092718
0.139462931764
0.139461663511
0.139328738299
0.139306589675
0.139284442812
0.139129469379
0.139085205598
0.13906307635
0.139040948864
0.138996699175
0.138952456532
0.138930337853
0.138886105779
0.138863992384
0.138665072234
0.138665017628
0.138576645076
0.138576629223
0.138488290138
0.138399975714
0.13835582819
0.138069058642
0.137958838676
0.137848659223
0.137782572689
0.137672468979
0.137628437712
0.137562404022
0.137496387946
0.137452384862
0.137430385962
0.137408388824
0.137320419646
0.137254461699
0.137122596887
0.136924930897
0.136859066307
0.136815165388
0.136771271515
0.136727384687
0.136705443916
0.136661567657
0.136617698444
0.13659576648
0.136551907835
0.136529981156
0.13648613308
0.136442292051
0.13644217051
0.136398336526
0.136376422176
0.136376381663
0.136354469075
0.136310649183
0.136091683594
0.136004137167
0.135960373642
0.135916617163
0.135916502668
0.135872753234
0.135850881159
0.135785275505
0.135654122323
0.135610415165
0.135566715052
0.135523021985
0.13537017816
0.135195578516
0.135130131393
0.135086508784
0.135064700123
0.135021088083
0.134933886903
0.134868504954
0.134824924621
0.134716015182
0.134607144496
0.13452008071
0.134498317846
0.134411284005
0.134367777653
0.134302533098
0.134302496107
0.134302371044
0.134280625794
0.134215400615
0.134215377716
0.134215301973
0.13419356377
0.134150092647
0.134084899175
0.133867714424
0.133759181938
0.133715781274
0.133672387656
0.133629001084
0.133585621557
0.133563934436
0.133390520256
0.133347179482
0.133282181532
0.133152243759
0.133065648522
0.133022360591
0.13291418216
0.132849291658
0.132827664427
0.132784415249
0.132762793302
0.132741173116
0.132633100372
0.132611490756
0.132611400921
0.132589793066
0.132481785496
0.132222831195
0.132158109794
0.132136538929
0.132136464948
0.132114895845
0.132071762923
0.132028637047
0.132028356975
0.132028009967
0.132006449671
0.131963334364
0.131790959447
0.131769418527
0.131661740351
0.131597154582
0.131317490772
0.131124071667
0.131038142263
0.130973711503
0.130930765296
0.130909294835
0.130694736424
0.130630388453
0.130587498613
0.130544615819
0.130501740071
0.130437441421
0.130373156863
0.130330309298
0.130223226495
0.130180403591
0.130158994781
0.130137587732
0.130073377155
0.130009182431
0.130009138395
0.129944959524
0.129816654627
0.129795275762
0.129795145413
0.129731019387
0.129645542678
0.129581453642
0.129517382221
0.129496028016
0.129410630573
0.129389285176
0.129261256828
0.129197264672
0.129197232966
0.129133254902
0.129069294452
0.128962736566
0.128920121514
0.128877513508
0.128792320395
0.12877102608
0.128707153703
0.128685866434
0.12864329718
0.128558185094
0.128473101192
0.128451833299
0.128430567167
0.12834552554
0.128324268215
0.128281758851
0.128260506811
0.128218008016
0.128217986878
0.128196740123
0.128154251896
0.128133010425
0.128111770715
0.12806929658
0.128069273681
0.128005577451
0.12798434831
0.127857017501
0.127793374115
0.127687337621
0.127602539076
0.127538959102
0.12753893268
0.127496553664
0.127475366798
0.12741181677
0.127305945853
0.1273057609
0.127221092702
0.127051840858
0.127030690982
0.126988396517
0.126819304965
0.126777045728
0.126734793538
0.126734629722
0.126713506268
0.126650146478
0.12662903007
0.126607915424
0.12658680254
0.126523476217
0.126481266301
0.126354689398
0.126312507666
0.12627033298
0.126164932373
0.126122782347
0.126017443393
0.125870053054
0.125827952349
0.125701703077
0.125659630556
0.12557550665
0.125533455266
0.125407353958
0.125365330757
0.125365320188
0.12530230036
0.125302243993
0.125176265987
0.125134281538
0.125092304136
0.124966421249
0.124924472029
0.124924445607
0.124924345204
0.124903373237
0.124861434586
0.124819502981
0.124714706557
0.124672799613
0.124589008623
0.124568064839
0.124526182556
0.124484307318
0.124337817086
0.124233232037
0.12419140612
0.124149587249
0.123982399837
0.123940616196
0.123940605627
0.123898829031
0.123857059481
0.123773541518
0.123710923303
0.123502367955
0.123439818436
0.123335606817
0.123231437473
0.12314813617
0.123127313927
0.123106493445
0.123044042569
0.123043956257
0.123002331147
0.122960713083
0.122919102064
0.122877498091
0.122752739017
0.122648818039
0.122586483419
0.122586072999
0.122565298315
0.122482218956
0.122480526191
0.122418235608
0.122397475016
0.122376716186
0.122293703762
0.122252205477
0.12225217201
0.122231425509
0.122107001113
0.122086266943
0.121796192891
0.121651275645
0.121609886571
0.121568504542
0.121506446472
0.12142372469
0.121382374368
0.121361701849
0.121175754867
0.12109314758
0.121051853625
0.121031209289
0.120989925903
0.120866135632
0.120824880429
0.120824861053
0.120783612896
0.120742371784
0.120701137719
0.120659910699
0.120618690725
0.12059808338
0.120515671615
0.120433289796
0.120412698304
0.120350936159
0.120289189868
0.120206883791
0.120206853846
0.120021778788
0.120021717136
0.119877886712
0.119775186428
0.119672538987
0.119672401593
0.119651875275
0.119631350719
0.119569789381
0.119569770005
0.119467210637
0.119323693753
0.119221234789
0.119159777377
0.119118814577
0.119098335819
0.119036910113
0.11899596845
0.118791383438
0.11875048405
0.118689148179
0.118627828161
0.118525668645
0.11850524097
0.118443968512
0.118362298323
0.118321472916
0.118239845002
0.118178641241
0.117995128599
0.117974746722
0.117954366605
0.117954283817
0.117913528869
0.117893154037
0.1177913063
0.117750579535
0.117648804018
0.117526736458
0.117506395094
0.117425052537
0.117384389185
0.117343732879
0.117343690604
0.117303041343
0.117303002591
0.117262360377
0.117242041912
0.117160790951
0.117140481293
0.117038969995
0.117038954142
0.117038925959
0.11701862687
0.116978033976
0.116795460194
0.116754906052
0.116734631624
0.116694088051
0.116633285904
0.116450983386
0.11643073538
0.116228401516
0.116187946016
0.116147497563
0.116107056155
0.112426028457
0.112207374647
0.112127895717
0.11208816594
0.111790450666
0.111691294443
0.111612002228
0.11155254936
0.111512921748
0.111493110584
0.111235753929
0.111196182683
0.110584268374
0.110525088533
0.110485644112
0.110446206738
0.110387065649
0.110327940413
0.110308234937
0.110308212038
0.11026880637
0.110190016171
0.110150631641
0.110150621072
0.110130931449
0.110130869798
0.110071813259
0.110071772745
0.110071756892
0.110052074315
0.109973363382
0.109934017604
0.109933378193
0.109933341202
0.109933198524
0.109658112753
0.10959918304
0.109324475983
0.109187208767
0.10910880609
0.10906961532
0.109050022578
0.108971670983
0.108932504874
0.108854199078
0.108717240117
0.108678119806
0.108678089861
0.108619422605
0.108580319909
0.108560771203
0.108541224258
0.108521679075
0.108521663222
0.10848257814
0.108463038241
0.108423963728
0.108248242033
0.108111654741
0.10807264364
0.108033639585
0.107994642577
0.107916671458
0.107799772027
0.107799706853
0.107799645202
0.107741217505
0.107721744542
0.10770227334
0.107643870304
0.107624406148
0.107622841969
0.107564460071
0.107506094025
0.107467192135
0.107408852511
0.107369968236
0.107253364731
0.107117400996
0.1070979844
0.107039745179
0.106865149059
0.106845755361
0.106806973251
0.106768198186
0.106710050562
0.106671293112
0.106651917029
0.106535704569
0.106342163923
0.10634214807
0.106264775849
0.106264467593
0.106245128501
0.106206455601
0.106167789747
0.106109804177
0.106090479176
0.105569856162
0.105396461358
0.105357943467
0.105300181603
0.104819730492
0.104723718479
0.104704520304
0.10468532389
0.104646936347
0.10460855585
0.104435941374
0.104167813379
0.104148666286
0.104129520955
0.104052959006
0.104014687719
0.103842573498
0.103823456351
0.103747010658
0.103747001851
0.10372789351
0.103670580819
0.103594191493
0.103575097244
0.103574486017
0.103574183045
0.103573910019
0.10357389945
0.103573862459
0.103554769972
0.103535679246
0.103459335718
0.103402097008
0.103363945501
0.103287668909
0.103249538539
0.103211415216
0.103192356196
0.103154243441
0.102982872557
0.102963834675
0.102754576504
0.102735559759
0.102716544776
0.102678520095
0.102640502459
0.102621496283
0.102602491869
0.102583489216
0.102507496219
0.102469510289
0.102431531406
0.102165950484
0.102146988345
0.102146859758
0.102108940764
0.102071028816
0.102052075484
0.101919458528
0.10182479051
0.101786931406
0.101768004496
0.101711236096
0.101654481788
0.101559937073
0.101559914174
0.101408736691
0.101389845011
0.101352066933
0.10129541479
0.101295405983
0.101238767931
0.101219892104
0.101125549957
0.101125520012
0.101125463645
0.101087734889
0.101050013179
0.101031154966
0.100974592657
0.100861529691
0.100861416957
0.100861397581
0.100823718146
0.100748380413
0.100372172628
0.100334584789
0.100240647778
0.100221865308
0.100184305652
0.100146753042
0.100109207478
0.100090437338
0.10007166896
0.100052902343
0.100015374393
0.0999590956801
0.0999215853453
0.0998278509025
0.0998091071846
0.0997341552119
0.0997341340743
0.0996592067621
0.0996030284522
0.099415918905
0.0993785107349
0.0993037172938
0.0993036803031
0.0992662932706
0.0992476023965
0.0991728617993
0.0991168208834
0.0990981441011
0.0990981194406
0.0990794444197
0.0989861010215
0.0989674365694
0.0989487738787
0.0989301129495
0.0988554868473
0.0981120811554
0.0981120653022
0.0980377509788
0.0980006035052
0.0979077691695
0.0978335358734
0.0977964271519
0.0977778754333
0.0977593254762
0.0977036879352
0.0976480662473
0.0975739280701
0.0975368686695
0.0975183416114
0.0974812927796
0.0974627710059
0.0970191467828
0.0970191221223
0.0970006443852
0.096945223504
0.0969267528127
0.0968898167144
0.0968883335634
0.0967960294278
0.0967222135982
0.0967037640444
0.0967037429069
0.0967034980636
0.0966297192247
0.096408562377
0.0963901427681
0.0962980764299
0.0962428545939
0.0962244508382
0.0961876486111
0.0961508534299
0.0959853763983
0.095966997303
0.0959302443969
0.095911870586
0.095820029715
0.0956548398017
0.0956181467853
0.0955447871743
0.0955442041304
0.0955258673102
0.0954708674184
0.0953792396843
0.0953609187173
0.0953425995117
0.0953242820676
0.0952876524638
0.095232721269
0.0952144143937
0.0951961092798
0.0951595043365
0.0951046118939
0.0950314495667
0.0949948763297
0.0949034775856
0.0948486591244
0.0948121211166
0.0947573290774
0.0946660430669
0.0946660272137
0.0946660113606
0.094611259835
0.0945565259239
0.0944653456012
0.0943742040306
0.0942284976494
0.0934654604626
0.0934654516553
0.0934473156418
0.0934291813897
0.09339291817
0.0933747892024
0.0933747398814
0.0933022469098
0.0932841267495
0.0932478917132
0.0932116637227
0.0932116302549
0.0931754093103
0.0931391954115
0.0930125198665
0.0929944278896
0.0929763376741
0.0929751944852
0.092920936169
0.0928305432198
0.0928124688574
0.0927763254171
0.092415579746
0.0923795138101
0.0923074048372
0.0922533402817
0.0921812806298
0.0920732413535
0.0918034452536
0.0917315599864
0.0916776645313
0.0914443976319
0.0913368022441
0.0912651054533
0.0912650261875
0.0911217224405
0.0911038154171
0.0910322102224
0.0910310987398
0.090995304069
0.0909595164441
0.0909416252738
0.0908343258116
0.0908164469716
0.0907628210202
0.0906377818735
0.0906199224095
0.0905306532731
0.0904949572442
0.0904592682611
0.0903879167169
0.0903700819134
0.0903522488714
0.0902809396023
0.090227473944
0.0902274439991
0.0902096250488
0.0901918078599
0.0901561787665
0.090120556719
0.0900315429946
0.0900137434204
0.0896937755962
0.0896760094898
0.0896759707376
0.0896049256878
0.0895339088214
0.0895161585681
0.0895160652106
0.0893387088788
0.0893386313745
0.0893385802921
0.0890375376165
0.0890375041487
0.0890374935799
0.0890373579473
0.0890196570149
0.0889311805365
0.0888958015707
0.0887897069486
0.0887543561662
0.0887013432037
0.0886483478557
0.0886483425714
0.0886130199724
0.0885600510464
0.0884541589924
0.0884365161883
0.0883659643479
0.088348330351
0.0882601920733
0.0882425686452
0.0881897106913
0.0881544796884
0.0881543123495
0.0881190883924
0.0880838714812
0.0880310610868
0.0879606695394
0.0878375591937
0.0878199780407
0.0877672469121
0.0876793957526
0.0876618304528
0.0875564826906
0.0874336753163
0.087416134677
0.0873985957991
0.0873109384005
0.0872758835438
0.0872757514342
0.0871006215904
0.0870656090088
0.0870655931557
0.0870305876199
0.0870130874942
0.0869431063675
0.0868906376967
0.0868905689997
0.0868555986931
0.0868206354324
0.0867682055138
0.0866284845807
0.0866284616817
0.0866283718471
0.0866282679209
0.0866282414989
0.0866281446185
0.0866106850065
0.086610591649
0.0866104031725
0.0866103503287
0.0864358546113
0.0864184143753
0.0863835391877
0.086348671046
0.0863312396173
0.0861396330574
0.0861048142366
0.0860178032945
0.0859830091342
0.0858091493046
0.085757024119
0.0856528318759
0.0855487100913
0.0855313596898
0.0854446393891
0.0854099614852
0.0853752906272
0.0852886478308
0.0852713238513
0.0852710490632
0.0852364063886
0.0852017707599
0.0851844555877
0.085167142177
0.0851325206399
0.0850979061487
0.0850632987033
0.085063293419
0.0849422351765
0.0849249464263
0.084924937619
0.084855805517
0.0848212473925
0.084441942957
0.0844074693828
0.0843385451333
0.0843213180342
0.0842868691205
0.0842868321298
0.0842523902618
0.0842522370146
0.0841833761778
0.0841145470473
0.0840285542303
0.0840285542303
0.0840285436616
0.0839941546375
0.083891047455
0.0826459438969
0.0826118402297
0.0825947910383
0.0825266118872
0.0825265960341
0.0825265801809
0.0825265396673
0.0822881627664
0.0822201104406
0.0821860948466
0.0820331118655
0.0819991350236
0.0819312077616
0.0818633051602
0.0818293635475
0.0818123953833
0.0817615032211
0.0817445421028
0.0817106251506
0.0816767152442
0.0816597629332
0.0816428123837
0.0816258635956
0.0815242254725
0.0814226384318
0.0813887884152
0.0813549454444
0.0813211095194
0.0813041941991
0.0812703688429
0.0812027445525
0.0811858415624
0.0811520408667
0.0811182472168
0.0810844606128
0.0810337939177
0.0810337181748
0.0809999491854
0.0809661872419
0.0809493089123
0.0809324323442
0.0808818132086
0.0808480759255
0.0808143456882
0.0807974832118
0.0807637635433
0.0807637582589
0.0807300456363
0.0806458001897
0.0805952726502
0.0805952603199
0.0805952515126
0.0805952321365
0.0805783925591
0.0805783309079
0.0805446570375
0.0804605137557
0.0804268645457
0.0803259697596
0.0800405371609
0.0799901980978
0.0799231057689
0.0799063366499
0.0799062063017
0.0799061376047
0.0799060970911
0.0799060741921
0.0798055140838
0.0797720022678
0.0797719599927
0.0797217072412
0.0796379884718
0.0795375798493
0.0794873993177
0.0794205218872
0.0793369634108
0.0793369546035
0.0792868374846
0.0792534348793
0.0792200393199
0.0791866508063
0.0791532693385
0.0791198949166
0.0790865275406
0.0790698464947
0.0790697742748
0.0790364174675
0.078986397229
0.0789030677427
0.0788697461647
0.07881977877
0.0787864748066
0.0786866104758
0.0786367012094
0.0786200677231
0.0786034359982
0.0785535513923
0.0785203037956
0.0784704456117
0.0784372156296
0.0784039926935
0.0782877943249
0.0782380118838
0.0782048312227
0.0781882435344
0.0781550734421
0.078039060027
0.078005921641
0.0780058916961
0.0780058370908
0.07798927054
0.0779561427228
0.0778733645741
0.077856812115
0.077807167068
0.0778070701875
0.0778070613802
0.0777574304249
0.077757331783
0.0777407916541
0.0777242532867
0.0776746505147
0.0776250635959
0.077509435941
0.0773609253122
0.077360909459
0.0773279155129
0.0772949286127
0.0772949039522
0.0772948669615
0.0772783761536
0.0772453998221
0.0772453751616
0.077212405876
0.0771794436362
0.0771629651585
0.0771628964615
0.0771464197453
0.0771134715972
0.0770970001653
0.0770475982
0.0769817512248
0.0769323862502
0.0766693805866
0.0766201160153
0.0765052281745
0.0764724174205
0.0764396137123
0.0764068170499
0.0763576352674
0.0763412448628
0.0763411497439
0.0763247611007
0.0762756057401
0.0762592241428
0.0761937206527
0.0761446075672
0.0760627929383
0.07604643424
0.0759810223459
0.0759483243254
0.0756543732961
0.0756543609659
0.0756217334039
0.0755728070333
0.0755565011789
0.0754750000903
0.0754098312779
0.0753446941719
0.0753121335455
0.0752958558745
0.0752470351917
0.0752307645665
0.0752144957028
0.0751819632598
0.0751494378626
0.0751006647392
0.0750681569567
0.074954447534
0.0749382086151
0.0748895041888
0.0748408156156
0.0748083641999
0.0748083184018
0.0748083095945
0.0747110081911
0.0746785849587
0.0746785655826
0.0745651661773
0.0745651608929
0.0745327693668
0.074516576246
0.0744518266616
0.0744518108085
0.0744194439429
0.0743709068554
0.0743547313492
0.0743385576045
0.0742253977579
0.0740316633518
0.0740316439757
0.074030307026
0.0740297803489
0.0740297680186
0.0740296429548
0.0740296376704
0.0740134991549
0.0739650941771
0.073852217926
0.0738038657921
0.0737072161296
0.0736750113185
0.0736589115552
0.0736428135533
0.0736106228339
0.0735945301164
0.0735784391604
0.0735462625327
0.0735140929508
0.0733533630596
0.0733533577752
0.0733532890782
0.073289043272
0.0732569300569
0.0732248238877
0.0732087734453
0.0729842856728
0.0729842803884
0.0729522341089
0.0729041796621
0.0728721509972
0.072856139307
0.0728241212109
0.0727921101606
0.0727761072777
0.0727441067962
0.0727121133606
0.0727120992689
0.0727120605167
0.0726640853357
0.0726640589137
0.0723448872705
0.0723448819861
0.0722970283459
0.0722969244197
0.0722490866327
0.0722172024077
0.0721853252285
0.0720738370095
0.0719306371888
0.0719306319044
0.0719306266201
0.0718511106991
0.0717081116851
0.0716287243509
0.0716287137822
0.071612839486
0.0715810961779
0.0715493599158
0.0715017704949
0.0714700518474
0.0714697576832
0.0714697312613
0.071469722454
0.0714697171696
0.071469696032
0.0714538393505
0.0714379844303
0.0714379791459
0.0714062745901
0.0714062622599
0.0714062534525
0.0712320219545
0.0712320166701
0.0712319920096
0.0711686833013
0.0711686216501
0.0711685969896
0.0711369523235
0.0711369399932
0.0711369030025
0.0711368889108
0.0711368801035
0.0711368448743
0.0711210251834
0.071073578441
0.0710419549124
0.0710419425822
0.0710419337749
0.0708051421898
0.0707735785509
0.0707262463035
0.0707262339733
0.0707261934597
0.0707261811294
0.0707261617534
0.0707261423773
0.0707261159554
0.0707261001022
0.0707260912949
0.0707260860105
0.0706945399862
0.0706945153258
0.0706472112618
0.0705841667727
0.0705841614883
0.0705841456352
0.0705841333049
0.070584106883
0.0705368398097
0.070536829241
0.070426614559
0.0703636687118
0.070363638767
0.0703633692633
0.0703633534101
0.0703633428414
0.0703633164194
0.0703633023277
0.070363291759
0.0703632670985
0.0703632441995
0.0703632177776
0.0703632054473
0.0703631684566
0.0703631631722
0.0703631578878
0.0703631437961
0.0703631103284
0.0703631015211
0.0703630715762
0.0703630240167
0.0703629764573
0.0703629429895
0.0703629288978
0.070362918329
0.0703628848612
0.0703628707695
0.0703627597974
0.0703312948004
0.0703312613326
0.0703312454795
0.0703312261034
0.070331220819
0.0703311168927
0.0703310922323
0.0703310781406
0.0702996201894
0.070283893856
0.0702838780029
0.0702209955683
0.0702209832381
0.0700011422025
0.0699854493369
0.0699697582328
0.0699540688901
0.0698599803935
0.069844303381
0.0698129546405
0.0697659447407
0.0697654251094
0.0695307155725
0.0695296974474
0.0693421827639
0.0693265638797
0.0693109467569
0.0692953313956
0.0692953014508
0.0692640760126
0.0692172528278
0.0690613158748
0.0690301432805
0.068998977732
0.0689678192294
0.0689055251232
0.0688743877581
0.0688588217178
0.0688121341655
0.0688120936519
0.0686410909138
0.0686410715378
0.0686410169324
0.0685012607701
0.0685012519628
0.0684702061937
0.0684081375547
0.0683926243582
0.0683926120279
0.0683771005929
0.0683615909194
0.0682995751242
0.0682995487022
0.0682995398949
0.0682995275647
0.0682994659135
0.0682684659425
0.0682219791969
0.0677278732322
0.0676970036094
0.0676815714401
0.0676815591099
0.0676815467797
0.0676661163719
0.0676506877256
0.0676506049369
0.0675889097278
0.0675889062048
0.06758887626
0.0675580383435
0.067558013683
0.0675271828123
0.0675117700192
0.0675117435973
0.0674655175481
0.0674501118008
0.0673885081877
0.067326932758
0.0672961547312
0.0672653837502
0.067127038519
0.0670963062902
0.0670195118282
0.066866093766
0.0668354214269
0.0667128183822
0.0666668671211
0.0666668618367
0.0666209246673
0.0666056158005
0.066590308695
0.0665596997686
0.066452650434
0.0664373609432
0.0664220732139
0.0663915030396
0.0663762205947
0.0662692945624
0.0662387596174
0.0662325451792
0.06620201728
0.0661714964267
0.0661709010525
0.0660946403135
0.0660793913363
0.0660641441206
0.0660488986664
0.0659879362255
0.0659574646931
0.0659270002065
0.0659117706054
0.0659117512293
0.0659117388991
0.0658812849813
0.0658660606646
0.0658203982833
0.065789965503
0.0657899390811
0.0657443031217
0.0657138879561
0.0657138615342
0.0657138368737
0.0656682273362
0.06565302768
0.0656074392801
0.0654859847087
0.065485783902
0.0654857504342
0.0654098807398
0.065409847272
0.0654098208501
0.0654098155657
0.0654097997125
0.0654097838594
0.0653794461981
0.0653794056845
0.0653793968772
0.0653339053577
0.065303585311
0.0653035765037
0.0653035571276
0.0653035412744
0.0652732282736
0.0652429223186
0.0652277719834
0.0652277596531
0.0651974642669
0.065182319216
0.0651671759266
0.0651520343986
0.0651518881972
0.065151875867
0.0651215980954
0.0651215787193
0.0650913079936
0.0650156672893
0.0650155422255
0.0649701757698
0.0649701493478
0.0649701105957
0.0649096519329
0.0649095849974
0.0649095585754
0.0648944469923
0.0648491228117
0.0647887152314
0.0646076686365
0.0645172422195
0.0643666653957
0.0643064885669
0.0642613704773
0.0642162700024
0.0641862106521
0.0641711836192
0.0641261148506
0.0640360231114
0.0639610042031
0.0639460035921
0.0639160076545
0.0639010123278
0.0638410486359
0.0635866600448
0.0634969540658
0.0634820080601
0.0634222469363
0.063377442387
0.0632580628179
0.0631984020975
0.0631089744295
0.0629451848786
0.062885672121
0.062855926311
0.0628261875468
0.0627964558285
0.0627960665454
0.0627514839403
0.0627217698366
0.0626623680511
0.0626178330055
0.0625140018621
0.0621736997198
0.0621589104842
0.062099776441
0.0620406705811
0.0620258971987
0.0619963557182
0.0619668212837
0.0619372938949
0.0619225328428
0.0618192812204
0.0617308329253
0.0617013619034
0.0616718979273
0.061642440997
0.0616129911126
0.0613630079381
0.0613630061766
0.0612602231032
0.0612308648148
0.0612161883128
0.0612015135723
0.0611721693756
0.0610695325035
0.0610695025587
0.0610694796597
0.0610401671693
0.0610401618849
0.0610255082819
0.0610108564404
0.0610108018351
0.0610107965507
0.0609961464706
0.0609961270946
0.06099603726
0.0609667423843
0.0609520975886
0.0609228132816
0.0609228044743
0.0609227850982
0.0608642393833
0.0608203490328
0.0608203437484
0.0607910911477
0.0607907353323
0.0607907230021
0.0607322389383
0.0604404263239
0.0604112653193
0.0603966874592
0.0603675370234
0.0603092572892
0.0602801279909
0.0602073355707
0.0601055265858
0.0600764466084
0.0600473736769
0.0600473613467
0.0600328275231
0.0600328222387
0.0599747063205
0.0599601813043
0.0599311365562
0.0598730699589
0.0597860255491
0.059684551242
0.0596845406732
0.0596700508862
0.0596410765966
0.0595976283731
0.0595831491548
0.0594963284507
0.0594960342865
0.059467102272
0.0594381773033
0.0593658974685
0.0593369971603
0.0593081038979
0.0592792176814
0.0592647772153
0.0592647384631
0.0592358628154
0.0592069942135
0.0591781326574
0.0591348552957
0.0590915920257
0.0590771744587
0.0590483446089
0.059019521805
0.0590051130452
0.059005100715
0.0589906937167
0.0589762884799
0.0589618850045
0.0589617775553
0.058932975889
0.0589329353753
0.0589185371843
0.0588897460868
0.058860962035
0.0588034168305
0.0588033833628
0.0588033745554
0.0588033428491
0.0587889605113
0.0587889393738
0.0587170646753
0.0583870987924
0.0583584380431
0.0583441103105
0.0583441015032
0.0583440786042
0.0583154284236
0.0583153526807
0.0583153368276
0.0583010143795
0.0583010002878
0.0582866796011
0.0582866707938
0.0582580347049
0.0582580188517
0.0581864612165
0.0581864418404
0.0581864171799
0.0581863696204
0.0581863467214
0.05811484193
0.0580433723679
0.0580147961686
0.0580005107112
0.0579576649078
0.0579005671147
0.0578862957489
0.0578149671037
0.057743686018
0.0577151838002
0.0576297370365
0.0576012630021
0.0575585651614
0.0575016611292
0.0574447852803
0.0574305702813
0.0574021455679
0.0573879358533
0.0573595217086
0.0573311146098
0.0572885189339
0.0572601294497
0.0572459373497
0.0572317470113
0.0572315550119
0.0571889945653
0.0571748112727
0.0571606297415
0.0571180957168
0.0570472514737
0.0569764424598
0.0569622855892
0.0569481304799
0.0569198255459
0.0568915276577
0.0568773813558
0.0568349547803
0.0568208155242
0.0567784100863
0.056764277876
0.05673601874
0.0566936450084
0.0566795233669
0.0566512853684
0.0566512659923
0.0566371496353
0.0565102186783
0.0564397478651
0.0563552522909
0.0563130212377
0.056312938449
0.0563128820822
0.0563128627061
0.0562565822314
0.0562565734241
0.0562565399563
0.0557938567136
0.0557937704019
0.0557517489627
0.0557517243022
0.0557517049261
0.0557516925959
0.0556956939551
0.0556677025613
0.0556257286816
0.0555138934546
0.0555138776014
0.0555138053815
0.0554439563644
0.0553462656778
0.055346235733
0.0553183324123
0.0553183130362
0.0552764730275
0.0552625292938
0.0551371519463
0.0551232258272
0.0551093014695
0.055109276809
0.0551092591944
0.0551092486256
0.0550814051946
0.0549701054521
0.0549422972503
0.0544568453488
0.0542908962454
0.0542494455199
0.0542218205102
0.0542080106475
0.0541942025463
0.0541527888115
0.0541251884623
0.0541251831779
0.0541113856455
0.054070003617
0.0540424244053
0.0538634105378
0.0537946131136
0.0536297455479
0.053574821399
0.0535473690126
0.0534924871387
0.0529736713841
0.0529600218145
0.0529054464351
0.0528781666719
0.0528645294326
0.0528100033741
0.0527827482714
0.052728264488
0.0527010305229
0.0526465854917
0.0525785719181
0.0525649734309
0.0525241902995
0.0524834230213
0.0524834036452
0.0524698174882
0.0524290695861
0.0523747689948
0.0523340580833
0.0522933630251
0.0522662417935
0.0522391276078
0.0521984713017
0.0521849221354
0.0521578290873
0.0520766098326
0.0520630765194
0.0520630430517
0.0520630236756
0.0520359623338
0.0520089080378
0.0519548258677
0.0519413084078
0.0519412925546
0.0519412678942
0.0519277521957
0.0519007260831
0.0518737070163
0.0518602001252
0.0518600310248
0.0518330225268
0.05181952092
0.0517655373919
0.0517385535544
0.0517385218481
0.051684580595
0.051657617895
0.0516441391873
0.0515498639756
0.0515094771732
0.0515094542742
0.0515093309719
0.0515089522575
0.0514954929258
0.0514685795468
0.0514551254995
0.0514416732136
0.0514013269248
0.0513341289082
0.0512803955077
0.0512669661208
0.0512401126315
0.0511596120533
0.0511193767366
0.0511059684873
0.0510791572731
0.0510657543082
0.0510389536627
0.0510121600631
0.0509987659055
0.0509719828747
0.0509452068897
0.0508649317787
0.0508642007719
0.0508631667937
0.050823049495
0.0508096799978
0.0507829462879
0.0507829374806
0.0507829286733
0.0507562020093
0.0506627405931
0.0506627405931
0.0505960216942
0.0505693443511
0.0505426740538
0.0505426687694
0.0504893493125
0.0495631813617
0.0495367788067
0.0495367735223
0.0495103780131
0.0495103480682
0.0494971529559
0.0494707680155
0.0494312038158
0.0493916572308
0.0493916378547
0.0493916343318
0.0493521036
0.0493257574117
0.0492994182694
0.0492993988933
0.049299390086
0.049286223157
0.0492730579894
0.0492598945834
0.0492598699229
0.0491283820635
0.0491283468343
0.0491020605357
0.0490626460604
0.049062640776
0.0489838593848
0.0489838505775
0.0489707259236
0.0489444819001
0.0488789044286
0.0488526850656
0.0488395780264
