0.928385104888
0.91164791245
0.897704018385
0.882027296575
0.8713573299
0.863121675628
0.855089811949
0.847040911408
0.840498606994
0.835282974161
0.82689641191
0.818874437079
0.81249546952
0.804224582483
0.798910698819
0.791079048204
0.78255048921
0.775844555538
0.770000404855
0.764489626722
0.759464108491
0.754919203426
0.750439335063
0.745511567409
0.736164988952
0.731995095639
0.728444789564
0.723438490646
0.718399185452
0.714330183402
0.709272921864
0.705229890811
0.699112956588
0.693665774282
0.690160499985
0.686467399226
0.683029437442
0.679746908831
0.676179539474
0.67276748175
0.669655436247
0.667035254367
0.662486681938
0.660169885478
0.657327710056
0.654635723936
0.651518055846
0.648407822887
0.645305039151
0.642162115218
0.637367913948
0.633819126254
0.630704517823
0.628020701365
0.622951928672
0.619864087419
0.617483217776
0.614781145524
0.611574504223
0.609580270221
0.606895590646
0.605093667789
0.602418880585
0.599106680146
0.596490998802
0.59452154681
0.592555346477
0.589908518961
0.587722495207
0.585585905125
0.583634541587
0.581098148935
0.578928482118
0.576627648027
0.573432281845
0.571366701583
0.568722861506
0.566487092302
0.564121993029
0.56229576728
0.560161521704
0.557676778643
0.555861026547
0.55263546362
0.550387559704
0.54871561161
0.546124814441
0.543846440753
0.541485507338
0.539783543931
0.538040723411
0.536126882538
0.534476755437
0.532136272597
0.530319417825
0.528980391348
0.52708274888
0.524801511056
0.522954330954
0.519825993687
0.517304418455
0.515427873018
0.513427170928
0.511685049708
0.510200181217
0.508717477562
0.507490580476
0.505505317601
0.503566078206
0.502261294551
0.500202421937
0.494347912096
0.492763471676
0.491472767388
0.489851420815
0.487818154575
0.486782372601
0.484879493306
0.483557894735
0.481990862845
0.480673206426
0.479275188583
0.477920219113
0.476608143005
0.475216064813
0.473948583641
0.472274872323
0.471296478784
0.470115610463
0.468529894745
0.467352496505
0.465974006231
0.464840297534
0.463505921317
0.462577030145
0.461245898541
0.460198480348
0.458951229568
0.457785955471
0.456381562897
0.454939304174
0.454179021914
0.453579244078
0.452261189568
0.450546633468
0.449392095482
0.448397977371
0.446849409127
0.44530351302
0.441590884693
0.440644842165
0.439267045908
0.438480676394
0.437577222497
0.436713921128
0.435733959887
0.434481229198
0.433542840223
0.432566423044
0.431318249257
0.430500090638
0.429177202676
0.428283398068
0.427429330282
0.424640789619
0.423713089196
0.423365466417
0.422400606191
0.421668031729
0.421013128938
0.417326025957
0.416482960264
0.4157172756
0.41499052277
0.413691698142
0.412890454843
0.411556834292
0.410605542608
0.409503406357
0.408630339442
0.407038877835
0.406395424547
0.404732537414
0.403789182878
0.403223681333
0.402131543141
0.401040893385
0.400252013788
0.399051485789
0.39830201186
0.397702931563
0.396992111158
0.396319287251
0.395199279207
0.394378878246
0.393820001559
0.392629112281
0.391885688974
0.391180089543
0.390475133045
0.389956093585
0.389326296912
0.388549039442
0.387883423438
0.387255303678
0.386258791739
0.385631989552
0.38452717764
0.383056687964
0.382359092616
0.381405530407
0.380746063668
0.380160352868
0.379136483662
0.378661558257
0.377895001669
0.376874170985
0.376145861023
0.375309171823
0.374400769979
0.373892530042
0.373275865069
0.372768391369
0.372188845686
0.371645931369
0.370597465106
0.370055715116
0.369406138985
0.368973400598
0.368504886916
0.367928668635
0.367460831354
0.367101149606
0.366238686693
0.365305495792
0.364946872683
0.36433765341
0.363907895417
0.363478392835
0.363013382701
0.362548672015
0.36219140347
0.360871374361
0.359980636459
0.359482290655
0.358913195727
0.358486652401
0.358024853412
0.357456924572
0.356783068449
0.356499522376
0.35582659102
0.35582571205
0.35518879731
0.354340427854
0.353951919779
0.353387244359
0.352541030934
0.352012664532
0.352011285307
0.351377794848
0.350744848681
0.349621259584
0.348884779961
0.348254065567
0.34807896743
0.34688961943
0.346540154162
0.345981393732
0.345562611409
0.345178956162
0.344725809475
0.344238141654
0.343924819826
0.343611647723
0.343229066968
0.342881451235
0.34211738007
0.341839724326
0.341492813178
0.341007438781
0.340626312994
0.340037768001
0.339311497812
0.338793129469
0.337585754667
0.337344416748
0.33699980607
0.335864096352
0.335657756924
0.333839436616
0.332948642347
0.332811674579
0.332400950944
0.331956296266
0.331580269911
0.331375251579
0.331341088022
0.330794737092
0.330419371286
0.32966938301
0.329158449798
0.32881804373
0.328273803031
0.32786589069
0.327560114966
0.327084796756
0.326949040874
0.326609781517
0.32633849522
0.325762394957
0.324882493569
0.324611925949
0.323733604593
0.323429762954
0.322755137071
0.322418058405
0.321609853807
0.321340654843
0.321004324798
0.320500167931
0.320231433992
0.319962811026
0.319627208465
0.319358839149
0.319124108474
0.318822449287
0.318286519167
0.316782212942
0.316281369385
0.315447762743
0.315147836834
0.314814758448
0.314515137272
0.313883103543
0.313484229263
0.312587787747
0.312189746639
0.311858234192
0.311560023948
0.311195748307
0.311030232523
0.310765498865
0.310567022603
0.310368609754
0.31023636975
0.31010415793
0.309278557133
0.308981581673
0.308552877034
0.308190376946
0.307926865743
0.307729298396
0.307367256288
0.307136976829
0.30684103887
0.306840890907
0.306577946895
0.30592113644
0.305658597564
0.305363365951
0.305002745344
0.304675071123
0.304216650619
0.303693174035
0.303562364339
0.303366206161
0.302908763268
0.302745468688
0.302582219906
0.302386375268
0.302060110217
0.301831828255
0.301636226699
0.301440688556
0.301180073197
0.300919568809
0.300756809714
0.300203860347
0.300073806318
0.299813789855
0.299618845324
0.299521395958
0.299131758786
0.29890459183
0.298839701329
0.298677511185
0.298320843299
0.298223605308
0.297996781837
0.297672903567
0.297446287948
0.297219758641
0.296928650612
0.296702327396
0.296443772947
0.295346558221
0.295056350299
0.295056034997
0.29460493689
0.29402548985
0.293800265786
0.293542976067
0.293542914416
0.293317875306
0.293125055098
0.292579102259
0.292290264754
0.291681135316
0.291008461134
0.290560461439
0.290368548384
0.290240641577
0.290144731729
0.289984914275
0.289857092018
0.289569605555
0.289346097155
0.289026950172
0.288389258627
0.287975105425
0.28775221706
0.287656719394
0.287593061916
0.287306695743
0.286702787278
0.286131148799
0.285908970303
0.285433231103
0.285338117436
0.285211325634
0.285021191657
0.28486279218
0.284166526736
0.283376459914
0.283155354148
0.283155012425
0.283028705025
0.283028668035
0.282586833457
0.282366041232
0.28227144015
0.282113812193
0.282082290829
0.281735700267
0.281546725332
0.281263401203
0.281137516555
0.280980200377
0.280822929997
0.280634263317
0.280508519586
0.280414230283
0.280005863484
0.280005460109
0.279911255356
0.279346520047
0.279158350099
0.279032937523
0.278750888693
0.278468966688
0.27837502087
0.278374983879
0.278312362141
0.278187139802
0.278030653273
0.277780368888
0.277623995093
0.277530191953
0.277311384896
0.277123900157
0.276874020909
0.27674912444
0.276593041286
0.276156339609
0.275782233248
0.275782196257
0.275532926475
0.275532878915
0.275532810218
0.275314787012
0.275221374916
0.275034600047
0.27484788859
0.274723448341
0.274536842571
0.274226007928
0.274132780786
0.273977437446
0.273884254341
0.273697932167
0.27360479486
0.273356507974
0.273201384816
0.273015296917
0.272550487589
0.272488524638
0.272457545805
0.272240748575
0.271993083485
0.271498123211
0.271158122279
0.270910952159
0.270787406732
0.270540410998
0.270262667181
0.270108426516
0.269985064281
0.26986173023
0.269861659771
0.269800003314
0.269676713299
0.26961507798
0.269122330102
0.269029976646
0.268753021964
0.268752984973
0.268568417216
0.268414660953
0.268260946965
0.26816873971
0.268107277014
0.267922934724
0.267554470326
0.267401004704
0.267339630081
0.26718622611
0.267063533231
0.266634386465
0.266450547953
0.265685682368
0.265471596029
0.265318727543
0.26513534525
0.264829883066
0.264768804368
0.264280495375
0.26342718678
0.262636105356
0.26248405595
0.26233205058
0.262058551887
0.261967417362
0.261845929323
0.261724469467
0.261603037795
0.261360269569
0.261117610554
0.261087285223
0.261087105553
0.260905194081
0.260783952646
0.260480979408
0.260359836616
0.260268998016
0.260087368378
0.259512812917
0.259391897353
0.259271009973
0.258938747143
0.25881796545
0.258727396355
0.258667025765
0.258606662221
0.258485958033
0.258365282028
0.258214476214
0.258214432177
0.258063668638
0.257882815804
0.257882733016
0.257611584113
0.25746099672
0.257310455125
0.257129862988
0.256919252014
0.256798940631
0.25670872559
0.256588465289
0.256498287239
0.256287938722
0.256197813515
0.256137738851
0.25586750767
0.255747442892
0.255537397347
0.255447406012
0.255267474422
0.255117574
0.254757999701
0.254668143998
0.254578304147
0.254428608055
0.254219108563
0.254129347979
0.253890067448
0.253621019969
0.253531365073
0.25350148363
0.25350131453
0.253411680771
0.253172745486
0.253113026637
0.252844428332
0.252248062448
0.252099051564
0.251711855778
0.251354738719
0.251324985863
0.250997841842
0.250849202627
0.250700610971
0.250670896867
0.250522354532
0.250403550961
0.250284780858
0.249750694988
0.249632074609
0.249365294132
0.249187513288
0.248891376284
0.248832164737
0.248684168455
0.248447470227
0.248358734814
0.24824044559
0.248181311547
0.248122184549
0.248003956976
0.247885754064
0.247767577573
0.247649431028
0.247442746352
0.247295164014
0.247236142704
0.247177128441
0.247088622017
0.246911660253
0.24691151229
0.246852536779
0.245792332133
0.245527605521
0.245292413343
0.245116106843
0.245027968565
0.244998592662
0.24493984614
0.244939828526
0.244646215697
0.24423550087
0.244176845944
0.244059557231
0.244059530809
0.244059395176
0.244059377562
0.243971431283
0.243707692851
0.243444104144
0.243444042493
0.243239124564
0.243122061318
0.243034282378
0.242858772059
0.242771040679
0.242770959651
0.242770820496
0.242770765891
0.242770667249
0.242624483511
0.242624321457
0.242624191108
0.242624147072
0.242507231788
0.242478007371
0.242390344688
0.242273485771
0.242215066881
0.242010656254
0.241893888933
0.241572939974
0.241543771924
0.241193956125
0.241048249744
0.2410191134
0.240902585638
0.24049501502
0.240145933751
0.239855244949
0.23968089191
0.239535641748
0.239477554013
0.239216256968
0.239129187897
0.23910016781
0.238897087086
0.238694087389
0.238607111676
0.238520151817
0.23849116872
0.238375253947
0.238172488524
0.238027696342
0.237969791799
0.237882949958
0.237738245848
0.237680376535
0.237448982069
0.237333322708
0.23733328924
0.237333236397
0.237217605219
0.237188701388
0.23713089901
0.237044208654
0.237015315391
0.236870877263
0.236841994569
0.236697611046
0.236639868558
0.236582133115
0.236380116315
0.236149350691
0.236091675139
0.235285529691
0.235141620001
0.235026522546
0.234968984387
0.234911453274
0.234796413948
0.234738903973
0.234738764817
0.234623767766
0.234595022466
0.234508797136
0.234278977418
0.234278933381
0.234164047302
0.233877004727
0.233733524834
0.233274766129
0.23318878388
0.232873714682
0.232816440743
0.23275917385
0.232644662962
0.232501561783
0.23238711783
0.232244097679
0.232186901244
0.232043944505
0.232042980985
0.231928644482
0.230702751429
0.230702696824
0.230417773288
0.23036080232
0.230303838398
0.230303773224
0.230161399529
0.229990604643
0.229933686519
0.229848322544
0.229734530333
0.229222850261
0.228825300601
0.22865500421
0.228626627056
0.228513141339
0.228371318981
0.228229538899
0.228116151824
0.22811565333
0.228087309644
0.228087207479
0.227577424502
0.227492499131
0.227464194197
0.227379289963
0.227266114264
0.227152961463
0.227096395632
0.227011561857
0.226983286867
0.226361957543
0.226164360251
0.226136138105
0.225938637693
0.225854018817
0.225600280205
0.225515724741
0.22543118513
0.225374834197
0.225290321008
0.225262153468
0.225177661417
0.224980587279
0.224811742332
0.224165357971
0.224165324503
0.224052948507
0.224052909755
0.223996731445
0.223884397724
0.223772092187
0.223687880208
0.223547563901
0.223379250915
0.22323903325
0.223182957105
0.222902719058
0.222762652878
0.22273464387
0.222454678849
0.222314753586
0.22217487236
0.222090963353
0.22206299662
0.221951149062
0.221951060989
0.221615692702
0.221392267091
0.221057390252
0.220917905355
0.220806346678
0.220694814422
0.220443996314
0.220249004224
0.220193305032
0.219859270172
0.219386507843
0.21927534021
0.219053115917
0.218858735054
0.218803212008
0.218719942411
0.218608938594
0.218553447255
0.218414749731
0.218359283052
0.218220650702
0.218054349306
0.217998928425
0.2178881078
0.217611183063
0.217528140695
0.217500462842
0.21741743985
0.217362099996
0.217279103426
0.217196122709
0.217140811039
0.217085506414
0.217085388396
0.217030090817
0.21694715766
0.216864240356
0.216036430685
0.215953687766
0.21576070022
0.2157331351
0.215678010144
0.215402554467
0.215099750329
0.21490713269
0.214852113422
0.2147971012
0.214714596078
0.214522151062
0.214439698784
0.214439674123
0.21419243883
0.214164974113
0.214000222804
0.213972770417
0.213862983771
0.213698366333
0.213616072586
0.213451532652
0.213369286465
0.213287056131
0.213177442108
0.213150042565
0.213040467294
0.212985687585
0.212958300373
0.211837626496
0.211783001795
0.211782954236
0.211701030396
0.21161912241
0.211564525893
0.211455355758
0.210937300955
0.210937286863
0.210882778419
0.21085552684
0.210746539897
0.210692056113
0.210664816864
0.210583111446
0.210392533579
0.210283669939
0.210229246045
0.210174829197
0.210120419395
0.210120394735
0.210065991979
0.210011596269
0.209930015914
0.209875637818
0.209794085647
0.209685373493
0.209522360746
0.209440875511
0.209386560828
0.208546204263
0.208545945329
0.208491746902
0.208464650331
0.208383371187
0.208302107895
0.208193781501
0.208139628872
0.207814957944
0.207652679728
0.207625637762
0.207544522434
0.207463422958
0.207409365449
0.207247236957
0.206707530262
0.206626594602
0.206383909165
0.206276083026
0.206276065411
0.20622216291
0.206114379046
0.20584506911
0.205791222976
0.205737383887
0.205683551845
0.205629726848
0.205602816992
0.205549002564
0.205522097993
0.205441394846
0.205360707553
0.205333815312
0.205172505899
0.205145625988
0.204930687102
0.204850101973
0.2048232432
0.204742677447
0.204688975753
0.204608438184
0.204447410606
0.204366918835
0.204286442917
0.204232801113
0.204179166354
0.204179134648
0.204098695721
0.203991468478
0.203911068303
0.203750313752
0.203482576801
0.203402275268
0.203161478118
0.203001028299
0.202787195611
0.202680315377
0.202600172375
0.202279822314
0.202226444729
0.20209304216
0.201773084905
0.201693121572
0.201639821492
0.201559886343
0.201426696911
0.201373432059
0.201373289381
0.201373238298
0.201346608515
0.201293354232
0.201160251112
0.201160057351
0.20102700179
0.200973789783
0.200761022779
0.200681260253
0.200628094043
0.20057493488
0.200468642974
0.200335811119
0.200309250032
0.200256133143
0.200123377031
0.200070284803
0.199964123245
0.199937586819
0.199884519251
0.199804932872
0.199698841773
0.199645805911
0.199592777095
0.199539755325
0.199486740601
0.199407231726
0.199274753925
0.199168803743
0.199036405208
0.198956986167
0.198904048948
0.198771742008
0.198745284848
0.198692375812
0.198613025468
0.196714849278
0.196504359844
0.196451750256
0.196162555175
0.195689877396
0.195637377019
0.195611129473
0.195584883688
0.195374986106
0.194850912387
0.19474614943
0.194667591744
0.194562874586
0.194536699259
0.194458183849
0.194170471918
0.194065892153
0.19359584776
0.193517522588
0.193413115446
0.193360921564
0.193204387475
0.193073986438
0.192995766953
0.192969697314
0.192891500729
0.192813318234
0.192761205379
0.192578883486
0.192448699108
0.192370606449
0.192162456237
0.192006404789
0.191902406307
0.191798439531
0.191772450919
0.191642539568
0.191564610725
0.19151266697
0.191227165674
0.190993703252
0.19091590828
0.19068262905
0.190604895729
0.190604735436
0.190578827852
0.190501115668
0.190423419337
0.19034573886
0.190293960682
0.190216308388
0.190061058405
0.190035187812
0.19000931898
0.1899575866
0.189905861267
0.189699046243
0.189621513728
0.189569834193
0.189543997067
0.18944066794
0.189337365236
0.189285724452
0.189130846138
0.189079233537
0.189027627983
0.188898650207
0.188898197511
0.188820828813
0.188795042769
0.188717695208
0.188691916211
0.1886403635
0.188460010922
0.188279728801
0.18817674316
0.188099522424
0.187996587865
0.187945130273
0.187842237989
0.187790801535
0.187585145554
0.187533744329
0.187328220457
0.187328204604
0.187174133039
0.186456518675
0.186379653755
0.18635403505
0.186251579609
0.186072364935
0.186046767368
0.185995577518
0.185663057515
0.185509669398
0.18545855353
0.185407444708
0.185356342932
0.185203090447
0.18517755277
0.185152016854
0.185100950307
0.184896765147
0.184845733829
0.184794709557
0.184794394256
0.184743377029
0.184692366849
0.184641363715
0.18464130911
0.184310025653
0.184208137402
0.184182668422
0.184182541597
0.184029764707
0.183953400042
0.183800723555
0.183698972698
0.183622678492
0.183546398377
0.183470134115
0.183393885706
0.183393846954
0.18336843434
0.183317614398
0.183266801502
0.183089029465
0.183038248275
0.182911331409
0.182708373988
0.182581571618
0.182581531104
0.182556174857
0.182480116687
0.182277388255
0.182277263191
0.18220126491
0.182049322953
0.181998686203
0.181998638644
0.18179617267
0.181796098688
0.181694904454
0.181644317025
0.1815178828
0.181517792965
0.181467230196
0.181391399254
0.1813408541
0.181239784929
0.181164003308
0.181062985219
0.180911518857
0.18063403926
0.180583599793
0.180533167373
0.180507953805
0.180457531953
0.180407117147
0.180255932618
0.180255900912
0.180205514289
0.180129947567
0.180104762182
0.180104751613
0.180054386128
0.179928505002
0.179878164178
0.179727194548
0.179676881907
0.179626576311
0.179626488238
0.179626440679
0.179274565731
0.17919919453
0.179198819339
0.179198757687
0.179198727743
0.179198696036
0.179098231047
0.178997788956
0.178897376811
0.178897350389
0.178822058454
0.178822012656
0.178796918868
0.17872164807
0.178571161081
0.178571145228
0.178571134659
0.178445773165
0.178445736174
0.178295360157
0.178195145295
0.178069914149
0.177919696663
0.177869637673
0.17776954259
0.177719504737
0.177319592957
0.177269618516
0.177219651122
0.177069794736
0.17694496168
0.176845127294
0.176795219789
0.176770268679
0.176570724971
0.176396232777
0.176246739252
0.176221826894
0.176147100388
0.176097291525
0.17609726158
0.176072359791
0.175997664992
0.175997428956
0.175872976376
0.17567396463
0.175673938208
0.175077593461
0.175052763892
0.175003110037
0.174953463229
0.174482439463
0.174333749165
0.174333698083
0.173863431746
0.173739743641
0.173739676705
0.17373963443
0.173566542598
0.173517100119
0.173220616107
0.173146530774
0.173121838598
0.172998414712
0.172973733106
0.172973491785
0.17294881194
0.172899457535
0.172850110175
0.172677460469
0.172677402341
0.172677379442
0.17255410528
0.172504807241
0.172430873394
0.172381592969
0.172307687305
0.172233795733
0.172233737604
0.172110623736
0.172061389109
0.172061116083
0.172036501412
0.171618448333
0.171520128805
0.171470978729
0.171102715137
0.171102690477
0.171029057839
0.170955442816
0.170808267376
0.170759219464
0.170685660808
0.170636630511
0.17058760726
0.170563098277
0.170514085595
0.170367096869
0.170269140202
0.170122260687
0.170073311417
0.170048839425
0.170024369194
0.169975434016
0.169730902566
0.169682009664
0.169608685282
0.169535374992
0.169462082317
0.169437654361
0.169437624416
0.169388773788
0.169266688613
0.16914464219
0.169047037816
0.169046926843
0.168998132583
0.168949345367
0.168413316605
0.168388964392
0.168169896639
0.168096898127
0.167878034703
0.167732190928
0.167586405281
0.167489248317
0.167392119537
0.16729501894
0.167149420008
0.167076645203
0.166979634441
0.166955386154
0.166931139628
0.166809938707
0.166737237883
0.166737158617
0.166640248259
0.166616024632
0.166567582664
0.166567552719
0.166446482146
0.166422272611
0.166373858826
0.16630125136
0.166228659746
0.166035168422
0.166010988832
0.165576296983
0.165455594556
0.165310814704
0.165214323573
0.165190203873
0.165141969757
0.165069631794
0.164660031972
0.16461187536
0.164563725794
0.164539653654
0.164491514657
0.1644674478
0.164443382706
0.164347141702
0.164323085415
0.164299030889
0.1641066669
0.164058591316
0.163986492912
0.163938434942
0.163890384018
0.163746273521
0.163530249574
0.163338345327
0.163218456695
0.163170511459
0.163170469184
0.163122530994
0.163074599849
0.163026675751
0.162978758698
0.162930848691
0.16288294573
0.162763222676
0.162739282645
0.162643541897
0.162619610673
0.162619589535
0.162523882255
0.162523769522
0.162452007557
0.162404175054
0.162332441273
0.162308532948
0.162212922548
0.162212853851
0.16206948493
0.161973944989
0.161926182944
0.161878427946
0.161854553089
0.161782939087
0.161759071276
0.161735205226
0.161687478412
0.161615903162
0.161544342004
0.161496643372
0.161496622234
0.161472775561
0.161425087498
0.161234442697
0.161162966089
0.161139144075
0.161043875399
0.161043808464
0.161043503731
0.160805450939
0.16073406945
0.160567576055
0.160496247409
0.160401168971
0.160306118716
0.160211096645
0.160116106279
0.160068619023
0.160021138813
0.159949931709
0.159902469113
0.159831288431
0.15930989918
0.159215171273
0.159120476833
0.158883914238
0.158812962546
0.158789314918
0.158742024945
0.158671103198
0.158647466138
0.15862383084
0.158623741006
0.158576475694
0.158411109634
0.158340261868
0.158245824602
0.15824577352
0.1582457013
0.158009744648
0.158009623107
0.157797433863
0.157773861977
0.157750291853
0.157561810127
0.157373441134
0.15737331607
0.157279171207
0.156879484894
0.156832480278
0.155241659844
0.155194901833
0.155148150868
0.155031309566
0.154937865764
0.154867801849
0.154611072274
0.154564409383
0.154494428256
0.154471104737
0.154424462982
0.154377828274
0.154214667565
0.154144767466
0.154074881458
0.154028299593
0.153981724775
0.153935157002
0.153911875758
0.153842044355
0.153818770157
0.153655907135
0.153609388683
0.153586132099
0.153423397664
0.153376914442
0.153260738972
0.1531446093
0.153098168353
0.153074950521
0.152982098571
0.152958889547
0.152958849033
0.152958808519
0.152865991798
0.152657265589
0.152518191112
0.152425508262
0.152379176525
0.152309692131
0.151939394051
0.151846885586
0.151777522732
0.15177742409
0.151708078851
0.151638747704
0.151569434172
0.151500134731
0.151453943911
0.151338502971
0.151292336811
0.151084686855
0.151038559448
0.150969381548
0.150923271755
0.150900219501
0.150854120277
0.150738913611
0.150715875449
0.150692839048
0.150577685226
0.150577655282
0.150485564283
0.15041651497
0.150347481509
0.150278463903
0.150255460969
0.150232459798
0.150231646002
0.150162653056
0.150116666565
0.150047700041
0.149817941974
0.14979497427
0.14970312283
0.14945073526
0.149450707076
0.149336032372
0.149336016519
0.148443608751
0.148329321568
0.148237921063
0.147986738333
0.147963911546
0.147918263256
0.147895441753
0.147872622012
0.147849804032
0.147826987814
0.147804173357
0.147758549728
0.147735740556
0.147690127496
0.147621721116
0.147598922512
0.147530539032
0.147462169643
0.147462132652
0.147370999889
0.147166071391
0.147165724383
0.14716570853
0.147029165274
0.146983661425
0.146938164621
0.146847197435
0.146710798619
0.146597175508
0.146551738594
0.146029893125
0.145939202488
0.145893867739
0.14555409932
0.145486191434
0.14541829764
0.145350419699
0.145305176545
0.145259940438
0.145169491122
0.145124276152
0.144988684086
0.144898322843
0.144762836465
0.144717684907
0.144672540396
0.14462740293
0.14458227251
0.144537149137
0.144469477287
0.144424371527
0.14440182129
0.144379272814
0.144379230539
0.144243987242
0.144221451096
0.144131325889
0.144131204349
0.14410867701
0.144063627618
0.143951045531
0.143861003112
0.143815992472
0.143793489794
0.143748489722
0.143658512478
0.143658459634
0.143590993876
0.14354602551
0.143501064191
0.14341116269
0.143298825446
0.143074295398
0.14302940806
0.142984527768
0.142917220541
0.142782660692
0.142692989942
0.142625753173
0.142536128221
0.142491325433
0.142446529691
0.142222677807
0.142222656669
0.142133158543
0.1420213286
0.141998966839
0.141931893886
0.141887186217
0.141842485594
0.14184246798
0.14182012031
0.141753089633
0.141418267399
0.141373640757
0.141262108502
0.141262097933
0.141195199365
0.141128314888
0.140950046119
0.140860949606
0.140816411038
0.140794144396
0.140771879515
0.140771853093
0.140749589974
0.140549324066
0.140482592837
0.140415877461
0.140371409351
0.140215828214
0.140193609131
0.140082541901
0.139904942488
0.139838364506
0.139749623808
0.139705261386
0.139660906009
0.139616557679
0.139527887439
0.139505722962
0.139439241861
0.139394928759
0.139350622704
0.139151369637
0.139129235104
0.139062842076
0.138996464901
0.138952222258
0.138885871504
0.138775327429
0.138510223864
0.138488140414
0.138466058726
0.138421900633
0.13822330283
0.138135076479
0.13813505358
0.138090948331
0.138046850128
0.137980716035
0.137870533059
0.137870459078
0.13784842671
0.137826396104
0.137760316616
0.137760284909
0.137760260249
0.137628152355
0.137628125933
0.137562094004
0.136990541837
0.13694661978
0.136880749905
0.136792948067
0.136749057716
0.136727115183
0.136551654185
0.136529727505
0.136442040162
0.136332478982
0.135960338413
0.1358728325
0.135850960425
0.135785356532
0.135741628236
0.135697906986
0.135065313111
0.135043506211
0.134978096078
0.134956296224
0.13493449813
0.134847325134
0.134803748324
0.134781962561
0.134738396319
0.134564219427
0.13454245304
0.134150980424
0.134129247505
0.134107516348
0.134085786951
0.134042333444
0.133998886981
0.133933732261
0.133825178638
0.133694973123
0.133673277194
0.133651583027
0.133586512857
0.133543140376
0.133521456778
0.133456418314
0.133413066971
0.133348054929
0.1333047212
0.133131483167
0.133109833037
0.133044894976
0.133023251891
0.133023137396
0.133001496073
0.132828444755
0.132828423617
0.132655485032
0.132633873654
0.132417872606
0.132158907736
0.132137336872
0.132094200427
0.132007950437
0.131964835129
0.131835531483
0.131792444359
0.13177090344
0.131663235832
0.131598650063
0.131555601692
0.131426516467
0.131383496278
0.13138348571
0.131297471755
0.13118998734
0.131125517828
0.131104031513
0.13108254696
0.131039583139
0.13101810387
0.130910739234
0.130910622978
0.130910543712
0.130910489107
0.130910413364
0.13091027597
0.13088880727
0.130888796701
0.130867329763
0.130781484909
0.130781146708
0.130759688577
0.130716777599
0.130652426105
0.130588088703
0.130545205909
0.130438031511
0.130395173377
0.130352322289
0.130288058868
0.130138198959
0.130095390147
0.130009793659
0.129945614788
0.129924225354
0.129902837682
0.129881451771
0.129667707155
0.129624975847
0.129603612835
0.129582251584
0.129475473515
0.129390086641
0.12934740113
0.129304722666
0.129240719941
0.129112760291
0.129070120578
0.129048803364
0.129006174221
0.128963552123
0.128814442597
0.128113192215
0.128049485416
0.12800702185
0.127943339712
0.127858454855
0.127816022995
0.127688774974
0.127625172102
0.127582778994
0.126653503824
0.126632387417
0.126337058924
0.126294880715
0.126210547195
0.126168390123
0.126105167727
0.126041962945
0.125915604463
0.12585244724
0.125768259922
0.12570513969
0.125705099176
0.125663026655
0.125662986141
0.125641952522
0.12559989057
0.125578862235
0.125473757555
0.125452739789
0.125452706322
0.125452690469
0.125389647741
0.125011743668
0.124948813674
0.124843967928
0.124760120572
0.124466888219
0.12442502355
0.124341315349
0.124278554456
0.12419490086
0.123881461015
0.12386057712
0.123818814616
0.123777059158
0.123756184071
0.123714439181
0.12354754065
0.123443290278
0.123380756613
0.123359914994
0.12331823704
0.123276566131
0.123193247214
0.123151597443
0.1231307752
0.123109954718
0.123089135998
0.123047503842
0.123047421053
0.123026607617
0.122943376773
0.122943350351
0.122922545723
0.122901742855
0.122860142406
0.122859996204
0.122797608741
0.122756025905
0.12273523713
0.122672883134
0.122589766785
0.122589729794
0.122589544841
0.122527226074
0.122444159045
0.122423396692
0.1224026361
0.122402363073
0.122402336651
0.122381577821
0.122319313659
0.122277811852
0.12223631709
0.122194829373
0.122153348703
0.122070410261
0.121966785209
0.121759653122
0.121511341575
0.121490658488
0.121469977161
0.121428619793
0.121366596952
0.121325257199
0.121283924491
0.12124259883
0.121159973928
0.12107737721
0.121036086778
0.120891643365
0.120850384639
0.120829757918
0.120767888324
0.120685425477
0.12064420198
0.120561777885
0.120520575526
0.120479380212
0.120458785198
0.12045877639
0.120438183137
0.120376415708
0.120314664132
0.120273504048
0.120273488195
0.120191194448
0.120088370861
0.119985584265
0.119944480547
0.119923931331
0.119821222239
0.119718551899
0.119698022059
0.11967749398
0.119656967662
0.119554373065
0.119431315563
0.119349307173
0.119349257852
0.119287770496
0.11918533443
0.119123887587
0.119122194822
0.119081239068
0.119040290359
0.118999348696
0.118876565982
0.118856108362
0.118835652503
0.118815198405
0.118733401391
0.118631203123
0.118590331918
0.118529038322
0.118467762341
0.11842691932
0.118365667999
0.118080071585
0.118018910099
0.117896652301
0.117855907921
0.117815170588
0.117652318135
0.117611616031
0.117591267621
0.117550576086
0.11753023296
0.117124009861
0.116758821783
0.116576429431
0.116515660751
0.116434659917
0.116373926466
0.116353685506
0.116313208869
0.116232278494
0.116191822994
0.116151374541
0.116110933133
0.116070498771
0.116050284232
0.116050247242
0.115848204019
0.115807815455
0.11574724582
0.115727059465
0.115605981846
0.115565635558
0.115525296315
0.115444644251
0.115384171496
0.11534386396
0.115283417627
0.115283401774
0.115283262618
0.115242972696
0.115162419274
0.115102020501
0.115041637581
0.115021512877
0.114840489181
0.114800276764
0.114699778307
0.114699716656
0.114699706087
0.114699644436
0.114619281251
0.114498788438
0.114498749686
0.114438525298
0.114398383339
0.114378315001
0.114378285056
0.114378269203
0.114358202627
0.114338137813
0.11425789617
0.114237840162
0.114137597117
0.114077466086
0.113977286454
0.11357710517
0.113377272582
0.113337317338
0.113277397683
0.113257427987
0.11321749388
0.11317756682
0.113137646805
0.113057829674
0.112978038965
0.112977931515
0.112918106979
0.109559319391
0.109480788128
0.109441530423
0.109402279763
0.109402249818
0.109363006205
0.10934338704
0.109304153995
0.109206112778
0.109010190636
0.108971017481
0.108951433546
0.108931851372
0.108912270959
0.108892692308
0.108873115419
0.108814397081
0.108794827237
0.108794740925
0.108657804864
0.108657781965
0.108638226213
0.108618672222
0.108579569526
0.10850138527
0.1083451383
0.108286560879
0.108267038595
0.108266913531
0.108266536578
0.108227497294
0.108227217221
0.108188184983
0.108149159791
0.108110141645
0.108110131076
0.108090624645
0.108071119975
0.108051617067
0.108032115921
0.107954134233
0.107915151316
0.107642485795
0.107623021639
0.107525727281
0.107428478721
0.107350715455
0.106981819499
0.106943012728
0.106865422085
0.106787863149
0.106768476497
0.106749091607
0.106710327111
0.106632819257
0.106555344871
0.106516615604
0.106516594467
0.106381115134
0.10624570626
0.106226368929
0.10584003626
0.105840025691
0.105820725352
0.105589300941
0.105570023501
0.105531473903
0.105396623413
0.105377363586
0.105358105521
0.105319594676
0.105281090877
0.105184867488
0.105088688136
0.105050226611
0.104954107149
0.104934887836
0.104896454495
0.104896389321
0.104877175293
0.104857963026
0.104819543777
0.104781131573
0.104742726416
0.104704328304
0.104569997445
0.10451245224
0.104454922889
0.104435749375
0.104435737044
0.104435693008
0.104397351263
0.104339851856
0.10432068891
0.104282368303
0.104263210642
0.104224900603
0.104148301663
0.103995204187
0.103976072947
0.103937815753
0.103899565604
0.103823088205
0.10376574733
0.103746637228
0.103727528887
0.103651114901
0.10342208608
0.103364856177
0.103345783066
0.103231391957
0.103193272156
0.10309800348
0.103040863412
0.102983740958
0.102964703076
0.102926632596
0.102888569162
0.102888556832
0.102831474892
0.102793429073
0.102736375316
0.102698347112
0.102679335652
0.102641318016
0.102603307426
0.102584304773
0.102527307383
0.102527263346
0.102451293249
0.102356378626
0.102337398872
0.10231842088
0.102261497472
0.102109789789
0.10201502313
0.101977128796
0.101920302268
0.101901363028
0.101844557637
0.101844501271
0.101825569076
0.101806638643
0.101749859675
0.101712014662
0.101711958296
0.101693038431
0.101693004964
0.101636257701
0.101617344883
0.101296239155
0.101294782425
0.10129472782
0.101275846708
0.101181472855
0.101181293185
0.101143553861
0.101105821581
0.101086958084
0.101068096348
0.101030378161
0.100860751125
0.100804234614
0.1007853993
0.100747733957
0.100710075659
0.100615962502
0.100503084489
0.100409068213
0.100352678527
0.100333885488
0.100315094211
0.100296304695
0.100277516941
0.100276944465
0.100201811062
0.100164254929
0.100126705842
0.100089163801
0.100070395423
0.0999953412852
0.0999578239045
0.0999015610444
0.0998640612783
0.0997890881681
0.0997703479731
0.0997141397183
0.0996766751815
0.0996392176905
0.0996204915872
0.099545610073
0.0995081772425
0.0994707514578
0.099433332719
0.099395921026
0.0989292392643
0.0988919226903
0.0988359610403
0.0987054719299
0.0986681976309
0.0985750444707
0.0981287058344
0.0981286899813
0.0981285578716
0.0981285420185
0.0980542206492
0.097998498558
0.0979984562829
0.0979984474756
0.0979798763809
0.0977572575197
0.0976089406517
0.0976089018995
0.0975718354531
0.0975718354531
0.0974792019242
0.0973866141932
0.0973310823399
0.0972755645783
0.0972570621806
0.0972569212637
0.0971829345722
0.0971644409819
0.0971089707798
0.0970904842353
0.0970535164308
0.0969980796964
0.0969611295065
0.0969607842599
0.0969423118072
0.0969238411159
0.0969227190645
0.0966643548535
0.0966090290912
0.0964984392179
0.0964984127959
0.0964983159155
0.0964982965394
0.0964981609068
0.0964981239161
0.0963875868867
0.0963691690392
0.0962771097469
0.0962587024682
0.0960931267948
0.0960563492282
0.0959828169939
0.0959644378986
0.0958174861637
0.0957256928522
0.0955605716359
0.0954872296396
0.0954688981038
0.0954322403166
0.0953955895752
0.0953406284356
0.0953223109915
0.0952856813877
0.0952490588298
0.0952489725181
0.0952489619493
0.0951574416644
0.0951391418349
0.0941378845174
0.0941373331798
0.094100932566
0.0940645389981
0.0940643716592
0.0939734238494
0.093955238515
0.0938643488335
0.0938280010636
0.0937916603396
0.0937553266614
0.0937008411165
0.093664525053
0.0936463696634
0.0936100641686
0.0935919140634
0.0935556191374
0.0931933269025
0.0931209008665
0.0930846975365
0.0929942253215
0.0929580466519
0.0929218750283
0.0928676325652
0.0928314785561
0.0928134041938
0.0927411261205
0.0927411137903
0.0927410979371
0.0926507983454
0.0926327415977
0.0926327327904
0.0926146778041
0.0925424754738
0.0923981747393
0.0923621123262
0.0923260569591
0.0923259636016
0.0922538792891
0.0922358612936
0.0921818178757
0.0921818125913
0.0921277867881
0.092073776838
0.0920557764571
0.0919658115431
0.0919657780754
0.0918399128029
0.091821935321
0.0918216622944
0.0918211215255
0.0918208537833
0.0917669336678
0.0917489632317
0.0917487536177
0.0917485087745
0.0917125731867
0.0916407231487
0.0916227650429
0.0915509555186
0.091515058683
0.0914791688932
0.0914253474196
0.0913894752445
0.0913356801927
0.0912998256322
0.0912460587639
0.0912281394102
0.0911743936795
0.0911206620404
0.0910490462769
0.0910311462993
0.0909774569353
0.0909237851859
0.0909058975386
0.0908880116527
0.0908879957995
0.0908343504721
0.090833820272
0.0907980643534
0.0907970250907
0.0907791497736
0.090761276218
0.0907434044238
0.0907076661198
0.0906540736362
0.0905826393033
0.0905469327056
0.0904933877815
0.0904932997084
0.0904576107253
0.0904219287881
0.0904040904617
0.0903327565321
0.0902614543088
0.0902258111238
0.0901189308895
0.0900655110293
0.0900299065964
0.0899943092093
0.0898698002627
0.0898164543838
0.0898164244389
0.0897453265453
0.0897275551544
0.0896920176571
0.0896917234929
0.0896561930414
0.0896384304579
0.0896383001097
0.0896205392876
0.0895850229278
0.0895140131073
0.0894962646154
0.0894962417164
0.0894961800652
0.0894252089968
0.0894074693123
0.0893188078803
0.0892656275789
0.089177031321
0.0890177088379
0.088964618371
0.0889469244845
0.0889292323594
0.0889292235521
0.0889115331885
0.0888054385664
0.0888054139059
0.0887347141027
0.0887170431151
0.0886993738891
0.0886817064245
0.0886816641494
0.0886286740859
0.0886286370951
0.088628621242
0.0886284961782
0.0885578668334
0.0883461531839
0.0883108904747
0.0879763130841
0.0877301540437
0.0876950146368
0.0876774475756
0.0876598822758
0.0875896386912
0.0875194285745
0.0874843314426
0.0874843261583
0.087431695433
0.0873966159158
0.0873790787994
0.0873615434444
0.0873264780189
0.0873263987532
0.0873088686826
0.0873088228846
0.0872737680279
0.0872562432417
0.0872557341792
0.0872382111545
0.0872031703894
0.0871856526491
0.0871155993025
0.086993080808
0.0869755842052
0.086940596284
0.0869231049656
0.0869230996812
0.0869056101243
0.0868531520223
0.0866959010186
0.0866784343607
0.0866435063293
0.0866260449557
0.0866085853437
0.0865911274931
0.0865562170762
0.0864515457155
0.086416663482
0.0863294922469
0.0862772085297
0.0862249406656
0.0861378733568
0.086103054536
0.0860508395157
0.0859812459107
0.0859464587962
0.0859464535118
0.0859290625967
0.0859290414592
0.0859116523056
0.0858594971751
0.0858247347211
0.0858073561363
0.0857031286639
0.0857030670127
0.0856857007582
0.0856856021163
0.085616159997
0.0855988025497
0.0855640929396
0.0855293903752
0.0854946948568
0.0854600063842
0.0854253249574
0.0854079868862
0.0852347523757
0.0851481817992
0.0851473151599
0.0851472993067
0.0850780756087
0.0850780509482
0.0850607481063
0.0850607375375
0.0850604856484
0.0849567108718
0.0848357248493
0.0848011702478
0.0847666226922
0.0847320821824
0.0846802846287
0.0846457617335
0.0846285029281
0.0845939906017
0.0845077458957
0.0844732582297
0.0844387776097
0.0844043040354
0.0843870698905
0.084352606885
0.0843353780245
0.0843353058045
0.0841459292556
0.0839911495832
0.0839052184174
0.0838708540538
0.0837849774934
0.0837334723424
0.0836476732862
0.0836133617665
0.0836130676023
0.0835787631285
0.0835785112394
0.0835442138114
0.0834756418543
0.0833728446892
0.083355716232
0.083321464602
0.0832872200178
0.0830477791938
0.0829794115663
0.0829281547815
0.0829281459742
0.0828939824172
0.0828256817254
0.0827744725
0.0827403406494
0.0827232773663
0.0827062158446
0.0826720980857
0.0826379873727
0.0825868362755
0.0825697888456
0.0825527431771
0.0823994396099
0.0823824115561
0.0823483607327
0.0822972994702
0.082297192021
0.0822121274945
0.0821271070046
0.0820761144391
0.082059119853
0.0820251359652
0.0819911591233
0.0819911397472
0.0819571699511
0.081906228468
0.081855302838
0.0818213612253
0.0818213418492
0.0816856564257
0.0816856405725
0.0816347836395
0.0815670008175
0.0815500590753
0.0815500432221
0.0815331032414
0.0814992285642
0.0814992197569
0.0814991950965
0.0814991721975
0.0813468444803
0.0813299256371
0.081296093235
0.0812622678788
0.081262237934
0.0812622291267
0.081262211512
0.0812283932017
0.0811438817744
0.0811269840687
0.0810594126221
0.0810593862002
0.0808906258033
0.0808737545196
0.0808568849973
0.0808568163003
0.0808399485395
0.0807387807267
0.0806208420336
0.0806039989333
0.0805534819625
0.0804861535977
0.0803179498228
0.0803011384288
0.0802339122288
0.0802003088168
0.080183509753
0.0801667124507
0.0800659761962
0.0800324080134
0.0800156265643
0.0799820689503
0.0799652927855
0.0799317457403
0.0799149748599
0.0799148286586
0.0798980595396
0.0798812921822
0.0798477627516
0.0798142403669
0.0797974818167
0.0797639700008
0.079747216735
0.0793627476926
0.0793293274727
0.0792625134548
0.0792458130329
0.0792291143725
0.0791957223359
0.0791949789989
0.079044824926
0.0790114716416
0.0789947976416
0.0789781254031
0.0788281703753
0.0787449166319
0.078694986228
0.0786450699157
0.0785951694567
0.0785452866122
0.0784788037492
0.078478791419
0.0784621737858
0.078395722629
0.0783791138032
0.0783459014358
0.0782960978571
0.0782794996
0.0782463083701
0.0782297153974
0.0781799488095
0.0781136209551
0.0780970420741
0.0780804649545
0.0780473159997
0.0779810392278
0.0779479114105
0.0779147906392
0.0778982328957
0.0778816769137
0.0778651226931
0.0778651174087
0.0778154670773
0.0777162174967
0.0776170418976
0.0775839915847
0.0775674690705
0.0775013966281
0.0774683709757
0.0774353523692
0.0771387133487
0.0771387080643
0.0770892884844
0.0770234221331
0.0769904986455
0.0769575822037
0.0768753272093
0.0767602632223
0.0767601698648
0.0767601540116
0.0767437195705
0.0766451675289
0.0765794949385
0.0765793645903
0.0765793275996
0.0765792589025
0.0765464305339
0.0765300189917
0.0765299679093
0.0764971501095
0.0763987565995
0.0763331896967
0.0763331421373
0.0763331227612
0.0762839638776
0.0761856954315
0.0760384090188
0.0760383931656
0.0760220362288
0.076021956963
0.076021888266
0.0760217314959
0.0759890229066
0.0759399749952
0.0759399697108
0.0759236233428
0.0755318865079
0.0754829847978
0.0751249183105
0.0751086600156
0.0750924034821
0.0750598956995
0.0749624163884
0.0749299367892
0.0748812306014
0.0748163154397
0.0747676462426
0.0747352089185
0.0747189928987
0.0746865661433
0.0746379409828
0.0745407452671
0.074492167666
0.0744436041567
0.0744274198431
0.0743950565005
0.0743465246974
0.0743141789694
0.0742980087475
0.0742333454748
0.0742331006316
0.0742330953472
0.0741523076507
0.0741200041977
0.0740877077906
0.0740715622292
0.0740392763909
0.0740069975984
0.074006992314
0.07399085556
0.0739747205674
0.0739424558666
0.0739101982116
0.0738779476025
0.0738618249402
0.0738134692833
0.0737329123383
0.0737328929623
0.0737328542101
0.0736845390669
0.073507582587
0.0735075561651
0.0734753936291
0.0734753883447
0.0734432328545
0.0733950145917
0.0732665212179
0.0732344115258
0.0732023088795
0.0731541698825
0.0731220848508
0.073122074282
0.0730899962962
0.0730739599455
0.0730418925285
0.0729938046139
0.0729457343139
0.0728976798671
0.0728656512022
0.0728016202944
0.0728015375056
0.072801496992
0.0728014705701
0.0727694630427
0.0727694542354
0.072769448951
0.0726575045134
0.0726415157221
0.072641496346
0.0725296505502
0.0725136758507
0.0725136212454
0.0724816771307
0.0724497400618
0.0722742632101
0.0721945588127
0.0721944619323
0.072194453125
0.0721944443177
0.0721785066089
0.0721307040511
0.0721306987667
0.0721306741063
0.0720669637845
0.0720669021334
0.072066637914
0.0720666132536
0.0720347677808
0.0720029293538
0.0720029152621
0.0720029064548
0.0720029011704
0.071891548584
0.0718597418633
0.0718597295331
0.0718597172028
0.0718597013497
0.0718596256068
0.0718595850932
0.0718595798088
0.0718595392952
0.0718595269649
0.0718595111118
0.0718594917357
0.0718594723596
0.0718594459377
0.0718594300845
0.0718594212772
0.0717958342578
0.0717957937442
0.0717957884598
0.0717957726067
0.0717957602764
0.0716686690264
0.0716686566961
0.0716686302742
0.0716209985783
0.0716209880095
0.0716051137133
0.071604967512
0.0714939143741
0.0714304894092
0.0714302199055
0.0714302146211
0.0714302040524
0.0714301776304
0.0714296932284
0.0714296791367
0.0714296685679
0.0714296439074
0.0714296210084
0.0714296086782
0.0714295417426
0.0714295364582
0.0714295311738
0.0714295170821
0.0714294836144
0.0714294748071
0.0714294448622
0.0714293973027
0.0714293497433
0.0714293162755
0.0714293021838
0.071429291615
0.0714292740004
0.0714292405326
0.0714292264409
0.0714290872854
0.0714290538176
0.0714290379645
0.0714290185884
0.071429013304
0.0714289886435
0.0714289745518
0.0714131213932
0.0710174247916
0.0710174124613
0.0708120629743
0.0707647148738
0.0702293906965
0.0701665241151
0.0701508118735
0.0701351013932
0.0701036857171
0.0699938039515
0.0699467306391
0.0698996749413
0.0698369616071
0.0697899429
0.0697116212503
0.0696020565479
0.0695864077189
0.0695551153451
0.0695238300172
0.0695081899955
0.0695072476133
0.069507238806
0.0694603293095
0.0694134374276
0.0694134286203
0.0693978009288
0.0693665508302
0.0693509284231
0.0693353077774
0.0692728480937
0.0692727723509
0.0692415504356
0.0688209925583
0.0688054318024
0.0687743155748
0.0686344290643
0.0685567538712
0.0684325760795
0.0684015444021
0.0683395074694
0.0683240013187
0.0682619960923
0.068246498749
0.0682310031671
0.0681845287518
0.068122586938
0.0680916257191
0.0680606715461
0.0680297244189
0.0679987843376
0.0679678513021
0.0679678248802
0.0679059817083
0.0679059570478
0.0678595918431
0.067797801515
0.0677977891848
0.0677977733316
0.0677977433868
0.0677822988873
0.0677668561493
0.0677668332503
0.0677359530587
0.0677359195909
0.067735893169
0.0677358561783
0.067735847371
0.0677049742252
0.067658679479
0.0676586442498
0.0676586389654
0.0676123583109
0.067596934949
0.0675815133485
0.0675814974954
0.0675813794774
0.0675197159746
0.067519675461
0.0674734423659
0.0674580348572
0.0674580154811
0.0674580066738
0.0674271969407
0.0673963942534
0.0673348153008
0.0673346761453
0.0673346567692
0.067273102477
0.0672577178673
0.0671961988044
0.0671808230019
0.0671347079249
0.0671039721732
0.0670578817565
0.0670578060137
0.0670577795917
0.0670577496469
0.0670573938315
0.0670573427491
0.0670573321804
0.0670266140433
0.0670265876213
0.0670264836951
0.0669343715589
0.0669190257013
0.066811661065
0.0667656728132
0.0667503463317
0.066704377456
0.0666584261949
0.0666124890255
0.0665512658882
0.066474779682
0.0664441954161
0.0664441901317
0.0664289006409
0.0663983269437
0.0663830427373
0.0663372006868
0.0663219235262
0.0663218284073
0.0662760092558
0.0662607391411
0.066153924081
0.0660624249336
0.0660471794794
0.0660014554469
0.0659862170385
0.0659709803915
0.065925282781
0.0658948253403
0.0658947566432
0.0658643062484
0.0657577959212
0.0657577871139
0.0656969585441
0.065681755365
0.0656665539473
0.065651354291
0.0655450113027
0.0655449443672
0.0655297588027
0.0651813134212
0.0651510286037
0.0651358888372
0.0651056145886
0.065060218188
0.065029961554
0.0650299280862
0.0650148024114
0.0649845563461
0.0649240871146
0.0648938621869
0.0648787523652
0.064833433469
0.0647881321874
0.064773034696
0.0647428449975
0.0646975754222
0.0646523199386
0.0646221584236
0.0646221249558
0.0644262891254
0.0644112339091
0.0643059090458
0.0643058967156
0.0642457480702
0.0642307139914
0.0642156816741
0.0641705952908
0.0641555700194
0.0641555541662
0.0640804647995
0.0640504371555
0.0640504036877
0.0640503948804
0.0640353837006
0.0640203742823
0.0640203619521
0.0639603471778
0.0638703769795
0.0638254138986
0.0637954461443
0.063795437337
0.0637504989166
0.063720548777
0.0637205382082
0.063720525878
0.0626955733726
0.0626361803944
0.0626064944741
0.0625768155996
0.062547143771
0.0625174789882
0.0625174631351
0.0625174508048
0.0624433231964
0.062443317912
0.0624136777897
0.0623248102667
0.0622951983277
0.0622655934347
0.0622359955875
0.0622359832572
0.0622359533124
0.0622359374592
0.0621915538994
0.0621915310003
0.0620732629138
0.0619698633287
0.0618665553395
0.0618518030947
0.0617633283776
0.0615424815473
0.0615277680546
0.0615277257795
0.0614983040785
0.0614835958702
0.0614541847379
0.061439481814
0.061395383611
0.0613953783266
0.0613366071445
0.0613219183123
0.0612044869203
0.0611898139412
0.0611751427236
0.0611018236263
0.0610725040901
0.0610578469641
0.0610431915997
0.0609992360751
0.0609113902001
0.0608674839964
0.060852851531
0.0608235918845
0.060531684151
0.0605170921992
0.0604441641465
0.0604295827634
0.0603858491831
0.0603567022701
0.0602838675749
0.0602401868384
0.0601965237165
0.0601674226016
0.0601528746863
0.0601092415093
0.0600947006399
0.0600801615319
0.0599349166538
0.0599203969219
0.0599203845917
0.0599058666213
0.0598478176386
0.0598333084755
0.0598188010739
0.059789791555
0.0597173038678
0.0597172915375
0.0597027982276
0.0596883066791
0.0596738168921
0.0596593288666
0.0595869204451
0.059586901069
0.0595724236123
0.0595434739831
0.0595145313998
0.0595000627503
0.0595000363284
0.0594711043138
0.0594710849377
0.0594566215726
0.0593698854187
0.0592687757342
0.0592687510737
0.0592543123691
0.0592542859472
0.0592542771399
0.0592398401967
0.0591532590514
0.0591244115871
0.0590955711685
0.0590379132305
0.0590378832857
0.0590378621481
0.059037842772
0.059009023491
0.058951411351
0.0589082167781
0.05889382211
0.0588650380582
0.0587931140389
0.0587787334625
0.0587787246552
0.0587787052791
0.058778689426
0.0587499335576
0.0587355582656
0.0587355529812
0.0586924394355
0.058077571154
0.0579205297643
0.0578491835045
0.0578206566262
0.0578063958293
0.0577921367938
0.0577778795198
0.0577351182665
0.0577351059363
0.0577350971289
0.0576923534903
0.0576496257048
0.0576491624402
0.0576206848829
0.0575637509058
0.057563530723
0.057520850497
0.0575208452126
0.0575207976531
0.057520778277
0.0575207518551
0.0575206056537
0.057378453903
0.0573642477114
0.0573358406125
0.0572790493138
0.0567833633176
0.0564872580202
0.0564731628007
0.056444977646
0.0564308877109
0.0564167995372
0.0563886284743
0.0563604644572
0.0562900958088
0.0559950879023
0.0557567796984
0.0557287742129
0.0556587966091
0.0556448053158
0.0555748752715
0.0554910349612
0.0554491297785
0.0553932826235
0.0553514161929
0.0553235128722
0.0552956165974
0.055253785396
0.0551841125252
0.0550588426269
0.0550031962786
0.0549614778108
0.0548780884348
0.0548641957835
0.0548503048935
0.0548225283981
0.0547253696731
0.054697624884
0.0546698871407
0.0546560209112
0.0546282937368
0.0546144327917
0.0546005736081
0.0545728605253
0.054572851718
0.0545589978188
0.054545145681
0.0545312953048
0.0545174466899
0.0545035998366
0.0544482317992
0.0543928901838
0.0542546717779
0.054254641833
0.0542132069606
0.0541993988595
0.0541855925197
0.0541579851246
0.0541303847754
0.054116587243
0.0540889974626
0.0540476277643
0.0539924957629
0.05392361555
0.0538823092643
0.0538272618131
0.053799746014
0.0537584855264
0.0537035014878
0.0536622797524
0.0535249896369
0.0535112696088
0.0534975513422
0.053483834837
0.0534426958903
0.0534015745582
0.0533878703833
0.0533878439614
0.0533878351541
0.0532509290373
0.0532235612011
0.0531825226577
0.0531688466662
0.0530322329522
0.0530185763367
0.0525966075283
0.0525422223868
0.0525150377426
0.0525150289353
0.0524742669414
0.0522165192421
0.0521894191481
0.0521758717433
0.0521487822181
0.052148762842
0.0521216803626
0.0521216645095
0.0520945890759
0.0520675206883
0.0520674960278
0.052040434686
0.0520404223557
0.052026894327
0.0520266600525
0.0520266353921
0.051999584619
0.0519982476693
0.0519981789723
0.0519441003252
0.0519440756647
0.0517955509441
0.0517953836052
0.051606692265
0.0515797507026
0.0515662825636
0.0515124293836
0.0514451521012
0.0514048058124
0.051337597227
0.0512704379626
0.0512435844733
0.0512435686201
0.0511630521887
0.0510558055704
0.051055800286
0.0510290031635
0.0510022130868
0.050975430056
0.0509620411828
0.050895128523
0.0508817502185
0.0508683736756
0.050841625874
0.0508148851182
0.0507614300287
0.0507347104105
0.0507079978382
0.0506812923117
0.0506679421906
0.0506679316219
0.0506012180073
0.0505612063963
0.050534539622
0.0504812324953
0.0504545868585
0.0504146316143
0.0503880035921
0.0503746922232
0.0503613826158
0.0503214661237
0.0502948627621
0.0502416824606
0.0502283904678
0.0501885250582
0.0501619569257
0.0501088435598
0.0500955691816
0.0498702130084
0.0496982766954
0.0496718389111
0.0496586226612
0.0496321954457
0.0492635725162
0.0492504108716
0.0491846343548
0.049171483279
0.0491714744717
0.0491583251573
0.0491451776044
0.0490532204768
0.0490269553159
0.0490269500315
0.0489351038761
0.048921986268
0.0488957563363
0.0488695334504
0.0488564246496
0.0488171105776
0.0488171070547
0.0487778088358
0.0487516176563
0.0487515929958
0.0487515771426
0.0487253930089
