0.928385104888
0.91164791245
0.897704018385
0.882027296575
0.8713573299
0.863121675628
0.855089811949
0.848516435343
0.840498606994
0.835282974161
0.827328287181
0.818874437079
0.810945286015
0.80268231675
0.79419704921
0.787915132927
0.78255048921
0.775844555538
0.770000404855
0.764489626722
0.759464108491
0.754919203426
0.745513635365
0.74106181124
0.736878051698
0.731995095639
0.728444789564
0.723438490646
0.718399185452
0.714330183402
0.709272921864
0.705528958888
0.699410724706
0.695940457706
0.690505676093
0.687205206992
0.683716316054
0.680823840321
0.677546622519
0.673449067169
0.6698982855
0.667277628025
0.663646403906
0.660507325245
0.657423801335
0.652572847519
0.649412252598
0.646736542388
0.644447478387
0.639976727352
0.636894209237
0.633819126254
0.630704517823
0.62562490157
0.623232982276
0.620004342075
0.617296752924
0.615479441934
0.61282825656
0.609765642967
0.607774362937
0.605093650175
0.602418880585
0.599750087636
0.597867033598
0.595895295228
0.593560952845
0.590866171285
0.588723868781
0.586449104329
0.583906595881
0.581279114502
0.579199435498
0.576537496398
0.574151485048
0.571994838959
0.569842297076
0.568006827174
0.565727824644
0.562518333297
0.56038366497
0.559051555755
0.555197427417
0.552944313096
0.550475648661
0.547880694441
0.545993271976
0.544328017438
0.542665306452
0.540699606374
0.538345521524
0.536605026134
0.534693742904
0.532915834059
0.531227403965
0.528894055046
0.527082768257
0.525231554406
0.522696884464
0.520425169103
0.518414780733
0.516578877511
0.513427170928
0.511939774738
0.51070899539
0.508971496246
0.506983335766
0.505420941806
0.503523979263
0.502008963348
0.496143849505
0.49489047412
0.493513600869
0.492221913685
0.490931935119
0.488854954675
0.487818071787
0.486451087383
0.484838069003
0.483640339967
0.482238020634
0.480631993497
0.478741187264
0.477427983821
0.47623945314
0.474643445199
0.473499231143
0.471907813572
0.470563323039
0.469586705053
0.468651736838
0.467311885996
0.465973948103
0.464597494079
0.463586684353
0.462254115395
0.460117974486
0.458549278015
0.457223959235
0.455980749249
0.454819255249
0.453099851606
0.451662792718
0.450108584272
0.449352351614
0.4481993461
0.446849507768
0.44597709964
0.444986768672
0.443997536856
0.443681218781
0.442732937435
0.44178566893
0.440878811888
0.44009100326
0.43875338243
0.437496311498
0.433699201688
0.432839747352
0.432059155434
0.430811714416
0.429916208235
0.428943909354
0.427623372944
0.426498644181
0.422826120822
0.422170298548
0.421322350082
0.420013643651
0.419360009112
0.418591682255
0.41763227023
0.416903845773
0.414149928408
0.412509348431
0.41186160246
0.411062134715
0.410263433206
0.409655418773
0.40889603662
0.407758378725
0.406773631592
0.406206042714
0.405034323427
0.404316975044
0.403223336086
0.402469951712
0.401642032831
0.400965277341
0.400176478771
0.3990884853
0.397515740989
0.396020590843
0.395087452787
0.394378982172
0.393745622062
0.392815157905
0.392034416263
0.391328682961
0.390104556654
0.389585763799
0.38884522929
0.388179359635
0.387551000316
0.386258994307
0.385484780643
0.384527325603
0.383534333066
0.382983198005
0.38235906091
0.381882123916
0.381039037085
0.380343282465
0.37924608007
0.378405936643
0.377822022534
0.376801290492
0.376145818748
0.375672771063
0.375018285738
0.374545947921
0.373965023014
0.372913287478
0.372550945922
0.371537384792
0.370814253528
0.370380690776
0.369875189914
0.369442178499
0.369081529709
0.368216715243
0.367676707338
0.36681355217
0.366346412429
0.365879570374
0.365700095003
0.365054355337
0.364122675772
0.3638004339
0.363406770026
0.36326367237
0.362655839368
0.362084246686
0.361655820358
0.360336768861
0.359731393098
0.359268789121
0.358344525311
0.357918323709
0.357350491749
0.356960334946
0.356393241039
0.355932789568
0.355472646354
0.354836048676
0.354164690306
0.353705681473
0.353388086338
0.352894327382
0.352260044265
0.351626286064
0.351625407095
0.351062560073
0.350324563831
0.349446948821
0.348815746501
0.348814367276
0.348428901247
0.348078660935
0.347588625709
0.3470639848
0.345946314215
0.345457783278
0.344760589543
0.344725742539
0.344447029918
0.34267447768
0.342084153611
0.341945320455
0.341182295598
0.340039552362
0.339451468873
0.339071213248
0.338725718316
0.33841491714
0.338173283296
0.337276718477
0.336071589539
0.33521224089
0.335006102268
0.334594025831
0.334216512802
0.333702077804
0.333427860434
0.333222271388
0.332879763895
0.331990290722
0.33048799961
0.329295544391
0.328546834937
0.328274747175
0.327934804371
0.32762899694
0.327085710955
0.326848156656
0.326644607384
0.326305511843
0.326034354133
0.32562783687
0.325255414466
0.324815558011
0.323970570562
0.323632854246
0.323194107512
0.322519728234
0.321980704987
0.321711349252
0.321677687712
0.321408458803
0.321206611102
0.320366531087
0.320064274764
0.319560841858
0.319158374196
0.318588694463
0.318287278357
0.316683252241
0.316349363582
0.315982290739
0.315615425749
0.315482072501
0.314882386261
0.31408365833
0.313684666033
0.313053468998
0.312754688039
0.312621940735
0.312290206344
0.312058089679
0.31116369322
0.310865815892
0.31053500803
0.310006120235
0.309741828704
0.309378618747
0.308883670804
0.308553919819
0.307960814402
0.30769740184
0.307434091444
0.307105129594
0.30684207461
0.306382015945
0.306217786029
0.305922284913
0.305725362261
0.305594117483
0.305266126199
0.304971084825
0.30477447219
0.303956005314
0.303955857352
0.303596043494
0.303334494559
0.302877076327
0.302517928302
0.302387372256
0.302093734767
0.301800234672
0.301572051352
0.300985787453
0.300920671484
0.300725365854
0.300530123636
0.300302421196
0.300074806828
0.299847282295
0.299652325434
0.299457435509
0.29945676263
0.29916454488
0.298677893422
0.298418482903
0.298191583689
0.29760868066
0.297511558925
0.297414453044
0.297155592101
0.296929172004
0.296799827844
0.296735166333
0.296605864448
0.296411966226
0.296121245718
0.295669325009
0.295475733281
0.295314453814
0.294669883758
0.294541032808
0.294315613222
0.294058099797
0.293800700867
0.293639881141
0.293414805041
0.293157684422
0.292611701638
0.292322850041
0.29232278839
0.292098217829
0.291905797473
0.291745500902
0.291649340925
0.291649025624
0.291200541527
0.291040433432
0.290848361846
0.290272601545
0.290048823642
0.289825133812
0.289665407954
0.289059022874
0.288771948592
0.288421267915
0.288007072439
0.287943376209
0.28762500427
0.287529527741
0.287370432486
0.286702769664
0.286543905161
0.285750535597
0.285623652199
0.285401670988
0.285053045937
0.285053008946
0.285052667223
0.284894258938
0.284767564017
0.284672561322
0.284450951778
0.284102879827
0.283881501035
0.283597003773
0.283502198361
0.28280759926
0.282555169415
0.282492079128
0.281861681796
0.281452245791
0.281389278806
0.281263367735
0.281137483087
0.280854349196
0.280571373837
0.280508505494
0.280414217952
0.280319944502
0.280257104343
0.280162857314
0.279848815049
0.279691861732
0.279566331137
0.279409455325
0.27925262355
0.278782529836
0.278625874206
0.278594548365
0.27831271091
0.278312673919
0.27812485098
0.277999670916
0.277905804364
0.277780673621
0.276999690659
0.276812313369
0.2766562126
0.27643775079
0.276188190366
0.27609463207
0.275907559513
0.275814047014
0.275658228079
0.275658191089
0.275284442305
0.275159905174
0.274973149681
0.274724246283
0.274724198723
0.274724130026
0.274475339362
0.273947073363
0.273791782867
0.273605494161
0.273574451914
0.273512372707
0.27332617912
0.273233105225
0.273047006757
0.273046936299
0.272458222206
0.271870145763
0.271653577524
0.271375285892
0.271220728164
0.271097112279
0.270973526338
0.27078819939
0.27044861064
0.270140101127
0.26998589393
0.26989339251
0.269400390982
0.269154024089
0.268876995426
0.268784682483
0.268753915025
0.268753878035
0.268600068928
0.268507803544
0.268415554014
0.268231107798
0.267862412648
0.267524685763
0.267279176703
0.267125788585
0.267003109798
0.266757842057
0.266543322398
0.266390156225
0.266298271318
0.26623702352
0.266083936613
0.265992104549
0.265563861413
0.265380398092
0.265135882496
0.265044214248
0.26479985366
0.264738778486
0.264738598817
0.264677530688
0.264585943468
0.264280810677
0.264067288006
0.263518692973
0.263457765762
0.26309240506
0.262788096634
0.26260559331
0.262423149876
0.262210382872
0.262058456768
0.261936947591
0.261694020834
0.261693976797
0.26090550586
0.260905102485
0.260632366505
0.260541482107
0.260450611802
0.260147830563
0.259905738739
0.259845230755
0.259512590973
0.259331232599
0.259059322745
0.258998913403
0.258968711374
0.258576271716
0.257732235457
0.257581612836
0.257400923818
0.257310603088
0.25719020011
0.257039737781
0.256979564475
0.256859239001
0.256859156212
0.25667872789
0.256378180186
0.256318084384
0.255987704558
0.255837594521
0.255477542866
0.255297593662
0.25520764284
0.255087733071
0.254698250907
0.254698081807
0.254368755335
0.254308895569
0.254249042849
0.254129363832
0.253979798087
0.253890079778
0.253680805753
0.253650915503
0.253381987804
0.253202780176
0.253113199261
0.253023634199
0.252874394325
0.252784873299
0.252755035893
0.252605877046
0.252486580266
0.252367311669
0.252218269078
0.25218846514
0.252069268763
0.251979888654
0.251830958798
0.251801177758
0.251682071216
0.251206043136
0.251116818037
0.25105734227
0.251027607028
0.250938411873
0.250878957244
0.250641246176
0.250522419706
0.250463014397
0.250403616135
0.250344224918
0.250225463622
0.250225446008
0.250195760087
0.250166075928
0.24998801325
0.249899003049
0.249869336505
0.249750689704
0.249721031967
0.249661721777
0.249572769704
0.249543122536
0.248950818584
0.248950682951
0.248743453984
0.248743306021
0.248536184503
0.248388276294
0.248240415645
0.248003927031
0.247678981316
0.247590383296
0.247354209984
0.247324694926
0.247088657247
0.247000164915
0.246911688436
0.246852712925
0.246499062423
0.246410675779
0.246233955335
0.246116175173
0.246057294781
0.245939555133
0.245821848953
0.245704165672
0.245615923468
0.245439484857
0.245380685492
0.245321893172
0.24517494496
0.245116177301
0.244998668405
0.244969294263
0.244939921883
0.244881182408
0.24488110138
0.244646226266
0.244646182229
0.244616829225
0.24461669007
0.24444061256
0.244323262195
0.244205938252
0.244030012227
0.243971381962
0.243883449776
0.243883432161
0.243561199097
0.243356228324
0.243356173719
0.243356075077
0.24294643298
0.242946339623
0.242946277972
0.24280004139
0.242449290255
0.2424491282
0.242390688173
0.242186214133
0.242186083785
0.24206927595
0.242069231914
0.241573207717
0.24148570885
0.241310760436
0.24049573722
0.240466634343
0.240379338044
0.240292055837
0.240059400165
0.240001249018
0.23988496786
0.239768714886
0.239623448871
0.239478218084
0.239420137395
0.239158872056
0.239042795228
0.239042742385
0.238752687709
0.238636711285
0.238433834891
0.238433820799
0.238259982107
0.237999343848
0.237941442829
0.237912494961
0.237796722866
0.237738846507
0.237507415051
0.237449573921
0.237362825437
0.237247190736
0.237073788886
0.2370160006
0.23695821936
0.236756045789
0.236727170141
0.236582820086
0.236525091689
0.236323103072
0.236236560679
0.236236442661
0.236149916121
0.236063405434
0.236063371966
0.235919222717
0.235832754306
0.235602265232
0.235602126076
0.235486915888
0.235371739167
0.23534294807
0.235285371159
0.235256585346
0.234911296504
0.234911270082
0.234882507168
0.234738720781
0.234393888158
0.234307699819
0.234192806693
0.234164087816
0.234020525134
0.233877002966
0.233819605724
0.233704832378
0.233590087216
0.233475370237
0.233360683203
0.233360581038
0.233331913243
0.233245920426
0.233131293281
0.233073987636
0.233016689036
0.232873478646
0.23278757038
0.232673055969
0.23261580669
0.232587184693
0.23247271608
0.232386881795
0.232358273889
0.232272460741
0.231929445947
0.231872288264
0.231729428406
0.231386799372
0.231329708625
0.231272624924
0.231244085715
0.231129948257
0.230502961116
0.230417493215
0.230075827701
0.229905080375
0.228911145455
0.22862733164
0.228598956248
0.228457105707
0.22837201652
0.228201889229
0.228201850477
0.228060128523
0.22729565046
0.227210777933
0.227041085722
0.226956260755
0.22687145164
0.226758399243
0.226504130431
0.226419405867
0.226362931632
0.22622177863
0.226165329055
0.226137106909
0.226052451042
0.225770442726
0.225685855555
0.225347681259
0.225319510196
0.225206848844
0.225122369123
0.225037905255
0.224869025078
0.22422255969
0.224110169603
0.223829362603
0.223829329136
0.223801253192
0.223717035928
0.22371689325
0.223660757215
0.223604628226
0.223492393147
0.223239965063
0.223183888918
0.223071757766
0.222903615642
0.222791554948
0.222763544178
0.222651523997
0.222539526716
0.222399569747
0.222343599289
0.222315616703
0.222147758175
0.222091819424
0.221952008656
0.221951983995
0.221840164622
0.22164455602
0.221532812389
0.220389750328
0.220389702769
0.220111208569
0.219999854221
0.2196659867
0.219471339857
0.219193435747
0.219026766205
0.218971222022
0.218887920719
0.218860156554
0.217779901185
0.217724515533
0.217613765367
0.217558400852
0.217447694722
0.217171050058
0.217088090479
0.217005146753
0.216977502367
0.21689458154
0.216784042749
0.216728783922
0.216701157151
0.216590667681
0.216535433515
0.216480206394
0.216369775053
0.21634217118
0.216121430038
0.21592835618
0.215873206564
0.215845634398
0.215790495351
0.215762928469
0.215542463876
0.215459816076
0.215377184128
0.215322104971
0.215156920342
0.215074346523
0.21488174826
0.21488078474
0.214853275987
0.214743263873
0.214715763927
0.214715739267
0.214605758859
0.214166233558
0.214056394068
0.213946586284
0.213946135349
0.213699171321
0.212850187115
0.212850136033
0.212850070859
0.212713201733
0.212549015853
0.212521656824
0.212494299556
0.212193549284
0.212166213154
0.211892998056
0.211783741609
0.211729123955
0.211619911545
0.211565315028
0.211483435225
0.211428856322
0.211347002941
0.211346914868
0.211210530144
0.211019658114
0.210992397727
0.210828879441
0.210719897783
0.210665417522
0.210583710343
0.21036592141
0.210202640922
0.210066620821
0.210012225111
0.209957836446
0.209794714489
0.209740354008
0.20971317641
0.209631654184
0.20963152912
0.209604358567
0.209604340953
0.209522839864
0.20933273407
0.209332679465
0.209224087089
0.20916980059
0.209115521136
0.209115431301
0.209034025332
0.208762791879
0.208545954136
0.208464659138
0.208383381755
0.208275035985
0.208139641202
0.208031357083
0.207950162489
0.207923101147
0.20784192769
0.207571476326
0.207328211368
0.207247154168
0.207220138624
0.207166112821
0.206950095919
0.206869114462
0.206842123579
0.206761161497
0.206545377109
0.206518407363
0.206437508695
0.206410545995
0.206356625879
0.206329668464
0.206302712809
0.206194907808
0.206167960961
0.206087130989
0.205952451361
0.205710162252
0.205494895734
0.205467994685
0.205414197872
0.205360408105
0.205252849707
0.205199081078
0.205172199405
0.205145319494
0.20498408054
0.204742358623
0.204742217706
0.204634823124
0.204634662831
0.204634638171
0.204580950568
0.204527270012
0.204446762388
0.204312618243
0.204151708683
0.204124895707
0.204044469111
0.203990859012
0.203964056605
0.203883659954
0.203508702806
0.203428395989
0.203348105025
0.203294586523
0.203027127883
0.203000388889
0.202920182475
0.202759827775
0.202385952165
0.202172438302
0.202119074808
0.20206571836
0.201959031887
0.201932363351
0.201879031564
0.201799047094
0.201692431079
0.201559197611
0.201479276554
0.201452639724
0.201372739805
0.201292855738
0.201026727002
0.200920310033
0.200867112117
0.200813921246
0.200760737422
0.200760716284
0.200282618487
0.200176398801
0.200043669111
0.199831395316
0.199725297171
0.19961922721
0.199592713683
0.19948667895
0.199274709889
0.199062844753
0.19906223881
0.198876945331
0.198876686396
0.198770841901
0.198347805647
0.198268524
0.198136428436
0.197845973909
0.197793184652
0.19771401574
0.197713821979
0.197581911368
0.197344596629
0.197212805798
0.197107405192
0.197054714577
0.196975691866
0.196896685007
0.196738729419
0.196712407891
0.196423019049
0.19637042003
0.196317828056
0.196265243129
0.196265001809
0.196212423927
0.196186137629
0.196159853092
0.195949677199
0.195897141592
0.195870876431
0.195844613032
0.195792091517
0.195687069626
0.195162573156
0.195136357316
0.195110143237
0.194821968042
0.194821936336
0.194769552215
0.194664810396
0.194664736414
0.194298410431
0.194167644771
0.194063065007
0.193984646477
0.193749496574
0.193671139695
0.193645024259
0.193566688517
0.193488368629
0.193383966772
0.193253509368
0.193175252892
0.19247171261
0.192367585541
0.192289510496
0.192211449543
0.192159417715
0.192107392932
0.192003366267
0.19187337565
0.191769410636
0.191743423786
0.19169145537
0.191639494
0.191561566918
0.191457691738
0.191327882552
0.19101654237
0.190990606602
0.190964672596
0.190809116119
0.190757274528
0.190731356375
0.190653612485
0.19054998391
0.190498177549
0.190472277011
0.190446378234
0.190291033132
0.190213379077
0.190187497914
0.190109864997
0.190058118525
0.189954648482
0.189825351881
0.189773644162
0.189696097556
0.18969604295
0.189618510436
0.189592669787
0.189540993774
0.189411834568
0.189334360181
0.189308538909
0.189282719398
0.189179460729
0.188973040273
0.188509210319
0.188328910584
0.188200168844
0.188200101908
0.188148616133
0.187994206368
0.187968476692
0.187891299992
0.187839856492
0.187762706215
0.187608460266
0.187325884758
0.187248838407
0.187248799655
0.187120426061
0.186940792159
0.186915134702
0.186838172901
0.186761226953
0.186709938462
0.186556132878
0.186453624593
0.186274311277
0.186223089721
0.186223058015
0.186171843505
0.186095034951
0.186043838056
0.185967055924
0.185634613426
0.185634572912
0.185634562344
0.185583428861
0.185455629503
0.185225723473
0.185098049179
0.185072518548
0.185046989678
0.18502146257
0.184970413638
0.184919371751
0.184842823894
0.184817310877
0.1846897775
0.184689747555
0.184638744421
0.184638508385
0.184511034898
0.184383603685
0.184332642826
0.184332616404
0.184230717585
0.184179777863
0.18417968979
0.184128757114
0.183823351297
0.183823303737
0.183823192765
0.183823145206
0.183721390826
0.183670521563
0.183594230879
0.183594179797
0.183593804605
0.183593742954
0.183593713009
0.183492018519
0.183491986813
0.183466567154
0.183364906132
0.18333949528
0.183339468858
0.183237844827
0.183136248979
0.183009302169
0.182933148879
0.182933103081
0.182882343028
0.18280621616
0.182805869152
0.182653670022
0.182653654169
0.1826536436
0.182653601325
0.182653585472
0.182526797193
0.182526760202
0.182476056517
0.182349328128
0.182247978884
0.182222645537
0.182171984126
0.182070682442
0.181842869029
0.181766958821
0.181741658942
0.181716360823
0.180933484289
0.180832527852
0.180681147801
0.180454213358
0.180429005074
0.180378593791
0.180202220355
0.180101473532
0.180025929708
0.179950401737
0.17937204328
0.17932177996
0.17914593144
0.179070588423
0.17891995347
0.178894852636
0.178593876896
0.178593861043
0.178543706933
0.17851863252
0.178393292164
0.178192846587
0.178067617202
0.178017537074
0.177942430093
0.177767249167
0.177692195029
0.177667180506
0.177666865205
0.177366830085
0.177316848599
0.17724188958
0.177216906764
0.177092022626
0.177067050378
0.177017111167
0.176942215561
0.176817435349
0.176742582018
0.175995058028
0.175845723035
0.17582083886
0.175771075795
0.175746196905
0.175522403148
0.175422973899
0.175199372142
0.175050378872
0.174975902494
0.174951079971
0.174876622969
0.174826993775
0.174727756525
0.174603760164
0.174554169722
0.174504586326
0.174455009976
0.174380658662
0.174355878413
0.174157708646
0.174033906045
0.173835921231
0.173761702027
0.173712231364
0.173687498675
0.173613312939
0.173563863414
0.173489702338
0.173440270428
0.173390845563
0.173366135773
0.173242623814
0.173168531435
0.173143837498
0.173020399521
0.172971034546
0.172921676617
0.172477816358
0.172329992699
0.172280726367
0.170589132687
0.170540116481
0.170295169327
0.170123796682
0.170099321166
0.17005037542
0.170001436719
0.169976970011
0.169903582216
0.169903571648
0.169903541703
0.16987908204
0.169830168
0.169781261006
0.16978118174
0.169732281791
0.169634503032
0.169585624221
0.169487889497
0.169439031824
0.169414605629
0.169390181196
0.169341337614
0.169292501078
0.169121639257
0.169072834428
0.168999640394
0.168975245906
0.168804540855
0.168804517956
0.168731382051
0.168707006938
0.167903730912
0.16787941569
0.167879320571
0.16783069541
0.16775777088
0.167733466227
0.167660564596
0.167611971142
0.167490523616
0.167490250589
0.167417400041
0.166883812665
0.166423720533
0.166375306748
0.165964200876
0.165940026571
0.165843346963
0.165601808238
0.165529369872
0.165481086435
0.165119322639
0.165022884352
0.164950572811
0.164878278884
0.164805999049
0.164733735068
0.164709650597
0.164613330328
0.164541110383
0.164517040004
0.164276445422
0.164228345177
0.164180251978
0.164084088479
0.164036016418
0.164011983029
0.16386782145
0.163723725045
0.163699714556
0.163675705828
0.163531701019
0.163531672836
0.163435703097
0.163339761543
0.163171948812
0.163100045931
0.16302815714
0.162932335365
0.162884432404
0.162788649381
0.162668968602
0.162621104393
0.162358040601
0.16231022219
0.162286315627
0.162238507785
0.162214606506
0.162119020766
0.161927949691
0.161713130584
0.161498441825
0.161379231356
0.161283895744
0.161236235865
0.161188583031
0.161140937244
0.161117116992
0.161045666806
0.160974234235
0.160902815755
0.160855212242
0.160807615776
0.160783820185
0.160736234287
0.160641088913
0.160569746176
0.160569645773
0.160522091581
0.160427006097
0.160331948796
0.160023282513
0.15995207717
0.159904614574
0.159904237621
0.1598330587
0.159809335329
0.159667039138
0.159572207305
0.159524801076
0.159524677774
0.159429888215
0.159358814982
0.15916937502
0.159169364452
0.159169249957
0.159074566086
0.159050899081
0.159050858568
0.159050673614
0.159027008371
0.158956023211
0.158908708578
0.158743169896
0.158672248148
0.158624975791
0.158554080465
0.158247066433
0.158199857488
0.157798939913
0.157751797903
0.157728229541
0.157657535022
0.157586856356
0.157422008167
0.157163138416
0.157092570722
0.157045534401
0.156951484656
0.156857463095
0.156810462003
0.156786964098
0.156739973575
0.156692990097
0.156669501
0.156599044279
0.156528605172
0.156317398823
0.156270478758
0.156176661527
0.156129762599
0.156082870717
0.156035985881
0.155989108091
0.155965671838
0.155942237347
0.155895373648
0.15580166915
0.155754826589
0.155637754536
0.155286929419
0.155216786238
0.15517003175
0.15502982113
0.154983094826
0.154796270635
0.154796187847
0.154749496771
0.15467947337
0.154609467583
0.154516154129
0.154492828848
0.154469505329
0.154446183571
0.154352919439
0.154166481009
0.154096589716
0.154050004329
0.154026714277
0.153933573447
0.153910292203
0.153793917688
0.153747378099
0.15363107052
0.153607812175
0.153398573379
0.15335209368
0.153235935825
0.15323590588
0.153235868889
0.153235817807
0.153212589406
0.152632747798
0.152586384355
0.152516854162
0.15251677842
0.152493604624
0.15240092882
0.152377763833
0.152215660001
0.15216935997
0.152146212597
0.152146099864
0.152007263185
0.152007222671
0.151984087628
0.151937822827
0.151914693068
0.151660394312
0.151614178831
0.151498670956
0.150922079245
0.150599525595
0.150484407002
0.150461388216
0.150346322467
0.150277303099
0.150231298994
0.150162306048
0.150047358317
0.150001389441
0.149955427611
0.149886499839
0.149840555624
0.149794618454
0.149725727673
0.149679808118
0.149450328362
0.149381515085
0.149312719422
0.14928979047
0.149221015945
0.149198094039
0.149175173894
0.14912933889
0.14910642403
0.149083510931
0.149014782204
0.148923168561
0.148877372309
0.148808691141
0.148762912503
0.148671378127
0.148625620627
0.148579870172
0.148511257701
0.148465524862
0.148328375663
0.148282671007
0.148191288116
0.148145604597
0.148077094291
0.148008599838
0.14798577129
0.147962944503
0.147917296213
0.147803216884
0.147757593254
0.147689171022
0.147666367134
0.147529586081
0.147506794523
0.147438430418
0.147438407519
0.14737006103
0.147210655758
0.147165123725
0.147051329752
0.147005822379
0.146983071335
0.146937574531
0.146892084773
0.146801126394
0.14680103656
0.146800994285
0.146732795758
0.146551032248
0.146460181318
0.146187889227
0.146165201595
0.146119831617
0.145915773281
0.145802468995
0.145779811308
0.14577972852
0.145666470031
0.145575897413
0.14546271819
0.14539482968
0.145349579481
0.145349507261
0.145123379568
0.145078171644
0.145078085332
0.145078069479
0.144829588831
0.144761848284
0.144739271625
0.144671552216
0.144648982602
0.144445958245
0.144423406246
0.144378307533
0.144288133005
0.144220521044
0.144175454037
0.144040300575
0.144017780283
0.143815191007
0.143725192625
0.143500331423
0.143410429921
0.14338795895
0.143343022291
0.143253171872
0.143163347875
0.143095998373
0.143051107512
0.143006223696
0.142938911185
0.142894044984
0.14284918583
0.142826758895
0.142781910309
0.142714652402
0.142580187672
0.142557781875
0.14246817806
0.142356216008
0.142289056744
0.142266673845
0.142244292708
0.142221913332
0.142199535718
0.142132415206
0.142087675831
0.142042943501
0.141998218218
0.141975858218
0.141931143503
0.141886435835
0.141841735212
0.141797041634
0.141774697488
0.14173001448
0.141707675618
0.141663003178
0.1416406696
0.141596007729
0.141551352904
0.141395120026
0.141350496907
0.14132818799
0.14128357544
0.141216669826
0.14099380436
0.140926967443
0.140882418306
0.140837876215
0.14070430983
0.14063754161
0.14061528906
0.140593038271
0.140548541977
0.140526296473
0.14050405273
0.140504010455
0.140459528253
0.140370586748
0.140303899556
0.14025944906
0.140215005611
0.140126145134
0.140103933097
0.140059514308
0.139948503445
0.139726640251
0.139615757975
0.139549250451
0.139527084213
0.139371980431
0.139283382412
0.139261237311
0.139150548796
0.139150538227
0.139039888464
0.139017762739
0.138951397894
0.138818729855
0.138730309743
0.138619823796
0.13842107803
0.138354855863
0.138134252115
0.138134230977
0.13813419751
0.138112144004
0.138090092261
0.138068042278
0.138045994058
0.138045967636
0.138023921176
0.137957794129
0.137913717063
0.137869647044
0.137869620622
0.137869463852
0.137803372033
0.13778134495
0.137759319628
0.137715274269
0.137539179144
0.13745116593
0.137231268528
0.137187307719
0.137055469329
0.137011536703
0.136989573032
0.136770082528
0.136704254929
0.136572657859
0.136528802737
0.136484954662
0.136419197521
0.136375367061
0.135959491149
0.135937612029
0.135937520433
0.135871893641
0.135850021566
0.135828151253
0.135784415911
0.135740687615
0.135740618918
0.135718757412
0.135696897668
0.135565777954
0.135500240996
0.135391053247
0.135369219924
0.135347388363
0.135325558564
0.135303730526
0.135281904249
0.135260079734
0.135238256981
0.135235431595
0.135169975665
0.135082728687
0.134973704753
0.134125485022
0.134038572722
0.133908265042
0.133843129698
0.133778011968
0.13377799083
0.133756287856
0.133712887192
0.133669493574
0.133647799407
0.133582729236
0.133539356756
0.133495991321
0.133452632932
0.133409281589
0.133365937292
0.133300935818
0.132825064509
0.132695345158
0.132673730256
0.132652117117
0.132630505739
0.132544083125
0.132500879745
0.132479280697
0.13245768341
0.132414494122
0.13226341352
0.131853891202
0.131832344998
0.131810800556
0.131746179558
0.131638515473
0.131552416968
0.131444837434
0.131380306271
0.131315790961
0.131272788387
0.131251289743
0.131229792859
0.131229706548
0.131165228229
0.131143738391
0.131122250315
0.131079279448
0.13101483812
0.130950410883
0.130907468199
0.130843067384
0.130800142315
0.130692865752
0.130564192709
0.130478441212
0.130414147846
0.13039271966
0.130392680908
0.130092913531
0.130071511767
0.130050111764
0.130050073012
0.129943101182
0.129900324075
0.129793422703
0.129793368098
0.129793345199
0.129793128539
0.129686271204
0.129515386484
0.129515106412
0.129493752207
0.129493736354
0.12947238391
0.129344313287
0.129322973174
0.129301634823
0.129258963404
0.129173641704
0.129152315683
0.129067034497
0.129045717283
0.12904541255
0.12893886347
0.128917556825
0.12878976099
0.12870459606
0.128555632736
0.128534357797
0.128491813203
0.128449275656
0.128364226983
0.12830045501
0.128194203617
0.128151715391
0.128045530934
0.127960610847
0.127918161373
0.127812068512
0.127769643698
0.127684820492
0.127557648215
0.127536456065
0.127515265676
0.127451705078
0.127430521736
0.127366982276
0.127345805979
0.127303458669
0.127218790471
0.127176464299
0.127134145173
0.126986110139
0.126901542345
0.1268804048
0.126838134994
0.126795872235
0.126795856382
0.126732475453
0.126711352
0.126626881087
0.126605766441
0.126584653556
0.126500224918
0.126436917971
0.126394722147
0.126226026924
0.126141714542
0.126078499191
0.1260784622
0.126036326266
0.125973137337
0.125952077297
0.125804713379
0.125762623243
0.125741580817
0.125678464108
0.125657428728
0.125510242719
0.125447184138
0.125426168134
0.125405153892
0.12538414141
0.125321116297
0.125174132856
0.125027230442
0.124943317912
0.124796544085
0.124754623049
0.124670807399
0.124545135887
0.124524195626
0.124482320388
0.124440452196
0.124419520743
0.12439859105
0.12435673695
0.124293970772
0.124210310131
0.124168487737
0.124126672389
0.124105767357
0.12404306283
0.124022164844
0.124022034496
0.123980243808
0.123959351106
0.123917570987
0.12389668357
0.123875797914
0.123875771492
0.123875729217
0.12381308458
0.12372958247
0.123666974824
0.123625244026
0.123625207035
0.123583483283
0.123562624049
0.123458357825
0.12343750916
0.123416662256
0.123333294018
0.123312455921
0.123312415408
0.123312383701
0.123270712793
0.123270702224
0.123270355216
0.123187039822
0.123166214056
0.123124567808
0.123124541386
0.123103720904
0.123062085225
0.122999646679
0.122958028615
0.122874818908
0.122854019564
0.122770841563
0.122729262251
0.122729228783
0.122708441769
0.122604538406
0.122604200205
0.12258342376
0.122458819694
0.122438055579
0.122438034442
0.122396511496
0.122375752666
0.122375742097
0.122375689253
0.122375509584
0.12223025766
0.122168030489
0.122126553342
0.122043625469
0.121836428208
0.121815716937
0.121774299679
0.121732889467
0.121463917732
0.121422560364
0.121381210042
0.120124859548
0.120104294478
0.120001500836
0.119816596639
0.119775521105
0.119754985981
0.119693391175
0.11932429265
0.119283301667
0.119262808817
0.119201340836
0.11916037099
0.118996577916
0.118587665065
0.11852637323
0.118505945555
0.118424254228
0.11840383536
0.118363002907
0.118342589323
0.118281360902
0.118240549587
0.117975481251
0.117893973117
0.117853228738
0.11779212538
0.117649630144
0.117162076818
0.116938776271
0.116857630998
0.116796788336
0.116776510385
0.116756234195
0.112790332282
0.112710652545
0.112690735693
0.112670820603
0.112531481907
0.112511580909
0.112491681672
0.112392222477
0.112292802035
0.112272922174
0.11221329316
0.112193420345
0.111994801404
0.111955096288
0.111915398217
0.111895551824
0.111836023213
0.11179634628
0.111756676392
0.111736844091
0.111697184772
0.111657532499
0.111578254376
0.111518812077
0.111499000913
0.111439579751
0.111399973277
0.111399957423
0.111360357995
0.111300972062
0.111281180274
0.111221817241
0.111202032499
0.111162468299
0.111122911146
0.111083361038
0.111004283721
0.110925234587
0.110905476267
0.110905458653
0.110806698759
0.110786951007
0.110767205017
0.11076718388
0.110688219297
0.110609281135
0.110490937306
0.110451499932
0.110451434757
0.110392291907
0.110352872147
0.110313459433
0.110214969043
0.110195274135
0.110136199982
0.11009682602
0.110096817213
0.110096383893
0.110057016977
0.110056916574
0.110037235758
0.109997879411
0.10999781776
0.109938798212
0.109899459479
0.109840466353
0.10978148908
0.10972252766
0.109702876789
0.10968322768
0.109683178359
0.109683137845
0.109624201085
0.109624107728
0.109584825362
0.109584695014
0.109545419694
0.109486519925
0.109466890192
0.10944726222
0.109368773232
0.109349154067
0.109309921022
0.109270695023
0.10923147607
0.109192264163
0.109192246549
0.109192234218
0.109015890727
0.108996303269
0.108976717572
0.108976680581
0.108976435738
0.108898110566
0.108858958548
0.108800245494
0.108526503719
0.108428804225
0.108311622961
0.108175009247
0.108077473569
0.108057970661
0.107960482543
0.107746191874
0.107707247709
0.107590457489
0.107570998618
0.107551541508
0.107493182508
0.107415394581
0.107357072572
0.107337634838
0.107240477874
0.107221050709
0.107201625305
0.107182201663
0.107162779782
0.107123941305
0.107123777489
0.107046123434
0.106987900066
0.106949093295
0.10691029357
0.106832717019
0.106793938431
0.10677455178
0.106716402394
0.106503372932
0.106387245022
0.106309862232
0.106271178763
0.106213168533
0.106174502679
0.105730547301
0.10571125753
0.10569196952
0.105672683272
0.105557020387
0.105518474313
0.105402888933
0.105383629107
0.105381931057
0.105343416689
0.105324162147
0.105285658348
0.105208673648
0.105170190986
0.105112480204
0.1050932468
0.105054785275
0.1049394465
0.104804978247
0.104747367868
0.104728167932
0.104708969757
0.104670578691
0.104593817697
0.104497916655
0.104478739618
0.104478729049
0.104459553773
0.104421208505
0.104325376161
0.104210440761
0.104191290145
0.104172141291
0.104152994198
0.104114705297
0.104019019154
0.103980754914
0.103942497719
0.103923371764
0.10390424757
0.103866004467
0.10382776841
0.103789539398
0.103770427535
0.103751317433
0.103636699096
0.103617601324
0.103560318577
0.103541227851
0.103522138887
0.103483966242
0.103445800643
0.103445770699
0.103426690541
0.103369460639
0.10310271363
0.103102690731
0.10306459559
0.102950370059
0.102893274028
0.102874244953
0.10285521764
0.102798146268
0.102722081052
0.102665048433
0.102665036102
0.102664974451
0.102645966514
0.102550958534
0.102512965559
0.102437002507
0.102418015707
0.102323109892
0.102322995397
0.10226607375
0.10211439249
0.102114362545
0.102076450597
0.102076445312
0.10205749198
0.10203854041
0.102000642553
0.101905939306
0.101830205245
0.101811274812
0.101735575979
0.101433162886
0.101433154079
0.101395368956
0.101357590879
0.101319819847
0.101300936974
0.101282055862
0.101281995972
0.101281966027
0.101263086677
0.10122533326
0.101168716346
0.101036678911
0.101036333664
0.100979771356
0.100810202448
0.100734873522
0.100697218747
0.100640751558
0.100584300221
0.0999081929491
0.0999075218321
0.0999075112633
0.0999074954101
0.0998512501647
0.0998512307886
0.0998512078896
0.0998510828258
0.099776111477
0.0997386363714
0.0996637072977
0.0996262533297
0.09957008735
0.0993829848486
0.0993268858045
0.0991773676193
0.0991213267034
0.0986923050009
0.0986177757791
0.0985618933948
0.0985432694563
0.0984874082096
0.0983943431224
0.0983571287132
0.0983199213498
0.0982269443357
0.0982083521035
0.0981525859758
0.0981154173646
0.0980596776587
0.0980411012797
0.0979668133782
0.0979482458065
0.0977256692204
0.0977071245477
0.0977071122174
0.0976700281564
0.0976514887681
0.0976329511412
0.0975958811719
0.0975773488294
0.0975402894289
0.097484713539
0.0974291552637
0.0973181003644
0.0972440890125
0.0972070930245
0.0970961490973
0.0970776643143
0.0970591812928
0.0969852668213
0.0969113822946
0.0968006233209
0.0967637118832
0.096763047812
0.0966708053276
0.0966339185503
0.0965970388189
0.0965786015953
0.0965601661333
0.0964495921131
0.0964127476109
0.0963390850285
0.0963206724654
0.0962654471065
0.0962470415893
0.0961550457096
0.0961366507612
0.0961182575742
0.0960998661487
0.0960814764846
0.0959528245792
0.095897704908
0.0958976749631
0.0958793046752
0.0958425693836
0.095805841138
0.0957507637418
0.0956957004374
0.0956406529862
0.0956039634927
0.095567281045
0.0953657169399
0.0953107663691
0.0952924524479
0.0951094735292
0.0951094576761
0.095091163131
0.0950362918259
0.0949814346126
0.094981390576
0.0949631083612
0.0948717342776
0.0948534626315
0.0947621413918
0.0947256209986
0.0946891076513
0.0946708536198
0.0946708377667
0.0946708219135
0.0946525696435
0.094543103583
0.0945066254649
0.0945065708596
0.0945065550064
0.0944883185895
0.0944518510402
0.0943971646887
0.0943424941904
0.0942878395451
0.094251410748
0.0941421736775
0.0941057730638
0.0941057572106
0.0940693636427
0.094051169501
0.0939602357829
0.0939420522099
0.0938875120597
0.0937421526865
0.0937058295771
0.0937058066781
0.0937057080362
0.0936693919727
0.0936693303215
0.093578581557
0.093524148856
0.0934878680216
0.0934697302467
0.0934515942332
0.0934334599811
0.0932884687535
0.0932884071023
0.0932883965335
0.0932521614972
0.0932340466213
0.0931073182324
0.0930530229255
0.0930530229255
0.0930530070723
0.0929987276185
0.0928721595227
0.0928179329128
0.092691479312
0.0926734190414
0.0926553605322
0.0926373037845
0.0926192487982
0.0926011955734
0.0925831441101
0.0925830666058
0.0925469689635
0.0925469125967
0.092546875606
0.0925107850096
0.092474701459
0.0924566623259
0.0924025554954
0.0923845234082
0.0921863501176
0.0921863307416
0.0921323049383
0.092114299273
0.0921142569979
0.0921139276045
0.0921139117513
0.0920419084662
0.0920418820442
0.0920417851638
0.0918619451705
0.0918619169871
0.0918617725472
0.0918617566941
0.0917718833762
0.091771867523
0.091771798826
0.0917717882572
0.0917715152306
0.0917713267542
0.0917712756718
0.0917711400392
0.0917711153787
0.0917531449426
0.0916453610784
0.0915735409853
0.0915196948512
0.0914838050614
0.0914658628087
0.0914479223175
0.0913403163609
0.0909823890291
0.0909644960974
0.0909108278709
0.0908571754976
0.0906963293499
0.0906427421507
0.0905891708046
0.0905177664166
0.0904820739106
0.0903750457135
0.0902859086868
0.0902146240781
0.0901789914619
0.0901255557484
0.0901077473668
0.0900721358881
0.0898942123656
0.0898408612023
0.0898053025674
0.0897697509784
0.0897519778261
0.0897342064352
0.0897164368058
0.0895921022439
0.08955659293
0.0893437272843
0.0892728161056
0.0892550922742
0.0891133844119
0.0890425648292
0.0890071647259
0.0889717716685
0.0889186952933
0.0888833198505
0.0888479514535
0.0888302698972
0.0887595630481
0.0887418902991
0.088688882621
0.0886535529762
0.088635890796
0.0885476080783
0.0885299564669
0.0884946585284
0.0884946479596
0.0883359085205
0.0883182780466
0.0881244749435
0.0881068656071
0.087948473176
0.087913291494
0.0878957032952
0.087860532182
0.0877902163775
0.0877889217029
0.0877713458343
0.0877707064236
0.0877355599708
0.0877004205639
0.0877003906191
0.0876125782118
0.0875950199579
0.0875599087344
0.0875423557648
0.0875072551101
0.0874370766996
0.0874195360603
0.087384460066
0.0872968114747
0.0872442388777
0.0872091981126
0.0871566501761
0.0870691107954
0.0870166068954
0.0869991085312
0.0869641170871
0.0869466240072
0.0868417130876
0.0866321026238
0.0865622765058
0.0864052950058
0.0863355604838
0.0863181308166
0.0862484297623
0.0861613483618
0.0861613395545
0.0861265172108
0.086126483743
0.0861090752133
0.0860742634384
0.0860220589869
0.086004661026
0.0859350920814
0.0856745295657
0.0855356964095
0.0855183477695
0.085501000891
0.0853276659772
0.0853276342708
0.0853103067684
0.085275657048
0.0852583348299
0.0852236956783
0.0851890635725
0.0851025194179
0.0850160245842
0.0849814347535
0.0849468519686
0.0849122762296
0.0848949910022
0.084860425832
0.084843145889
0.084843103614
0.0846704644776
0.0845324398325
0.0845151933573
0.08451518455
0.0844289785961
0.0843600473008
0.0843428184403
0.0843255913412
0.0842050773905
0.0841706531372
0.0841706284768
0.0839643278002
0.0839299528679
0.0838955849813
0.0838612241407
0.0838612153334
0.0838268615386
0.0837410184459
0.0837066893115
0.083672367223
0.083655208821
0.0836380521804
0.0835865945888
0.0835865611211
0.0835008360463
0.0835008166703
0.0835008113859
0.0833466570325
0.0832781696257
0.0832610517372
0.0832610358841
0.0832439197571
0.0832268053916
0.083192581945
0.0831754728639
0.083141259986
0.081901814244
0.0819018054367
0.0817999911674
0.0817660636464
0.0817659632431
0.0817659385826
0.0817150622735
0.0817150340901
0.0816980782562
0.0816472230847
0.081647140296
0.0815454916041
0.0815285533848
0.0814946822306
0.0812072045744
0.0812071006482
0.0810213280506
0.0809706842545
0.080970617319
0.0809199893761
0.0809199647156
0.0808862203867
0.0808861957262
0.0808786003017
0.0808780595329
0.0808274580119
0.080810593774
0.0808105532604
0.080776830069
0.0807768177388
0.0807768124544
0.080406368173
0.0803895479717
0.080322284781
0.0799193168639
0.0797852149948
0.0797182072161
0.0797014592347
0.0796010153829
0.0793669505412
0.0793335303212
0.0792834132023
0.079250010597
0.0791999199001
0.0791665349094
0.0791331569646
0.0789497412033
0.0789164090564
0.0788997456252
0.0788997033501
0.0787664645975
0.0787498170194
0.0787165271477
0.0786333385783
0.078633329771
0.0786166962847
0.0785668081558
0.0785335570363
0.0785335517519
0.0785169288343
0.0784172388883
0.0783342088505
0.0783176070705
0.0782844087948
0.0782512175649
0.0782180333809
0.0782014439311
0.0781516861505
0.0781351037465
0.078118523104
0.078101944223
0.0780853671034
0.0780522181487
0.0780190762398
0.0779197104027
0.0779031526593
0.0778700424567
0.0777873083445
0.0777542228024
0.0776550190199
0.0775723941185
0.0775063216761
0.0774237813248
0.0773577722951
0.0773412744413
0.0772093673539
0.0771928853533
0.0771434499202
0.0770610945224
0.077044628375
0.0769294269939
0.0769129749382
0.0769126384989
0.0769126332145
0.0768632893775
0.0768468443675
0.0768304011191
0.0767975199066
0.0767972521643
0.0767808142003
0.0767807455032
0.0767478748595
0.076747083963
0.0766649417022
0.0764844129772
0.0764188073223
0.0763860141829
0.076320450803
0.0762712954424
0.0762549138451
0.0762549085608
0.0762548433867
0.0761566013624
0.0761238645898
0.0761074988457
0.0761074301487
0.0760583434851
0.0760419847868
0.0759929192607
0.0759602177174
0.0759438695879
0.0759111786132
0.0758948357681
0.0758948304837
0.0758947547409
0.0758784136572
0.075829400975
0.0757804059075
0.075764077154
0.0756824633318
0.0756824439557
0.0756824052035
0.0755845401322
0.0755845137103
0.075535596147
0.0754541038657
0.0754378103415
0.0754215185788
0.0754052285775
0.0754052232932
0.0753400861871
0.0753238049932
0.0753237997088
0.0753237856171
0.0752912285136
0.0752424078308
0.0752098683419
0.075161074081
0.0751448122632
0.0750960373784
0.0750797826063
0.0750472783467
0.0750147811329
0.074982290965
0.0749660485232
0.074933568924
0.0748524060361
0.0748037262702
0.0748037209858
0.0747226285564
0.0745768006343
0.0745444055853
0.0745120175821
0.0744958262227
0.074495815654
0.0744634382196
0.0744472521446
0.074414885279
0.0743987044884
0.0743663481916
0.0743178287188
0.0742693250991
0.0742692986772
0.0742369705638
0.0742046494962
0.0742046406889
0.0742046354045
0.0742046301201
0.0741884722285
0.0741400108839
0.0741400020766
0.0741238512309
0.0740108569618
0.0739785852152
0.0739463205144
0.0738656948723
0.0738495739715
0.0737690011733
0.0737367822705
0.0737367628944
0.0737206560852
0.0737206014799
0.0736561936192
0.0736239993769
0.0736079048979
0.0734310329682
0.0731421937018
0.0731421690414
0.0730299269166
0.0730299075405
0.0729978506922
0.0729658008898
0.0729657956054
0.0729657867981
0.0729337440415
0.0728696849503
0.072869676143
0.0728696708586
0.0728696620513
0.0728536503611
0.072821632265
0.0727736183318
0.0727735936713
0.0727575925498
0.0727415931898
0.0727415315386
0.0727415068782
0.0727255092796
0.0727254863806
0.0727254529128
0.0727254264909
0.0727254141607
0.07272537717
0.0727253630783
0.0726933731656
0.0726613902987
0.0726613814914
0.0726613462621
0.0726453574709
0.0726452641134
0.0725493754025
0.0725493595494
0.0725014354508
0.0725014231205
0.0725013826069
0.0725013720381
0.0725013632308
0.0725013473776
0.0725013350474
0.0725013051026
0.0725012293597
0.0725011888461
0.072501123672
0.0724851524953
0.0724851119817
0.0724691425666
0.0724691302363
0.0724052754747
0.0724052560986
0.0722457786069
0.0722457592308
0.0722457328089
0.0722457134328
0.0722457046255
0.0722456887723
0.0722138045473
0.0722137358503
0.0722137129513
0.0721499709233
0.0721499304096
0.0721339979852
0.0721339927008
0.0721339768476
0.0721339645174
0.0721180338544
0.0721021049529
0.0720224903901
0.0720065720574
0.0719588293893
0.0719588170591
0.0719587906372
0.0719110638223
0.0718951578198
0.0718792535787
0.0717679996341
0.0717521094848
0.071752098916
0.0717362105281
0.0717203239017
0.0717044390367
0.0717044267065
0.0717043368719
0.0716725724263
0.0715614699675
0.0714980168193
0.0714979868744
0.0714979639754
0.0714979445993
0.0714976750956
0.0714976592425
0.0714500856748
0.0714500557299
0.0714183476511
0.071418099285
0.0714180887162
0.0714180622943
0.0714162761717
0.0714157812009
0.0714157671092
0.0714157565404
0.0714157406873
0.0714156279537
0.0714156032932
0.0713680561475
0.0713680332485
0.0713680209182
0.0713680156339
0.0713680103495
0.0713679962578
0.07136796279
0.0713679539827
0.0713679240378
0.0713678764784
0.0713678289189
0.0713677954511
0.0713677813594
0.0713677707906
0.0713677584604
0.0713677408458
0.071367707378
0.0713676932863
0.0713675823142
0.0713675558923
0.0713675224245
0.0713675065713
0.0713674801494
0.0713673128105
0.0713672934344
0.07136728815
0.0713672634896
0.0713672493979
0.0712088745814
0.0711772193465
0.0711455711574
0.0710981120848
0.0710348632661
0.070924239925
0.0708610686106
0.0707979201953
0.0707505773792
0.0707032504162
0.0706717079148
0.07059288601
0.0705298626585
0.0704983589093
0.0704668622059
0.0704038916983
0.0703724161325
0.0702937580436
0.0702937492363
0.0701994229423
0.0701837071777
0.0701365722141
0.0700894513421
0.0700737479077
0.0700423463234
0.0699324980256
0.0699168122058
0.0698227413238
0.0698070678342
0.0697757261396
0.0697287268085
0.0697130638878
0.0696347862747
0.0694315399734
0.0694159105204
0.0693846568988
0.0693534103231
0.0693377896775
0.06924410984
0.0692441045556
0.0692128896862
0.0691816818627
0.069150481085
0.0691036931294
0.0690881006671
0.0690413338491
0.0690413074271
0.0690257220107
0.0689789780917
0.0689633997211
0.0689322482643
0.0689011038534
0.0688855342901
0.0688077128957
0.068807702327
0.0687610306279
0.0686677453579
0.0685745305465
0.0685434671628
0.0685425036431
0.0685420298098
0.0685265007601
0.0684488819339
0.0684178467336
0.0684176124591
0.0684173799462
0.0684172548823
0.0684170241308
0.0682465057948
0.068231010213
0.0681535604871
0.068138075474
0.0681071107322
0.0680761530362
0.0680606768305
0.0680297297033
0.067998789622
0.0679678565865
0.067952392711
0.0677824239511
0.0675973066175
0.067566465178
0.0675356307844
0.0675356219771
0.0674893853592
0.0674123619071
0.0674123319622
0.0673815327979
0.0673199573682
0.0673199467994
0.0673199203775
0.0673045304834
0.0672276091961
0.0671968523068
0.0671353649502
0.0671353455741
0.0671353050605
0.0670892058366
0.0670738423644
0.067027764278
0.0670124078517
0.0669817002833
0.0668589580831
0.0667976257352
0.0667669674878
0.0667209933277
0.0666597243924
0.0666290978514
0.0665984783561
0.0665372657876
0.0665219657281
0.0663843726411
0.0659728933394
0.0659424253299
0.0659271939673
0.0658967365266
0.0658054135254
0.0657749842681
0.0657597722816
0.0657445620566
0.0656837405327
0.0655318443738
0.0655318038601
0.0654255806513
0.0654104091784
0.0653800715171
0.0652436674171
0.0651830819291
0.0650771423156
0.0650317547224
0.0650015051342
0.0649863829823
0.0649259137508
0.0648352777198
0.0648050739296
0.0647446892483
0.0647446064596
0.064744565946
0.0647445465699
0.0647143639172
0.0646992752331
0.0646992488112
0.064623833574
0.0646087554586
0.0645786045123
0.0645635316814
0.0645634982136
0.0645182920509
0.0644429913088
0.064442957841
0.0644429314191
0.0644429226118
0.0643827070308
0.0643526089283
0.0643074749856
0.0642172599441
0.0641872005938
0.0641571482894
0.0641421247793
0.0641271030308
0.0641270977464
0.0641120777593
0.0640820430695
0.0639769947558
0.0639170011191
0.0638870122273
0.0637971054416
0.0637222274503
0.0637222027899
0.0637221675606
0.0637221517075
0.0632001529908
0.0631554259458
0.0628131844338
0.0627834562384
0.0626497859275
0.0626200964842
0.0625162459648
0.0624569428212
0.0623976678609
0.0623828522034
0.0623532261728
0.0623532173655
0.0623235983808
0.0622348013162
0.0621756285208
0.0621756161905
0.0621754470902
0.0621606578546
0.0621310846678
0.0621015185269
0.0621014991509
0.061998085474
0.0619685510394
0.061968545755
0.0619390183663
0.0619389937058
0.0618504643835
0.0618357139001
0.0618062182177
0.0618062023645
0.0618061900343
0.061806158328
0.0617914131289
0.0617914078446
0.0617324499475
0.0617177135558
0.0616735149495
0.0616587856036
0.0616440580192
0.0616439118179
0.0615850208564
0.0615703020793
0.0615261580783
0.0615261545553
0.0615114428241
0.061482024646
0.0614820070314
0.0614378947367
0.0614378647918
0.0614084642284
0.0614071272787
0.0614071079026
0.0614071026182
0.0614070902879
0.061348315583
0.0613042508477
0.0613042244258
0.0613041874351
0.0613041821507
0.0612160967168
0.0612160720563
0.0610547679284
0.0610547450294
0.0610543892141
0.0610542852878
0.0610541813616
0.0609370036201
0.0601063632803
0.0600336871166
0.0600191550545
0.0599465264503
0.059932004957
0.0598884510457
0.0598594239122
0.0598158964229
0.0598013907828
0.0597433911211
0.0597288942882
0.0596999059069
0.0596709245714
0.0590931984791
0.0589779442542
0.0589491390649
0.0588052240906
0.058762084123
0.058618456267
0.0585897391508
0.0585323278175
0.0585036318388
0.058474942906
0.0584606010818
0.0584605957975
0.0584175808936
0.0583172744359
0.0582743123759
0.0582599952122
0.0582313661691
0.0582170542897
0.0582027441719
0.0581884358154
0.0581026244291
0.0580883284029
0.0580883231185
0.0580740288538
0.0580597363505
0.0577887248418
0.0577744675677
0.0577602120552
0.057703212904
0.0576889661987
0.057575073584
0.0575466136413
0.0575181607444
0.0574897148934
0.0574612760882
0.0573760125165
0.0573618063249
0.0573192000803
0.0573050009345
0.0572766079274
0.0572763895061
0.0572763806988
0.0572621868374
0.0572479947374
0.057219615822
0.0572195946844
0.0571912228148
0.0571770395222
0.0571628579911
0.0571345002131
0.0571203239664
0.0570211501287
0.0569786689479
0.0569786601406
0.0569645032699
0.0569220432266
0.0569078934018
0.0568795990365
0.0568513117171
0.0568230314435
0.0567947582158
0.0567664920339
0.0567382328978
0.056724105972
0.0567099808076
0.0566958574047
0.0566817357633
0.0566676158833
0.0566111592624
0.0565970481897
0.0565970147219
0.0565829054107
0.0565546920727
0.0564560061601
0.0564419144635
0.0564278245283
0.0564137363547
0.0563855652917
0.0563574012747
0.0563292443034
0.0561464767602
0.0561183726328
0.0560762314141
0.056062187277
0.0560481449014
0.0560341042872
0.0560060283432
0.055879801971
0.0555162044928
0.055488258897
0.0554323941274
0.0554044696691
0.0553486471745
0.0553486454131
0.055334692872
0.0553207420924
0.0552928458175
0.0552789003223
0.0552510146162
0.055181336461
0.0550977920763
0.0550838712415
0.0550560348564
0.055042119306
0.0550282055171
0.0550281755722
0.054958634811
0.0549169321965
0.0549030342607
0.0548752436736
0.0548613510222
0.0548196853983
0.0548057997928
0.0547919159487
0.0546948047832
0.0545700686079
0.0545700492318
0.0545561953326
0.0545284928186
0.0545007973504
0.0544731089281
0.054431591267
0.0544177549824
0.0543209608801
0.0542242601352
0.0541966421713
0.0541690312533
0.0541276280873
0.0541000347839
0.054100008362
0.0540862143525
0.0540724221044
0.0540310576906
0.0540310277457
0.0540034591028
0.0540034538184
0.0539070366689
0.0539070172928
0.0538381934467
0.0538381529331
0.0538381370799
0.0537831107662
0.0537693572703
0.0537556055359
0.0536868785702
0.0536456603577
0.0536319244765
0.0536319191921
0.053631899816
0.0535769756671
0.053453532405
0.0534534989372
0.0534123723207
0.0533986663843
0.0533712597959
0.0533711629155
0.053343763373
0.0533163708763
0.053316362069
0.0532752882963
0.0532752759661
0.0532615876443
0.0532615717912
0.0532068378802
0.0532068361187
0.0532068026509
0.0532067938436
0.0531794365762
0.0531794066313
0.0531657306398
0.053165674273
0.0531520000429
0.0531383275743
0.0531381602354
0.0531381408593
