5038
588
893
566
273
5069
5022
140
5030
1028
95
370
458
1768
647
5033
1139
286
8344
543
155
887
80
90
613
823
1806
2718
530
2630
195
128
1569
851
200
102
82
1672
114
478
353
1819
2666
734
20764
136
1588
1528
9129
554
516
1053
1330
4746
7954
2737
5036
76
1817
151
4153
9137
78
2348
4063
184
443
91
342
225
93
878
2215
1031
2753
444
147
3237
8557
20805
308
33806
3311
343
127
133
1725
301
16625
686
5020
213
106
1507
1304
2939
4880
8556
360
416
652
1824
1334
929
1
520
1365
9135
4152
72
4876
292
56
232
880
5053
2323
1821
910
385
314
3027
1202
277
107
920
4398
74
2111
2015
5237
5050
22587
9500
316
1161
1793
6084
390
35675
939
1359
1371
2253
3844
4093
2088
1970
2720
879
89
919
2715
13634
621
802
1927
2773
960
5051
4262
9044
6831
274
2728
5027
81
2736
4183
79
402
10815
5052
13633
2601
4154
659
9861
1046
876
9132
5042
875
13635
1813
3174
109
144
2271
915
1470
3161
6289
4618
13637
5023
1000
2047
8560
192
30172
1233
8032
8558
6917
922
1443
5070
5021
620
4621
2947
4216
449
928
3258
2637
5057
26576
4272
4124
4904
9504
4755
406
539
1935
54
950
10281
26811
4737
9131
11812
383
1027
287
9130
5028
8072
8566
918
1323
26142
1833
7059
188
14862
22463
581
13396
244
948
2186
8565
30779
1552
5853
442
386
75
28825
4224
1025
1252
10280
10893
101
9752
10959
15198
8559
391
4227
5024
35279
279
9313
172
593
1050
8987
3295
18722
815
1481
775
86
255
24812
1112
3057
2550
165
560
92
5029
1185
5830
16201
23043
8194
5068
575
10601
5150
409
26990
4256
27605
23873
13267
46
1559
9134
26854
585
1308
1108
5032
694
2189
145
13266
1560
53
4205
26897
1213
24464
12110
13640
26911
11547
6829
707
4027
3354
239
4232
2667
23648
1401
18778
26584
592
1168
819
716
19815
5064
2723
28933
1208
1628
23946
438
3742
30513
403
645
8678
1087
5061
923
215
6828
24890
1885
5729
19467
1164
4642
6707
21255
5557
22319
958
121
3251
9754
17278
8857
24810
5587
368
3334
21241
186
454
2746
6009
212
1234
1259
473
1652
4480
498
3108
20374
1030
1061
5045
14338
457
773
25323
924
1118
20963
205
492
521
4757
1847
20183
551
889
1767
1126
3058
9239
6231
16207
22063
32745
853
1790
4536
1783
1762
5046
3906
264
8071
20966
11744
23960
2296
1316
2264
14827
22423
4075
29813
393
974
4121
1207
16202
280
10084
12015
14144
26856
354
1459
9136
9799
20336
20919
1771
2165
2741
1936
3318
4065
6069
25158
678
3065
11040
822
852
4132
12512
3128
3266
3535
4677
5049
13577
25529
28097
367
441
6022
7523
10124
12076
28509
2651
4477
8794
764
20654
3313
7581
7657
6357
531
7578
21236
1043
1111
1668
6049
6664
13744
16692
2061
3733
5742
423
614
5614
5881
782
12116
13366
3200
5074
425
3333
4538
824
1159
6681
2294
12844
29012
233
675
1101
2160
26378
30808
1038
5190
4995
20157
300
1049
3050
3253
4486
267
861
1245
1713
15264
243
491
1354
17181
9079
8271
16797
4160
5333
221
723
3215
6653
1137
3626
19325
134
1302
4545
11165
1585
4534
11190
8350
11494
639
1461
1765
7193
7324
7638
8340
504
971
1572
2263
5518
2091
4128
11818
4070
11350
290
293
11890
153
4191
7990
12329
5202
5211
5824
6782
26015
26709
254
664
1217
2580
3604
7459
8315
12676
15247
898
1891
7531
1236
2516
7651
17179
513
19720
23364
1037
4197
7998
241
1063
1104
419
452
2696
4767
7102
10928
23139
26163
1077
1439
10897
477
573
1113
6982
7551
7720
8694
13630
24467
528
2648
2697
5883
5943
8629
6899
13987
18861
2828
13578
14065
18067
20205
1193
1778
4223
4802
5141
5279
6008
6738
16987
17824
18384
19464
19912
26699
30545
5276
604
2782
4884
5963
10778
16017
281
462
636
2385
3219
7428
8782
11680
13628
2679
4577
5041
666
1188
2510
2524
2579
5174
11922
13093
19840
448
796
2515
6671
6783
14171
20051
3033
3370
4176
4193
4878
13585
14893
22118
563
1340
1350
6785
11298
15323
27
615
700
812
2703
4246
7331
16216
16978
196
1499
6081
13427
13432
24811
587
2937
4260
9499
580
2740
4736
14057
16867
5971
10733
14886
16295
17832
24159
26435
420
1324
1966
13256
21680
112
1076
1189
1190
2953
3679
12800
16210
17925
20652
735
966
6876
7784
13747
20353
20990
30184
1095
5990
6833
7140
7517
30683
132
235
727
1059
2943
4263
4426
4451
7283
23840
4651
5071
6320
6509
7467
10245
24743
2573
7663
11394
13268
14196
16203
1102
1384
2572
4142
4698
7541
11191
13415
24025
313
917
1082
3145
5907
6258
14055
505
1253
1487
4752
5170
5716
6242
7516
7927
8169
315
677
753
760
778
959
1084
1205
1527
1899
2577
3352
9527
10330
20220
471
510
526
3016
3245
5315
13424
20692
175
224
364
1422
1734
2613
6872
9172
14036
19355
295
451
751
2992
7113
22201
22359
25766
533
897
1922
4349
6944
8016
9501
839
1310
6175
7530
15666
16782
25791
26832
27812
28873
579
1103
2509
2610
3226
3949
6198
10032
11016
907
1132
1313
1332
1797
2436
18603
23869
27148
326
2090
2635
2951
3091
3110
3461
5748
6031
7083
15201
18748
18880
355
408
3039
3197
11692
15990
24152
1071
1300
1831
1880
2383
3267
5531
6909
10278
11527
18617
481
544
2254
2303
3280
8103
23483
1373
2229
3530
4760
5105
19823
24650
35732
13
779
1798
3635
3795
6405
9358
20669
156
673
934
1160
1775
2144
4119
4560
11423
21582
23722
357
446
508
610
661
1781
2673
2680
5118
5199
5215
7721
8878
925
1198
1772
2497
4879
6202
6560
6921
11204
19721
20482
25504
118
1356
2168
3271
3649
6340
6976
7848
8524
13175
14577
500
1106
2770
4639
6518
7437
7641
9251
9534
10958
11083
13658
19249
23868
242
307
2564
2565
2620
4450
5833
14876
15166
22913
470
562
1886
2640
2754
3400
4238
4517
6735
7571
9021
11352
14841
20632
22385
27728
358
556
1472
2935
3593
4735
12542
19284
19711
25080
26033
284
475
525
564
691
804
1105
2269
2818
2941
3241
7994
13756
19876
22021
25595
502
682
772
874
1130
2288
2491
2503
2642
2977
3035
3297
3969
6734
8699
13205
17993
26007
28642
1048
1145
2270
3223
3727
3823
4140
5536
5787
9175
9521
11827
13631
21581
29101
331
1051
1179
2121
3743
4335
8029
9300
16288
23082
23421
24153
26863
34497
561
766
787
1036
1162
1191
1478
1549
2060
2708
3845
4210
4678
10458
14141
14241
16461
16781
25658
537
1057
1122
1153
3499
5075
5839
7235
7248
7558
10641
12421
12896
13979
17512
19872
20280
20772
22341
22694
29818
29851
30340
30862
34529
35115
349
548
599
1615
1683
2922
4522
4699
4700
5515
7484
11846
12363
12409
14145
19901
22920
23317
23371
27888
30201
703
792
1018
1210
1592
2276
3107
3427
4323
5242
5681
6193
9933
10181
11099
12456
13419
15164
15465
16496
16503
18808
19240
28014
166
400
1042
1055
2096
2262
3038
3236
3356
4378
4542
4766
5645
6702
6845
13303
13409
14134
16808
18719
20820
24780
25826
26817
27796
32840
83
1032
1221
1546
1759
2570
5026
6255
6488
6600
6889
7812
7995
8740
11033
11117
14189
15187
168
271
1222
3043
3473
4498
7120
7701
9909
10387
11446
180
362
789
1305
1807
1818
2018
3100
3109
5339
5398
6003
7993
8031
8411
10112
11077
11522
12350
13883
171
522
623
704
2218
2692
2975
3518
4237
4544
5467
6706
7089
7547
8850
10903
14114
15146
24691
29625
1056
1803
1944
3157
3791
4687
5225
6793
8671
8938
9589
12362
18590
21426
22738
30834
726
820
842
1289
1406
1607
1919
3344
3418
3688
5286
7553
11864
13972
16983
19466
25326
27233
33954
340
1120
4139
4200
4937
5799
6048
13486
15003
15386
16715
18283
24889
28514
5
642
762
884
885
1471
3080
3171
3330
3350
3357
4218
4358
5500
5948
6892
7203
7401
10415
12665
21432
122
345
389
681
708
813
1686
2279
2631
2668
3364
4220
4513
4603
5224
5552
6143
6460
7096
8374
10484
11115
11925
12482
14155
15282
16710
17284
17893
19126
20626
22321
22525
23490
23687
493
607
1416
1521
1760
2125
4680
6056
6654
7165
7548
9502
10414
12354
17642
19548
22529
26141
296
519
559
991
1068
1619
3316
3323
3379
4497
6023
8005
11631
14156
14285
15331
19826
30193
808
1158
1411
1429
1597
2398
2560
4644
6131
6715
10560
11227
12434
13405
16489
21580
23140
23676
230
399
603
696
731
863
1594
3476
5769
6305
6582
7103
13022
16622
17283
19715
23034
378
418
506
509
1034
1176
1413
2299
2472
3246
3904
4164
4697
6144
7515
8030
8981
10374
13421
13731
14255
15281
16630
19026
33056
154
837
946
1265
1697
1763
1800
3001
4288
4459
5277
6786
6794
7032
7155
7999
9133
9337
13820
14694
17167
19213
19382
22354
638
2705
2724
4505
5920
6373
6803
7544
7549
8220
9474
9967
10620
15601
16812
17100
18033
22544
169
430
480
595
657
1428
1883
1951
1960
2320
2621
3143
4148
4504
9121
9917
10359
10872
13413
13423
13984
18009
18826
25089
28901
149
576
578
712
736
744
951
1320
1396
1458
1524
1996
2216
2751
3112
3129
3836
3849
4747
6068
7128
10384
13748
15275
16242
16616
18773
19125
20939
20958
23288
30448
35435
2590
2638
3032
3214
3933
4136
4476
4740
5212
5702
5856
6997
7259
8876
9292
9346
9361
10241
10969
13160
13948
15165
16618
20231
22034
22541
22566
26866
27149
890
1228
1328
2595
2868
3104
4129
6047
6523
8056
11261
12178
12668
17240
20620
24700
27837
602
633
1054
1602
1642
2076
2622
2633
2931
3185
3263
3994
4478
6087
6124
8767
9038
10571
12786
14161
14942
16318
20378
22422
312
413
424
499
867
1224
1291
1953
2290
2593
3133
3924
4640
5102
6015
6436
6920
7268
8166
8962
9910
10017
11214
11356
13174
13666
13796
14396
16972
18310
20964
27404
269
324
517
937
969
1486
1815
2576
2652
3127
3147
3565
3792
3966
4739
4815
5148
5511
5935
7255
7405
7468
7786
8193
8602
10214
11353
11813
15512
17268
18610
19307
25124
25640
34751
34894
174
1303
1788
1835
1856
2046
2386
2603
2800
3310
3438
3549
3841
4012
4092
4490
4872
5676
6210
6249
7205
7457
7552
7640
8308
9761
9886
10412
24357
28631
29761
143
382
524
545
709
745
780
805
869
943
1083
1196
1660
2599
3417
3541
4460
4601
6998
7975
8543
8582
10405
13269
13735
17336
19836
20630
322
558
758
1318
1387
2528
4863
5695
6072
7107
7188
7736
10997
11143
14039
14115
16853
19283
19685
21801
22565
24221
27871
654
670
873
1287
2489
4133
4392
4645
5015
5196
5700
5776
6063
7106
7397
7941
8685
10841
11031
19962
20238
24695
672
865
1696
2178
2518
3899
4230
4510
4588
4684
4838
5195
5498
5926
6180
6406
8354
8372
9984
13147
14594
14838
16822
18600
20931
21458
25325
27152
27810
30329
113
229
871
1169
2066
2268
2793
2993
3465
3470
3729
4161
4259
4572
4681
4706
4728
4827
4852
5142
5248
5988
6517
6522
12562
13202
14686
19149
21284
30434
549
845
930
1238
1390
1394
1425
1654
1911
2250
3169
3644
3915
4178
4531
4723
5287
5507
7047
7195
7962
8695
9076
9357
11284
11678
11952
12465
12687
18000
20268
22975
23369
26711
263
465
830
1163
2251
2690
2700
3435
3437
4080
4519
5259
5471
6328
7082
7668
9959
10248
10376
16031
17289
17748
18279
25507
26660
26812
27952
28623
28979
484
586
1070
1326
1464
1898
2142
2615
2785
2837
3292
3296
3546
3673
4174
4564
5100
5214
5384
5696
6088
6205
6550
7186
9960
11252
12608
12770
13404
13724
14703
15566
15969
16085
16191
17005
17020
18656
20471
21336
23383
25085
26803
27721
27962
219
339
384
688
1073
1086
1116
1663
1689
2959
3327
3480
4920
5406
5733
5749
6893
7007
7559
7607
7611
10065
11718
17380
18079
19764
23101
25928
26970
33707
252
429
658
770
838
967
1892
2608
3021
3234
3460
4226
4236
4293
4383
4689
5318
5666
6790
6926
7183
7246
7400
8038
8648
13002
13161
13265
13665
17253
17501
18387
19186
23456
24426
27090
35648
265
527
570
590
719
909
1099
1109
1292
1930
2011
2487
2512
2575
2924
4549
4616
4623
4820
5076
5509
5727
6125
7216
8529
8659
11453
12090
12323
13154
16998
17541
18115
20237
22085
24167
26713
29040
29885
35390
35738
405
515
684
1148
1154
3115
3244
3247
3259
3378
3399
3580
4014
4221
4611
4650
4652
4691
4778
4793
5705
6836
7302
7312
8186
8668
9211
10915
12886
14067
16443
18852
20616
20923
22035
23351
23690
24059
797
882
1045
1166
1255
1357
1519
1809
2211
2699
2760
3276
3412
3492
4240
4682
5168
5998
6376
6789
7074
7748
9921
10247
11430
11773
11825
12415
19310
20659
21136
23706
24751
24869
25488
27876
33169
626
653
940
949
1171
1430
1517
1674
2507
2571
2578
2956
3151
3294
4057
4087
4499
4671
5035
5192
6020
6500
7176
7294
7382
7985
8335
9193
11598
14256
14296
14301
15913
16788
19475
20052
21347
22115
22117
25864
26036
28587
88
372
733
794
800
803
817
1090
1616
1665
1939
2628
2711
3152
3192
3324
3443
3596
3767
4017
4524
4714
4726
4800
5351
5916
6283
7730
7983
8546
9751
9958
11071
11085
11760
13113
14126
14180
14701
15173
15395
16472
16748
18989
20624
22743
26161
26677
27475
34764
584
628
656
754
1023
1078
1442
1657
2039
2420
2646
2784
2817
3186
3826
3970
4074
4556
4615
4688
4776
5301
6080
6150
6271
7177
7300
7700
8294
10363
11273
13128
13746
17040
17690
18803
20448
21319
26048
26090
29197
31488
99
246
594
742
1150
1409
1436
2098
2493
2725
2878
3122
3138
3208
3285
3317
5660
5778
5934
6811
6815
6903
7009
7520
7532
8081
8489
9230
9366
9370
9579
11297
11669
12195
12559
12675
13743
13928
18991
19374
28611
28614
28619
28719
115
223
291
336
547
568
596
1044
1541
1667
1828
1888
2092
2256
2308
2316
2424
2563
2664
2706
2912
2972
3210
3325
3748
4144
4396
5217
5220
5308
5684
5713
6855
6891
6951
8044
9839
9981
10053
10379
10972
11048
11799
12082
13707
13923
14800
15513
17037
17128
17187
18835
20177
20288
21401
22207
22352
22757
24832
27170
33209
346
523
903
1110
1578
1653
2057
2234
2479
2496
2569
2886
3368
3815
4306
4453
4559
4703
4758
4866
5246
5395
5415
5977
6092
6176
6674
7545
8264
8391
9449
9549
9896
10345
10443
11934
14219
14880
17582
18657
19862
20625
22446
26372
27719
29169
29923
401
860
1180
1457
1523
1875
2118
2566
2856
4496
4530
4587
5556
6109
6957
7538
8325
8521
8650
8698
10367
10859
10960
12148
14268
15144
15179
15981
16737
19643
20928
23786
24063
27194
27867
28636
85
245
542
555
660
931
1152
1170
1296
1306
1532
1538
1586
1862
2486
2519
2588
2936
3141
3711
3793
3959
4083
4115
4195
5090
5428
5782
5964
6024
6862
7156
7277
7432
7512
7785
7800
7802
7997
8353
9174
11667
11968
14175
16098
16498
17046
19525
21350
23030
26672
27758
29883
32237
381
913
972
1091
1204
1380
1662
1691
1894
2058
2583
2619
2980
3105
3943
4305
4787
4812
4947
5928
5941
6060
6135
6443
6958
6973
7184
7890
8326
8561
8684
9496
10603
10799
11679
11762
12169
12327
12476
12747
13096
13201
13983
14402
14851
14913
16640
16691
17236
20645
20821
22911
23025
829
895
1033
1079
1312
1483
2071
2110
3386
3448
3802
4066
4390
4393
5460
5726
5939
5946
6189
6250
8212
9364
9869
10015
10040
10441
12944
14446
15697
16573
16646
17063
17085
17185
18020
20208
20618
20856
23392
24377
26332
26384
26831
29283
84
97
119
176
347
625
769
818
855
945
985
1339
1742
1770
2041
2471
2771
3064
3388
3487
4049
4071
4629
5243
5307
5368
5779
5809
5994
6196
6279
6800
6830
7105
7533
7605
7815
8223
8240
8549
8553
8572
8579
9389
9535
9721
9922
11113
12020
12077
12155
12417
12514
13627
13671
13922
14035
14167
14287
14353
14528
14646
15112
15286
15672
16296
16887
17124
17153
17211
17565
17739
18184
18288
18472
18810
18962
19221
19258
19453
19647
20643
20661
20942
21027
21328
21521
21637
21708
22562
23306
24011
24151
24186
24214
24776
24944
25164
26320
26432
27411
27507
28041
28072
28103
28191
28593
28617
28639
28935
29296
29440
29849
30483
31417
32875
32877
33003
33367
34401
34531
35001
35413
35481
35546
35761
35778
36597
36608
178
228
488
618
631
632
1143
1475
1601
1716
2305
3066
3137
3188
3514
3721
3786
4162
4586
4716
4791
4946
5110
5145
5172
5490
5677
5987
5997
6018
6936
6959
7014
7168
7577
7969
8085
8808
9101
9113
9268
9295
9452
10797
11619
11809
11937
12180
12200
12436
12587
12720
13230
13272
13569
13884
14001
14269
14427
14580
15410
16892
17116
17481
18473
18746
18757
20248
20579
21026
21854
22776
25744
27563
27967
28794
33860
35263
131
699
724
828
1026
1133
1175
1333
1370
1485
1810
1902
1918
2814
3093
4521
4694
4769
5320
5953
6316
6918
7080
7218
7527
7680
8000
8219
9350
10534
11228
12318
14275
14752
15260
16026
17113
17337
19130
19744
19786
19877
20668
22787
23363
23881
24182
24693
26851
27208
29288
29707
142
606
900
914
1097
1432
1490
1568
1596
1656
1893
1909
1937
2176
2258
2267
2701
2911
3015
3209
3309
4146
4170
4515
4546
4547
4552
4853
4868
5343
5405
5437
5456
6801
6890
7269
7292
7451
7597
8021
8912
10881
10934
11671
13203
13639
14228
16228
16343
16437
16844
16846
17421
18088
18759
18856
19921
20318
20884
20918
21662
22024
25724
26529
26818
26849
27612
31487
34104
35488
55
177
466
872
1128
1297
1484
1565
1871
1997
2260
2476
3342
3367
3699
4060
4529
4921
5285
6798
6927
6960
6986
7655
7816
7991
8026
8884
9548
10096
11704
12521
14029
14923
15267
16641
17098
18601
18697
19835
20611
23105
26162
28515
28644
28677
299
1081
1135
1215
1670
1723
1853
1857
1989
2252
2612
2841
2910
3081
3240
3525
3552
3680
4167
4352
4365
4594
4643
5193
5960
6010
6854
7385
7492
7535
7615
7821
7863
8025
8440
9417
10236
10734
11213
11496
11648
12708
13740
14002
15380
18056
19664
19681
20985
22329
23387
23518
24643
24819
25669
26021
27313
27435
27978
29600
35232
36078
138
193
479
582
1052
1167
1344
1579
2099
2300
2639
2783
2816
2854
2960
3230
3968
4692
5025
5088
5300
5632
5638
5722
6026
6085
6274
6410
6898
6948
7679
8160
9578
9829
12446
13422
14229
15195
15839
16236
17072
17117
19761
19873
21721
23023
24670
27225
27490
30187
32065
32166
35362
35667
217
398
455
730
784
984
1092
1307
1388
1395
1845
2029
2265
2430
2654
3005
4077
4243
4539
4858
5271
5303
5314
5400
5451
5497
6128
6447
6470
7030
7122
7127
7131
7526
7888
7945
8001
8177
8710
8833
9953
10111
10334
10826
11014
11259
12757
13178
14221
14394
16451
16481
16700
17670
17921
17985
18090
18645
18721
19454
19484
20257
20675
20997
21497
22777
23362
23450
24872
25082
26040
27126
34752
35639
9
164
183
591
1093
1146
1165
1186
1288
1347
1366
1389
1448
1467
1629
1647
1823
1852
2333
2488
2529
2585
2659
2733
3008
3060
3288
3430
4203
4395
4600
5476
6391
6546
6645
6694
7303
7510
7683
8062
8206
8214
9258
9517
9616
9997
10542
10833
11043
11974
13226
13773
14049
15284
15565
15797
16222
17052
17160
17394
18441
18474
18493
19034
19259
19726
21398
21933
22243
22580
24475
24911
27781
32676
34899
137
260
388
404
674
1098
1404
2623
2752
3036
3315
3800
4097
4275
4376
4535
4826
4835
4855
4938
4952
5223
5264
5274
5316
5450
5494
5554
5780
5825
6007
6236
6864
6867
7008
7228
7244
7986
8303
8305
8322
8776
9216
9524
10843
11049
