0.928385104888
0.91164791245
0.897704018385
0.882027296575
0.8713573299
0.863121675628
0.855089811949
0.847040911408
0.840498606994
0.832302402426
0.82689641191
0.818874437079
0.81249546952
0.804224582483
0.796366862229
0.791079048204
0.78255048921
0.775844555538
0.770000404855
0.764489626722
0.759464108491
0.754919203426
0.750439335063
0.74106181124
0.736878051698
0.731995095639
0.728444789564
0.723388045896
0.719304918681
0.714330183402
0.709272921864
0.703138438194
0.699410724706
0.693962379835
0.690456355155
0.68700840588
0.683029437442
0.679746908831
0.676618742427
0.673059602621
0.670724374222
0.667326126361
0.664468569852
0.6618585657
0.657327710056
0.654203630244
0.651518055846
0.648407822887
0.645257342281
0.642162115218
0.637367913948
0.633819126254
0.630704517823
0.62562490157
0.622390062784
0.619303616609
0.616644191115
0.614269520058
0.611574497177
0.609533924393
0.607681826289
0.605001317856
0.603202211576
0.600531681826
0.597821105236
0.59516248473
0.591231241345
0.588541760024
0.586221881006
0.584269457068
0.582184430265
0.579515647885
0.576582635625
0.574196592569
0.572084756313
0.569887193221
0.567649134116
0.565817202991
0.563453504081
0.560961401631
0.559051559277
0.556746347954
0.554490089423
0.552370724678
0.549903342587
0.547309739409
0.545510959
0.543758908419
0.541398165242
0.539739938938
0.538040723411
0.536126882538
0.533782785178
0.531876539729
0.530232972313
0.527686246924
0.525877012238
0.524027938564
0.522696884464
0.520425169103
0.517304418455
0.515427873018
0.513682357461
0.511685049708
0.510200181217
0.508717477562
0.506645399267
0.504661792166
0.50343979899
0.502135179151
0.496269325494
0.494347912096
0.492305324198
0.490724163621
0.489021058787
0.48711380402
0.485830526056
0.484466331808
0.483021564763
0.481826086875
0.480220746709
0.478905514061
0.477633118409
0.476239542975
0.475093405401
0.473744365012
0.472560431747
0.471174275591
0.469993556994
0.468692416043
0.467109104721
0.466136080118
0.465326001325
0.463990917
0.462536664481
0.461124997069
0.459836203967
0.458790388705
0.457344325223
0.456181094422
0.454939304174
0.454179021914
0.452460830156
0.451303840215
0.449750250043
0.448954544781
0.447682922411
0.446809700487
0.445461898406
0.441709161587
0.440762992234
0.439778474091
0.438952325479
0.437694972714
0.436792329089
0.435459798884
0.432645132215
0.431708730169
0.430812292175
0.429838957555
0.428866746747
0.427585138649
0.426072979825
0.42475690696
0.423906365622
0.420245053969
0.419475916839
0.418630681025
0.418054867881
0.417402779905
0.416483027199
0.415755605014
0.414761240298
0.414111709966
0.413157450218
0.412356724789
0.411709079221
0.410529442162
0.408896057757
0.40779623783
0.406206403813
0.405261331852
0.403789380162
0.403035458541
0.401943575762
0.401341768721
0.400214679599
0.399501616853
0.398414542865
0.398077462436
0.397328904468
0.396356839861
0.395572591148
0.394789112194
0.394043645592
0.393224445948
0.392517641677
0.39199724589
0.39132867063
0.390771960542
0.389474590881
0.388364283208
0.387144807162
0.386480395998
0.385853414142
0.385153277004
0.384564173628
0.383791661537
0.382946504988
0.382249010044
0.381258966194
0.380343386392
0.37986770532
0.379246129391
0.378698089219
0.377676173475
0.376947088469
0.3762914899
0.375709217474
0.375091039406
0.37458233092
0.374037674517
0.373022091228
0.371971683835
0.371465097911
0.370922712032
0.370561341042
0.370164034464
0.369514363215
0.368937387506
0.368000761755
0.367568847731
0.36713718912
0.366562041808
0.366130975048
0.365269653562
0.364803503762
0.364337646365
0.363907888371
0.362584730905
0.362120293246
0.361763236077
0.361014012276
0.360550583934
0.360087463849
0.359482317077
0.359055460211
0.358877667037
0.358415616159
0.3579183607
0.357350505841
0.355968193195
0.355331151628
0.355048183315
0.355047304346
0.354552386347
0.353881295719
0.35349304834
0.352963968546
0.352223974806
0.351555071914
0.350921993638
0.349798122707
0.349796743482
0.348919783736
0.348464186855
0.348078914586
0.346889566587
0.346260678828
0.345702143865
0.345562577941
0.344934875647
0.344168518104
0.34389003095
0.343681239566
0.343437731526
0.342881511125
0.342360421322
0.341978538106
0.341250104842
0.340038352807
0.339692357619
0.339554008865
0.339208260282
0.338517407811
0.338172187666
0.336347052262
0.334834918099
0.334285692463
0.333942638917
0.333086020535
0.332196233822
0.331649171261
0.33130748461
0.330727054673
0.33041995433
0.329908439835
0.329159032842
0.328750570925
0.328478396851
0.328104348618
0.327798461922
0.327594616724
0.327560648689
0.326440982368
0.326068091416
0.325864785225
0.325458373649
0.32518756647
0.324815395956
0.324511047016
0.323632840155
0.323092911516
0.322823090755
0.32268822265
0.322384872459
0.321711338683
0.321442095683
0.320601511889
0.320097656232
0.319426518045
0.31919176271
0.318823035854
0.318153225809
0.317818569153
0.317517528238
0.316648894923
0.316014719256
0.315714527367
0.315447808541
0.315281165421
0.315014638595
0.314481946042
0.313883165194
0.313517545557
0.31291972999
0.312024096984
0.311626415215
0.311328314181
0.310831819674
0.310501031188
0.310170431179
0.309972145155
0.309707864192
0.309575765106
0.309146648284
0.308915702992
0.308519999344
0.308388153908
0.308256336655
0.307861055759
0.307729353001
0.307367324985
0.306775449068
0.306775301106
0.306643830861
0.306282454586
0.305954095157
0.305658727912
0.30546188981
0.305199542933
0.305002852793
0.304740697916
0.304544155739
0.304282199907
0.304053084774
0.303595122249
0.30339894998
0.302941491233
0.302647577195
0.302419073289
0.301310838856
0.30105028691
0.300854942527
0.300366871331
0.300009195889
0.29971671568
0.299651737106
0.299489321495
0.299164632953
0.298969898036
0.298775226532
0.298483339936
0.2982564143
0.297964784878
0.297835215251
0.297381964638
0.297155459991
0.296896704735
0.296282789405
0.295637162473
0.295379076573
0.29508885632
0.294863225359
0.294637691278
0.294412236462
0.294122493566
0.294122178264
0.294025627244
0.293446728018
0.293253865535
0.292836231685
0.292836170034
0.292643506597
0.292579299543
0.292033855766
0.291713225632
0.291488889345
0.291040519743
0.290848449919
0.290656445268
0.290432517641
0.290208676325
0.289952968399
0.289793203789
0.289761256151
0.289537672009
0.289058920709
0.288899407988
0.288325668084
0.287879748676
0.287720558303
0.287434142808
0.287306884219
0.286988864572
0.28689349197
0.286639244295
0.286321592794
0.28571872183
0.285560128593
0.285559786869
0.285432943985
0.285242732503
0.285052584434
0.284324311463
0.283628704805
0.283502291718
0.283407500398
0.283344314992
0.283249550094
0.283060069619
0.282712878398
0.282555123617
0.28249203333
0.282113694175
0.281956106732
0.281735555828
0.281735518837
0.281609528501
0.281483566348
0.281294681247
0.281231731877
0.280854211802
0.280822760897
0.280822723906
0.280665495801
0.280476881966
0.280382597947
0.280162665315
0.279942818995
0.279817230272
0.279691669733
0.279440638488
0.279377896971
0.279221074002
0.278938919485
0.278844894401
0.278719554044
0.27862556595
0.278406327335
0.278281083859
0.278093271488
0.277936809619
0.277936772629
0.277530214852
0.277280155935
0.277280108375
0.277280039678
0.277186296428
0.276905167081
0.276655388236
0.276405720363
0.276343320569
0.27618735191
0.276000249409
0.275906721057
0.27568855341
0.275501618248
0.275377030035
0.275252470006
0.275127939922
0.275127869464
0.2747855892
0.274630060906
0.274505671739
0.274256985
0.273946308888
0.273604756108
0.27338750266
0.273294418197
0.273046277512
0.272860242456
0.272736254903
0.272705261977
0.272674270814
0.272302531858
0.272209632348
0.272147708149
0.271961979588
0.271869138206
0.271807252759
0.2717144378
0.271714034425
0.271559378055
0.271064812349
0.270941231692
0.270138929755
0.269861399075
0.269861316286
0.269768836004
0.269768799013
0.269645514283
0.26955306923
0.269399031134
0.269275832715
0.269029520427
0.268260811333
0.267953564788
0.267707860204
0.26749296007
0.267308827394
0.267124756368
0.266940750517
0.266818114005
0.266572930814
0.266419747027
0.266327856835
0.266205361239
0.26577694548
0.26540996071
0.26528767649
0.264798902471
0.264646227746
0.26440205035
0.26421898512
0.264096975688
0.264005487109
0.263761600355
0.263061191952
0.262939450262
0.26281774204
0.262696056717
0.262543991458
0.261905871877
0.26178439793
0.261632595128
0.261511184593
0.261298787497
0.261207785082
0.26108647495
0.260995511287
0.260813629759
0.260571254339
0.260328961708
0.260328917672
0.259482020799
0.259210024633
0.259058970453
0.258877767088
0.258787187423
0.258787007754
0.258636076876
0.258485190035
0.258093134376
0.257912272735
0.257851997264
0.257550734405
0.257370055956
0.257159344579
0.257038976829
0.256888556776
0.25673818252
0.256647978047
0.25643758021
0.256317381561
0.256047057022
0.25595697409
0.255686846836
0.254847853643
0.254757982086
0.254638179766
0.254548345201
0.254398656154
0.25406954458
0.254009720043
0.253919998211
0.253800391414
0.253501534712
0.253232684518
0.253172958623
0.253023674712
0.25290427929
0.252576108337
0.252546283261
0.252427000573
0.252248134668
0.252247965567
0.251979827003
0.251414307843
0.250671372462
0.250611949539
0.250225898703
0.248952439129
0.248893220535
0.248804405856
0.248567654785
0.248478898234
0.248331007639
0.248212725461
0.248005810034
0.247976256224
0.247710363524
0.247533179815
0.247444608218
0.247415087875
0.247326537415
0.247178990306
0.2470609882
0.246913520357
0.24688403172
0.246795576379
0.246648187802
0.246500846784
0.24544140309
0.245353206684
0.245323811405
0.245206249664
0.244618972925
0.244618824962
0.244325405894
0.244061473701
0.243973525662
0.243768382266
0.243768364651
0.243270603653
0.243124271952
0.243124254338
0.243065733283
0.243065671632
0.242802433456
0.242714712644
0.242656240911
0.242451650614
0.242363993215
0.242247141344
0.242159520936
0.242159439909
0.242159300754
0.242042498204
0.242042399562
0.241779714484
0.241633830195
0.241633668141
0.241633537793
0.241633493756
0.24134188371
0.241283577554
0.241283551132
0.241166961719
0.240933890342
0.240875633506
0.240759142735
0.240700907037
0.24058445678
0.240584402174
0.240235224025
0.240089806523
0.239828176562
0.23947959907
0.239421518381
0.239392480679
0.238870187798
0.238725187763
0.238638206766
0.238551241622
0.238551208154
0.238493240199
0.238087716401
0.23800085166
0.23776929514
0.237711422304
0.237682488528
0.237653556513
0.237422190231
0.237422137387
0.237277579479
0.237161960632
0.237075266753
0.236844166452
0.23681528552
0.236699779406
0.23669964025
0.23658416232
0.236497572367
0.236439854539
0.236122595844
0.23600725883
0.235949600892
0.235949556856
0.235661399275
0.235315847976
0.235200710007
0.234912991031
0.234797949943
0.234682937038
0.23439556507
0.23419448889
0.234194295129
0.234108145542
0.23393589745
0.233878493163
0.233763705725
0.233706322575
0.233390846479
0.233190198334
0.233075581759
0.232932350232
0.232817797069
0.232703270328
0.23235991381
0.232331307666
0.231988234744
0.231788190781
0.231502610219
0.231302781154
0.230960485037
0.230760893769
0.230646876091
0.230618375634
0.230561380006
0.230475899775
0.230361956077
0.230134154995
0.22993491602
0.229934780387
0.229820967038
0.22982093357
0.229820831406
0.229763934419
0.229678602151
0.229536416932
0.22939427575
0.229252180366
0.229053323628
0.229024921814
0.22874103754
0.228684274425
0.228457311798
0.228060427971
0.228060403311
0.227918725393
0.22783373661
0.227777086228
0.227748763679
0.227748265185
0.227691625372
0.227691560198
0.227578303471
0.227465073166
0.227408468583
0.227295285837
0.227238702391
0.227125561921
0.2270407211
0.227012444349
0.226927624666
0.226899354961
0.226786293756
0.22667326602
0.226588509749
0.226532014376
0.226362574055
0.225798488725
0.22571389627
0.225066215473
0.22495361401
0.224869180087
0.224728493873
0.224644102225
0.22455972643
0.224334838806
0.224222420535
0.224166221087
0.224081935127
0.22399766502
0.223801108752
0.223604637033
0.223464347148
0.223127839195
0.222987699034
0.222903635018
0.222567634366
0.222483649616
0.222455658222
0.222399680719
0.22125437984
0.221086926448
0.220975329019
0.220863759772
0.220640697023
0.220473477905
0.220194911486
0.220167064532
0.220111375908
0.219972186937
0.219860867818
0.219777397415
0.219777342809
0.219749522277
0.219693886498
0.219471420884
0.219304645655
0.219193495636
0.218971296003
0.218970332483
0.218831508135
0.218748231492
0.218692722538
0.21844303705
0.218332103692
0.218165767067
0.218110332094
0.218027192846
0.218027178754
0.217916351083
0.217750164182
0.217667093631
0.217556357556
0.217473323996
0.217362639003
0.217279642433
0.217113707422
0.21705840632
0.217003112264
0.216892547051
0.216837274133
0.21678200826
0.216781920187
0.216643791616
0.21656093244
0.21645047996
0.216367657775
0.216257252855
0.216229656029
0.216091701842
0.215678159869
0.21543020766
0.215347580997
0.215154852386
0.215017238161
0.214522260273
0.214439807994
0.214302428044
0.214247486281
0.213918062928
0.21391794491
0.213808168833
0.213643554917
0.213588697704
0.213204912109
0.213040548321
0.212985768612
0.212657250651
0.212465742733
0.212383686784
0.212328991625
0.212246962098
0.212110284971
0.212028297719
0.212028273059
0.211891668152
0.211837036406
0.211727795812
0.211591282502
0.211454818512
0.211400243133
0.211318395036
0.211236562792
0.211154746402
0.211045685478
0.210882142531
0.210609734183
0.210120031874
0.210038430382
0.209984038194
0.209929653053
0.209793722786
0.209712186468
0.209549163153
0.209521997885
0.20944051265
0.209359043267
0.209277589738
0.20914187437
0.209060463116
0.208979067715
0.208816335041
0.208789217333
0.208762101385
0.208599442693
0.208382700069
0.208355610544
0.208301436778
0.208274352537
0.20822018934
0.208138957755
0.208084812172
0.208003607009
0.207976542145
0.207895358119
0.2078683003
0.207787137412
0.207705992139
0.207705939295
0.207624808113
0.207084528943
0.207057523968
0.207003519303
0.206733650983
0.206679688592
0.206463925341
0.206383037241
0.206248262494
0.206248214934
0.206140425786
0.206059601099
0.206005726781
0.205898001045
0.205386807137
0.205333020892
0.205332878214
0.20517157937
0.205117821309
0.204902885946
0.204795447328
0.20471488686
0.204607499325
0.203937007594
0.20391020871
0.203856616226
0.203749457681
0.203508461486
0.203481690786
0.203187361042
0.203133863677
0.203080373358
0.203080248295
0.202973290556
0.202812907673
0.20278618277
0.202732738249
0.202385543506
0.202305458633
0.202198708747
0.20179876526
0.201772107293
0.201186352457
0.201186334842
0.200362632902
0.20025639384
0.200097090733
0.200017460317
0.199937847515
0.199831719425
0.199778665949
0.199672581896
0.199646064846
0.199566524264
0.199487001298
0.199354495313
0.199248523993
0.199248472911
0.199221984044
0.199221823751
0.19914236772
0.199036451006
0.198983503217
0.198718885816
0.198639530188
0.198586635243
0.198533747345
0.198454428707
0.198401558423
0.198348695185
0.19824299513
0.198110908374
0.198110797402
0.197714922893
0.197635768071
0.197556629103
0.197477505988
0.19745113514
0.197372033162
0.197266590281
0.196924153247
0.196845156957
0.196818828384
0.196792501572
0.196739853232
0.196503038748
0.19645042916
0.196345231122
0.196318936016
0.196292642672
0.19618748867
0.196134921358
0.196082361091
0.1960560836
0.195977261695
0.195872190482
0.195872135877
0.195767092848
0.195688329071
0.194954537439
0.194902135704
0.194849741014
0.194692604506
0.194640238
0.194483198372
0.194430860049
0.194430618729
0.194195211653
0.194090624842
0.194038339364
0.193986060931
0.193855400958
0.19364644752
0.193020279459
0.192916006189
0.192889941835
0.192863879242
0.19281175934
0.192759646485
0.192681490413
0.192629395172
0.192343039567
0.192317013965
0.192264968045
0.192160897343
0.192108872561
0.192056854824
0.192030848598
0.191952840489
0.191926841308
0.191692964943
0.189778565687
0.189571815837
0.189468479665
0.189416821267
0.189313530892
0.189287711381
0.189236077643
0.189081229274
0.189055425616
0.189055386864
0.189055355158
0.188977954753
0.188797433074
0.188745866271
0.188668529279
0.188591209901
0.188488141471
0.18830784702
0.188256347154
0.188230599863
0.18810189159
0.188076154868
0.187870343878
0.187818903901
0.18776747097
0.187510475415
0.187330656559
0.187279290564
0.187227931614
0.18717657971
0.187048241345
0.187022576843
0.186971253122
0.186919936448
0.186842974647
0.186791675587
0.186612201978
0.186560934624
0.18656089411
0.1859463288
0.185869567806
0.185792822665
0.185741668045
0.185639381704
0.185562684122
0.185562617187
0.185562601333
0.18540925373
0.185332603708
0.1852815125
0.185255969539
0.185102755806
0.185051696305
0.184873061152
0.184847546374
0.184771012608
0.184745504876
0.184694494695
0.184617992636
0.184465046646
0.184388592146
0.184312155261
0.18426120497
0.18398116773
0.183955714603
0.183828480674
0.183828406693
0.183777523338
0.183726647029
0.183726601231
0.183523177022
0.183396091056
0.182938956419
0.182913575512
0.182888196367
0.18283744336
0.182761327061
0.182710591669
0.182583789298
0.182533078567
0.182482374881
0.182406332563
0.182228969186
0.1822036376
0.18212765341
0.182051685074
0.181899799484
0.181798575304
0.181798543598
0.181747942077
0.181747931508
0.181697337033
0.181570885194
0.181116250071
0.180762920155
0.180762858504
0.180762828559
0.180762796853
0.180687115635
0.180586229656
0.180586203234
0.180585597291
0.180434328213
0.18043431236
0.180434287699
0.18043427713
0.180434234855
0.18030822162
0.180308184629
0.180257790961
0.180207404338
0.180106653992
0.17977948355
0.179729163862
0.179704006661
0.179653697543
0.179477676399
0.179427398987
0.179427369043
0.179427133007
0.179376862641
0.17932659932
0.179326572898
0.179150717332
0.179000061243
0.178874551785
0.178749088126
0.178598590568
0.178448154661
0.17844777947
0.178372582654
0.178272346655
0.17819718683
0.178147089087
0.17809699839
0.178046914739
0.177921738198
0.177821629024
0.177796605694
0.177771584125
0.177646513272
0.177596493033
0.177521477648
0.177396486061
0.177371492675
0.177146654372
0.176921958747
0.176498006532
0.176423221899
0.176273710759
0.176273451824
0.176173807676
0.176099093501
0.176024393417
0.175974602169
0.175899930269
0.175875042571
0.175775511157
0.175750632266
0.17570087977
0.175551664556
0.175501940243
0.17525345255
0.175253422605
0.175203740568
0.175154065576
0.17510439763
0.174980262113
0.174781757668
0.17478173653
0.17470731828
0.174707230207
0.17455844479
0.174409722786
0.174335382041
0.174236290992
0.174211521312
0.174112460208
0.173914438403
0.173914100202
0.173914010368
0.173790299363
0.173617182871
0.173567733346
0.173543011226
0.173518290867
0.17344414036
0.173320596694
0.173295892189
0.173172401367
0.173123015255
0.173098324841
0.173048949298
0.172826857114
0.172826541812
0.172653904437
0.172505992705
0.172505969806
0.172382757296
0.172358119726
0.172358072166
0.172333436358
0.1722349125
0.172136416825
0.171988725276
0.171227144818
0.171178037017
0.170981679794
0.170932607222
0.170883541696
0.170834483216
0.170760908706
0.170736387393
0.170638321515
0.170442286639
0.170393291572
0.170393212306
0.170344224284
0.170270755463
0.170197302494
0.170148342656
0.170074916109
0.170025973886
0.169977038708
0.169512696168
0.169414980821
0.169366133716
0.16929287627
0.169292763536
0.169219521943
0.169146296203
0.169048686544
0.168975499556
0.168926715864
0.168853555298
0.168829171379
0.168780408824
0.168756030189
0.168731653316
0.168682904853
0.168561068044
0.168536705262
0.168512344242
0.168390567323
0.168390537378
0.168341838236
0.16829314614
0.168098458783
0.168098185756
0.167855008871
0.167830697172
0.167757774403
0.167636270511
0.167490539469
0.167393414212
0.16734485951
0.167199248247
0.167150721729
0.167102202256
0.167053689829
0.167053647554
0.167029393983
0.166956645599
0.166423794515
0.166351176479
0.166302773263
0.166230181649
0.166085051266
0.166060868153
0.165867482517
0.165770825808
0.165698352213
0.165625892709
0.165624707245
0.165552265356
0.16547983932
0.165431562929
0.165359163315
0.165238534869
0.165190293707
0.165093832521
0.16499740128
0.164925095023
0.16485280462
0.164804619825
0.164684192186
0.164660111238
0.164587878962
0.164491595684
0.164395340589
0.164275064436
0.164202916711
0.164106746166
0.163842481057
0.163842442305
0.16377039146
0.163746377448
0.163698354707
0.163650339012
0.163482346613
0.163458353738
0.163386385682
0.163242502414
0.163218527154
0.163194553655
0.163074714344
0.162978878477
0.162978830918
0.162906970311
0.162906949174
0.162811159105
0.162763273758
0.16276292675
0.162667178956
0.162571457584
0.162427938939
0.162332289787
0.162236668818
0.162164970266
0.162093287567
0.162021622482
0.161949973251
0.161854465016
0.161806720587
0.161782851014
0.161735117153
0.161663529573
0.161639670569
0.161591957846
0.161544252169
0.161472706864
0.161448861952
0.161448821438
0.161139020773
0.161091382031
0.16090090633
0.160853302818
0.160758118691
0.16061539975
0.160544062297
0.160401436713
0.160353907182
0.160306384697
0.160187614594
0.16011637226
0.160045144018
0.159997667331
0.15995019769
0.159879006438
0.159831554412
0.159784109431
0.159381322944
0.159381247201
0.159191793148
0.159191726213
0.158931426155
0.158860463894
0.158647679275
0.15824625616
0.158199047215
0.158057464417
0.157963111701
0.157892364338
0.157845208237
0.157798059182
0.15768021913
0.157538868845
0.157350513944
0.157279903975
0.157138738643
0.157115216079
0.156974119444
0.156856591171
0.156809590079
0.156786092175
0.156668639645
0.15664515231
0.156598182924
0.156551220583
0.156527742055
0.156457318802
0.15638690964
0.156363443442
0.156152348066
0.156152252947
0.156035038214
0.155964725933
0.155964602631
0.155964579732
0.15594114524
0.155941104727
0.155894241028
0.155777112607
0.155730273569
0.155566402991
0.155542998445
0.155472797135
0.155168809295
0.155098692536
0.154748353583
0.154701669553
0.154468418507
0.154328521428
0.154305210239
0.154258593145
0.15423528724
0.154211983097
0.154095494087
0.154072200513
0.154002330358
0.153909200097
0.153816094496
0.153699753449
0.153490481186
0.153490366691
0.153420628646
0.153350906454
0.153188295321
0.153165070444
0.153118625973
0.15302575817
0.152956127574
0.15290971481
0.15279371901
0.152677767246
0.152631396757
0.152538678677
0.152469157292
0.152330169127
0.152237546167
0.152191242614
0.152168093479
0.151152191366
0.151082987044
0.151036859637
0.150990739275
0.15094462596
0.150921571944
0.150852422227
0.150806330049
0.150783286603
0.150760244917
0.15069113043
0.15066809579
0.150529935513
0.15046087563
0.150414843342
0.1503688181
0.150322799903
0.150299793447
0.150230786409
0.150207786998
0.150115808733
0.15004684397
0.150000875094
0.149840065937
0.149817096472
0.149725237986
0.149725186904
0.149656311975
0.149610402989
0.149541554483
0.149541482263
0.149335049477
0.149243338954
0.14919749338
0.149059998935
0.148670849688
0.148625092188
0.148533600086
0.148099480713
0.147848449468
0.147757195164
0.147551988355
0.147529195036
0.147529126339
0.147506334781
0.14746075695
0.147392403414
0.147346843198
0.147324065732
0.147278516084
0.147232973482
0.147187437926
0.147096393236
0.147028126012
0.146982622162
0.146891640885
0.146846158172
0.146709754072
0.146687025927
0.146618852061
0.146550694047
0.146505264179
0.146414430864
0.146278236378
0.14616478589
0.145983353535
0.145892682275
0.145711433112
0.145666133592
0.145643486474
0.145598197523
0.145552915617
0.145530277307
0.14548500597
0.145439741679
0.145394484434
0.145349234235
0.145303991081
0.145281372147
0.145258754974
0.145213525912
0.145168303896
0.145145695531
0.145100484084
0.145055279682
0.144964897302
0.144942304789
0.144919714038
0.144806786705
0.144603639045
0.144558512149
0.144490836776
0.144490738134
0.144423076853
0.144332891756
0.144332875903
0.144287791281
0.144040015219
0.144017494926
0.14388242073
0.143882399592
0.143747383524
0.14365740628
0.143589942283
0.143589919384
0.143544951018
0.143455035425
0.14345499315
0.143432518656
0.143297715725
0.143297530771
0.143028197936
0.142893585243
0.14273661255
0.142736512147
0.142691677653
0.142624439122
0.142579622243
0.142378040523
0.142266118984
0.142176606766
0.142109489777
0.141930595689
0.141796495581
0.141684803033
0.141528510264
0.141506187255
0.141483866008
0.141439228798
0.141416912835
0.141149300948
0.141127007884
0.141126997315
0.141104706012
0.141082416471
0.141037842673
0.141037798637
0.140970952913
0.14094867394
0.14090412128
0.140859575666
0.140770507336
0.14068146719
0.140659211116
0.140436775447
0.14041453875
0.14037007064
0.140370054787
0.140347823374
0.140347796952
0.140303339411
0.140125581466
0.14005895064
0.139992335667
0.139970134199
0.139881347703
0.139814775006
0.13939361647
0.139282875111
0.13926073001
0.139216445092
0.139150032687
0.139105765384
0.139061505126
0.139017251915
0.138973005749
0.138950885308
0.138774001048
0.138729793634
0.138685593267
0.138641399945
0.138575123173
0.138575033338
0.138486690731
0.13848636486
0.138442203245
0.13844208875
0.138353788417
0.138353515391
0.138353377997
0.138287171683
0.138243041774
0.138132758395
0.138088653146
0.13797842085
0.137912304371
0.137802142533
0.137714050053
0.1377127818
0.137668743487
0.137624712219
0.137580687998
0.137514664876
0.137470658269
0.137448657608
0.137316708246
0.137206794774
0.137162837488
0.137118887248
0.137074944053
0.137031007905
0.136899252303
0.136898870066
0.136811062943
0.136789115125
0.136613606567
0.136547815959
0.136525889279
0.136482041204
0.136394367952
0.136350541014
0.136328630187
0.136306721122
0.136262908276
0.136241004495
0.136219102476
0.136153408748
0.136065841184
0.13602206709
0.136000182685
0.135978300041
0.135912664442
0.135912609836
0.135912599268
0.13589072367
0.13584697776
0.135803238895
0.135759507076
0.135715782303
0.135584650259
0.135540953669
0.135475421996
0.135409906175
0.13534440797
0.135257104625
0.135235281871
0.135104389386
0.134908181887
0.134864594508
0.134842803461
0.134799226651
0.134320464782
0.134168290312
0.134059634524
0.133972746884
0.133864180931
0.133820762652
0.133799056155
0.133777351419
0.13347378633
0.133408756673
0.133408714398
0.133343702356
0.133322034611
0.133278704406
0.13321372407
0.133213713501
0.133148749018
0.133148623954
0.133105321932
0.132997101225
0.132975461664
0.132932187825
0.132910553548
0.132867290278
0.132802408584
0.132694318225
0.132651090184
0.132586261334
0.132521448337
0.132348710559
0.132305538885
0.132219221959
0.132154498797
0.132089793249
0.132003543259
0.131960427951
0.13191731969
0.131895768202
0.131852670509
0.131744962388
0.131723424991
0.131701889356
0.131637293018
0.131508158472
0.131508140858
0.131443593842
0.131422081105
0.131293052247
0.131271551841
0.131271541272
0.131207050623
0.131207013632
0.131185520272
0.131035128401
0.131013649133
0.130949223657
0.130820427312
0.130713147226
0.130691694379
0.130691657389
0.130562982584
0.130412953575
0.130305833782
0.130284414403
0.130198756264
0.130198728081
0.130134503412
0.130070292835
0.130027494591
0.129963312198
0.129920531568
0.129920501623
0.12987772804
0.12985634389
0.129834961502
0.129770824907
0.129663967571
0.129621236263
0.129407724161
0.129322354901
0.129258346892
0.12921568252
0.129215656098
0.129194326553
0.129066393324
0.128981140322
0.128980835589
0.128938217014
0.128895605485
0.128874302362
0.128831701402
0.128725229827
0.128682653527
0.128640084273
0.128597522065
0.128554966903
0.128448620392
0.12840608989
0.128384827282
0.128299799746
0.128214795109
0.128193548354
0.128129820417
0.128108580707
0.128108494396
0.128087256448
0.128023554933
0.12795986751
0.12785376232
0.127832545509
0.127662893812
0.127662853299
0.127641652341
0.12759925571
0.127578060037
0.127556866126
0.127429757261
0.12738739586
0.127387369438
0.127387269034
0.12738721619
0.127344861835
0.127302514525
0.127260174261
0.127175516633
0.127112040585
0.126964009074
0.126921725177
0.126879448326
0.126837178521
0.126773788785
0.126710414902
0.126099173471
0.126078102862
0.126014903364
0.125951717958
0.125888548405
0.125846444177
0.125741216195
0.125740839242
0.125656692437
0.125530524193
0.125488479855
0.125404414077
0.125383401596
0.125341381919
0.125236367073
0.125152385845
0.12511040492
0.125026465968
0.125005485193
0.124963528928
0.124753902611
0.124691034268
0.124649130847
0.124607234471
0.124544403119
0.124481589382
0.124356011228
0.124146895735
0.124105083909
0.12406327913
0.124042379382
0.124021481396
0.124000585172
0.123875255384
0.12385437149
0.123770853527
0.123729105114
0.123687363747
0.12362476667
0.123624750817
0.123478753794
0.123395367941
0.12337452456
0.123353682941
0.123312004987
0.123249503028
0.123103734996
0.123103604648
0.123020340335
0.122957912358
0.122937105968
0.122916301339
0.122895498472
0.1228952184
0.122874417294
0.122832820367
0.122791230486
0.122624957274
0.122562627939
0.122458786226
0.122334233243
0.122313479697
0.122230484889
0.122064602721
0.122023143188
0.121526585268
0.121319844226
0.121278511518
0.121154557432
0.121133904289
0.121092603288
0.12107195543
0.121071872641
0.121030582209
0.120989298822
0.120948022481
0.120844873024
0.120803621343
0.120782998145
0.120618112965
0.120515104425
0.120329800376
0.120329738725
0.120206286655
0.120206246142
0.12004174496
0.119980077934
0.119959525195
0.119918425
0.11985678792
0.119754099965
0.119733566602
0.119651452524
0.119569364869
0.119487305397
0.119384770689
0.119302776391
0.11926178893
0.119241297842
0.119159356388
0.119159340535
0.119138858254
0.119077421979
0.119056946744
0.118995533369
0.11897506518
0.118913671181
0.118811388362
0.118790936026
0.118770485452
0.118688706052
0.118566087154
0.118545655956
0.118525226518
0.11852521595
0.11848436236
0.118484098141
0.118422832728
0.118361583169
0.118259534625
0.118259485304
0.118259391947
0.11823898717
0.118218584155
0.118157385678
0.118136989709
0.118116595501
0.118035036284
0.118035020431
0.117912752064
0.117790529495
0.117729443752
0.117709084773
0.117648018406
0.117566621244
0.117485254026
0.117464916185
0.11740391323
0.117363253401
0.117342926129
0.117322600618
0.117261634654
0.117139767901
0.117078849496
0.117078812506
0.117017909955
0.116957025018
0.116916442693
0.116896154173
0.116754196183
0.116612338597
0.116551557586
0.116531300772
0.116490792429
0.116450291132
0.116389554158
0.116369311436
0.116288359923
0.116288351116
0.116268117201
0.116247885048
0.116207426025
0.116207394319
0.11618716745
0.116146718997
0.116146703143
0.116146678483
0.116146645015
0.116146634446
0.116146593933
0.115863671417
0.115823279331
0.115803085929
0.115722335224
0.115419832296
0.115339210177
0.115278763844
0.115238473922
0.115198191046
0.115117651716
0.115097519966
0.115077389977
0.11505726175
0.11501701058
0.114976766456
0.114856086928
0.114775663854
0.114755562049
0.114655079445
0.114614898734
0.114554642639
0.114394050142
0.114353915229
0.11435390466
0.114233552764
0.114193446034
0.114073185734
0.114033107187
0.114013070556
0.113993035686
0.113973002578
0.113932941646
0.11389288776
0.11385284092
0.113812801126
0.113752754645
0.113712732465
0.113692724017
0.113672717331
0.113612709603
0.113552717727
0.113492739944
0.113392822769
0.113332889022
0.113312914042
0.113233033499
0.113153184661
0.112814261744
0.112714644018
0.11271461055
0.112674771562
0.112634939621
0.112615026292
0.112535395876
0.112475689357
0.112415998692
0.11128605424
0.111266260691
0.111226678876
0.111206890611
0.110989351807
0.110930055709
0.110890533785
0.110851018906
0.110791759799
0.110752262535
0.110673294428
0.110633818302
0.110574617323
0.110535158811
0.110436548641
0.110121308582
0.110101618958
0.11004256242
0.109983521734
0.10994416891
0.109865489683
0.109845822959
0.109747519284
0.109708208735
0.109629614058
0.109609968472
0.109590324647
0.109551042281
0.109452872477
0.109374365874
0.10933512226
0.109335057086
0.109295820518
0.109256590997
0.109236978878
0.109236940126
0.109236931318
0.109236901374
0.109236554366
0.109216944008
0.109197335412
0.109158123505
0.109158010772
0.10913840746
0.10911880591
0.10890332097
0.108825011651
0.10870760492
0.10860981383
0.108297177211
0.108219086313
0.108102010736
0.108082502543
0.108043491443
0.108004487388
0.107984988003
0.107965490379
0.107926500416
0.107868030444
0.107829058096
0.107809574564
0.107770612784
0.107692712124
0.10761484317
0.10757591662
0.107556455987
0.106857602955
0.106838207496
0.106818813799
0.106799421863
0.106780031688
0.106721873495
0.106663729394
0.106644351549
0.106547499319
0.106508766529
0.106334584352
0.106295890315
0.106276545938
0.106141195192
0.105947975133
0.105890042407
0.105851429397
0.105812823433
0.10569706543
0.105677775658
0.105446478074
0.105388682742
0.105350161327
0.105350075016
0.105273055087
0.105196061579
0.105157575395
0.105080624162
0.105061390758
0.10498448004
0.104984458902
0.104888355293
0.104849925475
0.104849913144
0.10477307993
0.10473467125
0.104696269615
0.10467707144
0.104581108748
0.104542735296
0.104504368891
0.104427657218
0.104350979012
0.10429348489
0.104197701867
0.104197640216
0.103853290234
0.103834169563
0.103815050654
0.103815011901
0.103776779367
0.103757665742
0.103757665742
0.103662129324
0.103623924973
0.103604825439
0.103604769073
0.103566575291
0.103566432612
0.10349007147
0.103375574674
0.103184899927
0.103146783649
0.10299440485
0.102956323801
0.102937285919
0.102899215439
0.102861152005
0.102804070065
0.102766024246
0.102747003979
0.102651934348
0.102632924649
0.102575906122
0.102537902577
0.102537872632
0.102499876134
0.102461886682
0.102442894597
0.102404915714
0.102366943876
0.102253081206
0.102234108498
0.102215137551
0.102158235281
0.102025551388
0.101987650009
0.101949755675
0.10181718804
0.101779325413
0.101760396741
0.101741469831
0.101722544683
0.101627955931
0.101609041351
0.101571217476
0.101476688614
0.101438889399
0.10143887883
0.101438817179
0.101344353491
0.101287696063
0.101287662596
0.101212146955
0.101212125818
0.101212088827
0.10113660137
0.101098865568
0.101023416863
0.100947996341
0.100891448124
0.10075956922
0.100759526945
0.100703031572
0.100684203304
0.100646552052
0.100608907846
0.100571270686
0.100533640572
0.100458406765
0.100439601396
0.100401995942
0.100364397534
0.0972554081678
0.0972369075316
0.0972363280106
0.0971993320227
0.0971623430806
0.0970699068354
0.0970329425538
0.0970144630551
0.0968851629317
0.0968482338793
0.0968113118728
0.0967928535117
0.0967743969121
0.096755942074
0.0967190376821
0.0965899383652
0.0964977751467
0.0964793467304
0.0964793167856
0.0964793009324
0.0964792780334
0.0964055837447
0.0963687462883
0.0963503302023
0.0963135033148
0.0962766834731
0.0961846752631
0.0961478800819
0.0961110919465
0.0960375385747
0.0959640133863
0.0959639940102
0.0959456166764
0.0958904952437
0.0958721249558
0.0958709888127
0.0958696113494
0.0957961478122
0.0957777863315
0.0955576828381
0.0954843443647
0.0954660128289
0.0954476830546
0.0953194292396
0.0953011135569
0.0952827996358
0.0952095633271
0.0951729548609
0.0950814680437
0.0950811967786
0.0949897557594
0.0949531895682
0.0948618154846
0.0947887447535
0.0946244426171
0.0945879468844
0.0945332182578
0.0944967401397
0.0944785037229
0.0944420361736
0.0944238050411
0.0942598305367
0.0942598146836
0.0942233894093
0.094186971181
0.0941323588109
0.0940777622939
0.0938595699869
0.0938050527357
0.0937505495762
0.0937142229439
0.0935871616387
0.0935327236533
0.0934601637462
0.0934238934806
0.0933876302609
0.0933695012932
0.0933692282666
0.093369092634
0.0932603628646
0.0932241313513
0.0931697972921
0.0931335833934
0.0931154790862
0.0929526460092
0.0928983912159
0.0928441540372
0.0928441487528
0.0927537875099
0.0926995908448
0.0926815288127
0.0926634685421
0.0923747701927
0.0923387113026
0.0923026594583
0.0921405168745
0.0920504991167
0.0919245721931
0.0918706186098
0.0918166808796
0.0918166755952
0.0917447832822
0.0916908843042
0.0916549592852
0.0915831321463
0.0915113367136
0.0914754469239
0.0913857585595
0.0913319652692
0.091331952939
0.0913319441317
0.091260243818
0.0912064875184
0.0910453577753
0.0909022248901
0.0908128236441
0.0907413311829
0.0905627594423
0.090562681938
0.0905269788632
0.0904734392235
0.0904733846182
0.090473368765
0.0904733493889
0.0902238365248
0.0901703849582
0.089903412482
0.0898678397554
0.0894948501614
0.0894416152546
0.0893706653237
0.0893174691691
0.0893174392243
0.0892642571614
0.0892288112601
0.0892110909516
0.0891756556191
0.0891402273324
0.0889455611128
0.088945481847
0.0888393660874
0.0888216845311
0.088768650431
0.08864496761
0.0886096450111
0.0885390209507
0.0885037194893
0.0884155019457
0.0883978626645
0.0883802251448
0.0883273249158
0.0882920657295
0.088256813589
0.0880982890483
0.0880102740729
0.0878871461125
0.0878695596751
0.0878519749993
0.0878168109319
0.0877992315404
0.0877465039347
0.0877464510908
0.0877464352377
0.0877112923079
0.0876761564239
0.0876410275858
0.0875356903923
0.0875181391842
0.0872551722728
0.087202608483
0.087132549852
0.0871150391575
0.0870625176429
0.087062419001
0.0870449153524
0.0870274134652
0.0870274046579
0.0870099045322
0.0869574164854
0.0869224320871
0.086922389812
0.0868349631649
0.0867825279619
0.0867825121088
0.0867824856869
0.0867823888064
0.0866950343793
0.0866601028249
0.0862067095331
0.0861718766206
0.0861196404628
0.0856850314026
0.0856676669095
0.0856155839989
0.0855808708658
0.0854594374319
0.0853727576448
0.0853380938326
0.0853207645687
0.0852861113254
0.0852341464328
0.0852168277377
0.0851475723333
0.0850610457934
0.0849745685743
0.0849572763012
0.0848708413572
0.0847844610186
0.0847153852834
0.0847148480375
0.0846803180965
0.0846801507576
0.0846111137745
0.084576604971
0.0845593532115
0.0845248549768
0.0844903637879
0.0844558796449
0.0844041684028
0.0843352441534
0.0843180170543
0.0840770966022
0.084059895925
0.0840254998551
0.083991110831
0.0839395405059
0.0839051690965
0.083887986034
0.0838708047329
0.0837677715319
0.083750602561
0.0837334353517
0.0837333737005
0.0836647242391
0.0836304091965
0.0836132543173
0.0836132314183
0.0835446312779
0.0834760628437
0.0834760434677
0.0834589044417
0.0833903712368
0.0833561125609
0.0833560967078
0.0833218450778
0.083304721905
0.0833046215016
0.0833045845109
0.0832874630996
0.0831676801557
0.083150572836
0.0831505481755
0.0831163388206
0.0830821365115
0.0828600179056
0.0826893463223
0.0826552320864
0.082569977322
0.0824336718639
0.0823996104718
0.0823825824179
0.0823315105865
0.0821444010393
0.0821273994073
0.0820424194311
0.0820084390662
0.0819744657472
0.0819235207411
0.0818895650368
0.0818725898268
0.0818216747655
0.0818216659582
0.0818046977941
0.0817538056318
0.0816520723898
0.0815842860448
0.0815504007989
0.0815165225989
0.081499586141
0.0813641649368
0.0813134101687
0.0812288564662
0.081110574288
0.081076787684
0.0810261227504
0.0809754719084
0.0808067573096
0.0807730341182
0.0807730182651
0.0807561593116
0.0807393021195
0.0807392862664
0.0806887270205
0.0806718768743
0.080671868067
0.0806718169846
0.0806212788762
0.0806212383626
0.0804697350097
0.080469652221
0.0804191775252
0.0803014871983
0.0802342609983
0.0802342433836
0.0801334542853
0.0801329240852
0.0801328994247
0.0801323762705
0.0800484355568
0.0799477732837
0.0798471638545
0.0798136414698
0.079729871618
0.0793117392739
0.0792783296228
0.0792449270175
0.079211531458
0.0792115191278
0.0791113817704
0.0790780143944
0.0789113008164
0.0788613158072
0.0788446576603
0.0788113466511
0.0787780426877
0.0787447457701
0.0787114558984
0.0786781730725
0.0786448972925
0.0785451175119
0.0785284928328
0.0784786293644
0.0784121711619
0.0783125393441
0.0782959393255
0.0782959269953
0.0782295445356
0.0781797761862
0.0781300254514
0.0781134448089
0.0780637134502
0.0780305680183
0.0779974296323
0.0779146250617
0.0778318592433
0.0777822194806
0.077666463239
0.0776168745587
0.0776168657514
0.0775838154385
0.0775672929243
0.0775177359503
0.0774681948295
0.0773856632855
0.0773526622936
0.0773361644398
0.0773196683475
0.0773195644212
0.0773195485681
0.0773195379993
0.0773030436684
0.0772865510991
0.0772370839596
0.0771711577186
0.0771217275699
0.0771052543766
0.0771052490922
0.0770558400811
0.0770393739336
0.0770393686492
0.0770064416387
0.0769899807756
0.076973521674
0.0769241566994
0.0768912543493
0.0767925948586
0.0767761568945
0.0767104244144
0.0766939952576
0.0766929700867
0.0766765426914
0.0766436931852
0.0766108507248
0.0762828294961
0.0762664461373
0.076184557527
0.076168184737
0.0761354444415
0.0760863489706
0.0760045590021
0.0759718539358
0.075645460298
0.075612832736
0.0755802122199
0.075563904604
0.0755312946567
0.0755312893723
0.0754172364645
0.0753846582235
0.0751568254345
0.0751405636166
0.0751080452653
0.0750592827107
0.0750592774264
0.0750592510044
0.0750592140137
0.0748805982366
0.0748805929522
0.0748805841449
0.0748805718146
0.0748318832415
0.0747994318257
0.074750767913
0.0747507273994
0.0747507115462
0.074750695693
0.0747505653449
0.0747505565375
0.0746532868404
0.0746532621799
0.0745560629413
0.0744427410402
0.0744427110954
0.0744426917193
0.0744103248537
0.0743617895277
0.0743617631058
0.07436168384
0.0743616785556
0.0743293293047
0.0742808186392
0.0742323238268
0.0740708382683
0.07403855243
0.074022412153
0.0739417424744
0.0739094848195
0.0738772342104
0.073861111548
0.0738449906471
0.0738448955282
0.0738448233082
0.0737642557945
0.0737320368917
0.0737159300825
0.0737159247981
0.0736837164641
0.0736829678427
0.0736507665546
0.0736346685527
0.0736024778333
0.0736024725489
0.0735702888753
0.0735702589305
0.0735541697359
0.0735219966311
0.0735219772551
0.0734415770802
0.0734255019773
0.0734254826012
0.0734254438491
0.0734254174271
0.0733932725058
0.0733932672214
0.0733932513682
0.0731525493374
0.0731044261935
0.0730723517306
0.0730563171414
0.0730402843136
0.0729281302619
0.0729281196931
0.0728960839824
0.0728800687692
0.07283203546
0.0728320231297
0.0728319967078
0.0728319879005
0.0728319826161
0.0728319421025
0.0728159339352
0.0728159145591
0.0728158599538
0.0724962796513
0.0724643390595
0.0724643302522
0.0724643249678
0.0724643003073
0.0723844902222
0.0723844285711
0.0723365590778
0.0723365344173
0.0722567895063
0.0722408447516
0.0722408112839
0.0722407742931
0.0722407602015
0.0722248172082
0.0722248119238
0.0722248066395
0.0722247943092
0.0721929136072
0.0721929012769
0.0721928255341
0.0721927850204
0.072192779736
0.0721927392224
0.0721927268922
0.0721767891833
0.0721767698073
0.0721767504312
0.0721767240092
0.0721767081561
0.0721766394591
0.072065131864
0.0720014532486
0.0720014479642
0.072001432111
0.0720014197808
0.0720013933589
0.0719536506908
0.071953640122
0.0718900108276
0.0718897413239
0.071889711379
0.0718897008103
0.0718896743883
0.0718882317509
0.0718882176592
0.0718882070904
0.0718881824299
0.0718881595309
0.0718881472007
0.0718722429596
0.0718722376753
0.0718722323909
0.0718721636938
0.0718721372719
0.0718721231802
0.0718720897124
0.0718720809051
0.0718720509603
0.0718720034008
0.0718719382267
0.0718718906672
0.0718718571994
0.0718718431078
0.071871832539
0.0718717990712
0.0718717849795
0.0718717515117
0.0718717356586
0.071871691622
0.0718716722459
0.0718716669615
0.0718716423011
0.0718716282094
0.071792133426
0.0717603478429
0.071617436902
0.0715539520474
0.0714746334102
0.0714587749672
0.0714112119683
0.0713953605711
0.0713636630611
0.0713478169483
0.0713478063795
0.0713161194383
0.0712527666933
0.0712369329108
0.0712211008896
0.0712210321926
0.0711577270072
0.0711419037934
0.0711102626501
0.0710786285528
0.0710311923791
0.071015383257
0.0709837702972
0.0709679664595
0.0709205655151
0.0709047687232
0.0708100320085
0.0707784648467
0.070762683908
0.0706838109207
0.0706680405508
0.0706522719423
0.0706049784471
0.0705892168845
0.07052619001
0.0705261812027
0.0704789282211
0.0704159506676
0.0704002102426
0.0704001767748
0.0703844381112
0.0703529660683
0.0702743220711
0.0702271536397
0.0699602868512
0.0699289099273
0.0699132241075
0.0699132117773
0.0698661666483
0.0698661472722
0.0698504684983
0.0698504632139
0.0698504508836
0.069787758687
0.0697720887204
0.0697564205152
0.0697250893893
0.0696624500366
0.0696624412293
0.0696624359449
0.069615475366
0.0696154507055
0.0696154383753
0.0696152992198
0.0695839998002
0.0695839733783
0.0694744914646
0.0694588567272
0.0694119630839
0.0693650870552
0.0693494646481
0.0693182251182
0.0693026079955
0.0692713790344
0.0692401571191
0.0690374075501
0.0690218221337
0.0689750764532
0.0688349486223
0.0688038253489
0.0686794132827
0.0686638683799
0.0686483252386
0.0686017063833
0.0685861702879
0.0685551033813
0.0685085179938
0.0685085056636
0.068446415887
0.0683688463816
0.0683533367081
0.0682448447361
0.0682293491542
0.0682138553338
0.0682138289119
0.0682137883983
0.0681982963393
0.068198287532
0.0681982628715
0.0681981659911
0.0681362206544
0.0678115127358
0.0678114898368
0.0678114704607
0.0678114440388
0.0678114246627
0.0677650929258
0.0677650576966
0.0677187400513
0.0676107448116
0.0676107360043
0.067579891042
0.0675798751888
0.0675490372723
0.0675182064016
0.0674873825768
0.0674719733066
0.0674719574534
0.0674719451232
0.0673487431814
0.0673179581087
0.0672102922624
0.06714879786
0.0671487309244
0.06714872564
0.0671485688699
0.0671331983519
0.06696425124
0.0669335542405
0.0668875219521
0.0668721813789
0.0667955155037
0.0667495325362
0.066703565422
0.0666576123994
0.0666422982481
0.0665963663631
0.0665963399412
0.0665657274918
0.0664739394646
0.0664734691543
0.0664581761405
0.0664428848883
0.0663817392553
0.0663511761269
0.0663053446452
0.0662747991314
0.0662747903241
0.0662137257184
0.0661832013421
0.0661526840117
0.0661526082688
0.0661068472456
0.066091596507
0.0660458548599
0.0660306111671
0.0659544296939
0.0659391965699
0.0659391912855
0.0659087303219
0.0658782764041
0.0658630520874
0.0658326087384
0.065832603454
0.0658021671508
0.0657717378935
0.0653017005466
0.0653016670788
0.065271354078
0.0652712977112
0.0652712853809
0.065240979426
0.0652409635728
0.0651803745619
0.0651349499779
0.0651046757293
0.0650744085265
0.0650441483695
0.0649836491932
0.0649382950677
0.0649382827375
0.0647570828954
0.0647268967199
0.0647267135278
0.0647266782986
0.0647265109597
0.06469633183
0.0646812449073
0.0646359947081
0.0645606182231
0.0644250437717
0.0644099885554
0.0643497870661
0.0643046531234
0.0642896119987
0.0641243181593
0.0640642505411
0.0640342264201
0.0639892052109
0.0639591987045
0.0639441980935
0.0639142021558
0.0638992068292
0.0638987435647
0.0638687581958
0.0638387798728
0.0637938273607
0.0637638666523
0.0637339129897
0.0637189388006
0.0636441048459
0.0635842662178
0.0635693096434
0.0635244504887
0.0634646682274
0.0634049141495
0.0633899787126
0.0633601131231
0.0633451829706
0.0633451706404
0.0633302422493
0.0633153156197
0.0633003907516
0.0632556284773
0.0632407106551
0.0631363616418
0.0631363528345
0.0631363281741
0.0631214244434
0.0630767238204
0.0630171529346
0.0628237725823
0.0628237391145
0.0627791441792
0.0627791142344
0.0627791054271
0.0627493842775
0.0627345263449
0.0627048157641
0.0626454175015
0.0626305718992
0.0625415528904
0.0625415335143
0.062541524707
0.0621125082888
0.062112474821
0.0620976926313
0.0620090470525
0.061994277193
0.061979509095
0.0619795055721
0.0619794967647
0.0619794844345
0.0619351907092
0.0619056703663
0.0618614048244
0.0618613748796
0.0618610313945
0.0618610137798
0.0618609644589
0.0618609521287
0.0617429852522
0.0614487418201
0.0613752553839
0.0613458689121
0.0612871188676
0.0612283970065
0.0611990457639
0.0608913341929
0.0608620639776
0.0608328008082
0.0608035446846
0.0607742956068
0.0607596737101
0.0607450535749
0.0605698286122
0.0603220419809
0.0602055653013
0.0601764606635
0.0601619109868
0.0601328169177
0.0601182725254
0.0600891890251
0.060088288918
0.06007374981
0.0600446768785
0.0600156109928
0.0600010806922
0.059986552153
0.059957500359
0.0599574563225
0.0599429330677
0.0599429084072
0.0599428256185
0.0599428062424
0.0599427851049
0.0599282636115
0.0599282442354
0.0598992065332
0.0598991942029
0.0598556508605
0.0598556420532
0.0598411311286
0.0595080051828
0.0594356848344
0.059377857796
0.0593200624639
0.0593200536566
0.0593200237118
0.0593198546114
0.059290964872
0.059233211815
0.059233139595
0.0592331202189
0.059204251617
0.059204228718
0.0592042163878
0.0591609284573
0.0591465020829
0.0591464827069
0.0591320580939
0.0591320422408
0.0591176193893
0.0591176070591
0.0591173956836
0.0591172917574
0.0590740337718
0.0589443707871
0.0588867833075
0.0588579992558
0.0587860752364
0.0587573158452
0.0586998234845
0.0586998182002
0.0586854481926
0.0586423505
0.0586279875383
0.0585992668992
0.0585849092218
0.0585131578257
0.0584271192108
0.0584127826709
0.0583697853817
0.0583554558878
0.0583411281553
0.0583124779746
0.0582838348399
0.0582695159147
0.058197952995
0.0581693380436
0.0581121310399
0.0580692447228
0.0580263742588
0.05801208704
0.0579692377136
0.0579121328746
0.0578978597474
0.0578835883817
0.0578693187775
0.0578550509347
0.0578265205335
0.0577837399041
0.0577409733664
0.0577124711486
0.0576839759767
0.0576270120547
0.0576127741567
0.057555845464
0.0575273890442
0.0575131634765
0.0574989396702
0.0574420673443
0.0574136391079
0.0573142221885
0.0573000230427
0.0573000036666
0.0572999878135
0.0572715948063
0.057243208845
0.0562722204917
0.0562722046386
0.0562440688049
0.0562440494288
0.0562159206409
0.0562158906961
0.0562158818888
0.05621587132
0.056187749578
0.0559632142461
0.0557809980404
0.0556969833454
0.0556969674922
0.0555990548614
0.0555151863677
0.0555012126891
0.0554732706162
0.055459302222
0.0554453355892
0.055417407608
0.0553476290495
0.0552360756564
0.0552082005191
0.0551803324276
0.0551800382634
0.0551798163192
0.0551380291544
0.0550823370081
0.0550823035403
0.055068384467
0.0550405516048
0.0550266378158
0.0549570970547
0.0549292923758
0.0549153926786
0.0548875985686
0.0548875651008
0.0548736706879
0.0548597780366
0.0548458871467
0.0548042268072
0.0547487072841
0.0547209554491
0.05469321066
0.0546516084488
0.0546100220907
0.0544715482727
0.0544161925656
0.0543746960421
0.0543332136102
0.0543331924727
0.0542364882049
0.0542226765808
0.0541536554509
0.0541260551016
0.0541260427714
0.054098449468
0.0540708632105
0.0540570727239
0.0540294970352
0.054029481182
0.0540156959798
0.0540156713194
0.053974328043
0.0539467734918
0.0539329988584
0.0539328526571
0.0539328262351
0.0539328033361
0.0539324563281
0.0538773806935
0.053877356033
0.0538635902069
0.0538634862806
0.0538221993711
0.0538084405908
0.0537809283147
0.0536984355229
0.0535885519958
0.0535610960865
0.053533647223
0.0534650576513
0.0533965121162
0.0533691055278
0.0533280106177
0.0533280018103
0.0533143064427
0.0532732326701
0.0532595443483
0.0532321729892
0.0532184899518
0.0530954712021
0.0530818057793
0.0530818004949
0.0530681368336
0.0530544749338
0.053013499803
0.0530132796203
0.0529723203427
0.0529450229649
0.0529313769182
0.0528631836755
0.0528359144812
0.0528222825262
0.0527950239006
0.0527950150933
0.0527269046393
0.0526996706742
0.0526860563338
0.0526724437549
0.0526452238815
0.0526180110539
0.0526044072823
0.0525228286893
0.052509237248
0.0524956475681
0.0524684734927
0.0524684717312
0.0524277255905
0.0524277097374
0.0523869794499
0.0523191314537
0.0521971466822
0.0521700501112
0.0521565044678
0.0521294184655
0.0521023395091
0.0521022831423
0.0520752112317
0.0520616779186
0.0519534924409
0.051939974981
0.0519129453455
0.0518859227558
0.0518724141032
0.0518319004755
0.0518183988687
0.0518048990234
0.0518048831702
0.0517913850863
0.051764394203
0.0517509014035
0.0517508820274
0.0517508556055
0.0517238752909
0.0514413420588
0.0514144427714
0.05138755053
0.0513875417227
0.0513875311539
0.0513740876753
0.0513337695699
0.0513337537168
0.0513337290563
0.0512934250426
0.0512531386435
0.0512397127796
0.0511592051556
