5038
588
893
566
273
5069
5022
140
5030
1028
370
5033
1768
95
647
1139
458
8344
286
543
613
155
80
90
1806
887
823
2630
530
2718
7954
128
200
1569
1672
195
82
851
2666
20764
114
478
554
9137
1330
102
1528
9129
136
734
353
1588
1819
516
1053
1817
2348
4153
4746
2737
5036
184
20805
76
91
8556
151
443
444
878
78
93
8557
225
342
2753
4063
33806
147
308
2215
1725
16625
343
3237
3311
133
360
686
1031
1304
1507
213
301
5020
127
652
4880
106
2939
5050
416
929
1824
9135
1
520
920
1334
4398
4876
22587
1365
3027
4152
56
72
74
1161
1821
5053
232
314
385
880
277
390
910
2323
9500
107
292
621
1970
316
1202
1793
5051
6084
879
939
1359
2111
2720
5237
35675
1371
89
919
960
2088
2715
2728
3844
4262
4904
9861
10815
13634
81
402
2015
2253
4093
5042
6289
6831
9044
1927
2773
4183
5021
5052
9132
13635
79
274
802
875
876
4154
4618
13633
192
928
1813
2601
2736
5023
5027
5057
144
659
1000
1233
1833
3174
8032
8560
30172
54
109
922
3161
5070
8558
8559
10281
386
442
620
2047
2271
2947
4124
4216
4621
8072
26897
287
449
593
915
950
1252
3258
4272
6917
406
539
1470
2637
4224
4737
4755
5028
5029
5853
8987
9131
9504
10280
13396
26142
75
244
1025
1323
1443
1935
2550
5024
8565
8566
9130
11812
26911
30779
172
188
918
948
1112
3742
4256
7059
10601
10893
13637
15198
23043
24812
26576
28825
46
92
101
279
775
974
1027
1401
1552
2186
2189
2667
4227
5729
8194
9313
9752
18722
22463
26990
35279
86
391
560
581
815
1046
1185
1481
2746
3057
4205
5032
5068
5830
12110
12116
13267
16202
23873
26811
27605
53
145
383
409
438
645
694
923
1043
1168
1208
1559
1628
2723
4349
4480
4757
5064
5150
6193
6828
6829
7990
9134
10959
11547
13266
17278
22319
23648
24464
24890
26856
121
186
205
215
239
280
368
454
521
585
592
707
716
889
1050
1061
1108
1164
1213
1560
1847
1885
1891
2515
3295
3313
3334
3354
3949
4027
5045
5061
7581
8350
8678
8857
9754
10084
10928
11350
13640
14144
14862
18603
18778
21255
22063
23946
24810
26584
28933
30513
112
165
196
212
264
290
393
403
413
425
457
473
492
498
537
675
764
773
778
819
822
1030
1063
1087
1126
1189
1234
1461
1652
1713
1771
1783
1790
2160
2264
2696
2740
3266
3626
3906
4160
4197
4232
4246
4477
4534
4538
4544
4642
4677
5557
5907
5971
6049
6069
6198
6664
6707
6738
7459
7467
8071
9172
9239
11040
11190
11298
11494
12015
14255
14338
14827
16207
16295
16797
19467
19815
20374
20919
20963
21241
21582
22913
24650
26163
29813
30184
32745
153
255
281
331
349
462
551
561
573
587
604
610
614
636
661
720
760
852
853
874
924
958
966
1037
1038
1103
1106
1118
1137
1207
1217
1259
1308
1316
1354
1410
1429
1668
1762
1807
1936
1944
2090
2165
2168
2211
2294
2296
2385
2497
2524
2613
2651
2697
2741
2959
3033
3043
3058
3091
3108
3129
3200
3215
3219
3241
3333
3344
3412
3535
3733
3786
3904
3924
4065
4070
4128
4132
4176
4284
4460
4486
4504
4536
4545
4577
4698
4728
4752
4878
4995
5046
5049
5074
5105
5190
5515
5518
5748
5799
5833
5881
5883
6009
6022
6081
6274
6357
6447
6653
6671
6681
6782
6845
6982
7103
7165
7551
7638
7651
7657
7701
7720
7786
7998
8271
8694
8794
9021
9079
9136
9527
9967
10124
10443
10733
10778
10958
11016
11744
11818
12076
12512
12676
12844
13366
13413
13415
13577
13747
13987
14036
14057
14065
14171
14886
15264
15792
16216
16481
16715
16781
17100
17179
17181
19026
19284
19720
20157
20183
20237
20336
20654
20942
20966
21236
21426
22035
22207
22359
23034
23139
23373
23960
24159
24467
25158
25323
25529
25804
26015
26378
26435
26863
27149
28097
28509
29012
29883
30683
30808
32840
27
132
137
221
224
235
241
242
243
254
267
293
295
300
324
326
339
354
357
362
418
419
420
423
441
452
491
502
504
505
508
513
528
544
548
562
563
575
584
615
642
664
682
708
727
733
742
753
782
795
817
824
829
838
860
898
907
917
1051
1070
1076
1077
1101
1102
1104
1111
1113
1133
1153
1159
1188
1221
1236
1245
1289
1300
1305
1310
1313
1324
1328
1333
1340
1384
1416
1436
1459
1487
1499
1572
1579
1585
1765
1775
1778
1781
1797
1803
1828
1831
1880
1898
1911
1930
1947
1966
2018
2029
2060
2061
2125
2144
2216
2229
2263
2269
2288
2299
2316
2436
2472
2479
2491
2506
2509
2528
2560
2561
2565
2572
2577
2579
2620
2623
2639
2640
2648
2679
2766
2782
2800
2828
2941
2943
2951
3001
3016
3039
3050
3065
3128
3145
3169
3171
3246
3247
3251
3253
3324
3330
3364
3370
3378
3379
3384
3400
3435
3437
3438
3461
3530
3552
3635
3649
3688
3791
3795
3823
3849
4115
4121
4139
4142
4164
4191
4210
4238
4260
4263
4288
4335
4392
4450
4510
4514
4560
4601
4615
4644
4678
4680
4699
4736
4740
4760
4802
4854
4884
4937
5041
5102
5110
5145
5170
5172
5174
5202
5210
5211
5212
5248
5279
5301
5315
5333
5400
5507
5614
5716
5742
5745
5778
5824
5920
5943
5963
5964
5990
6008
6015
6020
6023
6048
6175
6231
6258
6460
6509
6600
6677
6702
6706
6785
6798
6803
6876
6889
6891
6892
6899
6903
6909
6976
7083
7089
7096
7106
7128
7140
7156
7179
7184
7193
7216
7235
7248
7283
7300
7312
7324
7326
7331
7437
7516
7521
7523
7530
7571
7578
7640
7721
7736
7812
7821
7985
7993
8038
8212
8264
8315
8325
8340
8374
8392
8411
8524
8543
8629
8659
8695
8751
8782
8878
8962
9121
9174
9216
9251
9292
9295
9368
9499
9501
9502
9534
9799
9896
9959
10032
10245
10278
10415
10487
10521
10641
10799
10897
10903
11043
11165
11204
11284
11352
11394
11423
11430
11496
11527
11671
11680
11692
11825
11890
11922
11952
11975
12077
12102
12200
12329
12363
12770
13093
13175
13268
13419
13423
13432
13486
13585
13628
13630
13631
13658
13744
13748
13756
13820
14055
14126
14196
14287
14396
14577
14870
14893
14913
15144
15146
15167
15247
15323
15531
16017
16191
16201
16242
16622
16630
16680
16692
16717
16754
16788
16844
16867
16987
17085
17240
17268
17498
17541
17824
17832
17921
17925
18067
18123
18310
18384
18657
18757
18861
18880
18922
18991
19213
19290
19325
19464
19685
19715
19840
19876
19877
19912
20051
20205
20223
20353
20378
20652
20661
20692
20752
20820
20918
20939
20958
20990
21680
21801
22034
22048
22052
22118
22354
22423
22529
22566
23317
23371
23383
23421
23490
23840
23869
24152
24182
24780
25080
25507
25766
25864
26010
26699
26709
27404
27758
27812
28514
28614
28623
29625
30187
30201
30545
34751
35262
13
55
97
99
122
134
149
154
166
169
174
175
180
230
236
252
307
313
345
358
364
367
372
382
389
399
400
407
424
446
451
475
477
481
496
500
506
510
517
524
531
545
549
556
580
590
594
603
618
633
653
654
657
669
673
677
680
688
691
699
700
713
726
735
751
758
772
776
779
787
789
796
803
808
812
839
842
845
861
862
863
867
871
873
882
884
897
903
905
909
925
931
934
937
946
1010
1032
1034
1042
1048
1049
1054
1057
1059
1068
1078
1082
1095
1098
1105
1107
1109
1120
1125
1128
1130
1132
1135
1145
1148
1152
1160
1162
1169
1190
1193
1198
1199
1204
1218
1224
1231
1238
1253
1287
1295
1296
1303
1332
1347
1350
1356
1373
1387
1390
1406
1409
1411
1413
1423
1432
1439
1472
1478
1508
1519
1521
1523
1524
1549
1592
1594
1596
1616
1619
1620
1642
1647
1660
1669
1670
1683
1689
1696
1697
1734
1742
1759
1760
1764
1767
1772
1787
1798
1800
1818
1845
1852
1857
1875
1886
1892
1894
1899
1919
1922
1926
1953
2076
2091
2096
2098
2099
2110
2121
2158
2176
2218
2262
2265
2268
2270
2276
2279
2291
2303
2320
2383
2386
2396
2398
2420
2424
2493
2496
2503
2512
2519
2533
2564
2567
2569
2571
2573
2580
2585
2593
2596
2608
2610
2618
2621
2626
2631
2635
2638
2642
2646
2664
2668
2673
2680
2692
2701
2703
2705
2708
2711
2724
2754
2770
2785
2818
2847
2860
2878
2886
2922
2935
2937
2953
2956
2972
2977
2986
3008
3014
3021
3032
3066
3067
3080
3081
3107
3112
3147
3151
3157
3160
3162
3185
3188
3226
3236
3271
3276
3279
3280
3281
3285
3297
3316
3318
3350
3352
3356
3368
3395
3399
3418
3427
3430
3460
3470
3473
3476
3492
3499
3541
3546
3572
3581
3593
3596
3604
3634
3651
3673
3692
3693
3699
3729
3743
3748
3767
3792
3793
3815
3845
3915
3994
4012
4014
4017
4062
4066
4071
4074
4075
4083
4097
4119
4126
4129
4133
4136
4141
4144
4161
4162
4170
4174
4178
4193
4200
4217
4218
4220
4230
4234
4237
4252
4259
4274
4275
4307
4323
4355
4358
4366
4370
4376
4378
4383
4387
4390
4426
4451
4452
4468
4476
4478
4490
4495
4498
4499
4505
4517
4522
4531
4542
4543
4578
4639
4640
4643
4650
4651
4671
4682
4686
4689
4701
4703
4706
4714
4744
4747
4766
4767
4778
4791
4800
4812
4839
4852
4863
4866
4872
4879
4914
4920
4983
5026
5035
5071
5076
5084
5090
5104
5118
5130
5141
5168
5177
5192
5215
5264
5271
5276
5300
5303
5318
5336
5395
5424
5451
5460
5467
5500
5511
5531
5552
5586
5641
5660
5661
5675
5676
5681
5698
5700
5702
5705
5708
5709
5713
5726
5749
5769
5774
5775
5779
5786
5787
5803
5839
5856
5941
5948
5954
5977
6003
6018
6024
6031
6056
6087
6088
6109
6128
6131
6144
6169
6176
6180
6202
6210
6242
6249
6255
6279
6283
6305
6320
6327
6328
6340
6376
6405
6406
6414
6429
6436
6443
6445
6488
6491
6500
6523
6541
6550
6560
6582
6645
6654
6669
6674
6700
6715
6734
6735
6786
6789
6790
6811
6833
6834
6836
6844
6854
6862
6869
6872
6898
6920
6927
6928
6944
6948
6951
7009
7032
7047
7058
7074
7078
7085
7102
7113
7120
7122
7168
7176
7177
7186
7188
7195
7240
7246
7259
7268
7278
7294
7303
7388
7395
7400
7405
7428
7457
7468
7484
7503
7512
7513
7517
7520
7526
7533
7541
7543
7544
7545
7547
7548
7558
7559
7570
7577
7594
7597
7615
7641
7653
7655
7663
7679
7695
7708
7730
7778
7784
7810
7815
7848
7863
7876
7890
7927
7939
7941
7952
7962
7975
7983
7994
7995
7997
8005
8016
8019
8026
8030
8056
8096
8103
8160
8166
8169
8186
8193
8219
8220
8240
8308
8335
8345
8391
8467
8501
8521
8529
8561
8582
8602
8699
8732
8740
8752
8760
8850
8876
8938
8977
8978
8981
9009
9123
9167
9193
9211
9230
9232
9258
9337
9346
9358
9474
9521
9531
9548
9549
9579
9587
9589
9761
9839
9871
9886
9909
9910
9917
9932
9933
9981
9984
10017
10040
10053
10111
10112
10186
10247
10330
10334
10345
10359
10363
10376
10384
10387
10405
10412
10441
10458
10484
10534
10560
10571
10603
10623
10694
10708
10734
10821
10826
10841
10844
10862
10872
10894
10905
10915
10920
10934
10946
10969
10988
10997
11031
11041
11050
11071
11074
11077
11083
11085
11099
11117
11143
11201
11214
11227
11252
11356
11446
11453
11522
11598
11619
11631
11710
11711
11718
11773
11785
11799
11846
11864
11925
11934
11968
11981
12020
12090
12124
12178
12180
12255
12327
12350
12362
12397
12415
12421
12434
12446
12447
12456
12465
12482
12542
12560
12608
12665
12668
12786
12886
12896
12908
12945
13002
13022
13147
13154
13161
13168
13174
13178
13205
13208
13256
13303
13405
13409
13424
13427
13544
13569
13572
13578
13661
13666
13731
13735
13743
13796
13883
13898
13948
13972
14029
14051
14052
14067
14114
14134
14141
14145
14155
14156
14161
14189
14219
14221
14231
14285
14296
14301
14428
14582
14631
14646
14686
14694
14701
14703
14750
14841
14871
14876
14880
14907
14942
15165
15166
15173
15179
15187
15248
15271
15275
15280
15281
15331
15386
15465
15601
15666
15839
15912
15913
15928
15969
15990
16031
16085
16098
16104
16198
16203
16204
16228
16288
16317
16393
16437
16461
16464
16465
16489
16496
16503
16640
16646
16710
16782
16808
16850
16853
16887
16955
16971
16972
16978
17005
17040
17046
17063
17072
17112
17113
17116
17120
17225
17234
17253
17283
17284
17289
17336
17488
17512
17564
17582
17642
17690
17748
17818
17974
17993
18020
18033
18056
18079
18115
18120
18279
18283
18406
18567
18590
18593
18598
18600
18602
18610
18617
18645
18656
18697
18717
18721
18746
18748
18759
18797
18808
18815
18826
18852
18925
18959
19125
19126
19186
19219
19240
19249
19260
19355
19382
19410
19466
19475
19643
19710
19719
19721
19764
19786
19821
19823
19826
19836
19872
19901
19962
20052
20220
20221
20231
20238
20244
20268
20280
20288
20290
20448
20471
20482
20616
20620
20626
20632
20643
20659
20675
20772
20821
20923
20931
21101
21133
21198
21253
21284
21336
21425
21432
21458
22021
22085
22117
22159
22201
22226
22238
22317
22321
22341
22385
22398
22422
22525
22541
22544
22565
22694
22738
22757
22759
22858
22920
22975
23021
23058
23082
23101
23105
23135
23140
23197
23364
23369
23377
23432
23456
23483
23492
23639
23676
23687
23706
23722
23868
24025
24063
24153
24167
24221
24357
24519
24595
24688
24691
24693
24695
24753
24776
24811
24824
24832
24889
24907
24912
24952
24982
25085
25089
25124
25164
25305
25325
25504
25587
25595
25640
25826
26007
26033
26048
26049
26065
26141
26207
26214
26217
26323
26326
26329
26342
26372
26388
26391
26454
26502
26612
26617
26677
26711
26713
26812
26817
26818
26831
26970
27037
27090
27152
27233
27313
27333
27366
27719
27728
27748
27796
27808
27837
27872
27926
27952
27962
28014
28030
28611
28617
28631
28642
28677
28719
28873
28979
29040
29101
29169
29707
29761
29818
29851
30193
30225
30329
30340
30434
30448
30834
30862
31385
31405
31488
32237
33056
33707
33959
34497
34529
34618
34764
34894
35115
35308
35435
35639
35735
35736
35743
3
5
83
84
85
108
111
113
115
118
119
131
138
142
156
159
164
168
171
176
178
185
187
217
219
223
226
228
229
233
245
246
260
263
269
271
284
288
291
296
309
312
315
322
336
340
341
344
355
371
373
374
375
376
377
378
384
398
401
404
405
408
417
429
430
436
448
450
455
456
459
465
466
470
471
474
480
482
483
484
493
501
507
519
522
525
526
533
534
535
540
541
542
546
547
555
557
559
564
568
569
570
576
578
579
582
595
596
598
599
601
602
606
611
616
622
623
625
626
628
630
638
639
643
656
660
662
665
666
674
678
679
681
684
687
696
704
706
709
712
719
723
724
729
731
736
737
739
744
745
762
766
769
770
780
784
788
791
792
794
800
801
804
805
807
811
813
816
818
820
828
830
833
837
855
865
869
870
872
885
890
892
894
900
906
913
914
930
932
933
940
943
945
949
951
969
970
971
976
985
992
999
1004
1007
1008
1009
1013
1018
1020
1023
1026
1029
1033
1035
1036
1040
1041
1045
1052
1055
1058
1071
1073
1079
1081
1083
1085
1086
1088
1090
1091
1092
1093
1097
1099
1110
1116
1119
1121
1122
1134
1143
1149
1150
1154
1158
1163
1166
1167
1170
1174
1175
1176
1178
1179
1180
1186
1191
1195
1196
1197
1200
1205
1209
1210
1216
1222
1228
1246
1255
1265
1282
1288
1291
1292
1294
1297
1301
1302
1307
1312
1318
1319
1320
1325
1331
1339
1344
1345
1351
1352
1357
1362
1363
1367
1370
1380
1381
1382
1383
1388
1389
1394
1396
1397
1404
1420
1421
1422
1425
1428
1430
1433
1441
1442
1448
1457
1458
1464
1467
1471
1475
1477
1482
1483
1486
1490
1493
1504
1515
1517
1532
1535
1541
1546
1547
1555
1578
1584
1597
1602
1603
1607
1615
1617
1624
1635
1639
1640
1643
1650
1654
1656
1657
1665
1667
1674
1686
1691
1693
1704
1707
1711
1716
1718
1723
1728
1731
1736
1737
1770
1786
1789
1809
1810
1812
1814
1815
1822
1823
1835
1838
1841
1856
1862
1868
1873
1883
1888
1895
1902
1903
1909
1917
1918
1931
1937
1939
1950
1951
1960
1964
1975
1976
1989
1996
2006
2011
2040
2041
2057
2064
2065
2066
2070
2071
2073
2081
2092
2118
2119
2136
2142
2149
2157
2178
2184
2185
2190
2210
2213
2217
2226
2228
2250
2252
2254
2255
2258
2260
2261
2277
2278
2287
2290
2292
2295
2298
2300
2305
2308
2321
2333
2350
2354
2355
2362
2378
2379
2406
2408
2435
2442
2452
2458
2462
2468
2470
2471
2474
2476
2486
2487
2488
2489
2494
2507
2510
2511
2516
2518
2520
2521
2522
2529
2535
2548
2552
2563
2566
2570
2574
2575
2576
2583
2587
2590
2592
2595
2599
2603
2604
2605
2615
2616
2622
2632
2633
2656
2659
2661
2662
2665
2672
2675
2676
2682
2685
2689
2690
2699
2700
2702
2704
2706
2713
2725
2729
2743
2744
2745
2747
2749
2751
2752
2760
2774
2775
2783
2784
2790
2792
2793
2814
2817
2837
2841
2854
2868
2910
2911
2912
2919
2920
2928
2931
2932
2936
2946
2954
2960
2965
2966
2970
2973
2975
2980
2987
2992
2994
3005
3020
3030
3035
3038
3041
3049
3056
3060
3061
3064
3071
3075
3077
3100
3102
3105
3109
3110
3114
3115
3118
3122
3126
3127
3133
3135
3137
3139
3141
3143
3150
3152
3165
3166
3179
3182
3184
3186
3187
3192
3197
3205
3209
3210
3214
3223
3231
3233
3234
3240
3242
3243
3244
3245
3259
3263
3264
3267
3270
3272
3275
3289
3292
3293
3294
3296
3298
3303
3305
3307
3315
3317
3323
3327
3331
3336
3338
3340
3342
3346
3348
3357
3359
3360
3367
3372
3376
3377
3386
3388
3390
3394
3401
3404
3405
3406
3408
3410
3417
3422
3423
3426
3431
3440
3441
3443
3448
3472
3477
3478
3480
3482
3495
3498
3514
3518
3523
3525
3528
3529
3549
3565
3567
3578
3580
3584
3597
3606
3611
3622
3623
3625
3633
3639
3650
3667
3670
3679
3680
3705
3711
3713
3715
3717
3721
3724
3726
3727
3731
3732
3763
3773
3774
3776
3797
3800
3802
3811
3826
3827
3836
3841
3842
3899
3913
3933
3939
3942
3943
3944
3947
3952
3959
3969
3971
4018
4023
4026
4028
4033
4042
4046
4057
4059
4076
4077
4078
4079
4080
4084
4085
4087
4090
4092
4103
4104
4123
4125
4135
4140
4146
4148
4167
4173
4195
4206
4221
4223
4226
4228
4231
4235
4236
4240
4241
4243
4247
4254
4269
4282
4285
4292
4293
4294
4296
4298
4303
4304
4305
4306
4308
4314
4317
4318
4352
4357
4362
4380
4385
4388
4395
4396
4397
4400
4413
4434
4453
4454
4459
4462
4466
4471
4483
4496
4497
4513
4515
4519
4520
4525
4527
4529
4530
4539
4540
4546
4547
4550
4552
4553
4561
4563
4564
4566
4569
4585
4586
4587
4591
4594
4600
4603
4606
4611
4616
4617
4622
4623
4629
4649
4652
4663
4684
4687
4688
4690
4691
4692
4695
4697
4700
4716
4721
4723
4726
4729
4734
4739
4758
4769
4782
4787
4793
4795
4796
4809
4811
4815
4817
4820
4823
4826
4827
4835
4836
4837
4838
4840
4843
4853
4855
4868
4882
4885
4886
4887
4888
4890
4895
4896
4898
4900
4910
4911
4921
4933
4938
4939
4946
4947
4949
4952
4959
4970
4977
4988
5010
5015
5018
5073
5075
5082
5083
5088
5100
5125
5131
5134
5138
5142
5148
5152
5158
5163
5166
5171
5175
5184
5195
5196
5199
5201
5205
5207
5217
5220
5223
5224
5225
5230
5235
5242
5243
5251
5253
5255
5259
5270
5273
5274
5277
5284
5286
5287
5291
5292
5294
5295
5299
