5038
588
893
566
273
5069
5022
140
1028
5030
5033
1768
370
95
647
1139
458
8344
286
543
613
155
80
90
1806
887
823
2630
530
2718
7954
128
200
1569
1672
195
851
82
2666
20764
102
114
478
554
9129
1330
1528
136
353
734
1819
1053
1588
516
9137
1817
2348
4153
4746
2737
5036
184
76
20805
91
151
443
444
878
8556
78
93
225
8557
342
2753
4063
33806
147
308
2215
16625
1725
343
3237
3311
360
686
1031
1304
1507
133
213
301
5020
127
652
4880
106
2939
9135
416
929
1824
1
520
920
1334
4398
4876
5050
1365
3027
4152
22587
72
74
1161
1821
5053
56
232
314
385
880
277
390
2323
9500
107
292
910
316
1202
1359
1793
5027
6084
621
879
2111
2720
5051
5237
35675
939
1371
1970
919
960
2088
2715
2728
3844
4262
4904
9044
13634
89
402
2015
2253
4093
6289
6831
9132
9861
10815
876
1927
2773
4183
5021
5042
13635
81
274
802
875
2271
4154
4618
5052
8560
13633
79
192
928
2601
2736
5023
10281
144
659
1000
1233
1813
3174
5057
30172
54
109
922
3161
4124
5070
386
442
620
1252
2047
2947
4272
4621
8032
8558
9130
449
593
915
950
4216
5028
6917
8072
8559
10280
26142
287
406
539
918
1470
1833
2550
2637
3258
4737
4755
5853
9504
26576
26911
75
244
1025
1323
1443
1935
8565
8566
8987
9131
11812
13396
30779
172
188
948
974
1112
3742
5024
7059
9752
10893
13637
15198
24812
26897
28825
46
92
101
279
1027
1401
1552
2186
2189
2746
4224
4227
5029
5068
5729
8194
18722
22463
23043
26990
35279
86
121
391
560
581
775
815
1046
1185
1481
1885
2667
4027
4205
5032
5587
5830
9313
14144
16202
24464
26163
26811
27605
53
145
383
409
438
645
694
923
1043
1087
1168
1208
1559
1628
1891
2723
3057
4256
4480
4757
5045
5064
5150
6828
6829
9134
10601
10959
11547
12110
13266
13267
22319
23648
23873
24890
186
205
215
239
280
349
368
454
521
585
592
707
716
764
889
1050
1061
1108
1164
1213
1560
2524
3295
3313
3354
5061
7551
7581
8350
8678
8857
10928
11190
12116
13640
14862
17278
18778
19815
21255
22063
22423
23946
24810
26584
26856
28933
30513
112
165
212
264
393
403
413
425
457
473
492
498
773
819
822
853
1030
1189
1234
1461
1652
1668
1771
1783
1790
1847
2160
2264
2383
2497
2516
2696
3266
3334
3626
3906
3949
4128
4197
4232
4486
4534
4536
4538
4642
4677
4884
5279
5824
5881
5883
5907
5971
6049
6069
6193
6653
6664
6681
6707
7530
7578
7784
7990
8071
8271
8767
9239
9337
9754
11016
11494
11890
12015
14255
14338
16207
16692
16782
19467
20237
20336
20374
20919
20939
20963
20966
21241
21582
22913
24650
26435
29813
32745
153
196
255
281
290
462
537
551
561
573
587
604
614
636
661
760
812
852
924
958
1037
1038
1063
1078
1101
1106
1118
1126
1137
1207
1217
1259
1300
1308
1316
1354
1429
1459
1713
1759
1762
1767
1807
1828
1922
1936
1944
2018
2090
2165
2168
2294
2296
2385
2560
2651
2697
2740
2741
3016
3033
3043
3058
3091
3108
3129
3145
3200
3215
3333
3344
3412
3530
3535
3733
3924
4065
4070
4132
4160
4176
4218
4246
4392
4460
4477
4504
4544
4545
4577
4678
4698
4995
5046
5049
5074
5105
5145
5190
5211
5515
5518
5531
5557
5716
5742
5748
5833
5963
6009
6015
6022
6081
6357
6447
6460
6671
6782
6794
6920
7103
7140
7235
7459
7638
7651
7657
7720
7786
7998
8374
8694
8699
8794
9021
9079
9136
9967
10084
10124
10733
10778
10903
10958
11031
11040
11043
11077
11298
11350
11744
11818
12076
12512
12676
12844
13093
13256
13366
13413
13415
13577
13987
14036
14057
14065
14171
14594
14827
15146
15264
16216
16616
16630
16715
16797
17179
17181
17748
19026
19284
19720
20157
20183
20654
20990
21236
22207
22975
23960
25158
25323
25529
25804
26015
26378
26863
27149
28097
28509
29012
30683
30808
32840
27
132
169
221
224
235
241
242
243
254
267
293
295
300
324
326
331
339
354
357
362
372
399
418
419
420
423
424
441
452
491
504
505
506
508
513
528
544
548
562
563
575
580
584
610
615
642
664
675
682
753
778
782
795
817
824
862
874
898
900
966
1051
1070
1076
1077
1102
1103
1104
1107
1111
1113
1133
1153
1159
1188
1205
1218
1221
1236
1245
1289
1305
1310
1324
1333
1340
1356
1384
1410
1416
1432
1487
1499
1519
1572
1585
1619
1647
1697
1765
1778
1781
1797
1803
1831
1845
1880
1898
1930
1966
2060
2125
2144
2211
2229
2263
2269
2276
2288
2299
2316
2472
2479
2491
2506
2509
2511
2515
2564
2565
2572
2573
2577
2579
2620
2623
2639
2640
2648
2668
2679
2701
2711
2782
2800
2828
2941
2943
2951
2972
3001
3039
3050
3065
3093
3128
3169
3171
3219
3236
3246
3251
3253
3364
3370
3399
3400
3435
3438
3461
3552
3631
3649
3673
3688
3692
3786
3791
3795
3849
3904
4115
4121
4129
4142
4161
4191
4200
4210
4237
4240
4260
4335
4349
4450
4498
4499
4560
4601
4615
4680
4699
4703
4736
4740
4760
4802
4854
4878
4879
4937
5026
5041
5071
5102
5141
5149
5170
5174
5202
5300
5301
5315
5333
5614
5641
5660
5700
5705
5727
5799
5843
5943
5964
5990
6008
6020
6023
6135
6175
6210
6231
6258
6274
6279
6340
6500
6509
6600
6702
6735
6738
6785
6798
6803
6845
6876
6889
6892
6899
6903
6909
6927
6948
6976
7032
7083
7089
7106
7113
7128
7165
7193
7216
7248
7283
7294
7300
7324
7331
7437
7457
7467
7523
7571
7640
7692
7701
7721
7736
7890
8038
8062
8212
8240
8264
8315
8325
8340
8392
8411
8524
8543
8629
8685
8760
8782
8878
8888
8962
9172
9174
9216
9292
9368
9499
9501
9502
9527
9534
9799
9959
10181
10245
10278
10334
10359
10387
10415
10443
10487
10521
10620
10826
10897
11071
11085
11115
11165
11204
11352
11423
11430
11446
11527
11680
11692
11711
11922
11925
11952
12077
12329
12665
12770
13175
13268
13419
13423
13486
13578
13585
13628
13630
13631
13658
13744
13747
13748
13756
13820
14029
14055
14126
14189
14196
14268
14396
14577
14800
14823
14870
14876
14886
14893
14913
15167
15247
15323
15792
16017
16201
16203
16242
16622
16680
16717
16754
16788
16867
16987
17085
17100
17117
17240
17268
17289
17498
17541
17824
17832
17925
18000
18067
18310
18384
18593
18603
18757
18861
18880
19213
19219
19325
19464
19685
19715
19721
19840
19876
19877
19912
20051
20205
20223
20353
20378
20482
20624
20652
20661
20692
20918
21426
21680
21801
22035
22048
22118
22354
22359
22529
22566
23139
23373
23377
23383
23421
23490
23840
23869
24159
24167
24182
24467
24780
25080
25507
25766
25864
26007
26010
26699
26709
26817
27404
27758
27812
28514
28614
28623
29625
29883
30187
30201
30545
34751
35262
13
55
84
97
99
122
134
154
156
166
174
175
180
223
230
252
269
271
307
312
313
340
364
367
374
376
382
389
400
407
429
446
451
459
475
477
481
496
500
502
510
517
522
524
531
534
545
549
556
578
594
603
618
633
653
657
660
669
673
677
688
691
699
700
708
726
727
733
735
742
751
758
772
776
779
787
791
796
808
818
830
838
839
842
845
860
861
867
869
871
873
882
884
894
897
907
909
917
925
933
934
937
946
951
1018
1032
1034
1042
1048
1049
1054
1057
1059
1068
1071
1082
1092
1095
1098
1105
1109
1120
1128
1130
1132
1135
1148
1160
1162
1163
1167
1190
1193
1199
1204
1211
1224
1265
1287
1295
1296
1303
1313
1319
1332
1339
1347
1350
1373
1387
1388
1406
1409
1411
1413
1436
1439
1472
1478
1515
1521
1523
1549
1579
1592
1594
1597
1616
1642
1654
1660
1670
1683
1689
1734
1760
1772
1775
1798
1800
1818
1851
1875
1886
1888
1892
1895
1899
1911
1919
1947
1953
2029
2061
2091
2096
2110
2121
2176
2216
2218
2252
2258
2262
2265
2270
2279
2291
2303
2320
2386
2396
2398
2420
2424
2436
2468
2496
2503
2512
2518
2571
2580
2585
2593
2608
2610
2613
2618
2626
2635
2638
2642
2646
2664
2673
2680
2692
2703
2708
2724
2747
2754
2766
2770
2784
2792
2818
2847
2860
2868
2878
2886
2911
2935
2937
2950
2953
2959
2977
2986
2992
3014
3020
3021
3060
3066
3080
3082
3107
3112
3141
3143
3151
3157
3162
3185
3197
3226
3241
3244
3271
3276
3279
3280
3281
3285
3297
3316
3317
3318
3324
3330
3342
3350
3356
3368
3378
3379
3384
3395
3404
3418
3427
3430
3470
3473
3476
3499
3518
3541
3546
3565
3572
3581
3593
3596
3604
3634
3635
3644
3705
3711
3729
3743
3767
3792
3793
3815
3823
3827
3836
3842
3845
3915
3943
3969
3994
4012
4014
4017
4057
4066
4071
4075
4083
4119
4133
4136
4139
4144
4164
4170
4174
4178
4193
4220
4230
4234
4241
4252
4259
4263
4274
4275
4288
4307
4308
4314
4323
4355
4358
4366
4376
4378
4383
4387
4388
4390
4426
4434
4449
4451
4468
4476
4478
4495
4505
4510
4514
4517
4520
4522
4531
4540
4542
4543
4547
4639
4640
4644
4650
4651
4671
4682
4700
4701
4714
4728
4747
4752
4766
4767
4778
4791
4795
4800
4811
4812
4815
4852
4866
4872
4896
4900
4914
4920
4921
4983
5018
5076
5084
5110
5118
5133
5168
5172
5177
5192
5199
5210
5214
5235
5248
5264
5271
5275
5303
5308
5318
5351
5395
5400
5418
5424
5467
5497
5500
5511
5552
5586
5632
5661
5666
5675
5676
5681
5698
5702
5709
5726
5745
5749
5769
5775
5778
5779
5786
5787
5803
5839
5856
5928
5941
5948
5954
5977
6003
6018
6031
6048
6056
6072
6085
6087
6088
6109
6128
6131
6144
6150
6169
6176
6180
6198
6202
6242
6249
6255
6305
6320
6327
6328
6405
6406
6414
6429
6486
6488
6491
6517
6518
6523
6541
6550
6560
6582
6645
6654
6669
6700
6706
6715
6734
6746
6786
6789
6793
6811
6833
6834
6836
6854
6855
6862
6869
6872
6890
6928
6944
6959
6982
7009
7030
7047
7058
7074
7078
7096
7102
7131
7144
7156
7179
7184
7186
7188
7195
7255
7259
7269
7326
7387
7388
7395
7405
7428
7451
7468
7484
7503
7512
7513
7516
7517
7520
7526
7533
7541
7543
7544
7545
7547
7548
7558
7559
7577
7594
7597
7615
7629
7641
7648
7653
7655
7663
7679
7695
7749
7797
7810
7812
7815
7821
7848
7876
7888
7927
7939
7941
7952
7962
7964
7975
7983
7985
7993
7994
7995
7997
8005
8016
8026
8030
8081
8096
8099
8103
8161
8166
8169
8186
8193
8335
8345
8391
8469
8501
8529
8579
8582
8659
8695
8698
8740
8748
8751
8752
8850
8876
8938
8978
8981
9009
9076
9101
9113
9121
9123
9153
9167
9193
9203
9211
9225
9230
9251
9298
9346
9350
9358
9474
9516
9521
9531
9549
9579
9589
9761
9839
9886
9896
9909
9910
9917
9932
9933
9984
10017
10032
10040
10053
10111
10112
10196
10214
10241
10247
10330
10363
10367
10376
10384
10405
10412
10441
10458
10484
10534
10542
10560
10571
10603
10623
10641
10708
10734
10797
10799
10841
10844
10862
10872
10894
10905
10915
10920
10934
10969
10997
11041
11050
11083
11099
11117
11143
11214
11243
11250
11252
11273
11284
11356
11394
11453
11522
11619
11631
11634
11667
11671
11704
11718
11745
11773
11785
11786
11799
11825
11846
11864
11934
11975
12020
12082
12090
12106
12178
12180
12200
12202
12255
12323
12327
12362
12363
12421
12434
12456
12482
12542
12560
12608
12668
12675
12786
12896
12944
13002
13022
13147
13154
13161
13174
13205
13208
13303
13405
13409
13424
13427
13432
13572
13666
13731
13735
13743
13784
13796
13883
13898
13922
13948
13972
14051
14052
14067
14074
14114
14128
14134
14141
14145
14155
14156
14161
14219
14221
14222
14231
14285
14296
14301
14427
14582
14631
14646
14686
14694
14701
14703
14841
14871
14907
14942
15144
15165
15166
15173
15174
15179
15187
15214
15248
15271
15275
15280
15281
15331
15386
15465
15531
15666
15912
15969
15990
16031
16098
16191
16204
16228
16288
16295
16317
16393
16437
16461
16464
16465
16481
16489
16496
16498
16503
16646
16710
16781
16808
16846
16850
16853
16887
16955
16971
16972
16978
17005
17037
17046
17063
17112
17113
17116
17225
17234
17253
17283
17284
17336
17488
17512
17564
17582
17642
17690
17818
17921
17985
17993
18020
18033
18056
18079
18090
18115
18120
18123
18279
18283
18406
18567
18590
18598
18600
18617
18645
18656
18657
18697
18717
18719
18746
18748
18759
18797
18808
18815
18826
18852
18922
18925
18959
18989
19125
19126
19186
19240
19249
19260
19290
19355
19382
19410
19466
19475
19643
19710
19719
19764
19786
19823
19826
19836
19872
19901
19962
20052
20208
20220
20231
20238
20244
20268
20280
20288
20448
20471
20616
20620
20621
20626
20629
20632
20643
20659
20675
20772
20820
20821
20958
20985
21133
21198
21253
21284
21336
21432
21458
21854
22021
22030
22034
22052
22101
22115
22117
22201
22226
22317
22321
22341
22385
22398
22422
22525
22541
22544
22565
22599
22694
22738
22757
22759
22911
22920
23021
23034
23058
23082
23105
23135
23140
23197
23288
23317
23347
23351
23364
23369
23371
23372
23432
23456
23483
23492
23639
23676
23687
23706
23722
23868
24025
24063
24152
24153
24221
24357
24519
24595
24688
24691
24693
24695
24753
24811
24824
24832
24889
24907
24912
24952
24982
25085
25089
25124
25164
25305
25325
25504
25587
25595
25640
25826
26033
26048
26049
26065
26141
26207
26214
26217
26326
26342
26372
26388
26391
26612
26617
26660
26677
26711
26713
26812
26818
26831
26832
26958
26970
27037
27152
27227
27233
27333
27366
27719
27728
27748
27796
27808
27837
27872
27926
27952
27962
28014
28030
28611
28617
28631
28642
28677
28719
28873
28979
29040
29101
29169
29707
29761
29818
29851
30193
30225
30329
30340
30434
30448
30834
30862
31385
31405
31488
32237
33056
33707
33959
34497
34529
34618
34764
34894
35115
35308
35435
35639
35735
35736
35743
3
5
83
85
108
113
115
118
119
131
137
138
142
159
164
168
171
176
178
185
187
203
217
226
228
229
233
236
245
246
260
263
284
288
291
296
309
315
322
336
341
344
345
355
358
373
375
377
378
381
384
398
401
404
405
408
430
436
448
450
455
456
463
464
465
466
470
471
480
483
484
493
507
509
519
525
526
533
535
540
541
542
546
547
557
559
564
569
570
576
582
590
595
596
598
599
601
602
607
611
616
622
623
625
626
628
630
631
638
639
643
654
656
662
665
666
674
678
679
680
681
684
687
693
695
696
704
705
706
709
712
713
719
720
723
724
729
731
736
739
744
745
762
766
769
770
780
784
788
789
792
794
799
800
801
803
804
805
807
811
813
816
820
828
829
833
837
855
863
864
865
866
870
872
885
890
892
905
906
913
914
930
931
940
943
945
949
952
969
970
971
983
985
992
999
1004
1007
1008
1009
1010
1013
1020
1023
1026
1029
1033
1035
1036
1040
1041
1045
1052
1055
1058
1073
1079
1081
1083
1086
1088
1090
1091
1093
1097
1099
1110
1116
1121
1122
1125
1134
1143
1145
1149
1150
1151
1152
1154
1158
1166
1169
1170
1175
1176
1178
1179
1180
1186
1191
1192
1195
1196
1197
1198
1200
1209
1210
1214
1216
1222
1227
1228
1231
1241
1246
1253
1255
1282
1286
1288
1290
1292
1294
1297
1302
1307
1312
1315
1318
1320
1328
1331
1344
1351
1357
1362
1370
1380
1381
1383
1389
1394
1396
1397
1404
1420
1421
1422
1423
1425
1428
1430
1433
1434
1441
1442
1448
1457
1458
1464
1467
1471
1475
1477
1482
1483
1485
1486
1490
1493
1508
1517
1524
1532
1535
1541
1546
1547
1550
1555
1568
1578
1584
1596
1602
1607
1615
1617
1620
1622
1624
1629
1635
1640
1643
1650
1656
1657
1665
1667
1669
1674
1686
1691
1693
1696
1704
1707
1716
1718
1723
1728
1731
1736
1737
1742
1764
1770
1787
1789
1809
1810
1812
1814
1815
1822
1823
1835
1838
1841
1852
1856
1857
1860
1862
1868
1873
1883
1889
1894
1902
1903
1909
1917
1918
1924
1926
1931
1932
1939
1946
1950
1951
1960
1964
1971
1975
1976
1989
1996
1997
2006
2011
2040
2041
2057
2064
2065
2066
2070
2071
2073
2078
2081
2098
2099
2118
2119
2149
2157
2158
2178
2184
2185
2190
2210
2213
2217
2226
2228
2234
2250
2254
2259
2260
2261
2268
2277
2278
2287
2290
2292
2295
2300
2305
2308
2321
2333
2350
2354
2355
2362
2378
2379
2406
2408
2430
2435
2442
2452
2462
2471
2474
2486
2487
2488
2489
2492
2493
2494
2498
2507
2510
2519
2520
2521
2522
2528
2529
2533
2535
2538
2548
2552
2554
2561
2563
2566
2567
2569
2570
2574
2575
2576
2578
2583
2587
2590
2592
2595
2596
2599
2603
2604
2605
2615
2616
2621
2622
2628
2631
2633
2655
2656
2659
2661
2662
2665
2672
2675
2676
2685
2689
2690
2699
2700
2702
2704
2705
2706
2712
2713
2725
2743
2744
2745
2751
2752
2760
2769
2774
2775
2783
2793
2814
2816
2817
2841
2854
2910
2912
2915
2919
2920
2922
2924
2928
2931
2932
2936
2946
2954
2956
2960
2962
2965
2966
2970
2971
2973
2980
2981
2987
2993
3004
3005
3008
3023
3030
3035
3038
3041
3049
3056
3061
3064
3067
3071
3075
3077
3100
3105
3109
3110
3114
3115
3118
3121
3122
3125
3126
3127
3133
3135
3137
3138
3139
3147
3150
3160
3165
3166
3179
3182
3184
3186
3188
3192
3195
3196
3208
3209
3210
3214
3223
3231
3233
3234
3240
3242
3243
3245
3247
3259
3260
3263
3264
3267
3268
3270
3272
3275
3288
3289
3290
3292
3293
3294
3296
3298
3302
3303
3307
3315
3319
3323
3327
3331
3336
3338
3340
3348
3352
3357
3359
3360
3367
3372
3376
3377
3380
3386
3388
3390
3394
3405
3406
3410
3417
3422
3423
3426
3431
3437
3441
3443
3448
3460
3472
3477
3478
3480
3481
3482
3492
3494
3495
3498
3508
3513
3514
3523
3525
3528
3529
3549
3567
3568
3570
3574
3578
3580
3583
3584
3597
3598
3606
3608
3611
3622
3623
3625
3633
3639
3650
3651
3667
3671
3679
3680
3690
3693
3699
3713
3715
3717
3721
3724
3726
3727
3731
3732
3748
3763
3768
3773
3774
3776
3797
3800
3802
3811
3826
3841
3899
3913
3920
3939
3942
3944
3952
3959
3968
3970
3996
4018
4023
4026
4028
4033
4042
4046
4059
4062
4074
4076
4077
4079
4080
4084
4085
4087
4090
4092
4103
4104
4123
4125
4126
4135
4140
4141
4145
4146
4148
4155
4162
4167
4173
4184
4185
4194
4206
4217
4221
4223
4226
4228
4231
4236
4238
4243
4247
4254
4269
4277
4282
4284
4285
4292
4293
4295
4303
4305
4306
4310
4317
4318
4352
4357
4362
4370
4380
4381
4395
4396
4397
4400
4452
4453
4459
4462
4467
4470
4471
4483
4484
4490
4496
4497
4511
4513
4515
4519
4525
4527
4529
4530
4539
4546
4550
4552
4561
4563
4564
4566
4569
4585
4586
4587
4588
4591
4594
4600
4603
4606
4611
4616
4617
4622
4623
4629
4643
4649
4652
4663
4684
4687
4688
4689
4690
4691
4692
4694
4695
4697
4706
4721
4723
4726
4734
4739
4744
4758
4769
4782
4787
4793
4814
4817
4820
4826
4827
4835
4837
4838
4839
4842
4843
4853
4855
4860
4863
4868
4885
4886
4887
4888
4890
4895
4910
4911
4933
4938
4939
4946
4947
4949
4952
4959
4970
4977
4988
5010
5015
5035
5073
5075
5082
5083
5088
5090
5100
5104
5125
5130
5134
5138
5142
5148
5157
5163
5166
5171
5175
5188
5195
5196
5205
5207
5212
5215
5217
5220
5223
5224
5225
5230
5242
5243
5250
5251
5253
5255
5259
