5038
588
893
566
273
5069
5022
140
95
1028
458
370
5030
1768
647
1139
5033
543
8344
286
155
887
80
613
90
823
1806
2630
530
2718
195
1569
128
82
200
851
478
102
1672
1819
114
353
136
20764
734
2666
9129
1588
1528
516
1053
1330
554
4746
76
2348
1817
5036
4153
2737
9137
4063
151
184
878
443
2215
78
342
7954
225
20805
93
91
147
127
343
1031
444
8557
308
33806
301
2753
1725
3237
3311
686
16625
213
1507
5020
133
106
652
1304
4880
8556
2939
360
416
1
929
1824
520
1334
1365
292
9135
4152
4876
72
56
2323
3027
880
910
107
232
920
5053
2111
4398
1821
2015
277
385
74
22587
9500
5237
1202
5050
314
316
1793
390
1161
6084
939
35675
1359
1371
1927
879
1970
4093
802
79
2253
2088
2715
2720
3844
13634
919
274
2773
5051
89
5027
9044
4262
960
6831
621
1443
2728
2736
81
13633
10815
1046
4154
4183
5052
9861
659
402
915
9132
3174
144
876
2601
6289
875
4618
109
3161
5023
8558
1233
13635
30172
1470
1000
8560
5021
2271
8032
192
922
6917
1813
2047
928
5070
54
2637
13637
4621
620
26576
5042
4216
3258
5057
449
2947
4272
406
4755
4904
11812
539
9504
1027
1833
1935
8072
10281
1323
4124
8566
287
26811
5028
4737
950
9131
26142
918
22463
9130
383
15198
2186
13396
188
7059
244
5853
30779
581
8565
10280
10893
28825
1025
2550
172
593
8559
1552
101
4224
75
1112
8987
948
391
9752
4227
279
9313
3057
35279
14862
255
442
775
1252
18722
86
5024
716
1481
92
1108
1185
8194
24812
386
1559
4256
26897
5068
10959
13267
1213
10601
585
1560
16201
145
3295
5830
26990
5150
27605
23873
26911
46
5029
5032
23043
409
1401
4205
694
9134
13266
4232
773
815
215
18778
1168
707
2667
26584
3742
5064
6829
53
239
24464
3354
12110
11547
13640
575
23648
26854
1628
1308
165
1164
28933
1771
5061
2723
5729
1208
1050
23946
30513
1087
4480
1885
3334
264
438
645
822
1061
8678
22319
24890
4027
454
560
819
9754
19467
6828
19815
924
21255
212
923
4642
24810
121
280
3058
16202
492
958
5587
6707
21241
592
889
186
1259
2746
8857
5557
473
20374
824
1126
1652
3251
1767
14338
20963
5045
20183
9239
368
1189
1302
2189
8071
241
3318
1847
1030
1234
3108
32745
1043
11744
5046
20966
22063
521
1459
3313
6231
7523
10084
4757
441
1783
23960
2165
1790
4121
4536
6009
6653
12116
14827
393
531
615
1762
8694
25323
7459
1118
29813
764
1316
3906
12015
2741
6833
17278
1137
6782
16692
1063
5049
20336
25158
290
974
1765
6069
367
462
2296
4065
5881
20919
1936
7990
9136
14144
782
3266
20654
498
2510
7657
8794
13577
25529
28097
853
1439
2264
3535
5614
12512
13744
20157
22423
28509
1207
3333
5190
6681
21236
29012
9079
11190
457
604
1111
3065
3733
4486
6022
8350
10124
11165
852
12844
13366
477
491
3200
4545
26015
26378
4070
12076
403
504
551
4677
8271
267
11494
4132
5742
16210
30808
205
3128
3626
4534
4995
6899
11890
153
639
723
16207
17181
678
2651
4193
6049
11040
15264
16797
423
666
1076
1245
4477
4884
5211
13093
19325
281
861
1049
2061
2740
3253
971
4128
7578
9799
134
243
3604
4223
11298
2516
13578
735
1461
2524
2828
7638
7998
11818
1572
2160
3050
7581
664
2294
2953
6357
6664
26709
425
513
614
2385
5074
7193
7720
15247
420
448
587
675
5333
5518
13987
235
898
2696
7102
7428
12676
23364
528
1585
4160
19720
526
1077
5279
5883
12329
17179
24743
30184
300
1668
1713
2613
6785
10897
17824
1037
1101
1236
1354
1798
4075
4736
6008
7324
8629
9172
22118
26856
175
293
354
1038
2580
7516
8782
13424
18861
24811
1217
1324
1778
2515
4802
5536
6876
13630
16017
16987
18067
18384
19464
19912
26699
30545
233
1499
3679
4197
5716
6982
8340
10778
11350
11680
11922
14893
18603
419
812
959
967
4767
5202
7541
15666
16978
21680
22359
132
1104
1113
3091
4349
5824
10928
13585
20205
24467
452
636
724
1253
1891
2096
5286
6320
112
1966
3033
5943
6509
6738
19840
307
3219
5041
5174
9499
10733
14065
16867
20652
26163
26435
254
796
1159
1781
5990
6198
6671
14171
14886
17925
20051
753
1193
1340
4260
8016
9527
13415
13432
13628
27
1048
1082
2648
2697
3400
4451
5071
8315
10245
22201
897
1487
2091
3530
4538
4698
5141
7140
14196
224
284
525
661
1095
1350
2383
3461
4142
6081
6735
6783
7283
7331
7663
13427
19721
24025
221
778
917
1055
1103
1132
1384
2679
3370
4263
5971
7651
13747
14841
17832
18617
24159
1102
3352
4577
4878
5199
5398
6258
20990
23840
122
544
580
1422
2262
2692
5963
6068
10330
11692
13256
15323
19355
23139
789
1205
4119
4238
4323
6202
7551
12800
14036
14055
16203
24152
32840
315
537
3039
3145
6047
6193
6242
6340
6944
7530
10458
16216
20692
26832
502
1310
1592
1734
1899
1922
2060
2703
3080
3280
4176
11191
14057
16710
27149
180
196
564
573
682
727
760
1051
1084
1191
1356
1406
1478
2144
2263
2270
2937
2941
2992
5118
6786
10278
11204
11423
18880
30683
364
1373
2943
3344
3949
4680
4760
6734
7083
8169
10032
21582
751
1122
2254
2564
2579
2673
3127
4522
4542
5276
5907
7484
9358
13268
13658
242
355
839
1188
1198
1683
1951
2680
2951
3035
3110
4426
5531
6976
7721
7927
7993
16295
20353
20482
21580
25766
25791
27812
295
357
408
451
700
726
772
1944
2782
4335
5748
6175
7235
7553
8103
13175
15990
19249
20220
13
271
610
890
966
1162
1332
3271
4210
4450
5406
7467
8524
8878
11083
13205
15201
19901
23483
23869
27728
166
548
907
2497
2620
3635
3823
4191
4246
4560
4766
5215
5799
5833
6909
9501
11016
16808
25325
475
510
1059
1071
1105
1130
2276
3016
3904
4752
7517
7784
10958
11527
13631
14577
14876
156
509
533
607
673
808
1221
1759
1763
1788
2503
2635
2935
3215
3795
4639
5170
9534
20632
20820
1106
1313
1472
1615
3100
3246
3593
5681
7113
7120
7848
8699
13756
19026
19711
22385
23722
23868
25080
508
522
562
563
623
787
1546
1686
3226
3241
3245
3649
3688
4288
4678
5105
6600
6845
6921
7558
7571
12362
13419
18748
23490
25504
26033
28873
556
603
1032
1291
1429
1886
2090
2121
2572
2573
2668
5787
6031
7128
7531
8411
9021
11394
14189
16288
16782
22021
26863
471
1145
1597
1619
4517
4651
5075
6488
6872
7165
7437
7641
9521
12350
12542
13409
16461
16781
28642
29101
30201
30862
34497
35732
326
576
1018
1222
1458
2168
2303
2509
2565
2642
2800
3129
3499
4699
5839
6405
6560
7701
9502
11117
11827
14145
14285
15166
17512
18808
19258
19823
19872
20280
20772
22341
22694
22913
25595
29818
29851
30340
34529
35115
331
696
1831
2229
2489
2577
2818
3043
3297
4237
4358
4735
4937
5026
8938
9933
11813
12421
12434
13303
15465
22354
22738
22920
24153
446
481
500
691
838
874
934
1775
1803
1880
3791
3924
4139
4378
4504
4700
4852
8030
11227
11631
13820
13979
14134
15164
18283
19240
19466
23317
26007
27888
28014
29625
230
296
505
1158
1607
2125
2491
2640
2708
2754
3133
3236
3356
3418
3427
4531
4879
5515
5769
6023
6702
7096
7248
7547
7994
8005
10641
11846
11864
12363
14114
17993
19382
21426
23025
23082
25326
27796
340
584
1210
1228
1521
2018
2436
3171
3197
3223
3845
4218
4498
5702
6003
7103
7552
8031
9251
9589
11353
13405
18719
19284
19548
20669
20939
24889
25658
26817
389
657
704
712
805
946
1042
1387
1471
1486
1549
1815
1818
2771
3263
3267
3330
4140
4681
4838
6210
7995
11077
11099
13421
13883
14141
15003
15146
16242
17283
17284
19876
20958
22321
23140
23288
30834
313
681
766
925
1153
1160
1303
1772
1807
1835
2288
3109
3169
3323
3357
3473
5225
6518
6803
6889
8029
8740
8962
11115
11522
11598
12456
12896
13423
14241
15187
16503
18826
21432
5
83
470
493
506
517
519
736
1057
1320
1797
2279
2610
2705
2922
2977
3001
3316
3727
3969
5224
5471
5645
5926
7203
7401
7786
10384
10387
12409
12665
16496
18590
19836
23676
24691
25640
30448
869
951
1086
1179
1594
2269
3107
3112
3518
4220
4740
5102
5467
5500
6048
6255
6892
7548
8671
8850
9300
10181
10903
11352
14156
14255
16812
21581
22525
23687
24780
25826
27148
33954
118
174
349
362
527
594
595
884
1120
1265
1305
1760
1919
2386
2576
2593
2868
3141
3966
4136
4644
4697
5384
5511
6144
6460
7812
9175
10620
12482
13022
13731
17893
19126
19826
22529
25089
27233
400
480
865
885
1190
1416
2218
2290
2398
2560
3350
3476
3994
4459
4476
4603
4815
5315
5339
5733
5948
6087
6143
6706
7544
7549
8374
10484
11031
11446
12786
13147
13486
13948
14155
14446
15282
15331
19125
20378
25124
27404
30329
33056
154
223
384
688
863
937
991
1036
1176
1586
1642
1800
2320
2590
2724
3849
4057
4200
4513
5242
5552
6582
10112
12178
13972
14694
15386
16630
26162
413
561
1578
2595
3244
3379
4684
5076
5856
6715
6793
7047
7962
7975
8193
8335
8543
8876
9909
9910
10374
10969
12608
14161
15165
16318
16618
17100
17642
18033
18773
19307
21458
23369
23371
26141
28901
312
399
578
599
703
1328
1396
1828
2299
2785
3259
3438
4293
4490
5998
6015
6131
6523
7089
7515
7736
11214
11925
12770
13174
13748
14942
15513
17336
18009
18310
19715
20964
23421
229
358
382
642
653
731
762
1289
1660
1697
1960
2518
2628
2631
3185
3364
4148
4920
5259
5696
5776
5935
6180
6305
7216
7259
7607
7640
8220
9133
11033
12668
13413
17748
20659
22544
22975
26711
27090
171
524
542
602
654
1411
2770
3541
3729
4092
4185
4478
4623
5195
7188
7205
7468
8056
8767
9121
10017
14039
15281
15566
15601
16616
20620
20626
22566
24695
291
677
779
842
1056
1083
1152
1169
1296
1428
1996
2570
2622
2638
2652
3157
3549
3743
3836
4164
4497
4544
4611
4706
5700
6056
6249
6271
9474
9886
9917
9921
10214
10415
13269
14115
15275
19213
22541
24751
26866
28614
29885
263
345
804
1224
2066
2528
2793
4012
4460
4872
5168
6406
7032
7611
8038
8166
8341
9346
9361
10359
10376
10560
10571
10872
12562
13796
16489
20268
21284
21401
21801
24650
24700
24869
34751
378
744
780
845
1148
1888
1911
2216
3038
3296
3310
3437
3899
4230
4240
4496
4505
4552
4640
5248
6436
6790
7107
7545
7800
7999
8529
9761
9984
10241
10414
10841
11952
12327
13735
14402
16085
16715
18000
18610
19310
24357
27753
27810
27837
33707
149
252
322
418
424
545
579
709
813
829
871
903
909
1300
1413
1438
1519
1883
1898
2142
2512
2633
3138
3247
3367
3443
3580
3792
4080
4115
4226
4259
4510
4863
5214
5749
6072
6997
7095
7255
7268
7312
9038
9076
9357
10826
11718
12082
12886
13665
16622
16983
18115
18279
18656
20052
20630
21336
23034
24221
27952
34894
35435
113
115
269
429
633
792
867
940
1044
1116
1238
1315
1930
2057
2472
2664
2700
2886
3021
3673
4499
4723
5142
5196
5494
5498
5676
5705
6063
6654
7082
7397
7405
7559
8372
8561
8659
10412
11085
11143
13161
13666
14838
15173
15913
16443
16972
16998
17085
17167
18852
19149
19186
20177
20471
20942
26812
27152
28587
28617
30193
34764
97
169
401
541
770
1068
1070
1312
1367
1464
1602
2507
2760
3064
4174
4383
5172
5212
6176
6836
7074
7457
7532
8001
8081
9366
9958
9959
10915
11261
11356
11825
12415
13984
18697
19685
22034
22565
23383
23456
24059
26713
29761
35263
245
324
339
405
596
794
797
830
1034
1394
2316
2654
3276
3399
3815
4017
4133
4221
4519
4991
5015
5478
5916
5920
5964
6124
6522
7183
7527
7748
8264
8582
9193
10053
10248
10405
10997
11048
11273
11453
12323
13884
14703
15969
16498
17005
17020
17040
18079
18989
19962
20237
20238
21347
22422
26021
26660
28514
28631
28979
33169
35738
138
168
265
699
745
949
1045
1054
1109
1110
1425
1432
1663
1696
1856
2075
2118
2178
2471
2608
2621
3093
3214
3492
3514
3546
3644
3793
3915
3959
4014
4049
4453
4601
4671
4687
4691
4791
4820
5145
5243
5300
5368
5395
5977
6811
6862
6986
7106
7382
8391
9896
10040
10487
10972
12020
12675
12944
13265
13404
14175
14296
14686
15144
16748
17380
22085
23101
24426
25085
25928
26970
27871
119
372
549
638
800
930
1318
1357
1667
1918
1953
2487
2566
2599
2784
2912
3081
3327
4178
4600
4703
4747
4921
5148
5192
5270
5782
6092
6550
6918
6927
7176
7186
7294
7700
7941
8062
8981
9174
9981
10065
10345
11430
11785
12200
12354
12559
13707
13743
14067
16031
16822
16853
17187
17253
18387
20618
23392
23690
25507
26090
29169
33209
35648
336
488
515
547
558
631
837
873
1073
1099
1409
1596
1909
2176
2420
2817
2959
3186
3192
3230
3292
3294
3394
3470
3480
3841
4524
4615
4652
4776
4866
5035
5277
5318
5351
5507
5778
5934
5988
6088
6328
6373
6376
6391
6500
6815
6890
6926
6998
7168
7195
7246
7863
7991
8308
8489
9230
9386
9960
9967
10363
11299
11678
11773
12090
12465
13422
14396
14701
16098
17072
17240
19764
20231
20448
20624
20923
20931
24167
24832
26384
27721
28515
29883
30434
430
570
708
1166
1175
1326
1380
1647
1657
1689
2260
2496
2711
2837
3060
3115
3143
3210
3368
3460
3487
3596
4144
4170
4236
4529
4530
4564
4616
5301
5490
5928
6020
7007
7009
7451
7985
8085
8602
8760
9211
9292
9579
10247
10379
10534
10603
14268
17046
17289
17501
18567
18757
18803
19018
20616
20643
21136
26818
27876
28623
143
381
618
742
803
913
1171
1180
1196
1430
1515
1523
1616
1674
2076
2257
2308
2424
2476
2706
2816
2924
2975
2993
3147
3324
3378
4083
4129
4405
4688
4689
4714
4827
5428
5727
5939
6109
6205
6303
6794
6920
6951
6957
7668
8212
8325
8354
8549
8685
8695
8698
9295
9370
9389
10367
11760
11968
12757
13002
13983
14126
15395
15512
18600
19525
20579
20928
22035
26672
26677
28719
29197
29923
31488
99
459
484
499
501
590
611
719
1092
1154
1163
1204
1287
1297
1436
1485
1524
1845
1892
2110
2583
2690
2699
3325
3417
3565
4306
4556
4588
4645
4650
4692
4728
4812
4835
5100
5314
5960
6855
7577
7615
7802
8044
8353
8884
9496
10827
11043
11667
11762
12148
12195
12436
13113
14029
14228
14256
14301
14870
15179
15981
16788
17128
17268
17541
18991
19130
19374
19475
20661
20821
21350
22352
22446
22757
25488
26036
27170
27208
84
85
625
658
672
758
860
872
1023
1026
1033
1091
1408
1441
1532
2098
2228
2468
2479
2569
2575
2646
2878
2920
2936
2980
3435
3711
3748
4305
4390
4546
4549
4587
4682
4739
4769
5285
5308
5509
5695
6283
6517
6789
7969
7983
8650
8668
8684
9101
9113
10441
11252
11671
12077
12169
13154
13160
13923
14035
14275
14851
16737
17498
18759
19259
20288
20611
20856
21828
22115
22743
23105
23786
23881
24214
24377
25082
27867
27870
27962
29040
29707
137
178
218
246
628
656
733
914
931
933
936
1307
1442
1490
1764
1875
2252
2477
2486
2511
2563
2571
2603
3151
3188
3361
3767
4161
4395
4396
4515
4559
4572
4778
4787
4885
5110
5217
5336
5843
6024
6080
6125
6189
6307
6851
7080
7155
7400
7535
7655
7680
7683
7730
7890
8096
8579
8648
8655
8704
9449
9549
10434
10797
11050
11228
11934
12192
12202
12318
12521
13230
13569
13746
14180
14219
14829
14913
16343
18020
18746
19643
21026
21425
21854
22207
23030
24063
24753
26831
27475
29283
33860
35390
299
346
375
467
817
855
905
1079
1090
1150
1292
1331
1333
1508
1770
1809
2071
2506
2578
2751
3032
3234
3285
3388
3412
3800
4071
4162
4376
4539
4586
4629
4793
4826
4853
5223
5343
5556
5987
5997
6135
6196
6250
6798
6800
6830
6854
6891
6936
7014
7302
7512
7520
7785
8553
8710
8808
9258
9268
9535
9721
9751
9839
9922
10734
10803
10881
11041
11213
11284
11297
11669
11679
11704
11799
12417
12476
12514
12587
12747
13096
13627
13671
14167
14353
14379
14528
14646
14909
15286
15410
15672
15697
16104
16573
16691
16844
17185
17211
17739
17921
18184
18288
18473
18810
18962
19221
19278
19453
19647
19744
19862
20318
20625
20675
21027
21328
21521
21637
21708
22226
22562
22776
23306
23363
24151
24182
24186
24944
25164
25669
26320
26432
26851
27411
27507
27719
28041
28103
28593
28636
28639
28935
29296
29440
29849
30483
31417
32875
32877
33003
33367
34104
34401
34531
35001
35413
35481
35546
35547
35761
35778
36597
36608
176
426
546
557
586
660
670
784
882
1040
1078
1128
1143
1455
1457
1467
1653
1691
1716
1857
1937
2011
2354
2488
2493
2519
2588
2684
2717
2783
2856
3104
3317
3721
3776
3826
4307
4370
4547
4594
5220
5405
5415
5450
5632
5761
5809
5941
5946
5994
6452
6641
6898
7078
7177
7269
7492
7605
7997
8709
8888
8912
9216
9452
9869
9953
10443
10843
10844
11564
11809
11937
12155
12708
12720
13202
13272
13639
13740
13773
13822
14002
15260
15267
15271
16026
16198
16296
16621
16700
16892
17421
18123
19921
20439
21721
22016
23886
24011
24685
25724
26040
26048
26072
26372
26612
26665
27194
28191
29288
31487
32237
35488
142
177
338
436
626
674
945
1088
1097
1170
1389
1390
1393
1475
1484
1541
1665
1670
1810
1852
1873
1939
1976
2029
2041
2619
2725
2847
3105
3272
3552
3943
4146
4274
4392
4521
5088
5319
5460
6060
6445
6546
7105
7179
7538
7604
7816
8219
8240
9883
9932
10111
10334
10574
11243
11619
12291
13928
14394
14580
14752
15120
15195
15531
15839
15953
16191
16727
17037
17314
17488
17565
18657
18714
19664
19681
19835
20221
20997
21319
22329
22777
25744
25864
26332
26849
27967
35232
36078
88
111
183
203
240
456
465
606
684
769
818
1135
1186
1483
1894
2099
2258
2268
2272
2305
2430
2618
3005
3008
3126
3377
3525
3567
3731
3802
3968
4059
4074
4243
4543
4800
5203
5210
5365
5554
5722
6033
6279
6316
6449
6491
6960
7122
7357
7510
7597
7821
7888
7986
8294
8521
8572
8763
9337
9417
10960
12102
12180
14594
14840
14880
16034
16472
16481
17098
17275
17337
17582
18441
18472
18601
20248
20608
21662
22759
23362
23387
23465
23518
24670
26009
26217
26388
27313
28611
28644
28794
32065
34899
35360
35735
344
455
466
555
582
1195
1215
1448
1601
2052
2267
2574
2594
2615
2689
2743
2769
2854
2911
3233
3288
3342
3395
3430
3786
3933
4066
4084
4352
4393
4643
5246
5666
5780
6274
6645
6893
6901
6959
7030
7156
7184
7300
7326
7658
8026
8223
8322
8440
8546
8700
9829
10174
10236
10859
11014
13226
13410
13459
14049
14229
14231
14427
14974
15112
15797
16320
16641
16887
17052
17063
17113
17117
17481
17690
18088
18632
18645
19454
19726
19761
19877
20645
20668
20985
21101
23020
24643
26803
27563
28072
28677
32676
35667
228
398
507
616
943
1052
1167
1182
1288
1347
1351
1404
1517
1662
1731
2092
2211
2265
2596
2604
2623
2661
2701
2790
2814
2971
2972
3067
3205
3448
3650
3680
4103
4155
4195
4254
4375
4578
4686
4726
4854
4946
5177
5264
5316
5435
5456
5785
6447
6887
7187
7277
7385
7679
7815
7945
8160
8186
8833
9008
9364
9578
9616
10302
10613
10799
10833
10920
10922
11194
11216
11229
11259
11711
11821
13116
13178
13200
13418
13560
14001
14269
14287
16416
16449
16451
17124
17153
17160
18474
19202
19700
19856
20257
20884
21544
22787
23197
23450
24475
24819
24911
25761
26529
27892
29600
29649
32166
34618
35514
217
219
374
440
485
495
535
662
706
798
820
982
984
1142
1216
1231
1241
1306
1344
1368
1388
