5038
588
893
566
273
5069
5022
140
458
95
1028
5030
370
647
1768
5033
1139
286
8344
543
155
887
90
80
823
613
1806
2630
530
2718
195
1672
128
1569
82
200
851
102
114
478
353
734
20764
1528
9129
1588
136
2666
1330
554
1053
516
1819
76
4746
1817
4153
151
2348
9137
2737
184
5036
20805
4063
443
342
78
878
7954
225
91
2753
2215
1031
93
444
8557
133
301
33806
308
3237
127
147
1725
3311
416
5020
16625
686
213
106
1507
4880
1304
2939
360
652
8556
520
343
929
1824
1334
1
1365
292
56
4876
4152
9135
2015
72
107
880
5053
232
920
2323
74
1202
22587
1161
314
277
385
910
2111
3027
316
1821
4398
1793
5050
9500
5237
390
939
6084
3844
35675
2253
1927
1359
1371
1970
2088
2773
879
2715
2720
1443
4093
621
13634
89
919
4262
6831
9044
5027
5051
274
960
2728
876
1813
2736
6289
802
79
9861
659
13633
4154
5042
4183
81
402
9132
2601
109
3174
5052
875
2271
5023
1470
6917
192
144
8560
3161
30172
2047
1000
13637
4618
5021
1233
915
13635
5070
8032
8558
10815
928
922
4621
4904
4124
1046
449
2637
26811
4272
3258
918
4216
620
8566
406
4737
11812
8072
9504
2947
5057
26576
539
950
9131
10281
54
1027
5028
287
4755
383
1833
1323
26142
1935
2186
9130
14862
172
244
7059
188
13396
581
1252
1552
593
386
948
5853
30779
9752
28825
75
4224
8565
442
10280
10893
1025
2550
22463
5024
101
9313
279
391
8559
15198
35279
8987
18722
775
23043
4227
8194
5068
165
694
1401
1481
215
1559
3057
24812
3295
5150
86
1185
4027
4256
46
1112
16201
10601
27605
10959
13267
5029
26990
92
9134
815
23873
26584
4205
1050
3742
13266
5032
26854
145
1061
1560
23648
5830
560
3354
18778
24464
53
255
2189
3334
707
1771
6829
1108
4480
13640
11547
1213
26897
716
1087
438
1208
239
1652
2667
6828
923
28933
409
5064
26911
585
1885
4232
5557
22319
23946
30513
5729
1308
2723
17278
645
121
4642
19467
454
819
1628
3058
4757
9754
2746
19815
1118
5061
6707
24890
5587
186
12110
575
924
5045
21255
1168
212
267
614
889
958
8678
8857
24810
1043
1164
1847
9239
457
1234
21241
4534
6653
14338
20374
498
1790
4197
6009
473
773
4065
16207
20183
1030
1259
20963
393
5046
205
822
1207
6231
16202
675
23960
492
3108
9799
974
1316
20966
32745
368
403
604
1126
4075
11744
354
425
898
4538
1459
8071
26856
592
3251
3313
4536
7581
8350
10084
25323
521
1245
1302
14144
14827
23139
2264
9136
12015
853
4121
20654
20919
25158
29813
1762
2741
3266
5049
264
551
22063
22423
537
782
1193
5614
6681
13577
13744
16797
25529
28097
28509
477
1049
1936
3253
3906
10124
12512
367
1767
3535
5190
7657
4486
5824
12076
15247
16692
20157
21236
419
764
1101
1236
3333
3733
4132
6022
6069
6664
7517
8794
13366
254
1104
1765
4477
4545
5881
15264
17181
678
1461
7990
11040
26435
29012
280
7720
11190
12116
300
420
462
751
852
1340
3626
5883
8271
11350
12844
26378
281
423
824
2061
2515
2696
2697
3215
5074
6899
7638
16443
23364
30808
224
861
2524
2651
3033
3050
3200
4995
5333
5518
6782
11165
11494
11890
19325
134
441
1191
1783
2828
3318
7193
7651
13432
153
573
1038
2385
2510
3128
3352
4160
4677
7459
11818
491
766
1111
1310
1313
1597
2296
2613
6049
12676
17179
19720
241
1063
3065
4128
7523
20336
24811
27
796
1668
1966
2091
2263
2740
6876
7998
8340
10897
122
290
587
4767
5202
9079
14065
18603
26015
26709
293
639
1037
1487
2160
4218
4878
7324
13630
180
235
664
666
1095
1188
1332
1350
2516
4223
4884
6193
6340
8315
8629
11680
16867
18384
18861
22359
24467
528
615
1082
1189
1253
1439
2165
2294
4802
5211
5716
6008
6671
6738
6982
7102
7578
8782
10778
11922
13093
13628
16295
16987
18067
19464
19912
24743
26699
30545
112
504
1159
1778
3197
3679
4191
5199
5742
6509
8694
9501
12329
13578
13585
13987
14893
16017
17824
20051
1106
1137
1713
4070
5990
10733
13415
14171
19840
21680
30683
233
295
408
1036
1585
4577
5041
5174
5279
6198
7516
16978
17925
502
513
526
760
1076
1077
1084
1090
1205
1499
1683
4260
4736
6976
7331
8029
9499
11298
19355
20205
24025
24159
132
307
505
508
562
2610
2648
2679
3400
4349
6081
6175
6357
7994
11016
15323
27148
357
1130
1384
2703
2951
3035
3080
4119
6087
6785
7571
9172
10330
13256
14055
17832
22118
636
1132
1354
3271
4176
4263
4560
4651
5943
7541
11204
14886
15666
16710
20652
243
382
451
576
925
1527
1572
2572
2573
2705
3226
3246
3280
3635
5276
5398
5733
6202
7428
7467
11692
12800
14036
14196
14241
18617
19721
83
221
355
452
682
727
1113
2943
3245
4451
5105
5141
5963
6258
6320
7083
7283
12350
13427
13747
16782
20353
27812
326
842
897
1102
2229
2580
2673
3604
3795
4450
8169
8878
9358
9527
10245
11527
13658
15146
19249
20692
21581
22201
23840
331
509
510
812
1324
1422
1607
2383
2436
2564
3169
3791
4323
4698
5170
5971
6242
6783
6833
11083
12456
13405
15990
16210
26832
30184
175
242
315
564
657
700
917
966
1153
1162
2144
3104
3649
7165
7553
7993
8103
10458
10958
11353
13175
13268
13421
16203
18748
20990
22021
25766
25791
171
481
544
736
778
967
1831
1922
2288
2503
2680
2937
3100
3241
3344
4140
5681
6031
6734
6944
10032
10278
13424
14057
15201
19284
20220
20632
23371
25504
26162
561
653
691
735
753
1103
1458
1592
1891
2620
2782
3899
4246
4378
4639
5071
5286
5536
6921
7113
7531
7721
8524
8740
11423
14577
14876
19876
20669
13
196
418
563
839
934
959
1032
1042
1048
1055
1305
1549
1781
1899
1944
2090
2279
2992
3145
3593
3904
4760
5075
5748
7235
7437
11352
11394
18719
20482
23869
24152
25080
35732
340
364
413
500
661
787
1071
1210
1356
1615
1797
2121
2269
2303
2565
3171
3219
3236
3418
4288
4335
4426
4752
5695
5833
6405
6488
6909
7663
7927
9534
12542
26033
27728
30201
230
401
519
522
580
610
673
696
1051
1059
1886
2579
2935
3039
3370
3823
4142
4238
4517
4699
4766
5215
5531
5552
6845
7140
10414
10903
10928
11117
13419
14189
15187
16288
19826
19901
24650
26163
28873
284
475
579
602
623
703
745
780
1160
1818
2060
2276
2560
2953
3110
3223
3267
3427
4504
4513
4522
5118
5224
5315
5384
5787
6872
7784
7991
10415
11077
13631
14114
16216
16781
18880
20237
23483
23868
27888
29101
32840
156
313
688
726
882
991
1190
1228
1429
1546
2577
2818
3107
3109
3263
3461
3499
3836
4237
4740
5799
5839
6056
6180
6560
6600
6892
7096
7103
7484
7558
7640
8031
9175
9300
10181
11033
11827
12434
13205
13820
13979
14841
15166
15331
16503
17893
18808
19240
19823
19872
20280
20772
22321
22341
22694
25595
28014
28514
28642
29818
29851
30340
34497
34529
35115
166
345
525
533
595
723
792
794
837
874
1105
1478
1697
1759
1763
1788
2096
2590
2635
3016
3127
3323
3356
3476
3994
4092
4164
4644
4687
4879
5212
5471
5500
5645
6003
6047
6144
6255
6786
6889
7641
7995
8016
8699
8938
9502
9933
10384
11099
11522
11846
12421
12482
12896
13303
13409
13423
15465
17993
20820
22738
22920
30862
263
446
448
480
708
817
863
1265
1289
1953
2603
3297
3350
3364
3924
4700
4937
6406
6735
7089
7547
7701
8850
9361
9521
10972
11446
11952
12363
15164
16496
17240
18283
19382
19466
20378
21432
21458
22385
25658
25826
27796
322
493
789
860
871
1217
1222
1238
1411
1803
1815
1951
2018
2254
2270
2472
2491
2640
2708
3473
3530
3792
3949
4210
4531
4697
4815
5026
5339
5515
5907
6015
7120
7530
7551
7863
8005
9251
10112
11925
13972
14141
15386
16622
17642
19026
20931
22913
23676
23722
24153
24780
26803
27404
30834
362
389
399
524
594
712
1056
1057
1198
1326
1396
1472
1521
1665
1734
1798
1880
2216
2593
2633
2642
2668
2770
3214
3330
3357
3743
4497
4678
4681
5920
5964
6048
6068
6131
6460
6523
6898
7544
7552
10641
12354
12668
15282
16808
17512
18590
19711
21582
22354
22525
23082
23140
23317
23421
23490
24691
24751
24889
27962
29625
299
548
709
884
890
903
1145
1221
1406
1619
1772
1809
2125
2692
2700
2785
2912
2941
3043
3143
3688
4221
4680
5467
5769
6702
6803
7047
7183
7294
8374
9021
9038
10017
10872
11214
12362
12770
13731
13883
14155
14255
14396
14694
16242
16461
16489
17284
20620
21801
22975
23687
26007
27475
319
349
424
517
556
570
607
654
704
805
971
1018
1196
1320
1594
1919
2168
2234
2320
2570
3244
3518
3849
4139
4200
4259
4498
4603
5242
5318
5939
6023
6305
7312
7405
8030
10387
10969
11227
12665
14134
14145
14285
16630
17100
19836
20626
21580
23288
23456
26021
26817
26866
27233
28901
30448
228
400
523
779
820
830
885
895
907
1034
1073
1122
1166
1312
2066
2218
2290
2471
2509
2518
2638
2922
2977
3129
3157
3379
4193
4459
4542
4827
5666
5696
5856
5988
6855
7548
7736
7975
8056
8411
9589
9967
10359
11143
11453
11598
11813
13174
13486
14156
14402
18033
18757
19126
19213
20238
24357
25089
25325
26711
26863
30193
33954
35263
378
531
545
642
677
772
808
869
1045
1292
1642
1660
1667
1800
1807
1911
2262
2386
2631
2754
3091
3185
3316
3438
3580
3729
4505
4510
4556
4872
5217
5490
6654
7032
7082
7515
7559
8038
9474
9886
9984
10405
10412
11191
11864
12178
12786
13022
13748
13756
16318
16618
17005
18773
18826
19125
20939
20958
22544
25124
25326
26036
26141
28979
29883
33707
97
217
269
358
549
603
1054
1070
1387
1416
1686
1696
1775
1856
2563
2800
2959
3001
3015
3112
3327
4074
4148
4358
4478
4544
4791
4920
5248
5259
5749
6020
6063
6582
6706
7186
7545
7549
8372
8543
8981
9121
9133
9346
9910
9921
10334
10374
10487
10560
11261
11631
13735
13796
13948
14942
15003
15275
16983
17020
17283
19310
19548
19685
19715
19962
20918
22566
26090
27837
33056
34894
5
599
681
867
873
1083
1099
1109
1120
1148
1179
1287
1296
1307
1428
1464
1602
2250
2420
2595
2599
2621
2724
3276
3310
3549
3644
3786
3933
3969
4133
4220
4640
4703
4706
4800
4852
4863
5210
5351
5935
6790
7205
7401
7800
7962
8308
8582
8650
9761
10571
10620
10997
11718
12409
12886
15281
15566
16191
16853
17113
17167
19307
19475
20231
20616
20618
20659
20964
22446
26851
29197
85
250
558
633
724
731
742
969
1154
1315
1380
1394
1656
1674
1689
1828
2178
2300
2497
2569
2608
2784
3138
3294
3460
3470
3541
3767
4460
4490
4572
4650
4692
4838
4847
5110
5225
5277
5498
5511
5702
6143
6518
6836
6891
7007
7009
7155
7255
7259
7397
7812
7941
8166
8193
8220
8264
8767
9496
9896
9909
9917
10376
10484
11031
11115
13161
13269
13665
13923
14161
15601
16822
16998
19283
21284
22422
22529
23034
25640
26812
27149
27810
34751
154
174
178
405
578
1169
1171
1438
1892
1930
1960
2076
2098
2512
2576
2622
2878
2936
3021
3133
3234
3309
3546
3680
3841
3959
4012
4080
4136
4169
4203
4236
4305
4306
4684
4778
4866
5102
5287
5660
5782
5926
5998
6677
7188
7203
7292
7400
8876
10053
10247
10345
10363
10960
11043
11284
11667
13984
14175
14219
14427
14686
16788
17268
18000
18009
18079
18310
18387
18759
20268
20471
22085
23369
24700
24869
26677
35435
35648
35738
115
149
465
506
590
625
769
1093
1110
1163
1297
1519
1654
1760
1898
1939
2011
2519
2706
2711
2924
3115
3210
3292
3437
3565
3915
4014
4129
4499
4524
4529
4564
4586
4616
4623
4691
4723
4747
5192
5368
5395
5776
5916
5941
6088
6210
6249
6376
6794
6927
7095
7105
7177
7228
7611
7999
8001
8561
9193
9292
9981
10825
10841
11678
12465
13202
13404
13884
14256
14703
14880
15144
16498
16812
17336
17501
18279
18600
18657
19186
19764
20208
22034
23101
24426
24832
25928
28623
29761
34764
169
245
271
312
515
541
542
547
586
618
624
930
937
1023
1068
1074
1224
1373
1486
1538
1937
2118
2142
2299
2398
2588
2690
2975
3285
3487
3755
3815
4115
4161
4226
4240
4376
4383
4392
4539
4601
4652
4688
4689
4714
5015
5076
5214
5406
5948
6176
6517
6920
6951
6986
7106
7107
7451
7597
7615
7786
7802
7848
7983
8186
8341
8659
8684
8710
9113
9357
9959
10040
10065
11356
11671
11825
12020
12077
12082
12327
13154
14039
14115
14287
14296
14594
14701
15969
16472
17040
17063
17153
17253
17748
18610
18697
19149
20177
20923
24059
25864
28617
28631
29169
29923
33169
119
296
339
584
656
733
762
800
828
949
1097
1578
1742
2092
2256
2424
2575
2699
2790
3032
3038
3240
3259
3296
3324
3412
3417
3443
3514
3727
3845
3970
4083
4173
4476
4496
4600
4682
4793
4991
5142
5168
5195
5301
5705
5713
6026
6271
6447
7246
7268
7302
7457
7512
7711
9211
9549
9839
9960
10248
10603
11050
11113
11669
11773
11799
12090
12415
12559
13147
13414
14126
14301
14870
15513
16031
16204
16228
16972
18989
20052
20630
21136
21401
21497
21854
23383
23690
24167
26040
26713
27721
27867
28719
30329
33209
113
229
436
638
845
909
940
1086
1133
1413
1425
1430
1436
1523
1670
1862
1875
1883
2057
2316
2477
2487
2585
2646
2886
3141
3147
3209
3247
3430
3492
3673
4057
4230
4243
4393
4453
4519
4547
4615
4820
4835
4853
5148
5196
5285
5308
5494
5676
5700
5778
6080
6436
6522
6550
6789
6918
6997
7074
7144
7218
7535
7668
7939
7997
8081
8335
8489
8671
8695
9230
9579
10797
10844
10915
11048
11252
11273
13113
13265
13413
13666
13743
14268
14838
15112
16748
17046
18567
18852
20643
20645
22565
23023
23392
23706
24221
26660
26970
27313
27753
27871
27876
28587
28611
32237
84
168
341
430
455
658
758
770
984
1096
1152
1195
1471
1535
1596
1616
1823
1853
1873
1996
2251
2308
2468
2479
2652
2751
3064
3105
3230
3367
3399
3435
3596
3802
4071
4546
4671
4694
4758
4787
5035
5177
5632
5928
5960
6125
6811
6854
7216
7300
7468
7510
7785
7821
7888
8353
8529
9076
9366
9370
9751
9958
10441
10443
10734
10949
11041
11762
12476
13201
13983
14067
14800
14913
15165
15395
15697
15913
16616
16737
17072
17380
18612
18721
19374
20448
21101
21328
22541
22743
23351
23786
24182
24685
25082
25488
26612
27152
27194
27719
28636
29040
31488
35390
324
372
374
429
470
628
660
713
797
931
1135
1150
1291
1300
1318
1347
1357
1442
1517
1643
1657
1663
1736
1835
1871
2176
2493
2506
2559
2578
2615
2760
2817
2972
3122
3188
3192
3317
3368
3480
4049
4060
4396
4587
4728
4782
4854
4939
5145
5270
5415
5677
5843
5934
6024
6072
6109
6124
6205
6250
6279
6307
6328
6793
6890
6926
6957
6998
7176
7269
7326
7520
7521
7577
7655
7679
7700
7815
7969
8062
8085
8096
8160
8391
8668
8685
8962
9101
9449
10174
10803
11085
11194
11679
11760
11785
11968
12169
12195
12318
12417
12436
12514
12608
13822
14275
14851
16026
16085
16236
16437
16691
16727
16844
17037
17128
17185
17187
17541
17582
17690
18725
18856
19643
19786
20257
20288
20928
20942
21026
21319
21336
22035
22352
22777
23030
23363
24214
25085
26011
27170
27808
29283
29885
176
336
467
499
582
631
784
818
838
855
872
1079
1116
1158
1176
1215
1368
1409
1423
1457
1504
1508
1691
1716
1909
2039
2184
2430
2619
2623
3186
3386
3388
3711
3826
3966
4146
4275
4293
4390
4395
4561
4588
4629
4726
4921
5090
5220
5243
5246
5405
5428
5464
5509
5556
5726
5780
5786
5987
5994
5997
6092
6111
6117
6196
6283
6372
6391
6410
6645
6830
7237
7527
7532
7538
7680
7683
7748
8044
8326
8354
8553
8808
8912
9008
9174
9268
9452
9535
9578
9721
9869
9922
9953
10214
10367
10379
10827
10881
10934
11213
11228
11619
11648
11821
11937
12155
12291
12323
12720
13203
13627
13671
13746
13928
14167
14180
14269
14353
14394
14646
15267
15286
15672
15981
16098
16296
16343
16573
16646
17124
17211
17289
17421
17565
17739
18115
18184
18288
18472
18473
18601
18746
18803
18810
18962
19221
19278
19453
19525
19647
19664
19681
19744
19862
19921
20856
20997
21027
21426
21521
21637
21708
21721
22562
22776
23306
24151
24186
24377
24475
24643
24944
26161
26320
26332
26372
26432
27208
27411
27490
27507
28041
28072
28103
28191
28593
28639
28935
29296
29440
29849
30434
30483
31417
32875
32877
33003
33367
34401
34464
34531
35001
35413
35481
35761
35778
36078
36597
36608
55
309
381
466
591
674
699
803
804
905
945
1033
1040
1078
1091
1092
1094
1098
1127
1141
1218
1303
1344
1448
1467
1485
1532
1541
1728
1764
1770
1934
2099
2257
2267
2362
2486
2488
2507
2528
2566
2571
2618
2628
2664
2725
2847
2868
2993
3066
3067
3081
3377
3721
3944
3965
4144
4174
4241
4352
4370
4380
4535
4686
4735
4812
5100
5314
5320
5638
6038
6060
6135
6327
6373
6452
6486
6862
6936
7014
7128
7195
7477
7605
8099
8206
8294
8303
8549
8572
8648
9216
9295
9364
9829
10241
10859
11297
11564
11786
11809
12200
12277
12575
12587
13002
13096
13272
13639
13740
13773
14001
14170
14231
14434
14528
14580
14881
14974
15173
15297
15410
15512
15797
16034
16641
16700
16846
16887
16892
17085
17098
17314
17337
18088
18645
19130
19258
19260
19877
20248
20579
20821
20884
21398
22329
22787
23881
24011
24063
24670
24695
25669
25724
25744
26384
26672
27967
28614
28619
29288
29707
30797
32166
33860
34104
35362
35488
35546
35735
118
146
164
218
240
252
338
346
398
440
471
484
606
626
829
862
913
943
985
1142
1146
1180
1328
1388
1397
1475
1483
1490
1558
1647
1723
1810
1845
1849
1857
2075
2110
2298
2496
2592
2654
2766
2771
2814
2816
2954
2963
3008
3196
3272
3275
3288
3345
3651
3699
3793
3800
4017
4166
4180
4182
4405
4462
4549
4563
4643
4868
4885
4946
5172
5271
5307
5343
5344
5435
5684
5722
5727
5745
5953
5977
6316
6336
6443
6491
6700
6715
6948
6959
6960
7503
7533
7695
7730
7816
7945
8064
8219
8325
8440
8569
8579
8669
8698
8760
9417
10096
10434
10534
10929
11286
11934
12521
12562
13116
13230
13707
13724
13967
14002
14049
14379
14446
14752
15300
15839
16378
16481
16759
17052
17117
17234
18020
19257
20624
20668
20976
21350
21828
22016
22047
23044
23197
23518
25466
25507
25761
26072
26217
26831
27612
28794
29600
30182
32676
34069
34489
35547
99
142
143
183
223
265
384
641
737
951
972
1175
1186
1211
1255
1389
1601
1851
1888
1893
1902
2041
2071
2268
2333
2480
2567
2574
2676
2854
2910
2980
2986
3151
3290
3304
3378
3390
3513
3731
4026
4126
4365
4594
4611
4645
4739
4826
4864
4947
5025
5252
5299
5303
5451
5460
5465
5476
5698
5761
5803
5809
5985
6128
6150
6189
6236
6274
6800
6834
6901
6958
6973
7005
7156
7200
7248
7492
7526
7555
7778
7833
7890
7986
8026
8177
8204
8417
8602
9258
9344
9442
9616
10081
10613
10826
10849
11014
11229
11299
11636
12148
12202
12355
12675
12708
12757
13200
13568
13922
14035
14264
14465
15260
15330
15912
15953
16021
16451
16813
16930
17116
17706
17921
18123
18474
18493
18632
18972
19202
19259
19875
19893
20013
20221
20985
21160
21347
21528
21662
22115
22117
22596
22659
23076
23097
23362
23432
23448
23802
24693
24872
25163
26665
26818
26849
26883
26912
27036
27360
27435
27749
27892
27952
27979
28677
31487
33040
34363
35232
35639
35667
111
260
456
459
557
559
596
684
754
798
813
865
933
1026
1081
1170
1370
1408
1441
