5038
588
893
566
273
5069
5022
5030
140
1028
1768
95
647
370
5033
1139
458
155
8344
887
543
286
80
613
90
1806
823
1819
2630
530
2718
1672
195
851
1569
82
128
200
114
102
353
20764
478
1588
1528
9129
516
734
1053
136
2666
4746
4153
1817
1330
7954
5036
151
554
78
184
76
2348
443
2737
91
225
444
342
9137
2215
4063
93
878
308
20805
343
8557
3311
33806
3237
147
1725
5020
686
1031
2939
2753
16625
127
8556
1507
301
106
133
1304
292
4880
652
213
416
1824
1365
1334
1
880
929
56
2111
360
2015
9135
385
2323
72
4876
520
4152
5053
920
1161
4398
1202
107
232
314
939
5237
5050
1821
3027
621
1793
910
9500
277
390
6084
316
74
1359
35675
22587
1371
3844
802
2253
2720
2715
13634
89
79
6831
879
4262
274
919
2088
1927
9044
2773
4093
5027
960
4183
2728
875
2736
5052
6289
10815
928
2601
1470
402
659
876
1970
2271
13633
81
5023
5042
8560
9132
4618
144
4154
5051
9861
1813
3161
109
915
13637
192
2047
3174
8032
13635
1443
30172
950
1233
1000
8558
5070
620
6917
922
5021
5057
11812
54
4621
287
3258
449
1046
2947
26576
4216
406
4272
26811
2637
383
442
918
8072
4755
9131
539
5853
1833
4737
5028
101
22463
188
1935
26142
9504
1323
2186
75
2550
1025
1027
10280
4904
8566
13396
8565
15198
30779
244
10893
9130
9752
4124
7059
10281
28825
3057
3295
391
1252
8559
948
172
815
4227
14862
581
279
1552
35279
5024
18722
9313
560
694
775
23043
255
1112
1168
1481
4224
5068
716
1185
5029
23873
46
92
819
1628
215
773
1087
53
10601
26990
86
386
1050
5830
16202
1401
5064
8987
13267
26854
593
1308
4256
9134
26897
10959
889
1559
5032
8194
27605
2667
3354
5557
12110
13266
454
1108
5150
11547
24464
165
2723
24890
186
6829
13640
26911
409
4027
18778
23648
26584
678
1259
1560
24812
707
1461
2189
4205
5061
6009
8678
19815
22319
585
1885
4232
4642
4757
23946
28933
30513
145
675
924
1767
12116
121
233
403
592
645
16207
212
492
1043
19467
21255
923
958
1111
3334
8071
24743
239
498
1847
20183
1213
1771
2515
2746
4121
4884
5045
5046
6231
8857
14144
367
575
3058
8350
9754
11190
14338
20374
20963
24810
205
448
853
1030
1164
3604
6664
17278
32745
521
526
1063
1316
1572
1790
3108
3742
4197
4536
5729
11744
23960
368
471
1061
1208
1762
2294
4132
6828
9239
10084
20966
24811
441
666
974
1071
1126
2061
2296
2509
3266
3318
4075
5049
6069
9172
21241
22063
25158
26015
29813
264
281
357
764
2741
4480
5211
5614
6707
8694
9799
25323
26162
614
1652
2264
3253
6899
11350
16201
20919
26856
112
180
267
354
423
425
438
604
925
1217
1354
3370
3535
4065
5190
6681
7990
8794
11040
12076
12512
13577
15264
20336
23364
25529
28097
28509
83
300
457
470
473
525
723
861
1104
1118
1188
1245
1350
1713
2090
2953
3065
3251
3333
4534
4545
5276
5587
6022
6782
6921
7428
8271
10124
11165
12015
13366
13427
13744
20157
21236
196
243
393
462
537
639
772
1193
1891
3733
4193
4477
4486
5199
5333
5742
7102
7720
9136
10958
12844
17181
20654
29012
235
254
528
824
1207
1936
3906
4677
4995
5074
5883
6202
6357
7324
8315
13424
14827
16210
18603
30808
271
280
408
673
1077
1189
1783
2385
2696
2937
3050
3313
5202
5286
5518
7531
7657
10928
11922
12329
13987
14171
15247
16692
16797
16978
20353
22118
22423
175
315
513
664
898
1051
1101
1324
2160
2577
3128
3200
4723
5279
5881
5963
6518
6738
11494
12800
17824
26378
293
587
796
839
959
1076
1113
1234
1340
1668
1734
2165
2263
3080
3226
3267
3626
4070
6876
6982
7193
7459
8374
9499
10897
11204
11298
11890
12350
13630
14065
17179
18861
18880
19325
21582
24467
156
263
382
491
700
782
787
966
1049
1057
1302
1310
1546
1778
2066
2524
2573
2610
2703
2740
4160
4451
4577
4767
4802
5174
5824
6008
6081
6144
6193
6405
6785
7547
7641
8629
10733
11680
11818
12676
13093
13578
13628
16017
16987
18067
18384
18748
19464
19720
19840
19912
20051
20205
26699
26832
30545
27
134
224
284
727
1059
1137
1153
1162
1585
1797
1899
1966
2091
2270
2288
2613
2651
2992
3033
3400
3949
4128
4760
4766
4878
5833
5990
6049
6198
6509
6976
7467
7786
7998
10330
10778
13268
13585
14057
14886
15323
16216
19711
22359
23840
24025
26007
355
446
580
615
712
735
766
1038
1056
1082
1095
1130
1159
1356
1384
1499
1615
1760
1772
1951
2269
2398
2510
2564
2565
2648
2818
2828
3145
3215
3263
3679
3743
4238
4246
4260
4560
4678
5943
6031
6242
6671
6944
7165
7283
7552
7578
8340
8782
10245
10278
10903
11631
11692
12456
13175
15666
17925
20652
23483
26709
30184
171
378
389
452
504
548
704
751
813
822
897
1042
1084
1205
1253
1313
1459
1487
1759
1922
2060
2144
2383
2936
3016
3171
3219
3241
3244
3418
3688
4218
4263
4393
4752
5105
5145
6653
6786
7113
7331
7401
7541
7551
7638
7651
7721
12896
13256
13415
13432
13747
14196
14577
15990
16503
16983
20620
20990
21680
24159
27149
27962
28901
13
481
506
508
531
556
576
602
642
658
661
677
753
778
852
934
1070
1176
1190
1439
1592
1686
2229
2503
2697
3038
3280
3461
3649
4140
4349
4616
4736
5071
5170
5716
5948
7083
7140
7516
7523
7571
7581
8103
8699
9501
9527
9909
10458
11352
11527
14838
14893
16782
17832
19284
19355
20220
20692
22201
23722
24650
25326
25766
132
143
146
230
242
269
290
477
524
551
562
573
578
603
691
789
812
1032
1105
1143
1160
1406
1765
2121
2262
2620
2673
2679
2751
2770
2782
2951
3039
3223
3352
3580
3792
3904
4142
4191
4450
4517
5748
5799
6175
6250
6258
6320
6406
6909
7096
7607
7663
7736
7994
8169
8524
8659
9079
11353
11423
13413
13658
13756
14036
14055
14134
14841
14876
18617
19249
22385
23139
24152
27812
30683
324
362
399
451
544
584
599
670
696
863
907
991
1103
1110
1152
1198
1373
1422
1803
1807
1880
2580
2628
2631
2680
2708
2754
2943
3197
3271
3296
3297
3379
3795
4378
4497
4699
4700
4879
5026
5118
5277
5339
5939
6026
6488
6794
7228
7530
7545
7640
7821
7848
8016
8411
8878
9521
9534
10359
10384
11085
11394
11827
12362
13419
13631
14114
14141
14255
15165
15331
16085
16867
19213
20616
22021
23025
23868
23869
24780
25080
25504
26435
29101
29197
29625
118
153
154
241
296
358
419
555
586
681
682
708
967
971
1018
1048
1086
1102
1106
1109
1170
1428
1471
1521
1788
1798
2096
2125
2142
2252
2279
2303
2436
2472
2497
2570
2579
2642
2705
2724
3236
3323
3427
3499
3593
3727
3791
4223
4288
4522
4542
4639
4644
4698
4728
4863
4872
4937
5500
5787
5839
6003
6068
6560
6654
6702
6735
6783
6845
6889
7503
7517
7549
7700
7995
8223
9358
9917
9959
10374
10487
10620
11083
11099
11191
11522
11846
11925
12178
12354
12421
12665
13147
13160
13201
13303
13423
13486
13748
16288
16318
16461
16622
16808
17336
17512
17993
18009
18283
18808
19240
19466
19872
20280
20482
20632
20772
21425
21426
22321
22341
22566
22694
22738
22920
23317
25124
25595
25791
26033
28014
28873
29818
29851
29885
30340
30862
34497
34529
35115
228
313
322
326
339
345
505
523
561
563
610
631
724
760
842
865
885
917
1037
1132
1236
1291
1320
1409
1411
1472
1478
1818
1828
1831
1886
1911
1960
1996
2218
2516
2635
2692
3185
3245
3823
3841
3994
4092
4161
4176
4210
4323
4335
4460
4478
4544
4640
4688
5102
5141
5318
5531
5536
5681
5696
5907
5971
6015
6087
6255
6523
6734
6833
6872
6892
7007
7103
7156
7235
7255
7400
7437
7484
7784
7812
7927
8193
8335
8740
8850
8938
9502
9589
9896
9933
10414
10560
10872
12482
12542
12770
12786
13161
13883
13948
13972
14155
14189
14694
15166
15201
15395
15465
15913
16203
16242
16295
16443
16496
16618
16715
17501
18279
18590
19126
19278
19823
19876
19901
20669
20820
20918
20939
21581
21801
22034
22975
25826
27233
27728
27796
28642
30201
30834
35732
115
223
344
420
517
522
623
657
745
779
884
1034
1044
1083
1090
1120
1265
1318
1396
1429
1442
1485
1517
1549
1594
1607
1835
1919
1944
2011
2168
2216
2234
2276
2512
2621
2622
2638
2793
2924
2977
3032
3035
3100
3107
3110
3112
3127
3157
3209
3310
3350
3356
3378
3386
3412
3437
3492
3530
3635
3673
3845
3924
3970
4080
4139
4164
4392
4440
4490
4680
4681
4697
4758
4815
4866
4970
5148
5172
5215
5223
5224
5398
5467
5769
6131
6340
6500
6715
6790
6998
7032
7082
7089
7397
7405
7468
7520
7993
8005
8044
8236
8372
9021
9389
9886
9958
10032
10112
10181
10241
10641
10841
10937
10972
10997
11117
11813
11864
12363
12886
13409
13421
14156
14396
14942
15187
15386
16481
16998
17005
17284
17289
17642
18773
18826
19721
20238
21544
22422
22529
22541
22544
23140
23288
23490
23676
23687
24691
24889
26863
29761
33056
33954
97
119
218
307
318
424
455
590
607
636
653
726
838
860
882
890
1054
1122
1141
1145
1169
1171
1179
1215
1222
1289
1368
1390
1410
1432
1619
1642
1656
1665
1800
1809
1897
2076
2098
2250
2299
2386
2420
2590
2599
2633
2640
2920
2922
2941
2960
3104
3133
3147
3246
3294
3327
3443
3473
3549
3565
3729
3748
3766
3849
3899
3933
3969
4059
4071
4133
4200
4240
4293
4426
4505
4510
4513
4615
4623
4651
4684
4726
4739
4826
5041
5287
5315
5415
5490
5779
5856
6023
6048
6072
6305
6307
6328
6436
6460
6582
6893
6898
6997
7105
7176
7188
7527
7863
7962
8030
8031
8543
8549
8582
9251
9292
9361
9474
9751
9910
10363
10387
10415
10484
10859
11033
11077
11143
11227
12090
12323
12434
12562
12608
12668
13174
13202
13405
13731
13796
13820
14039
14115
14161
14285
15003
15146
15164
16031
16191
16489
16616
16630
16727
16812
18000
18310
18719
19258
19310
20177
20268
20378
20958
21401
22085
22207
23456
24153
25640
25864
26036
26851
27404
27810
27888
28611
30329
30434
30448
35435
166
174
349
364
400
459
519
570
703
731
754
792
794
869
931
937
951
1023
1045
1096
1099
1180
1287
1326
1332
1395
1416
1457
1458
1483
1519
1597
1654
1660
1667
1939
2018
2211
2254
2256
2290
2300
2320
2476
2491
2518
2560
2572
2619
2652
2664
2668
2690
2784
2910
3001
3043
3091
3109
3230
3292
3316
3324
3342
3344
3438
3460
3470
3491
3546
3552
3596
4012
4148
4236
4358
4459
4496
4504
4530
4531
4538
4601
4706
4717
4740
4795
4812
5196
5212
5242
5243
5301
5515
5645
5695
5916
5964
6056
6124
6180
6249
6674
6677
6706
6793
6803
6867
6920
6991
7074
7120
7183
7216
7302
7513
7526
7532
7544
7548
7668
7941
8166
8669
8767
8888
9133
9496
9579
10017
10065
10376
10521
10571
10603
10734
10969
11043
11050
11214
12327
12476
13022
13269
13707
13724
13979
13984
14446
15281
15601
16104
16498
16972
17283
18033
18079
18387
18612
19018
19026
19307
19382
19548
19715
19826
19836
20618
20626
20630
20643
20659
20675
20923
20964
20985
21319
21458
22525
23082
24357
25089
25658
26711
27152
27837
28515
28636
28719
29040
34751
34894
35738
5
55
122
203
221
245
252
265
291
295
309
418
475
500
502
509
510
542
549
594
596
606
616
625
626
656
688
808
816
818
871
909
930
949
1068
1073
1092
1148
1150
1166
1203
1221
1224
1296
1297
1300
1305
1307
1331
1387
1393
1425
1436
1441
1523
1527
1674
1683
1689
1736
1781
1815
1875
1892
1894
1898
1953
1989
2039
2316
2477
2574
2593
2608
2659
2700
2711
2743
2817
2868
2935
2975
2980
3021
3117
3141
3143
3169
3192
3210
3259
3308
3357
3364
3476
3489
3541
3644
3802
3959
4014
4017
4083
4203
4220
4230
4252
4259
4305
4365
4390
4453
4476
4499
4546
4547
4586
4588
4650
4652
4671
4687
4691
4838
4852
4883
4885
5025
5035
5075
5142
5195
5314
5384
5406
5471
5478
5498
5676
5702
5749
5778
5782
5843
5920
5926
5988
6047
6063
6210
6373
6376
6391
6600
6836
6840
6903
7047
7127
7177
7186
7237
7357
7457
7558
7611
7653
7701
7730
7800
7975
7985
8056
8081
8219
8345
8529
8648
8684
8760
8876
8981
9076
9113
9121
9175
9357
9366
9921
10053
10214
10248
10412
10826
11016
11031
11048
11115
11243
11261
11284
11297
11446
11773
11934
12082
12409
12436
13002
13205
13404
13410
13665
13983
14170
14175
14231
14256
14268
14296
14880
14917
15275
15282
15513
15566
15926
15969
16464
16748
16781
17040
17167
17240
17253
18656
18852
18989
18991
19366
19685
20448
21026
21415
22117
22354
22446
23101
23351
23706
23786
24059
24167
24182
24776
24819
26665
26970
27170
27313
27475
27612
27721
27808
27876
28623
28631
30193
32840
33169
33209
33707
34764
35360
35648
149
178
229
331
426
436
456
465
485
490
493
507
541
559
662
674
709
742
744
769
780
803
805
829
867
873
940
945
969
1055
1081
1116
1140
1154
1163
1191
1204
1228
1238
1339
1394
1413
1524
1579
1596
1601
1662
1663
1763
1775
1823
1843
1856
1862
1873
1883
1888
1918
2041
2110
2176
2268
2424
2486
2488
2489
2576
2588
2699
2701
2706
2748
2783
2816
2837
2959
2971
3005
3060
3067
3122
3138
3188
3285
3330
3417
3430
3435
3448
3480
3711
3815
3836
3915
3968
4049
4057
4119
4136
4144
4146
4170
4178
4275
4294
4306
4376
4383
4549
4682
4703
4787
4791
4920
4939
4946
5015
5220
5225
5264
5302
5308
5395
5437
5460
5511
5708
5733
5776
5928
5985
6020
6080
6088
6135
6522
6550
6641
6798
6948
6958
7107
7122
7179
7187
7203
7205
7218
7259
7294
7515
7553
7559
7577
7615
7655
7983
8085
8353
8392
8521
8655
8668
8695
8710
8808
8962
9193
9216
9337
9449
9549
9839
9932
9960
9967
10345
10405
10797
10920
11041
11071
11194
11273
11430
11678
11718
11760
11799
12077
12155
12169
12180
12575
12747
13113
13154
13265
13422
13583
13743
13746
13922
14275
14580
14686
14701
14703
14829
14913
15144
15173
15271
15512
16098
16198
16228
16449
16700
16710
16737
16788
17098
17100
17124
17185
17187
17236
17268
17380
17541
17582
17893
18115
18600
18697
18803
18856
19149
19643
19761
19862
19962
20052
20208
20231
20318
20579
20821
21101
21136
21284
21328
21336
21423
21432
21854
22913
23034
23371
24221
24377
24832
25085
25488
25928
26141
26660
26817
26818
26866
27090
27148
27208
27333
27719
27725
27952
28587
28979
29283
29923
31405
35263
88
131
137
168
176
236
312
374
405
429
488
545
547
564
618
628
633
638
668
687
699
730
733
736
784
820
837
855
872
874
895
903
914
1026
1033
1078
1079
1091
1149
1175
1181
1195
1197
1210
1211
1306
1333
1464
1467
1486
1490
1508
1541
1548
1550
1616
1629
1657
1716
1893
1930
1937
1997
2045
2078
2295
2305
2468
2479
2487
2506
2507
2519
2528
2566
2578
2595
2596
2684
2702
2769
2771
2781
2785
2790
2792
2931
2932
3081
3082
3115
3186
3276
3288
3317
3325
3336
3388
3399
3404
3518
3597
3721
3732
3773
3800
3827
3943
3947
4074
4155
4169
4174
4185
4226
4231
4237
4243
4274
4388
4395
4396
4462
4515
4521
4529
4535
4564
4572
4587
4594
4629
4643
4714
4719
4776
4793
4827
4847
4855
4868
4921
4938
4974
4991
5082
5083
5088
5110
5158
5192
5217
5248
5252
5307
5368
5405
5417
5419
5494
5509
5556
5666
5700
5705
5722
5726
5727
5745
5780
5934
5941
5946
5953
5987
5994
5997
6060
6085
6109
6117
6140
6176
6196
6209
6274
6283
6410
6449
6452
6552
6596
6687
6801
6815
6830
6834
6846
6851
6864
6868
6891
6936
6951
7106
7162
7172
7184
7246
7269
7295
7300
7303
7451
7477
7492
7512
7538
7554
7597
7618
7680
7711
7748
7770
7816
7945
7969
7992
7997
8001
8034
8038
8051
8062
8186
8220
8264
8294
8308
8325
8354
8391
8489
8553
8561
8572
8685
8860
9230
9258
9268
9300
9346
9370
9417
9442
9452
9535
9578
9721
9869
9907
9922
9984
10212
10247
10302
10367
10441
10534
10799
10825
10833
10881
10929
10960
11213
11216
11228
11252
11299
11356
11598
11619
11671
11679
11762
11809
11825
11937
12020
12065
12102
12195
12200
12277
12291
12347
12417
12465
12514
12587
12675
12720
13096
13203
13226
13230
13242
13272
13627
13671
13740
13884
14001
14002
14029
14051
14067
14123
14126
14145
14167
14180
14264
14301
14353
14394
14427
14528
14594
14646
14851
14909
15112
15240
15260
15267
15280
15330
15410
15672
15697
15797
15981
16026
16296
16441
16451
16573
16640
16641
16691
16728
16759
16822
16892
16930
17072
17117
17153
17211
17337
17421
17481
17565
17739
17748
17921
18088
18184
18288
18472
18473
18567
18605
18628
18659
18725
18810
18962
19125
19221
19283
19374
19453
19475
19484
19525
19647
19664
19681
19744
19764
19921
20244
20248
20290
20471
20625
20645
20661
20668
20796
20856
20884
20928
20931
20997
21027
21092
21350
21420
21497
21521
21528
21580
21637
21708
21721
21828
21933
22016
22329
22352
22466
22498
22562
22565
22670
22759
22776
22777
22784
22787
22911
23020
23030
23058
23076
23105
23306
23336
23362
23363
23626
23690
23886
24011
24063
24151
24164
24186
24214
24230
24288
24426
24475
24595
24688
24872
24944
25302
25305
25325
25507
26049
26090
26163
26207
26320
26332
26372
26432
26587
26672
26761
26803
26812
26831
27194
27411
27490
27507
27758
27867
27869
27871
28041
28072
28103
28191
28514
28593
28639
28794
28935
29169
29296
29440
29504
29600
29649
29849
30324
30483
31417
31488
32065
32237
32676
32875
32877
33003
33367
33860
34401
34531
34899
35001
35232
35390
35413
35481
35488
35639
35667
35735
35761
35778
36597
36608
113
142
169
173
240
336
372
388
401
404
413
512
532
538
552
558
595
611
624
660
762
770
795
800
845
866
892
970
973
1010
1088
1094
1098
1178
1182
1186
1255
1292
1303
1315
1344
1347
1351
1357
1419
1423
1504
1515
1532
1647
1669
1696
1723
1731
1770
1782
1810
1814
1841
1852
1903
1971
1987
2029
2046
2049
2053
2057
2070
2071
2099
2118
2178
2258
2265
2292
2308
2469
2471
2474
2563
2569
2575
2604
2618
2623
2646
2654
2676
2752
2814
2886
2912
2986
3008
3064
3066
3075
3105
3111
3195
3205
3233
3279
3331
3369
3377
3426
3487
3514
3581
3601
3650
3671
3680
3699
3826
3913
4026
4042
4077
4097
4115
4235
4307
4356
4370
4434
4468
4519
4561
4578
4603
4611
4649
4716
4735
4770
4778
4782
4820
4864
4886
4911
5084
5100
5104
5155
5168
5177
5214
5216
5246
5259
5270
5291
5300
5343
5428
5450
5451
5461
5464
5497
5505
5552
5632
5660
5691
5709
5713
5977
5998
6010
6018
6051
6053
6092
6143
6150
6189
6205
6271
6276
6303
6314
6316
6447
6517
6570
6696
6750
6789
6792
6862
6887
6918
6926
6986
7008
7009
7028
7030
7078
7131
7155
7168
7195
7244
7277
7372
7387
7388
7510
7533
7535
7604
7605
7679
7749
7757
7772
7785
7797
7815
7939
7999
8012
8026
8029
8066
8097
8177
8204
8213
8303
8322
8341
8393
8417
8671
8698
8776
8912
8978
8990
9008
9174
9211
9295
9334
9344
9469
9518
9761
9800
9809
9829
9953
10015
10081
10096
10111
10121
10196
10236
10379
10427
10459
10574
10708
10798
10915
10949
10988
10991
11113
11286
11453
11526
11636
11648
11669
11704
11785
11811
11968
11974
12084
12148
12192
12255
12415
12521
12559
12674
12696
12708
12757
12845
12945
13070
13208
13233
13418
13474
13568
13584
13666
13735
13745
13773
13923
14049
14219
14221
14228
14229
14232
14269
14402
14424
14465
