5038
588
893
566
273
5069
5022
95
140
5030
1028
370
5033
647
1139
1768
458
286
543
8344
155
887
613
80
90
823
530
2718
2630
195
1806
102
1569
851
82
200
128
353
20764
114
478
136
1819
734
1672
9129
516
1588
1053
554
1528
2666
9137
1330
343
76
4746
4153
78
4063
1817
5036
2737
308
2348
225
443
2215
184
91
3237
20805
444
151
342
878
93
8557
147
3311
2753
1725
33806
7954
301
8556
106
213
686
127
5020
16625
133
1031
1304
1507
360
416
4880
929
2939
652
1821
910
1824
4876
9135
1
232
1334
520
1365
4152
880
3027
5237
314
4398
72
107
292
2111
1202
22587
1443
920
1161
2323
5053
56
5050
277
385
1046
1927
9500
274
74
621
1359
2253
6084
2773
4183
939
1371
1793
2015
35675
316
2715
4093
802
2720
390
919
2088
4262
13634
6831
9044
2728
79
960
89
1970
659
3844
2736
10815
9861
879
1470
875
5051
5027
8558
13633
5052
26576
2601
81
5042
3161
4154
5023
144
402
9132
30172
109
2047
3174
8560
1000
5070
1233
4618
13637
876
4272
13635
54
192
2271
6917
8032
915
1813
4216
4621
11812
922
3258
5057
8072
26811
5021
449
620
8566
1323
1833
2637
2947
4904
581
6289
9504
26897
406
4737
4755
442
918
287
950
2186
5028
539
928
1552
7059
9131
1935
2550
8559
13396
26142
188
4124
244
1025
255
383
10280
4224
30779
75
8565
16201
28825
593
1027
1050
1481
5853
10893
14862
815
101
391
5029
10281
9130
9752
22463
10601
18722
775
1168
2189
35279
92
172
575
1112
4227
5830
948
3742
8987
9313
279
5068
23043
24812
26990
409
1185
8194
1108
5024
5150
10959
13267
1560
15198
23873
86
438
707
1308
46
694
4256
9134
18778
53
5032
5729
11547
13266
27605
498
560
819
1559
1885
3295
6828
6829
23648
205
215
264
367
3128
3354
4205
5064
13640
24464
145
165
898
1652
5557
9754
24890
592
1095
19815
121
403
924
958
1765
2667
2723
5045
12110
21255
23946
28933
30513
716
923
1213
2510
3334
4232
9239
11191
21241
23364
24810
441
492
2741
3251
6009
10084
26856
645
1354
1439
1771
3058
3604
4642
5061
6357
26911
186
1783
4486
8857
22063
212
764
822
1193
1208
1461
5587
7581
8678
12015
14338
16207
20183
20374
20963
22319
25323
239
526
852
971
1087
1422
2165
8340
19467
24811
243
457
1164
1234
1628
1936
3057
4027
4536
6653
9799
11744
16692
17278
24743
29012
29813
112
280
393
907
1082
2296
2746
3219
3253
4995
5279
6707
477
481
504
614
1043
1126
1316
1847
1966
3266
3318
5049
6022
6782
7990
11190
12116
20966
23960
27148
32745
153
284
423
454
473
551
585
639
824
1259
1320
1340
1527
1790
2818
3245
3333
3535
5276
5614
6069
6231
7638
9136
10124
11165
12512
13577
14144
15323
16202
16797
20919
21236
25529
26584
28097
28509
221
233
267
368
471
499
664
675
700
1061
1063
1106
1111
1310
1572
1767
2061
2091
2264
2579
2696
4323
4480
4545
4677
6664
6681
7523
7657
13366
13744
14241
15264
17181
22359
30808
462
853
889
974
1049
1101
1207
1236
1324
1459
1762
2276
2651
3200
3267
3733
3899
3906
4065
4075
4128
4197
4246
4477
4736
5190
5742
6998
7517
8794
11040
11818
11890
12076
12354
12844
14827
17824
19325
20654
22423
23139
25158
26378
26435
26817
235
452
564
615
782
813
1030
1059
1162
1190
1487
1713
2294
2515
2577
3065
3313
4121
4884
5286
5398
5881
6982
7128
7193
7248
7324
7467
7720
7998
8016
8271
8350
8694
10778
12676
13419
13987
15247
16782
17179
18603
20157
230
313
357
446
491
525
531
587
642
677
751
1113
1118
1159
1217
1245
1253
1401
1585
1831
2263
3039
3050
3091
3626
4132
4160
4193
4577
5041
5074
5907
6049
6785
7552
8071
9300
11350
11353
11494
12800
13630
13747
14055
18880
23317
24159
26163
175
228
315
537
828
861
903
1037
1153
1198
1668
1778
2436
2497
2516
2524
2573
2620
2628
2936
3033
3271
3530
3904
4538
4542
4802
5174
5199
5748
5990
6008
6081
6405
6671
6735
6738
6876
6899
6976
7140
7663
8315
8629
8782
9172
11033
11680
11922
13578
16017
16987
18067
18384
18861
19284
19464
19823
19840
19912
20051
20205
25791
26699
26709
30545
27
241
358
382
413
420
636
682
703
727
772
946
1094
1137
1252
1546
1798
2060
2090
2260
2610
2613
3171
3215
3280
3565
3679
3791
4070
4136
4140
4142
4176
4426
4757
4878
5046
5202
5211
5518
5833
5963
6048
6258
6320
6600
7283
7428
7531
7578
8335
9527
10897
10903
11394
11423
12350
13628
13756
14841
15166
15990
16295
19720
22118
22201
23840
24152
24467
26015
30184
134
254
281
293
331
345
559
570
604
610
657
688
760
1048
1103
1163
1176
1189
1300
1592
2254
2288
2631
2648
2703
2868
2953
3223
3236
3344
3649
3688
3727
4260
4497
4517
4521
4697
4698
5102
5515
5824
5920
6175
6509
6944
7082
7165
7331
7459
7530
7721
9175
9358
9499
10245
10928
11446
12665
13256
13268
13424
13432
13658
14065
14171
14196
14886
14893
16203
16216
17167
17925
19355
20220
21680
23490
24025
25864
26832
27728
30683
122
296
300
307
326
354
408
419
425
493
558
580
723
736
773
780
789
937
1051
1104
1188
1350
1373
1478
1660
1734
1759
1922
2076
2270
2385
2528
2565
2580
2668
2697
2700
2740
2943
3108
3110
3127
3352
3795
4238
4240
4263
4451
4534
4678
4700
4752
5026
5500
5883
6023
6340
6909
7102
7385
7701
7784
7927
8030
8169
8878
9038
9251
9521
10032
10458
10733
11083
11298
11352
11692
12896
13175
13205
13427
14036
14057
14255
15201
15666
16503
16978
17832
18617
19721
20353
20482
20652
21581
22385
23722
23869
24650
25089
25658
25766
27812
28514
118
149
290
295
362
364
389
448
510
513
528
549
602
673
691
712
744
758
787
817
839
897
991
1042
1072
1077
1145
1205
1291
1367
1416
1458
1472
1607
1772
1788
1797
1803
1899
2229
2564
2673
2679
2680
2705
2971
3015
3043
3112
3143
3145
3147
3197
3241
3297
3323
3370
3400
3461
3580
3593
3823
4074
4191
4226
4241
4335
4349
4450
4513
4560
4639
4760
5071
5118
5142
5242
5700
6047
6068
6193
6198
6242
6488
6654
6734
6892
7083
7106
7184
7516
7544
7553
7641
7651
7786
7941
7994
8005
8056
8220
8374
8524
9534
10015
10330
10384
10620
10641
10958
11085
11204
11227
11527
11925
12421
12542
12770
13405
13415
13585
13883
13979
14134
14161
14577
15187
16288
16630
16781
16867
18719
19249
19711
20336
20632
20692
20820
21580
23369
23868
25080
25504
30862
83
372
418
475
505
517
521
522
544
573
607
631
735
778
804
808
873
891
966
1032
1038
1079
1105
1109
1222
1228
1265
1305
1356
1384
1408
1411
1455
1471
1486
1549
1665
1775
1781
1888
1891
1996
2018
2121
2125
2251
2383
2386
2491
2599
2642
2706
2708
2770
2828
2951
3001
3093
3109
3226
3234
3263
3357
3418
3427
3499
3541
3849
4129
4139
4174
4305
4440
4531
4644
4680
4687
4766
4815
4820
4852
4879
5170
5212
5285
5333
5406
5716
5787
5839
5939
5943
6003
6007
6144
6255
6327
6582
6786
7103
7144
7188
7312
7400
7405
7521
7541
7548
7549
7558
7607
7975
8031
8341
8529
8850
9009
9361
9501
9589
10278
10376
11099
11117
11214
11522
11631
12363
12434
12456
12559
12608
13093
13303
13409
13631
14039
14114
14141
14219
14427
14876
15003
15164
15465
16098
16496
16715
17283
17512
18033
18283
18590
18808
19126
19240
19258
19826
19836
19872
20280
20772
20939
20990
21401
21432
22321
22341
22525
22694
22920
23034
23687
24153
25124
25595
26033
27888
28014
28642
29101
29818
29851
30340
34069
34497
34529
35115
13
154
174
178
196
291
399
502
506
556
576
579
594
596
616
623
666
678
699
726
745
766
794
837
863
951
959
1078
1132
1179
1224
1313
1387
1597
1807
1818
1892
1902
1930
1944
2144
2216
2218
2269
2496
2590
2692
2793
2922
2959
3169
3214
3379
3386
3440
3473
3487
3644
3924
4119
4131
4210
4230
4237
4358
4392
4459
4478
4498
4510
4519
4699
4723
4767
5105
5248
5252
5270
5531
5681
5695
5769
5926
5935
5998
6031
6087
6131
6202
6518
6702
6706
6793
6803
6845
6889
6890
7096
7105
7120
7155
7156
7235
7255
7303
7510
7545
7571
7700
7711
7812
7995
8029
8166
8561
8671
8740
8876
8884
8938
8962
9021
9346
9933
10017
10374
10484
10571
11031
11077
11261
11669
11864
12178
12329
13147
13174
13413
13486
13796
13972
14145
14156
14880
15275
15282
15331
15386
15913
15921
16242
16788
16808
17240
17284
17336
18000
18600
18697
18773
18826
19213
19310
19466
19876
20611
20620
20626
20659
21101
22021
22422
22738
22913
23025
23140
23351
23421
23483
24182
24221
26021
26141
26612
26803
26851
27233
27475
27563
27962
28901
29040
30434
33954
35732
73
166
223
269
271
338
401
424
533
542
584
603
654
656
681
762
796
812
842
845
871
895
940
1071
1073
1076
1083
1086
1102
1122
1128
1158
1169
1196
1210
1221
1238
1295
1302
1396
1413
1499
1504
1521
1574
1594
1601
1619
1689
1760
1800
1845
1856
1919
1960
2057
2071
2096
2178
2256
2316
2320
2488
2509
2563
2570
2576
2593
2638
2652
2711
2766
2782
2817
2937
3021
3035
3038
3066
3107
3133
3157
3259
3324
3356
3369
3417
3438
3460
3476
3480
3549
3597
3748
3826
3827
3836
3845
3933
3959
4080
4092
4161
4164
4169
4180
4307
4376
4378
4490
4522
4603
4611
4623
4640
4651
4714
4716
4739
4740
4826
4937
5088
5090
5110
5195
5217
5224
5287
5299
5318
5368
5467
5645
5660
5696
5749
5776
5799
5971
6026
6063
6125
6176
6180
6436
6550
6811
6872
6958
6997
7008
7032
7107
7168
7200
7203
7268
7302
7468
7527
7547
7615
7800
7888
7962
7993
7999
8103
8193
8240
8543
8582
8659
8699
9133
9211
9389
9502
9761
9896
9909
9921
10112
10181
10359
10387
10414
10603
10872
10997
11016
11071
11718
12482
12562
12786
13269
13748
13820
13973
14115
14189
14285
14694
14838
15112
15146
15281
16031
16085
16151
16204
16461
16489
16710
16727
17005
17046
17818
17893
18310
18387
18656
19260
19278
19548
19901
20231
20669
20942
20964
21136
21582
21801
22115
22354
22544
22975
23392
23676
24357
24780
24869
24889
25085
25826
26036
26217
27796
27837
27871
27952
28611
28614
28631
29761
30201
30329
30834
34764
34894
116
132
168
180
242
245
263
265
312
339
340
349
375
404
459
466
480
500
508
515
523
527
555
562
590
599
625
720
733
785
792
800
818
867
872
925
931
967
972
989
1034
1045
1054
1055
1057
1068
1070
1084
1090
1110
1120
1130
1133
1160
1296
1347
1361
1394
1410
1432
1464
1524
1615
1642
1647
1654
1670
1691
1696
1815
1886
1898
1911
1953
1987
2006
2029
2078
2092
2142
2158
2168
2262
2290
2299
2303
2398
2472
2476
2487
2494
2503
2512
2560
2566
2571
2578
2623
2640
2659
2724
2733
2754
2785
2790
2800
2910
2935
2941
2963
3032
3081
3137
3141
3185
3296
3330
3350
3364
3399
3412
3430
3518
3729
3743
3793
3896
3943
3949
4071
4133
4218
4221
4259
4288
4460
4499
4564
4569
4586
4588
4703
4795
4863
4866
4970
5100
5141
5196
5215
5225
5257
5259
5264
5365
5471
5476
5498
5511
5638
5676
5705
5727
5856
5916
5964
6015
6033
6056
6058
6072
6080
6088
6092
6283
6305
6373
6406
6523
6783
6790
6851
6891
6893
6959
7078
7085
7089
7176
7216
7218
7228
7259
7269
7277
7401
7520
7532
7533
7551
7640
7821
7983
8001
8160
8372
8391
8411
8417
8549
8705
8760
9076
9113
9174
9364
9549
9910
9960
9984
10065
10248
10363
10379
10849
10915
10937
10941
10969
11115
11143
11252
11445
11453
11678
11760
11827
11846
12180
12195
12362
12465
12668
12886
12993
13265
13423
13731
13922
13948
14067
14155
14287
14296
14301
14594
14870
14942
15173
15601
16318
16378
16443
16498
16822
16972
17020
17098
17985
17993
18009
18056
18657
18748
19026
19125
19382
19643
19715
19726
19962
20238
20618
20630
20661
20675
20997
21284
21347
21426
22207
22541
22566
23288
23383
23690
23786
24691
24700
25640
25928
26007
26009
26711
26866
27152
27208
27225
27435
27810
27967
28623
28979
29169
30448
33169
33707
35263
35360
84
85
108
115
119
138
143
156
183
218
219
299
344
355
386
405
430
467
487
519
550
586
622
624
626
628
632
633
687
705
708
709
801
805
838
866
930
934
949
982
985
992
1018
1044
1093
1107
1116
1127
1135
1150
1175
1178
1204
1255
1287
1292
1303
1328
1380
1389
1428
1436
1519
1523
1616
1669
1674
1683
1736
1770
1823
1835
1875
1914
1924
1951
1971
2039
2053
2098
2118
2160
2300
2424
2473
2486
2519
2559
2595
2608
2621
2622
2633
2654
2748
2760
2792
2856
2931
2956
2972
2975
2977
2980
2994
3016
3075
3115
3117
3118
3129
3186
3210
3230
3246
3272
3276
3289
3292
3308
3310
3317
3342
3349
3437
3470
3492
3525
3596
3635
3673
3711
3786
3815
3994
4014
4057
4077
4083
4084
4087
4148
4178
4200
4220
4274
4293
4383
4453
4467
4504
4505
4520
4529
4601
4615
4650
4652
4686
4689
4691
4692
4719
4728
4735
4770
4838
4872
4991
5035
5148
5158
5167
5192
5220
5300
5303
5319
5339
5428
5437
5450
5478
5509
5552
5556
5733
5948
5977
5988
6018
6060
6085
6109
6124
6210
6249
6486
6522
6833
6834
6862
6903
6934
6957
6986
7047
7060
7074
7076
7080
7113
7186
7187
7195
7205
7246
7326
7382
7397
7437
7484
7491
7538
7577
7597
7604
7668
7708
7736
7748
7785
7802
7833
7848
7863
7939
7997
8003
8034
8062
8081
8214
8353
8354
8546
8650
8685
8763
8767
9079
9193
9292
9341
9350
9357
9366
9917
9932
9967
10053
10241
10415
10521
10560
10708
10734
10827
10841
10859
10972
11048
11050
11273
11297
11564
11598
11648
11671
11704
11711
11773
12012
12065
12077
12200
12415
12436
12687
13002
13022
13113
13154
13161
13202
13404
13568
13666
13984
14175
14256
14268
14402
14703
14829
14835
14913
15144
15566
16104
16441
16621
16622
16748
16812
16853
17100
17117
17128
17187
17232
17253
17289
17501
17582
17642
18079
18279
18768
18803
18852
18989
18991
19034
19307
19462
19525
19764
20052
20237
20268
20378
20471
20629
20645
20821
20931
20958
21319
21328
21336
21458
21497
22035
22047
22085
22117
22529
22757
22914
23030
23082
23105
23363
23373
23432
23456
23706
24377
24426
24685
24751
24776
25505
26040
26049
26162
26384
26660
26672
26713
26812
26863
26970
27037
27090
27404
27719
27749
27758
27809
27865
28636
28873
28909
29707
29882
30193
31487
31488
32237
33056
33860
35390
35546
35648
35738
97
99
113
171
176
224
229
246
252
260
346
373
429
440
455
490
511
524
538
561
568
577
578
595
653
660
670
685
704
713
730
731
737
769
779
797
811
829
855
860
869
874
882
884
885
892
909
914
936
945
1033
1052
1075
1091
1096
1099
1114
1146
1148
1149
1152
1170
1180
1182
1195
1288
1289
1318
1339
1344
1357
1381
1406
1409
1425
1430
1457
1475
1483
1490
1532
1541
1586
1640
1657
1686
1697
1716
1723
1809
1810
1851
1870
1873
1880
1912
1916
1925
1947
1989
1997
2011
2041
2058
2066
2099
2110
2211
2213
2228
2268
2321
2420
2489
2493
2511
2518
2520
2569
2603
2635
2664
2701
2722
2725
2743
2771
2781
2816
2841
2918
2993
3005
3067
3082
3100
3105
3151
3160
3192
3209
3244
3268
3285
3294
3302
3316
3345
3368
3377
3388
3435
3466
3491
3546
3568
3584
3667
3721
3728
3767
3773
3792
3802
3841
3969
4012
4066
4115
4167
4175
4217
4223
4231
4275
4306
4340
4390
4465
4512
4530
4539
4546
4547
4619
4629
4645
4671
4681
4682
4769
4776
4787
4791
4854
4858
4864
4898
4900
4920
4921
4946
5010
5015
5018
5075
5076
5168
5201
5210
5223
5243
5277
5301
5308
5314
5395
5405
5418
5456
5466
5536
5632
5654
5666
5702
5722
5780
5794
5803
5928
5946
5987
5997
6024
6038
6090
6135
6196
6209
6443
6445
6449
6517
6552
6560
6633
6641
6645
6696
6750
6800
6801
6815
6830
6867
6873
6901
6926
6927
6936
6951
7007
7009
7014
7122
7300
7357
7396
7432
7505
7512
7543
7559
7611
7655
7673
7680
7683
7753
7945
7969
7986
7989
8025
8038
8085
8161
8236
8264
8294
8305
8312
8416
8489
8553
8572
8602
8644
8648
8695
8698
8700
8808
8860
8888
8912
9101
9121
9153
9230
9258
9268
9370
9417
9449
9452
9474
9496
9517
9531
9535
9548
9553
9578
9649
9721
9751
9886
9922
9953
9958
10028
10247
10305
10367
10412
10799
10806
10881
10949
10987
11213
11299
11619
11636
11667
11679
11762
11799
11809
11813
11934
11937
11968
12082
12090
12169
12327
12347
12397
12417
12476
12514
12521
12587
12675
12696
12708
12720
12747
12757
13028
13096
13272
13414
13421
13569
13639
13665
13671
13737
13740
13743
13745
13746
13773
13810
13861
13928
13967
14001
14002
14008
14029
14035
14052
14126
14167
14180
14229
14353
14394
14424
14528
14580
14586
14631
14646
14686
14701
14752
14844
14851
14881
14909
14974
15120
15195
15260
15267
15284
15286
15368
15410
15478
15512
15513
15565
15672
15697
15969
15981
16026
16082
16178
16191
16224
16236
16296
16412
16416
16464
16573
16691
16737
16930
16983
16998
17040
17052
17063
17072
17112
17124
17185
17211
17268
17314
17337
17380
17403
17565
17690
17739
17748
18020
18088
18152
18184
18288
18441
18472
18473
18474
18567
18746
18810
18962
19017
19018
19149
19202
19221
19283
19453
19454
19470
19647
19664
19681
19719
19744
19761
19862
19921
19926
20177
20248
20288
20318
20624
20668
20856
20928
20985
21026
21027
21119
21409
21420
21476
21521
21545
21637
21708
21721
21854
21933
22034
22176
22329
22352
22562
22596
22743
22776
22787
22911
23101
23296
23306
23371
23393
23445
23450
23465
23626
23881
23886
24011
24059
24063
24151
24186
24214
24230
24628
24643
24670
24688
24693
24695
24832
24944
25488
25669
26090
26214
26242
26320
26356
26372
26392
26432
26587
26677
26831
26900
27194
27411
27490
27507
27721
27817
27867
27876
27898
27900
28041
28072
28103
28191
28593
28639
28794
28935
29197
29231
29283
29288
29296
29440
29504
29625
29649
29683
29849
29883
29923
30182
30244
30324
30483
31417
32166
32676
32875
32877
33003
33209
33367
34104
34171
34400
34401
34508
34531
34624
34752
34904
35001
35005
35413
35435
35481
35514
35733
35735
35761
35778
36078
36597
36608
55
131
142
146
157
169
207
217
288
309
320
322
336
374
376
379
381
384
398
400
451
456
484
495
540
541
548
563
589
611
612
661
696
729
749
753
784
788
862
890
901
917
1023
1035
1036
1088
1092
1125
1141
1143
1147
1171
1181
1187
1197
1203
1206
1211
1231
1232
1248
1282
1307
1312
1352
1366
1370
1395
1421
1441
1467
1479
1484
1517
1547
1550
1579
1596
1602
1643
1662
1667
1786
1812
1822
1828
1853
1883
1903
1909
1937
2052
2075
2081
2149
2291
2298
2305
2306
2308
2429
2430
2471
2479
2558
2567
2572
2574
2585
2596
2604
2605
2612
2646
2665
2676
2690
2702
2713
2751
2769
2783
2784
2837
2847
2854
2860
2878
2886
2911
2913
2919
2957
2992
3023
3054
3060
3064
3077
3080
3121
3122
3126
3139
3154
3205
3243
3261
3264
3275
3293
3325
3336
3348
3361
3367
3378
3390
3394
3447
3448
3486
3624
3625
3631
3651
3699
3776
3952
3965
3966
3970
4017
4042
4046
4059
4125
4146
4147
4170
4228
4236
4247
4252
4254
4289
4317
4352
4355
4365
4380
4387
4393
4395
4396
4413
4462
4468
4476
4489
4495
4496
4544
4572
4594
4616
4626
4649
4688
4706
4718
