0.928385104888
0.91164791245
0.897704018385
0.882027296575
0.8713573299
0.863121675628
0.855089811949
0.849993183494
0.841968363902
0.833548219376
0.825224495523
0.818552353739
0.810624766853
0.80268231675
0.797373541326
0.788811024867
0.78255048921
0.77746585279
0.771928374415
0.76734626727
0.760705944537
0.754919203426
0.750439335063
0.74106181124
0.736164988952
0.732604572085
0.728444789564
0.726015287715
0.721017359265
0.715986509089
0.711924355604
0.707873762594
0.702839451145
0.699311040044
0.695593498999
0.69213272628
0.686072990254
0.680676960806
0.677107148301
0.673838899864
0.670724374222
0.668053574968
0.664468569852
0.661327537729
0.658193954829
0.655500193155
0.652380464154
0.647882227265
0.643114273542
0.639976697407
0.637367913948
0.63226147415
0.629527219986
0.626423102824
0.623326746663
0.619957474853
0.617576425542
0.615945019259
0.612456473568
0.609765510857
0.607080405009
0.603893939494
0.601912278808
0.599198582669
0.596307708105
0.594338544992
0.592235611166
0.589954043948
0.587631380058
0.58585830995
0.583725114205
0.581098062623
0.578161043037
0.575501510095
0.57298287298
0.570604298523
0.567336173388
0.565504747803
0.563364423421
0.56122814864
0.558918449111
0.556569220612
0.553959924568
0.552282554694
0.54990335844
0.548012451804
0.545861687236
0.543408842492
0.541660173918
0.539216860445
0.537910169127
0.535562171889
0.533609392136
0.53183328879
0.530189788309
0.528376282077
0.526608970188
0.524758589509
0.522868542466
0.521196118778
0.517731388054
0.515726215372
0.514235497066
0.512492003667
0.511005963804
0.509818687284
0.50795578261
0.50592740795
0.504914729312
0.502429632197
0.500370386153
0.499153603382
0.497728945188
0.496306323243
0.494718736853
0.493342096114
0.491384733036
0.485582256784
0.48368172728
0.482485428551
0.481167099253
0.479480677226
0.478125422398
0.476526264964
0.475257020568
0.473662649025
0.472193313107
0.470807695957
0.46954611216
0.468367440382
0.466987449343
0.465407074378
0.463991029733
0.462657858356
0.461850809278
0.460681843156
0.459433937112
0.45838857983
0.456943141667
0.455660207188
0.454899322508
0.453739207733
0.452620492602
0.450905254816
0.449551343984
0.44827888492
0.447127258631
0.446135650603
0.44518474644
0.444274405226
0.443009434137
0.442417080864
0.441549023547
0.438714698961
0.437811009028
0.436516089561
0.435575502281
0.434049253523
0.430383980342
0.429411153022
0.428051050651
0.42727479193
0.426460480344
0.425492077817
0.424176903298
0.423404172785
0.422632153903
0.421745196098
0.421090214041
0.420512716939
0.419858712493
0.418936305263
0.417976514525
0.417477844612
0.416749552264
0.415639228738
0.414606788258
0.413766466922
0.413003299387
0.41205032903
0.41109844021
0.410337728153
0.409349863231
0.408666639653
0.407075104064
0.405939982675
0.405221832826
0.404126950277
0.400514758755
0.398863962298
0.397553214333
0.396468796629
0.395311220121
0.39445344622
0.393857268813
0.393149902635
0.392480355047
0.391551400464
0.39103164585
0.3902897374
0.389437413463
0.388734022905
0.388105230265
0.386627906116
0.385448008361
0.38489549936
0.384269805132
0.383791673867
0.382946480328
0.381955532848
0.381185647097
0.380270155368
0.379721375382
0.378698078651
0.378004465968
0.377639660127
0.377056344916
0.376400651228
0.376073019282
0.375236411109
0.374691279111
0.373965082903
0.372949598257
0.372442344739
0.371971645082
0.371356551334
0.370742001877
0.369875242757
0.369442229582
0.369045523662
0.368540935237
0.36810870415
0.367352922426
0.36677763772
0.366023235221
0.365556599257
0.36509026098
0.364516764158
0.364337623466
0.363907867233
0.362977653204
0.362512965418
0.361941453763
0.361513113747
0.361512234777
0.360870201228
0.360549403755
0.360157504865
0.359659041043
0.359125363833
0.358094725328
0.357242915738
0.356781918214
0.356108719116
0.355825440785
0.355188526044
0.354834903726
0.354198876762
0.353528099674
0.353175305243
0.35261120406
0.35204757671
0.350746187393
0.350744808168
0.349516287014
0.348604792042
0.348044368792
0.347554358226
0.346365908573
0.345249365324
0.34472647883
0.344343279802
0.343716706605
0.343299298222
0.342847388081
0.341009649416
0.340282306497
0.339901585845
0.339140847367
0.338795310159
0.338484477277
0.338035758906
0.337173900174
0.336829367
0.336416170272
0.336278490874
0.33607202462
0.335521809042
0.335246844813
0.33476593396
0.334559932732
0.334182442603
0.333839452469
0.333462362191
0.332572110452
0.331068501766
0.330522376303
0.330385908791
0.330249469461
0.329908497964
0.329738080031
0.329601774573
0.329295192099
0.328988750542
0.328308347064
0.327051635471
0.326237593388
0.325593865312
0.325390707084
0.325356853544
0.324849288248
0.324544925216
0.323835411816
0.323430268493
0.323396517119
0.323025378821
0.322688168045
0.322418516385
0.322115293019
0.321744880444
0.321509276085
0.321341038842
0.320769412693
0.320265440779
0.319527078153
0.319258751112
0.31909110396
0.318186672451
0.317718190475
0.317049553564
0.316782269309
0.316448326044
0.315847720321
0.315480936358
0.315247635991
0.314981112687
0.314714703879
0.314581540869
0.314215507289
0.314015931875
0.313716691175
0.313384382547
0.31285304632
0.312587537619
0.312255815558
0.311725462227
0.311327970696
0.311030014102
0.310963820118
0.310732200186
0.309311607446
0.308783741299
0.308421080919
0.308322211814
0.307926888642
0.307663481365
0.30736728271
0.307301479772
0.307104116754
0.306808194648
0.306216857739
0.305593194477
0.305396377512
0.305101281532
0.304904623099
0.304675275453
0.30467512749
0.304314913781
0.304053054829
0.303333560984
0.303170151909
0.302712855218
0.302419059197
0.302255894965
0.302027540783
0.301864482239
0.301668870115
0.301375576111
0.301180122517
0.301147553084
0.300919616369
0.300659233522
0.300496544885
0.30023634523
0.299683874981
0.299424018812
0.299196746168
0.298969554551
0.298742443962
0.298450576742
0.298418155271
0.298223663436
0.298126441298
0.297543601682
0.297317035384
0.296993516452
0.296670182474
0.296637857884
0.296443949093
0.296217805546
0.295959467757
0.295346522992
0.295185278754
0.294991847319
0.294991532017
0.294830386421
0.294604857625
0.294218438644
0.29399314236
0.293864439372
0.29370360027
0.29363927696
0.293092845003
0.293092783352
0.292867916865
0.29280368515
0.292675242859
0.292546828751
0.292482632266
0.292065547991
0.291873138205
0.291744900243
0.291488515915
0.291328330316
0.291327988592
0.291039781691
0.290240144845
0.29017620201
0.290048337478
0.289952457575
0.289856593524
0.289664912983
0.28899458683
0.288898883072
0.288771300374
0.28864374586
0.288197579847
0.287497245425
0.287242730009
0.287179118329
0.28686116914
0.286384591485
0.286130574562
0.285876673896
0.285718038383
0.285400906513
0.285052281462
0.28445074921
0.284229224217
0.283091465919
0.282965172611
0.282712677592
0.28264956969
0.282586468834
0.28246028826
0.282271073766
0.282081920922
0.28205040132
0.2819873674
0.281924340525
0.281703807235
0.281451874122
0.28126299959
0.281200053743
0.280633932163
0.280476756902
0.280476353527
0.280413495753
0.280413458762
0.280162098124
0.28003646008
0.279973651627
0.279879452159
0.279691102542
0.279502814577
0.27931459707
0.279001056821
0.278907021168
0.27884433954
0.278750330309
0.278562361168
0.27853103885
0.278437082463
0.277905008183
0.27749846626
0.277061089942
0.2768736968
0.276811244162
0.276000041556
0.276000004565
0.275812963715
0.275625986278
0.275501371643
0.275376783431
0.27515882716
0.275034316452
0.274754273927
0.274412190946
0.274287849339
0.27407032991
0.273946065807
0.273883944324
0.273821829887
0.27351140038
0.273387263101
0.273387180313
0.273201029001
0.273107978005
0.273107907547
0.273014870643
0.272921849592
0.27292172629
0.272921689299
0.272921645263
0.272797643617
0.272518751327
0.272270961173
0.272270913613
0.272270844916
0.272085072319
0.271930310261
0.271466355243
0.271373598411
0.271126327889
0.270971844142
0.270663017565
0.270446940774
0.270015081356
0.269891740259
0.269830080279
0.26973760352
0.269614327597
0.269521887829
0.269460270124
0.269367856778
0.269244663643
0.269090711858
0.268906029606
0.268752174701
0.268536855338
0.268475350367
0.267431257815
0.267216470414
0.267093772251
0.267032432857
0.266940436977
0.266695199181
0.266511339532
0.266419433486
0.266296916753
0.26605197136
0.26473874678
0.264494527109
0.263701842754
0.263701805763
0.263640857414
0.263579916111
0.263366677035
0.263092656949
0.263062217123
0.262879615157
0.262818761927
0.262697076604
0.262545011345
0.26233219502
0.262210622431
0.261724694934
0.261603263262
0.261542557994
0.261360491513
0.261087519497
0.261087383864
0.260966101916
0.260602437503
0.26051155839
0.260511479124
0.260511299455
0.260238767804
0.259875630068
0.259784876019
0.259694137823
0.259482478779
0.259150052133
0.258878237398
0.258727280098
0.258666909509
0.258546191228
0.25842549937
0.258244519711
0.258214361719
0.258184205488
0.258093747365
0.258003305094
0.257882740061
0.257641720967
0.256889481543
0.256408500232
0.256378449689
0.256228223396
0.25613811052
0.255897882322
0.255837842887
0.255507815353
0.255387835126
0.255327855581
0.255117987943
0.254998104596
0.254848285201
0.254758413644
0.254608664708
0.254279384034
0.254129776014
0.254069944432
0.253950302405
0.253920396302
0.253681221458
0.253651331209
0.253442155826
0.253352532636
0.253053917255
0.252755513249
0.252546711297
0.252159182595
0.252010199894
0.25186126123
0.25180169739
0.25159329705
0.251325484357
0.250790336326
0.250730899311
0.250641758761
0.250047999841
0.249721717176
0.249662406986
0.249603103842
0.24945487857
0.248744447449
0.248655660953
0.24853730127
0.248359816352
0.248300668217
0.248271096791
0.247739219795
0.247680145642
0.247650611207
0.247562018472
0.247296384707
0.247089858564
0.246912895038
0.246824436174
0.246500242602
0.246441316412
0.246323485168
0.246029079681
0.245999643888
0.24573481335
0.2456465641
0.245293737963
0.245117419132
0.24494115843
0.244823691808
0.244530152961
0.244412781459
0.244383442547
0.244236774407
0.244148794661
0.244060830768
0.243972882728
0.243855643335
0.243738433887
0.243738264787
0.243445397057
0.243416116273
0.243269738775
0.243269590812
0.243211052143
0.243094001227
0.243006227572
0.242684589882
0.242684572267
0.242392350993
0.242246283512
0.242246221861
0.242071002183
0.241254388366
0.241225239691
0.24102125886
0.240962991456
0.240875603562
0.240846477786
0.240759111029
0.240642646679
0.240468004761
0.240409804292
0.240409610531
0.240205967901
0.240060564491
0.239973342174
0.239944271004
0.239886133948
0.239886107526
0.239827977516
0.239740797474
0.239711740396
0.239537441962
0.2394212753
0.239189033571
0.239072954982
0.238985910572
0.238898882016
0.238840871785
0.238840790758
0.238608825579
0.238521865719
0.238521726564
0.238347857927
0.238203016424
0.237797800881
0.237682055208
0.237537414511
0.237479569858
0.237421732251
0.237421714637
0.23730606056
0.237045952501
0.236901503804
0.236526169704
0.236180001893
0.235978157715
0.235978104871
0.235978050266
0.235977951624
0.235574573287
0.235574479929
0.235516874835
0.235372892925
0.235228960336
0.2348837261
0.234883564045
0.234596070536
0.234481106952
0.234480976604
0.234366042965
0.234365998929
0.234222374596
0.233705757146
0.233648381042
0.233591011983
0.233533649971
0.233275631006
0.233046385525
0.232931802417
0.232788613165
0.23267409347
0.232530985245
0.232330715815
0.232244907951
0.232016168009
0.231958999758
0.231844684392
0.231758966363
0.23164470208
0.23153046598
0.231387718855
0.229283532629
0.228999516246
0.228857542403
0.228800765196
0.228743995035
0.228602103981
0.228573730349
0.22854535848
0.22846025344
0.227893561146
0.227553785681
0.227497170528
0.227412261011
0.227355663473
0.227299072981
0.227298109461
0.227184949614
0.227071817951
0.226958714472
0.226817380039
0.226704341734
0.226591331611
0.226139687451
0.226111467067
0.225998608431
0.225885774455
0.225885709281
0.22585750475
0.225772901727
0.225688314556
0.225631931917
0.225491007905
0.225378304277
0.225265628833
0.225152981572
0.22504035721
0.224955909195
0.224871477034
0.224505783416
0.224421434043
0.224280886984
0.224224680491
0.224140383962
0.224028018534
0.223971843747
0.223943758996
0.223887594778
0.223831437606
0.223775287479
0.223747215058
0.223578817522
0.223522699102
0.223494642534
0.223410483399
0.22321419135
0.223158118728
0.223102053152
0.222597824065
0.222569825625
0.22251383403
0.22237388763
0.222317920695
0.222261960807
0.222122093672
0.222038193472
0.221982268813
0.221898395035
0.22184248799
0.221702756488
0.221507204253
0.221507086235
0.221479156493
0.221395377833
0.221367455137
0.221255783726
0.221032539545
0.221032506078
0.220753624356
0.220196505609
0.220001640344
0.219945972858
0.219945948198
0.219834639648
0.219834585042
0.21955646075
0.219361863227
0.219139566714
0.218279825259
0.218168934176
0.217974947881
0.217947241844
0.217476646113
0.217421299213
0.217199987357
0.216951147371
0.216868230067
0.216812960672
0.21670244478
0.216619576797
0.215874550559
0.215791839346
0.215709143986
0.215543802587
0.215461154787
0.21537852284
0.215323443682
0.214993121984
0.214883069356
0.214580633364
0.214470691709
0.214443209378
0.21438825
0.214058738574
0.214003828517
0.213811704087
0.213784264031
0.21350999734
0.213427740584
0.213400325188
0.213399139725
0.21337172609
0.213344314217
0.213344289557
0.213316879446
0.21282394133
0.212769189805
0.212741816684
0.212659707891
0.212604977503
0.212550254161
0.212495537864
0.212440828614
0.212304089836
0.212222067355
0.212003424113
0.211948778275
0.211702985619
0.211621079394
0.211484601313
0.211320903358
0.211048211414
0.210421962326
0.210421907721
0.210313033512
0.210204187486
0.210095373166
0.210068172669
0.210013776959
0.209932196604
0.209932094439
0.209796167696
0.209796128943
0.209768947822
0.209768857988
0.209605813535
0.20949714894
0.209469987195
0.209252763692
0.209117053608
0.209008517599
0.208954259283
0.208872886781
0.208737299999
0.208683076912
0.208655968011
0.208547551782
0.208493353355
0.208439161975
0.208303714349
0.208249547628
0.208168310759
0.208141235326
0.207951760135
0.207870583155
0.207789420267
0.207735320482
0.207546044337
0.207410892636
0.207086774808
0.206924778425
0.206762848978
0.206385298959
0.206331382366
0.206277472819
0.206223570319
0.20619662171
0.20603497762
0.205846465949
0.205792619815
0.205442846291
0.205415948765
0.205415901206
0.205308334001
0.20522767313
0.205147028112
0.205120149962
0.204797777742
0.204663520865
0.204609829739
0.20442197157
0.204341485084
0.204314659778
0.204287836234
0.204234194429
0.204234176814
0.204180542056
0.204180043562
0.204072796944
0.204072763476
0.204045955785
0.203885146628
0.203885003949
0.203804624912
0.203643914397
0.20342974703
0.203402981614
0.203349456066
0.202868282756
0.202041235799
0.20198788992
0.201934551087
0.201907884313
0.201854556048
0.20180123483
0.201641315211
0.201534736187
0.201508095835
0.20129503819
0.201082098563
0.200816080799
0.200736309466
0.200656552225
0.200603389538
0.200576810837
0.200523658719
0.20041737562
0.200337681791
0.200311120705
0.200231448014
0.200204893973
0.199912915781
0.199780270641
0.199727224211
0.199700703638
0.19948861832
0.199409109445
0.199382610009
0.199303124033
0.199197165044
0.199117714297
0.19906475594
0.198905940758
0.198694281714
0.198667829838
0.198641379723
0.19861493137
0.198509155573
0.198403407959
0.198297693812
0.198271268358
0.198218422734
0.198165584157
0.197954337295
0.19792793474
0.197822343896
0.197637635221
0.197373963725
0.197294877601
0.197268519082
0.197242162325
0.197136754673
0.197110406724
0.197057716109
0.197057663265
0.196978640553
0.196952303172
0.196873301598
0.196767990827
0.196531153444
0.196504846008
0.196425934268
0.196347038382
0.196241870289
0.196110449365
0.196057892621
0.195926531587
0.195873999504
0.195611472958
0.195532740887
0.195427791216
0.195322869727
0.195244195785
0.195191755298
0.195191741206
0.195113095448
0.194903462085
0.194824872693
0.194772488572
0.19461538377
0.194589204921
0.194536852506
0.194510678941
0.194353674542
0.194327513308
0.194196735318
0.194170584652
0.193387375201
0.193335184841
0.193309092304
0.193230825259
0.193178656037
0.192943999344
0.192865808043
0.192787632594
0.192683422737
0.192501123742
0.192475087571
0.192423020514
0.192396989628
0.192344933139
0.192292883696
0.192266861617
0.192188805948
0.191980754378
0.191954753437
0.191798802392
0.19174682693
0.191539032534
0.191461124828
0.191357277831
0.191149673673
0.191097786285
0.191019968413
0.190786620487
0.190682956682
0.190579317538
0.190501607116
0.190449807801
0.190398015531
0.190320340338
0.190242680998
0.190216798075
0.190165037512
0.190139159872
0.190113283994
0.190087409878
0.19003566693
0.189958065718
0.189880482121
0.189880357057
0.189802787552
0.189699386205
0.189673540272
0.189621853691
0.189596013042
0.189441009664
0.189389354789
0.189389333651
0.188924996395
0.188821834608
0.188821787048
0.188770216723
0.188332364811
0.188306612236
0.187817917482
0.187792200136
0.187612235079
0.187560830331
0.1875351306
0.187458043735
0.187432351049
0.187201211996
0.187201160913
0.187072813741
0.186995820234
0.186995659941
0.186969998961
0.186969932026
0.186918615351
0.186918488526
0.186841526725
0.186610745248
0.186559477895
0.186021601359
0.185970415033
0.185868065279
0.185637903837
0.185612336215
0.185407870982
0.185305674475
0.185203507914
0.185152434321
0.185050308273
0.185024781164
0.184973732232
0.184846140727
0.184795116455
0.184693089049
0.184616586989
0.184591089826
0.184565594424
0.184514608904
0.18446363043
0.184361696382
0.184285263019
0.18420884551
0.184056063336
0.184005148275
0.183979693386
0.183954240259
0.183928788894
0.183852445366
0.183725246667
0.183699811154
0.183623515186
0.183496401037
0.18344556348
0.183318505698
0.183293098369
0.183292999727
0.183242190354
0.183216788309
0.183064423601
0.183064391895
0.18286133407
0.182835958447
0.182734475333
0.182658380171
0.182556946378
0.182430196851
0.182379507257
0.182100872141
0.182075549362
0.181771892677
0.181746592797
0.181721294679
0.181670703726
0.18162011982
0.18156954296
0.181569502446
0.181569491877
0.181569461932
0.181518892118
0.181291443327
0.181266176915
0.181215649376
0.180182072752
0.180081332975
0.180056151113
0.180056108838
0.180030928738
0.179930225951
0.179879885126
0.179829551347
0.179653449177
0.17962829726
0.179075675525
0.17902545448
0.179000346599
0.17897524048
0.178950136123
0.178874833619
0.178774456703
0.178649026512
0.178348196973
0.178348174074
0.178222891846
0.178097653654
0.178047570003
0.178047538296
0.178047511874
0.178022472691
0.177997435269
0.177972399609
0.17794736571
0.177947277636
0.17787218827
0.177747082187
0.177746960647
0.177746886665
0.177646830335
0.177296903564
0.177271917224
0.17722194983
0.177221918123
0.177146980242
0.176797553727
0.176747653268
0.17662293823
0.176473339017
0.176472963826
0.176248710328
0.176248648677
0.176248618732
0.17612407984
0.17609917629
0.176099144583
0.176074242794
0.176049342766
0.17582534468
0.175725825596
0.175700950229
0.175700923807
0.17527843889
0.175179076576
0.175129405107
0.175104572014
0.175104526216
0.175079694886
0.17488111822
0.174732262345
0.174731957612
0.174583161626
0.174583145773
0.174558351433
0.174558340864
0.174558298589
0.174558282736
0.174434339218
0.174434302228
0.174310400985
0.174260852819
0.174236081378
0.173840044814
0.173790563583
0.173642167449
0.17356799052
0.173518548041
0.173419685982
0.17327144838
0.173197352477
0.173147962842
0.173098580253
0.17302451958
0.172975154606
0.172950474761
0.17275310822
0.172629807636
0.172531197466
0.172383338578
0.172309431153
0.172260168343
0.172087816325
0.172063199892
0.171989361164
0.17189093947
0.171792542437
0.171792503685
0.17176790839
0.171718723085
0.171694133074
0.171669544825
0.171571214728
0.171522057606
0.171374639084
0.171251829948
0.171104518875
0.170981817188
0.170859159538
0.170785579744
0.170736535356
0.170687498013
0.170564946051
0.170515933369
0.170466927732
0.170319958383
0.170295468776
0.17012409613
0.170026206399
0.169977271221
0.169830518531
0.169732716872
0.169732695735
0.169683802832
0.169659359023
0.169537169922
0.169463877246
0.169463635926
0.169365934671
0.169292677225
0.169243847734
0.169219435632
0.169073001766
0.169024203983
0.168975413245
0.168975333979
0.168926550287
0.168926234985
0.16880430658
0.168731170675
0.168706795563
0.168682422212
0.168658050623
0.168633680795
0.168536224383
0.168487504104
0.168463146606
0.168341390825
0.168317043896
0.16824401544
0.168195337435
0.168073676773
0.168000699399
0.167976377131
0.167854797496
0.167854767551
0.167733230191
0.167660326798
0.167587439259
0.167563146936
0.1675629109
0.167514331537
0.167465759221
0.167465669386
0.167101703762
0.166956198188
0.166907706898
0.166762282351
0.166689592096
0.166616915932
0.166616905363
0.166568463395
0.166568426404
0.166568317193
0.166471456155
0.166447244859
0.166398827551
0.166374621539
0.16637457398
0.16635036973
0.166180996344
0.166060066688
0.165963353613
0.165939179308
0.165794177511
0.165721698631
0.16569754194
0.165673387011
0.165673346497
0.165673073471
0.165672950168
0.165648797
0.165166267364
0.164901110956
0.164828825836
0.16482868492
0.164732334706
0.164708250235
0.164684167525
0.164636007391
0.164635692089
0.164611614664
0.164491264529
0.164491151796
0.164418956511
0.16405835528
0.163986255114
0.163866126924
0.163866102263
0.16386606175
0.163865735879
0.163625641553
0.163553638268
0.16350564371
0.163361704076
0.163313737702
0.163265778374
0.163217826092
0.16314591088
0.163074013283
0.162978172131
0.162882359163
0.162666898884
0.162619034675
0.162571177512
0.162523327395
0.162475484323
0.162403734689
0.16226029707
0.162164697239
0.162069125592
0.162045236643
0.162021349456
0.161973580366
0.161925818322
0.161830317133
0.161710979839
0.161639397543
0.161615540301
0.1615678311
0.161520128946
0.161520040873
0.161472345764
0.161424657701
0.161162527485
0.161067255285
0.160948208633
0.160852999846
0.160757819243
0.160734027175
0.160710236868
0.160591311756
0.159879351685
0.159808176287
0.159737016742
0.159665874812
0.159618454492
0.159547338983
0.159499936277
0.159476237567
0.15942884543
0.159405152003
0.159310401197
0.159144663469
0.15912099118
0.159097320653
0.15900265792
0.158955336241
0.158860719306
0.158813418765
0.158695203522
0.158647927641
0.158529768765
0.158482517545
0.158435273371
0.158388036243
0.15834080616
0.158317193761
0.158269974247
0.158246367132
0.158222761779
0.158081171935
0.157751045759
0.157727477396
0.157491939972
0.157444843761
0.157421298297
0.157397754595
0.157327135819
0.157303599163
0.157280064268
0.157256531135
0.157185942304
0.157115369326
0.156974281498
0.156927262791
0.156856747941
0.156809746849
0.156786248945
0.156762752802
0.156739258421
0.156668787608
0.15657485412
0.156504418536
0.156457470287
0.156433998805
0.156387061125
0.156363594928
0.156340130491
0.156293206903
0.156222834732
0.156199380864
0.156175928758
0.156129029831
0.156082137949
0.155053889748
0.154937088959
0.154890376747
0.154726951818
0.154726921874
0.15470358074
0.154610233819
0.154563570927
0.154540242123
0.154516915081
0.154446946284
0.154307063297
0.154260446203
0.154237140298
0.154167233153
0.154097341861
0.154027466422
0.153980891603
0.153911042586
0.153794673356
0.15377140268
0.153678339354
0.153608559034
0.153492297253
0.153329617423
0.15332957691
0.153236647455
0.153143746184
0.15312052483
0.153074087405
0.1530740328
0.15307396058
0.153027530201
0.153004317654
0.152981106868
0.152934690581
0.15288828134
0.15281868245
0.152818666597
0.152749081799
0.152702700741
0.152609961525
0.152424579972
0.152331923544
0.152146711091
0.152146644156
0.152077212605
0.151961539152
0.151753441784
0.151753401271
0.151730285604
0.151684059555
0.151660949172
0.151568525257
0.151545423682
0.151476129526
0.151429942229
0.151406851222
0.151383761977
0.1507384662
0.150623294764
0.150554213744
0.150531189674
0.150508167364
0.15046212803
0.150324062871
0.15027805172
0.149910233779
0.149887259029
0.149772416986
0.149703529728
0.149451117497
0.14938230422
0.149359369983
0.149267652415
0.149175961268
0.149153042885
0.149107211403
0.149084298305
0.149061386967
0.148763779143
0.148512185992
0.148489318691
0.148375010372
0.148192225214
0.148146541695
0.148123702578
0.148100865222
0.148078029627
0.148055195795
0.148055167611
0.147918208651
0.147895387148
0.147849749427
0.147781306057
0.147735685951
0.147416607665
0.147393824914
0.147325488993
0.147279939345
0.147257167164
0.147075056646
0.14702954575
0.146984041901
0.146893055339
0.146847572626
0.146824833913
0.146779361769
0.146733896672
0.14668843862
0.146642987614
0.146597543654
0.146574824316
0.14655210674
0.146506676871
0.146415840034
0.146325031379
0.144719282553
0.144696709417
0.144674138042
0.144629000576
0.144583870157
0.144425986788
0.144380888075
0.144335796407
0.144132993994
0.144087941079
0.14390781749
0.143862799804
0.143817789163
0.143772785569
0.143705293388
0.143682799517
0.143615330236
0.143592843411
0.143413038647
0.143390567675
0.143345631016
0.142829772756
0.14278492417
0.14276250252
0.142762491951
0.142740072062
0.142672824724
0.142560783406
0.142515977095
0.14247117783
0.14244878084
0.14218018958
0.142113074352
0.141978894979
0.141867121403
0.141844771972
0.141777734249
0.14173305124
0.141599062105
0.14155440728
0.141487440015
0.141420488603
0.1412866351
0.141264331467
0.141197432899
0.141108262404
0.141085972863
0.141041399065
0.14097455158
0.140818648095
0.140818501893
0.140751707251
0.140551429014
0.14044022439
0.140395752757
0.14035128817
0.140329058519
0.140262380133
0.140217936684
0.14017350028
0.14004024039
0.140040198115
0.13986263393
0.139796068279
0.139773882664
0.139685159581
0.139640807727
0.139529964203
0.13948563701
0.139485585928
0.139441265781
0.139286204274
0.139286130293
0.139219700274
0.139197560457
0.139175422401
0.139175376603
0.139131105777
0.139131067025
0.139130956053
0.139064564786
0.138998187611
0.138998125959
0.138976003757
0.138887534325
0.13886542093
0.1387548839
0.138732781074
0.138644389146
0.13860020287
0.138533938428
0.138489769767
0.138467688078
0.138357316626
0.138269044477
0.138246980403
0.138158747006
0.13813669174
0.138092586491
0.13802644359
0.138004398892
0.137982355956
0.137916237715
0.137916084468
0.137894048578
0.137872014449
0.13780592263
0.137717826628
0.137673788314
0.137672962189
0.137650945674
0.137628930921
0.13760691793
0.137606905599
0.137584894369
0.137540877194
0.137452865741
0.137430866841
0.137320904048
0.137210985292
0.137189005768
0.137035216038
0.136991286935
0.136947364878
0.136881495004
0.136859541902
0.136815640983
0.136618186369
0.136574324202
0.13648662629
0.136398953038
0.136333215273
0.136333185328
0.136245561397
0.136223659378
0.136179860624
0.136114175703
0.135939109272
0.135895356315
0.1357422835
0.135720421994
0.135632995347
0.135632990062
0.135501902055
0.135480059925
0.13543638095
0.135392709021
0.135327214338
0.1353053863
0.135065436414
0.134891046384
0.134825675004
0.134782101716
0.134673201085
0.134586116162
0.134586047465
0.134585952346
0.134520654947
0.134455371639
0.13443361406
0.134390104185
0.134346601356
0.134216135145
0.134172660499
0.134150925819
0.1341291929
0.134107461742
0.134042278838
0.134020554726
0.133977111787
0.133911962351
0.133629865962
0.133413047595
0.133369703298
0.133261383949
0.133196407136
0.133131447938
0.133088149438
0.133066502831
0.133065234578
0.132978667525
0.132957029725
0.132870501423
0.13284887243
0.132762379358
0.132719140749
0.13271897341
0.132675741846
0.132632517328
0.132589299856
0.132567693763
0.132351750843
0.132330164125
0.13224383663
0.132179109945
0.132135966454
0.132028138553
0.132006578258
0.131985019723
0.131963462951
0.131812632476
0.131748011478
0.131726474082
0.131683404573
0.13157576691
0.13151120404
0.13148968602
0.13146816976
0.131253142801
0.131145681284
0.131124193208
0.131081222341
0.130459509018
0.130373794512
0.130330946947
0.130288106428
0.130245272955
0.13022385886
0.130181035956
0.130116816571
0.130074011282
0.130052611279
0.130031213038
0.130009816558
0.129988421839
0.129902860581
0.129731838466
0.129689096589
0.129646361758
0.129603633972
0.129582272722
0.129496847096
0.129454143971
0.129411447891
0.129326078632
0.12928340369
0.129176757731
0.129155431709
0.129134107449
0.129112784951
0.129091464214
0.1290914466
0.129070127624
0.12904881041
0.129006181266
0.128984869337
0.128878339634
0.128857038273
0.128771850444
0.128707979829
0.128707953407
0.128707911132
0.128686623863
0.128665338355
0.128622772624
0.128601492401
0.12860143075
0.12853760241
0.128452520269
0.128346217794
0.12832496047
0.128282451106
0.128218702032
0.128197455276
0.128197372488
0.128133644551
0.128048701566
0.128048701566
0.128048662814
0.127857660435
0.127794015288
0.127793965967
0.127793957159
0.127772745633
0.126170711731
0.125960049674
0.125959776647
0.12595975551
0.125959679767
0.125791275185
0.125475899493
0.125475888924
0.125433855155
0.125265816957
0.125202821789
0.125181826923
0.125181479915
0.125181442924
0.125181254447
0.125097294358
0.125034343226
0.125034300951
0.124845549721
0.124761702365
0.124719788375
0.124719777806
0.124719663311
0.124719377954
0.124635576396
0.124635539405
0.124635512983
0.124614565676
0.124593620131
0.124593542627
0.124488846605
0.124488809615
0.124488756771
0.124488614092
0.124321199453
0.124300278568
0.124237526481
0.124216612642
0.124174790248
0.1241329749
0.124070265089
0.123798725141
0.123736101642
0.123652625954
0.123631761436
0.12340239089
0.123319029698
0.123277358789
0.12315238834
0.122965062133
0.122881847141
0.122861047797
0.122653167089
0.122549288386
0.122445450197
0.122424687844
0.122341661329
0.122300155998
0.122217168235
0.122175684042
0.122072004384
0.121968368763
0.121906208528
0.121864777179
0.121802643366
0.121719824703
0.12167842506
0.121616340568
0.121512903992
0.121450860013
0.121409506168
0.121388831888
0.121326819616
0.121306152381
0.121285486908
0.121202842631
0.121120228298
0.121099578678
0.120996357001
0.120542801654
0.120398643598
0.120295726654
0.120254570092
0.120172278107
0.120131142683
0.120090014305
0.120028336711
0.119987225948
0.119966673208
0.119720193582
0.119699663741
0.119638084789
0.119597040961
0.119576521689
0.119268961604
0.119227981189
0.119187007819
0.119146041496
0.119105082218
0.119084605222
0.119043656513
0.11900271485
0.118920857946
0.118920771634
0.118879851109
0.118859393488
0.118777582382
0.118532335779
0.118430225584
0.118368974264
0.118328148857
0.118307738796
0.118287330497
0.118185320705
0.117879636577
0.117859265268
0.117838895721
0.11779816191
0.117737076167
0.117716717188
0.117614948717
0.117553910533
0.117411557976
0.117411542123
0.117370882294
0.117350555021
0.117289583773
0.117208313436
0.117208297583
0.117187984402
0.117127055429
0.117025547654
0.116964662718
0.116924080393
0.116924050448
0.116903761928
0.116863190172
0.116842906936
0.116802345749
0.116721246274
0.116700975368
0.116538889151
0.116498380808
0.116478129278
0.11645787951
0.116417385259
0.116356658854
0.116316182217
0.116275712626
0.116255480472
0.11623525008
0.11621502145
0.116214984459
0.116113873013
0.115992601634
0.115851189697
0.1157704249
0.115730050427
0.115709865834
0.115689683001
0.11566950193
0.115528301369
0.115427489372
0.11536702014
0.115306568523
0.115266275078
0.115246130998
0.115165572291
0.115125303507
0.115064915303
0.115044788837
0.115024664133
0.114984420009
0.114944182931
0.114843626345
0.114823519256
0.114803413928
0.114763208556
0.114702913709
0.114662725952
0.114622545241
0.114602457527
0.114461910468
0.114401696649
0.114381628311
0.114341496921
0.114321433868
0.114281313046
0.114201097825
0.114181047102
0.114040767786
0.113960633591
0.113940604006
0.113920576182
0.113880525819
0.11386050328
0.113840482502
0.113820463486
0.113700396946
0.113600391699
0.113500425203
0.113460448821
0.113440463272
0.113360543977
0.113260688453
0.113220754347
0.113180827286
0.113081051028
0.113041148628
0.11302120007
0.113001253273
0.112961364965
0.112941423453
0.112921483702
0.112921460803
0.112881586586
0.112841719415
0.112781933631
0.112742084074
0.112702241563
0.112702102408
0.112701970298
0.11270183995
0.112701817051
0.112661981586
0.112622153167
0.112542519228
0.112502711947
0.112462911712
0.112423118522
0.11236344371
0.112323668135
0.112303782989
0.112244139883
0.112184512631
0.112105033701
0.112065303924
0.112065238749
0.112025516018
0.111965946894
0.111906391861
0.111906294981
0.111866600433
0.111826912931
0.111668270372
0.111133738853
0.111094181699
0.110995330209
0.11099506599
0.110975298862
0.110955533496
0.110817251678
0.110777750891
0.110718514683
0.110718458316
0.110718437179
0.110600026414
0.11059992601
0.110580194112
0.110579817159
0.110560087022
0.110520632034
0.110500907181
0.110441744955
0.110323468061
0.11022495301
0.11020525458
0.110185557911
0.110126480234
0.110067416649
0.110067323292
0.10998860179
0.109909908472
0.109654413683
0.109634766335
0.109634709968
0.109634687069
0.109615041483
0.109595397658
0.109575755594
0.109556115292
0.109497206716
0.109438313993
0.109418686021
0.109202957999
0.108870024053
0.108830872035
0.108772158982
0.108752590899
0.108713460019
0.108674336185
0.10865477691
0.108596111416
0.108576559187
0.108537460013
0.108478824464
0.108361618539
0.108342087448
0.108341990567
0.108322461237
0.108322360834
0.10816620546
0.108166020506
0.10816600113
0.107970977334
0.107931987371
0.107931976802
0.107854019775
0.107834534481
0.107776090931
0.107756612684
0.10763978195
0.107600851877
0.107542469978
0.107503557519
0.107386872987
0.107328549217
0.107309111483
0.107270241299
0.107192523831
0.107173098427
0.107153674785
0.107114832785
0.106940180297
0.106901377049
0.10684318715
0.106726858433
0.106571860339
0.106552491302
0.106416959126
0.106378250997
0.106339549914
0.106300855876
0.106262168885
0.10614615547
0.106049532229
0.105952953025
0.105759910873
0.105682742982
0.105663454972
0.105624884237
0.105605601511
0.105355123366
0.105316608998
0.105124162221
0.105085690127
0.104739879893
0.104701478259
0.104682280083
0.10443296098
0.10437544572
0.104337111021
0.104317946314
0.104279622184
0.104260462761
0.104241305099
0.104222149199
0.103992428123
0.103915908449
0.103896782494
0.1038776583
0.103839415197
0.10380117914
0.103762950128
0.103705621584
0.103667410187
0.103648307131
0.103629205836
0.103591008531
0.103514640343
0.103476464175
0.103476384909
0.103457299468
0.103438215788
0.103380975316
0.103304684632
0.103266547217
0.103228416848
0.103209354305
0.103152179008
0.103133123511
0.103018845136
0.102999801969
0.102866561455
0.102847532381
0.102828505067
0.102790455725
0.102771433696
0.102752413429
0.102638346429
0.102543326119
0.102524326989
0.102486334014
0.102410374485
0.102334443139
0.102258534692
0.102220591038
0.102182654429
0.102182501182
0.102144571619
0.102049783822
0.101992929111
0.101955034777
0.101879267248
0.101784602753
0.101727823784
0.101633229748
0.101425329664
0.101330881829
0.101293110798
0.101274227924
0.101160969436
0.101142098893
0.101104363091
0.101085497832
0.101066634335
0.101028912624
0.100934640936
0.100896943886
0.100878098003
0.100783900296
0.100746231429
0.100708569609
0.100689741341
0.100689711396
0.100689693781
0.100633219546
0.100388723326
0.100369925002
0.100275965092
0.100238391345
0.100200824643
0.100182043935
0.100163264988
0.100031868724
0.0999380726303
0.0995259644865
0.0995258816978
0.0995071644018
0.0995071591174
0.0994884435829
0.0994884347756
0.0993948888093
0.0993761838435
0.0992453107344
0.0992452948812
0.0992266040072
0.0992079148946
0.0991705419538
0.0991331760588
0.0990211312178
0.0989837935062
0.0989651272926
0.0989464628405
0.0989091392206
0.0988531670018
0.0988345131184
0.0987785637986
0.0987599169611
0.0986480799726
0.0985735525123
0.0984804381042
0.09846181945
0.0984432025574
0.0984245874262
0.0982943572507
0.098219965423
0.0981827791972
0.0981641887264
0.0981456000172
0.0981270130694
0.0979598274196
0.0978855659401
0.0978298861239
0.0977927738795
0.0977371204853
0.0977371046322
0.0976258524491
0.0975887789568
0.0975884847927
0.0975514183462
0.0975514130619
0.0975513584565
0.0975513426034
0.0975142832028
0.0974772308481
0.0974216672885
0.0974031490377
0.0973846325484
0.0972735882178
0.0972550840587
0.097162600254
0.0971256148349
0.0971255778442
0.0970701129264
0.0969961861247
0.0969961737944
0.0969961579413
0.0969592042284
0.0969222575615
0.0968114668814
0.0961671029175
0.0961487044461
0.0961303077362
0.0960567402727
0.096019966229
0.0960199556603
0.095909686373
0.0958913125621
0.0958912896631
0.0958911910213
0.0958728189718
0.0957993536731
0.0957626289504
0.0957625672992
0.0957625567304
0.0957625179783
0.0956524036997
0.0956157071603
0.0955790176668
0.0955423352191
0.0954506704943
0.0953224254866
0.0952674802001
0.0951759423006
0.0950478734391
0.0950295824169
0.0950112931562
0.0947920016968
0.0946277171751
0.0944817747579
0.0944270725533
0.0944268981685
0.0944086670361
0.0943539842075
0.0943539683543
0.0943357442677
0.0942993013789
0.0942628655359
0.0942446502566
0.0941718085155
0.0941536020435
0.0941171943839
0.0940262166292
0.094008024249
0.0939716447728
0.0939352723424
0.0939352406361
0.0939351102879
0.0933730048413
0.0933729678506
0.0933729079609
0.093372878016
0.0933547490484
0.0933544865905
0.0933363593843
0.0933362906873
0.0932094566107
0.0931732321432
0.0931731986754
0.0931731722535
0.0931731317399
0.093118810011
0.0930826031581
0.093046403351
0.0929921186128
0.0929016869114
0.0928474444484
0.0928112904393
0.092793216077
0.0927931967009
0.0926667378157
0.0926667219626
0.0926666796875
0.0926666462197
0.0926663978535
0.0926663855233
0.0922334991729
0.0921974649433
0.0921614377595
0.0920534160979
0.0920530990347
0.0919991049378
0.0919631165062
0.091963100653
0.091963031956
0.0919450403824
0.0919090625195
0.0919090519507
0.0917652479486
0.0917652373798
0.0917651968662
0.0917651598754
0.0914599249201
0.0913343767108
0.0913164467884
0.0912268253595
0.0912268200752
0.0911909831293
0.0911193321365
0.0907617923263
0.0907260469765
0.0906903086725
0.0904581884849
0.0904225030247
0.0903868246104
0.0902441831732
0.0902085399881
0.0901550884215
0.0900838496109
0.0900482381322
0.090030435035
0.0900126336993
0.0899770363122
0.0899592402609
0.0898880789546
0.0894619407655
0.08939097322
0.0892668500335
0.0891782414454
0.0891250963732
0.0890896751324
0.0890542609374
0.0890365564821
0.0890188537882
0.088965758037
0.0888065782323
0.0887358713832
0.0886828601821
0.0886475270144
0.0885945404738
0.0885592249207
0.0885239164134
0.088506264802
0.088329894889
0.0882946321797
0.0882417513268
0.0882241278988
0.0881888863271
0.0881536518012
0.0880832038871
0.0880655963122
0.0880303864468
0.0880303741166
0.0879775742909
0.0879423820402
0.087924788557
0.0879071968353
0.087889606875
0.0878544322389
0.0878016834956
0.0877841041041
0.0877313782599
0.0876962353301
0.0876610994461
0.087625970608
0.0876084088311
0.0875908488157
0.0875907765957
0.0875907501738
0.0875380824578
0.0874854288335
0.0874503352246
0.0874327910624
0.0873626337895
0.087327564841
0.0871698576187
0.087099804272
0.0870297843932
0.0869073134581
0.0868723361058
0.0868548500718
0.0868373657992
0.0868198832881
0.0866975726462
0.0866801042268
0.0866277095374
0.0866102481639
0.0865753307012
0.0865404202844
0.0865229677181
0.0865055169134
0.0864182998803
0.0863485547895
0.0862439926394
0.0862438851902
0.0862090417089
0.0861742052735
0.0860871450105
0.0857396455342
0.0857396402498
0.0856354550525
0.0856180940823
0.0855660217405
0.0855313156533
0.0855312469563
0.0855138965548
0.0854965479149
0.0854963647228
0.0854616727273
0.0854269877776
0.0853749753255
0.0853403079905
0.0853229769651
0.0852883201988
0.0852190330882
0.0851843974594
0.0851324572273
0.0850805346097
0.0850632300063
0.0850459271644
0.08504592188
0.0850113214805
0.0849767281268
0.084942141819
0.0849248513073
0.0848557086366
0.0847002525627
0.0846657226217
0.0846484602934
0.0846139409211
0.0845449250757
0.0844931821273
0.0844931733199
0.0844931680356
0.0844414409403
0.084424201511
0.0843724955533
0.0843552631698
0.0843035783497
0.0842691294359
0.0842519076212
0.084234687568
0.0841830397385
0.0841141982778
0.0840797881162
0.0840453850004
0.0839250560033
0.0838906845939
0.0838735015313
0.0838563202303
0.0838219629125
0.0838047868959
0.0838047763271
0.0837532588458
0.0837532500385
0.0837360810677
0.0837017484104
0.0836502643969
0.0836502450209
0.0836502045072
0.0836330461052
0.0835815814678
0.0835815761834
0.0835815004405
0.083427215739
0.0833929464944
0.083324434427
0.08327306667
0.0832559470201
0.0832388291317
0.0832217130048
0.0831874860352
0.0831361587919
0.0829823003641
0.0829310382949
0.0828797920788
0.082794417535
0.0827943981589
0.0827943594068
0.0827431537043
0.0827431413741
0.0826919532862
0.0826578355273
0.0826066738614
0.0824192736729
0.082419247251
0.0823170947809
0.0822660388027
0.0822490230791
0.0822149969163
0.082197986477
0.0821809777992
0.0821809689919
0.0821639620756
0.0820959537864
0.0820279772035
0.0820109861404
0.082010980856
0.0819939915543
0.0819260572465
0.0818920980192
0.0818581458378
0.0818411723892
0.0817563368528
0.0817563227611
0.0816884870952
0.0816884430587
0.0816545331523
0.0816375808413
0.0816206302918
0.0815020521879
0.0814681810337
0.0814343169254
0.0813666151306
0.0813327721598
0.0812144036699
0.0811974971569
0.0811805924054
0.0811298887196
0.0810960950698
0.0810623084657
0.0809778780656
0.0809609962131
0.0809609909287
0.0809441108377
0.0808934811333
0.0808766080881
0.0807585725146
0.0807248563691
0.0806911472694
0.0806742953617
0.0806405968308
0.0806237502075
0.0806069053457
0.0805395452746
0.0804722169097
0.0804385606539
0.0803880912426
0.0803544526014
0.080320821006
0.0802871964565
0.0802703868239
0.0801527951388
0.0801192058186
0.0800352739122
0.0799010769242
0.0799010663554
0.0796664765979
0.0796329894425
0.0796162485069
0.0796162326538
0.079616222085
0.0795660116086
0.0795325455907
0.0794154735369
0.079348613721
0.0793485062718
0.0793484234831
0.0793483724007
0.079348331887
0.0793483054651
0.0793482490983
0.079348240291
0.0792480078147
0.0792313073927
0.0792313021084
0.0791311471363
0.0790143798155
0.0789476890999
0.0789310203843
0.0788810265678
0.0788143904575
0.0787977358336
0.0787810829712
0.0787644318702
0.0787144891361
0.07871446976
0.0786978257048
0.0785813736857
0.0785813190804
0.078581313796
0.0785812803282
0.0785480221628
0.0784981498871
0.0783984564182
0.0783154263804
0.0782822245818
0.0782656263247
0.0782655805267
0.0782655717194
0.0782655629121
0.0782323716822
0.0782323470217
0.0781162455336
0.0780996648911
0.07808308601
0.0780002285956
0.0779836602833
0.0779505289432
0.0779174046489
0.0778842874005
0.0778842821161
0.0778015251049
0.0778015162976
0.0777684237097
0.0777022614327
0.0777022526254
0.077652648092
0.0776195872103
0.0775700108603
0.0775204486019
0.0774874159037
0.0774874035734
0.077487398289
0.0774873736286
0.0772729297128
0.0772728680617
0.0772728345939
0.0772728257866
0.0772233604086
0.0772068748851
0.0771739091224
0.0771739003151
0.077124464882
0.0770585773931
0.077058515742
0.0770585069347
0.0770584382376
0.0770419703287
0.0770419456682
0.0770419157234
0.0770254495759
0.0770254266769
0.0765817954079
0.0764997341743
0.0764997147982
0.0764997095138
0.0764668952369
0.076466865292
0.0764668318242
0.0764668054023
0.0764667648887
0.0764175584457
0.076417521455
0.0764175073633
0.076417498556
0.0764174791799
0.0763846825175
0.0763846737102
0.076384638481
0.076368242792
0.0763354566984
0.0763354514141
0.0763026723663
0.0762862854847
0.0762862696315
0.0762698845113
0.0762535011526
0.0761552450366
0.0761552291835
0.0761224888879
0.0761061213823
0.0760897556382
0.0760243155607
0.0760243032305
0.0759915911183
0.0759915506047
0.0759588455384
0.0759098011499
0.0759097888197
0.075877101368
0.0758607602843
0.075860751477
0.0758607356238
0.0758607232936
0.0758606475507
0.0758606070371
0.0757626151405
0.0757299593951
0.0757299541108
0.0757136288803
0.0756809837037
0.07568094319
0.0756809308598
0.0756808445481
0.0756808251721
0.075664505226
0.0756644752811
0.075664455905
0.0756318212972
0.0756318019211
0.0756317244168
0.0756316979948
0.0756316786188
0.0756316698114
0.0756316539583
0.075631321042
0.0756313051888
0.0756149905271
0.075582366488
0.0755660571107
0.0754845384074
0.0754519425517
0.0754519372673
0.075451836864
0.0754518033962
0.0754192145864
0.0754191899259
0.075386608162
0.0753865993547
0.0753703111149
0.0753377399197
0.0752726239512
0.0752563480416
0.0752562582071
0.075239984059
0.0752237116724
0.075223706388
0.0751261266735
0.0743001277864
0.0743001119332
0.074300099603
0.0743000872728
0.0743000749425
0.0743000555665
0.0742677168843
0.074267704554
0.0742515378551
0.0742353729177
0.0742030483272
0.0742030219052
0.0741383956232
0.074122243016
0.074089943086
0.0740415081633
0.0739769558627
0.0739769541013
0.0739446858776
0.0739285544079
0.0739124246997
0.0738801705677
0.0737673630136
0.0736707274428
0.0735580801817
0.0735580696129
0.0735419804184
0.0735258929853
0.0735098073136
0.0734776412547
0.0734133355588
0.0734132316325
0.0733810867111
0.0733809827849
0.0732685486607
0.0731401750663
0.0730760173332
0.0730759873883
0.0730759609664
0.0730278571987
0.0729797710455
0.0729317007455
0.0727556355655
0.072739634444
0.0727396256367
0.072739356133
0.0726913650988
0.0726433899178
0.0724835971243
0.0724835636566
0.0724834333084
0.0724035985628
0.0723876361935
0.0723876273862
0.0723876168174
0.0723556973632
0.0723556727027
0.0723556462808
0.0723237338724
0.0723077803104
0.0723077556499
0.0722280177848
0.0721483257177
0.0720527575929
0.0720209121201
0.0720208980284
0.0720208222855
0.0720208117168
0.0720048916225
0.0720048652006
0.0720043297161
0.0720042257899
0.0720042011294
0.071956453177
0.071956430278
0.071956403856
0.071956358058
0.0719563457278
0.0719563404434
0.071956335159
0.0719563298746
0.0719563140215
0.0719562999298
0.071956266462
0.0719562470859
0.0719562224254
0.0719559229769
0.0719559141696
0.0719400011212
0.0719399711764
0.0719399236169
0.0719396505903
0.0719396276913
0.0719394392148
0.0719390833995
0.07193903584
0.0719390023722
0.0719389882805
0.0719389777118
0.0719389653815
0.0719389319137
0.071938917822
0.0719387716207
0.0719386606486
0.0719386342266
0.0719386148506
0.0719385813828
0.0719385655296
0.0719385391077
0.0719383717688
0.0719382678425
0.071938223806
0.0719382044299
0.0719381991455
0.071938174485
0.0719381603933
0.071890431817
0.0718904194868
0.0718427067636
0.0717314422503
0.071683782371
0.07157264116
0.071525035886
0.0714933066697
0.0712240531001
0.0710816388914
0.0709709697523
0.0708919681783
0.0708130212097
0.0707814505249
0.0707656678247
0.070749886886
0.0705134017954
0.0704976490401
0.0703088167829
0.0702773588317
0.0700260052397
0.0699789160741
0.0699632232085
0.0699475321043
0.0699161551804
0.0698691030055
0.0697907232277
0.069759381533
0.0697437133278
0.069712382202
0.0696654004855
0.0696184328608
0.0696027805088
0.0695558357831
0.0695089069106
0.0695088910574
0.0694776127754
0.0694307103247
0.0693838219658
0.0692588744151
0.0692588691307
0.0692120406615
0.069180829315
0.0691496250144
0.0691340255063
0.0690872393121
0.0690716468499
0.0690092998998
0.0689781343513
0.0689469758487
0.0688846817425
0.0688224158197
0.0688224105353
0.068822401728
0.0687912784546
0.0687601622271
0.0687601569427
0.0687446014711
0.0687134958124
0.0686823971995
0.0686668505352
0.0686513056324
0.0686357624911
0.0686046814928
0.0685736075404
0.0685425406338
0.0685270098227
0.0684804297196
0.0684649059544
0.0684493839506
0.0683408056669
0.0683097916042
0.0682632837211
0.0682477846163
0.068232287273
0.0682322626125
0.0682321974384
0.0681857177387
0.0681547389052
0.0681237671175
0.0680928023758
0.0680308957912
0.0679380966848
0.0679071742181
0.0678762587972
0.067860803729
0.0677681155947
0.067706356973
0.0676446300575
0.0676137745264
0.0675829260411
0.0674750294433
0.0673980112756
0.0673980007068
0.0673826002439
0.0673518046025
0.0673056243513
0.0671518205289
0.0671210777313
0.0670289021825
0.0669674852844
0.0669367847619
0.0669214371429
0.0668907471892
0.0668754048545
0.0668293901808
0.0668290960166
0.0668290872093
0.0668137519205
0.0667984183932
0.0667830866273
0.0667677566228
0.0667524283799
0.0667371018984
0.066675813587
0.0666604959128
0.0666298658488
0.0665839339638
0.0665839251565
0.0665839022575
0.0665685951521
0.066522686166
0.0665073861065
0.0664920878084
0.0664767912717
0.0664614964965
0.0664462034828
0.0663545000058
0.0663392193223
0.0662475827809
0.0662170478359
0.0661407430603
0.0661102327757
0.0660339931743
0.0660339808441
0.0659730219261
0.065896859829
0.0658664059112
0.0658055244975
0.0657598797308
0.0657142508173
0.0656230387882
0.0656078426549
0.0656078091871
0.0655926148153
0.06554704403
0.0655166711395
0.0655014873364
0.0655013939789
0.0654710316571
0.0653951672471
0.0653648295858
0.0653496633974
0.0652890162582
0.0651526790937
0.0651223977992
0.0651072597941
0.0650769890684
0.065016470516
0.0650013448411
0.0649710987759
0.0649559783854
0.0649408597565
0.0648955161998
0.0648804046167
0.0647294138492
0.0646992311966
0.0646388887903
0.0646238071521
0.0645936491599
0.064578572806
0.0645484253826
0.0645333543131
0.0645182850051
0.0644429666483
0.0644128509312
0.0643977957149
0.0643375942256
0.064307503169
0.0642473474778
0.0642323116375
0.0641721876526
0.0641571606196
0.0641271118381
0.063962032897
0.0639470305245
0.0638870439336
0.0638570585647
0.0638270802417
0.0637971089645
0.0636922755492
0.0636922702648
0.0636324034534
0.0636024779742
0.0635277003863
0.0635127490962
0.0634679075562
0.0634380208292
0.0633932057111
0.0633633365987
0.0632886999278
0.0632439376536
0.0632290198313
0.0632141037704
0.0631991894711
0.0631544571417
0.0631097406655
0.0630948386964
0.0630650400425
0.0630501433577
0.0630501134129
0.0630352184896
0.0630203253278
0.062886415458
0.0628417941008
0.062826923838
0.0628120553366
0.0627674604013
0.0627525989458
0.062663484818
0.0626337883289
0.0626337495768
0.0625595427025
0.0625298708739
0.0624853781034
0.0624705501157
0.0624557238894
0.0624408994246
0.0624112557794
0.0623371792533
0.0623223688802
0.0623223635958
0.0623075549842
0.0622335489166
0.0622187508738
0.0622187473508
0.0622186187641
0.0621890279627
0.0621742352043
0.062129869259
0.0620855191669
0.0620559600719
0.0620559248426
0.0620559195583
0.062026367509
0.0620263410871
0.0619377448292
0.0618934634342
0.061893447581
0.0618196828338
0.0618049341118
0.0617901871513
0.0617901607294
0.0616575314426
0.0616428020967
0.0616280745124
0.0615250483571
0.0615250289811
0.0614220979448
0.0614073967824
0.0613486150315
0.0613486062242
0.0612604855611
0.0612164472478
0.0612017707458
0.0611870960052
0.0611137540089
0.0610844274268
0.061069766778
0.0610111470817
0.060937910773
0.0609086264661
0.0608500842741
0.0607331002933
0.0607184819195
0.0607038653072
0.0606892504564
0.0606892416491
0.0606016001037
0.0605577978263
0.0604410886337
0.0604410551659
0.0603827349181
0.060339013668
0.0603244428537
0.0603098738009
0.0603098297644
0.0602806969431
0.0602515711678
0.0602078957157
0.0602078904313
0.0601933354702
0.0601205976553
0.0600915106321
0.0600914243204
0.0600623443431
0.0600622650773
0.0600041315445
0.0600041227372
0.0600041174528
0.059975058613
0.0598734257743
0.0598298894777
0.0598153803146
0.0598153697458
0.0598153574155
0.0597863443737
0.059771840495
0.059742838022
0.0597427622791
0.0597137668519
0.0596847784706
0.0596557971351
0.059655777759
0.0596123207282
0.059597837987
0.0595544003323
0.0595543950479
0.059438675797
0.0594386423292
0.0594097208835
0.0594097120762
0.0594096786084
