5038
588
893
566
273
5069
5022
140
95
5030
1028
370
458
1768
5033
647
1139
543
286
8344
155
887
80
90
613
823
1806
2630
530
2718
195
1672
128
200
851
1569
82
102
114
478
353
2666
734
1819
20764
9129
516
1588
1528
136
1053
554
1330
4063
4746
1817
5036
4153
76
2348
2737
9137
184
7954
443
1031
151
78
20805
2215
91
308
2753
342
93
225
878
444
147
8557
33806
127
106
343
3311
133
1725
3237
686
213
16625
301
5020
1507
4880
8556
652
2939
1304
416
360
929
1824
1334
1
1365
9135
520
56
4876
292
4152
72
232
107
2015
1821
5053
1161
2323
880
3027
910
74
385
5050
4398
2111
277
314
920
5237
22587
316
9500
1202
6084
390
35675
1793
939
1359
79
274
1371
2253
2720
621
2088
1927
2715
2773
4093
13634
1970
9044
802
919
960
89
5027
3844
4262
6831
879
81
1046
13633
876
10815
5051
2736
2728
402
4183
875
1813
2601
4154
1443
9132
5052
9861
3174
6289
659
3161
2271
1000
5023
13637
144
8560
4618
6917
8558
109
13635
30172
192
8032
915
1470
2047
5070
922
2637
928
1233
4621
5042
449
3258
406
620
5021
54
4216
2947
5057
4272
950
4755
4124
11812
4904
26576
539
918
4737
9504
26811
244
8566
1935
287
383
9131
1323
5028
26142
1027
10281
1833
8072
7059
188
13396
5853
9130
15198
8565
2186
30779
386
1025
101
442
10280
28825
10893
4227
948
1552
75
22463
8559
9752
391
14862
593
581
4224
9313
2550
35279
775
5024
1481
18722
1252
815
1559
8987
172
3057
10959
1185
86
1112
279
3295
255
23043
24812
5150
5830
26854
92
5029
8194
1050
1108
1168
13267
10601
5068
16201
575
4256
585
23873
27605
694
9134
26990
1208
1560
165
1308
1401
4205
5032
13640
13266
645
4232
26911
46
145
24464
409
4027
6829
53
707
3354
23648
215
26584
716
2667
11547
239
1213
2723
1087
12110
5064
560
889
1628
4480
26897
3334
19815
23946
30513
3742
19467
5061
28933
241
5557
18778
5729
8678
24890
367
773
1164
438
186
1885
4642
473
923
9754
21255
4757
492
2746
1790
2189
819
24810
1783
592
6707
1259
6828
121
3058
521
958
1762
5587
403
8857
11744
22319
212
1061
20374
20963
25323
14338
1771
5045
16202
1652
3108
3251
531
1316
205
1234
20183
454
822
1030
4121
16207
974
8071
10084
21241
393
457
498
4677
6231
22063
23960
14827
20966
32745
4536
29813
924
4075
1159
6069
7581
9239
280
1207
4065
5046
6009
17278
1118
9799
16692
25158
764
1847
3200
12015
22423
1767
5824
20919
26015
441
4132
5049
12116
354
3266
10124
368
1302
1668
5881
9136
13577
25529
28097
28509
264
477
528
2296
3065
3333
3535
6653
12512
26378
26856
853
1043
1936
2741
3253
3906
4070
6022
13366
861
898
1111
12076
13744
425
2264
2165
4995
8794
11190
1461
3318
4477
7990
20654
21236
639
14144
267
491
678
2061
29012
573
642
675
852
1104
1459
2160
3733
4534
6681
7459
7578
16210
19325
20157
30808
1095
1765
2091
3128
4486
6049
7657
8271
9079
17181
824
1126
3604
4191
11165
112
153
782
2651
12844
20336
614
1063
4538
16978
2580
2696
15264
281
5074
5190
5742
11818
16797
504
551
8315
6357
6782
7523
8350
254
419
462
26709
233
4197
6899
423
1193
1245
3016
3050
4545
8340
1049
1076
3626
5883
7193
7324
7638
11350
11494
664
5518
12676
13093
14065
15247
17179
19720
23139
1324
1585
2385
5614
11040
23364
290
293
587
5202
6664
11890
420
2648
2828
4160
6982
10778
14886
16867
615
1037
2516
3400
5211
10897
17824
24811
134
1137
1191
1487
4176
7998
13630
13987
326
355
1077
1778
7102
8629
10928
11680
18384
18861
24467
700
1038
2510
2782
4802
6008
16017
16987
19464
19912
26699
30545
235
513
1113
1217
2509
2515
2953
3313
5990
6509
6785
7235
13585
18067
19840
221
1340
1572
2144
2294
2524
5279
6320
6671
6738
7428
7993
20205
22118
300
505
1082
4193
4238
4884
7720
8782
13628
14055
26435
727
796
971
2263
3033
4878
5105
11353
13578
20652
196
636
1891
2288
2697
4767
7663
9172
20051
26832
509
1384
3219
5174
6876
14171
14841
243
446
673
787
1101
1350
1354
1472
1966
5170
7541
10330
12329
13427
14196
15666
16782
18748
24025
563
1084
1373
1713
2577
3215
3461
6081
6202
7140
8694
9499
11298
14893
20669
21680
175
510
959
1106
1499
4128
4223
6258
7571
9358
11922
25791
30184
224
1059
1071
1102
5199
5943
6518
7283
10032
13415
13747
17832
23840
27149
307
1132
2090
4142
4260
4736
5141
7516
10245
14057
18603
18617
24159
27
556
760
907
2168
2740
3352
4698
6242
7547
13268
13432
17925
364
666
723
735
3795
5071
5398
7927
10733
11204
13256
19721
20692
22201
357
502
526
602
1190
1236
1831
2679
2951
4140
5500
6944
7331
7467
20990
1103
1205
2276
2497
2640
3949
4136
4323
4349
5681
8524
9501
9527
11692
13424
16781
19355
21582
22359
26007
315
604
1032
1105
1332
3043
4450
4678
4760
6735
6976
7083
7517
7530
7651
16203
16216
30683
579
661
682
691
1289
1310
1899
1922
3344
3370
3679
4263
5748
6340
6909
7641
8029
15323
18880
19249
20353
23483
35732
296
576
753
830
1153
1471
2383
3280
4237
4451
4577
4766
5971
6198
6405
8169
9534
11527
143
295
408
812
1313
1356
1549
2060
2254
2943
3039
3245
3323
5333
5833
6175
6560
7515
8016
10458
10958
11423
13658
24152
24743
27812
32840
284
471
610
751
839
1188
1763
1781
2673
2703
2937
3091
3823
5467
5716
6872
7437
7551
11394
13421
20220
23869
24650
156
917
966
1145
1387
3593
4560
5963
6654
6783
6833
6892
11827
20482
23317
180
703
1034
1265
2635
3110
4426
4651
7701
7721
8103
11083
537
580
1607
2436
2620
3145
3241
3267
3271
3649
4639
4752
5315
7096
7103
7531
10278
11191
11352
14036
15166
15201
16710
21580
25766
122
313
500
508
533
897
1176
1439
1527
1772
2229
2503
2935
3129
3743
4335
5118
7548
8740
9502
11033
12350
19876
22021
23868
25080
25504
26163
480
1048
1130
1198
1807
2218
2608
2680
3236
4542
4699
11864
16808
230
358
779
934
1162
1428
2573
2642
3418
4879
5948
6488
7640
8374
10903
12456
13631
13756
14577
14876
15990
23082
23722
25326
26033
34497
13
132
324
382
413
519
607
778
1051
1189
1597
1798
1944
2579
2941
3080
3924
4522
4937
5799
6734
9021
9251
10641
13175
16295
20378
20632
29625
83
118
544
677
726
808
1160
1253
1818
1886
2270
3197
3356
3635
4246
5041
5645
5787
5907
7113
7120
8878
11297
12542
13409
14114
14241
16288
22385
23288
28642
28873
171
242
424
736
1055
1429
1686
1759
2216
2262
2621
2708
2754
3223
3499
4139
5276
5552
5839
6031
6921
7553
7558
7812
11016
13303
15465
16461
17512
19240
19872
20280
20772
20820
22341
22525
22694
24153
25595
26162
27796
29818
29851
30340
34529
35115
470
475
481
564
874
1036
1592
1619
1683
1815
1880
2121
2279
2564
2565
2613
2818
3297
3688
4498
5075
6003
6047
6794
9933
11099
11227
12421
12800
13820
13972
14141
15331
16496
18808
19826
24780
29101
30862
418
657
1422
2018
2668
3994
4164
5531
6023
6600
7994
7995
9521
11522
11846
13205
13883
14161
15146
15164
15282
16630
18283
18590
19284
22738
22920
23371
27728
30201
599
885
890
1305
1411
1615
1760
1919
2560
3038
3330
3427
3530
3899
4517
5406
5515
7165
7784
7848
8411
8767
10112
11446
13486
14189
14285
15003
15187
19711
19823
21426
22321
23140
25658
28014
345
506
1224
1478
1797
1803
3246
3263
4210
5212
6048
6255
7047
7484
8699
8850
8938
9959
11117
12363
12409
12896
13147
13419
14156
15275
16503
19125
19213
26863
452
517
623
789
1044
1406
1517
1775
1953
2491
2610
3035
3107
3109
3133
3226
4505
4513
4680
6702
6889
7089
7255
9910
10384
10387
10414
16242
16715
17284
17993
19382
23687
25826
27233
389
493
1486
1734
2290
3104
3350
3791
4288
4644
4700
4735
6143
7203
8671
9589
11115
12362
12665
13979
14255
19901
22566
23490
24889
28901
448
658
780
871
1396
1416
1521
2528
2615
3473
4378
4838
5286
5733
5935
6072
6406
6706
6920
7405
8005
9967
10415
10872
10960
11077
11214
12434
13174
18826
19026
19149
19466
20237
20958
23676
24691
27871
322
378
401
704
805
837
1068
1210
1222
1667
2092
2269
2420
2518
2590
2977
3001
3364
3379
3729
4200
4218
5148
5215
5511
6068
8685
9292
11631
13405
15386
16622
17893
20964
25124
30834
33954
312
340
400
762
772
884
1122
1697
1788
2724
2770
2800
2922
3100
3147
4544
4687
5026
5490
5920
6305
7312
7544
7941
10359
10374
11925
14115
14145
15601
16489
17283
17501
23351
27888
168
708
1042
1057
1326
1594
1642
2299
2595
3476
3969
4119
4178
5536
6803
7188
7397
7468
7821
8031
8264
9175
10181
10560
10620
11043
13022
13796
14155
14694
17100
20659
22544
26141
27475
174
633
742
842
930
1300
1430
1996
2096
2320
2572
3143
3518
3565
3904
4460
4478
4497
4519
4603
4616
4740
4815
5224
5769
6180
7177
10841
10969
10997
11031
12178
13748
16443
17642
18600
19836
22529
22913
26866
27404
34894
154
331
570
596
681
712
867
1090
1120
2386
2638
3112
3412
4148
4293
4459
4640
5277
5749
5998
6210
6249
6786
9133
10214
10972
12482
12770
13423
13948
13984
18033
19715
20620
21432
22354
23421
27837
28514
33056
548
731
1086
1179
1390
1458
1800
1835
1960
2066
2690
2711
3234
3378
3438
4220
4392
4490
4703
5259
5964
6015
6131
6193
6436
6845
7736
8220
8326
8543
8876
9038
9909
10484
12465
13731
16085
16616
17020
17336
19126
21458
25640
26803
26817
166
252
263
339
349
362
372
578
582
603
967
991
1883
1951
2011
2303
2652
2700
2785
2924
3138
3171
3386
3836
4259
4358
4681
4697
4852
4863
4872
4920
5242
5988
6582
6898
7294
8030
8659
8981
9174
12668
17005
18719
20626
20939
23034
24700
25089
27952
30193
30448
5
524
549
586
769
792
937
1054
1291
1394
1409
2570
2599
3127
3399
5695
5856
6088
6893
7549
8529
9896
10017
11085
12608
14134
14942
18773
19548
19962
20931
24357
26048
26711
27148
30329
33707
223
399
451
522
584
869
951
1154
1221
1464
1546
1663
1828
1937
1939
2705
2816
2912
2992
3492
3849
4161
4476
4556
5384
5471
6056
6087
6522
6927
6986
7155
7205
7248
7401
7962
8193
8582
9389
9761
9984
10363
10412
11252
11678
11813
12786
13161
13202
15165
16998
17167
18279
18610
19764
20268
22975
23025
25928
27152
28979
525
719
758
813
925
1091
1158
1292
1315
1320
1357
1413
1519
1911
2125
2916
3185
3316
3435
3841
3915
3933
4504
4692
4706
5666
5676
5776
7156
7800
7975
7999
8166
9121
9361
9474
9917
10334
10376
10571
11430
12354
12886
13269
15512
16191
19307
21284
22207
22541
113
169
245
545
561
590
595
820
845
865
1083
1809
1892
2398
2507
2576
2622
2633
2886
3021
3290
3292
3470
3959
4230
4499
4531
4559
5248
5287
5339
6460
6523
6550
7032
7107
7259
7400
7457
7611
7786
8322
12559
13413
13707
14287
16812
18079
18310
19310
20630
21581
22034
22565
119
696
800
829
860
909
940
943
1018
1078
1109
1169
1228
1297
1318
1523
1657
1660
2075
2076
2178
2472
2588
2692
2760
3169
3310
3541
3580
3673
3792
4080
4083
4092
4305
4496
4650
4747
5168
5939
6020
6144
6793
7216
7268
7527
8354
8962
9211
9357
9958
10915
11261
12090
13666
13735
14067
14126
14686
14701
16031
16318
16822
16972
17253
18115
19260
20052
20471
20942
24695
26851
27313
29761
138
594
766
863
1079
1110
1662
1856
2487
2489
2793
2963
3276
3357
3368
3480
3767
4012
4014
4133
4170
4510
4601
4758
4827
4970
5172
5660
5761
6373
6790
7615
8372
9300
10053
10065
11041
11453
13265
13404
13665
14446
15281
15566
15969
20231
22422
22757
27810
34764
84
97
219
319
381
384
562
606
688
804
931
1056
1541
1696
2256
2496
2817
2936
2993
3546
3549
3815
4240
4524
4547
4645
5192
5223
5225
5702
6018
6063
6271
6328
6500
7105
7545
7559
7985
7991
8648
9076
11773
11952
13201
14402
17289
17380
18000
20821
22085
24426
24751
26660
35435
625
654
709
724
903
1152
1170
1287
1578
1674
1894
2251
2260
2268
2578
2593
2603
2784
3157
3186
3437
3845
3966
4057
4306
4615
4623
4652
5220
5243
5318
5696
5727
5778
6092
6715
6997
7106
8001
8081
8223
8308
9230
9751
10241
11825
12082
12318
14296
14880
15173
15913
16618
18009
20448
20616
21136
23101
23369
24059
26812
28617
28623
29040
35738
405
638
670
817
882
1026
1099
1148
1196
1425
1654
1665
2250
2631
2931
2959
3244
3247
3259
3325
3443
4074
4226
4390
4515
4586
4588
4682
4691
4778
4793
5145
5195
5700
5705
5843
5926
6854
6926
7082
7128
7168
7246
7532
8038
8561
9193
9366
9960
10247
10405
11143
11762
12575
14256
14594
14703
14838
16498
16853
17040
17046
17085
18697
19525
20238
20288
20618
20643
20918
21336
21497
21801
22035
22115
26713
27090
27170
27721
27867
27876
33169
33209
34751
35390
178
271
347
404
429
626
713
744
946
969
1171
1442
1524
1691
1716
1742
1875
1989
2316
2725
2868
3141
3160
3285
3327
3460
3596
3644
4017
4144
4453
4564
4689
5100
5196
5301
5308
5507
5977
6376
6447
7700
7802
8056
10248
10367
10443
10487
11284
11760
11799
12195
12323
14180
14396
16983
17098
17268
17748
18852
18989
19685
20221
20645
21854
24182
24221
24832
25507
26217
26388
26677
26818
26970
27208
30434
32237
35648
484
656
699
797
1116
1143
1150
1204
1303
1328
1436
1845
2057
2252
2471
2486
2566
2571
2878
3093
3210
3214
3294
3324
3430
3487
3748
4395
4396
4530
4546
4688
4820
5015
5395
5916
5960
6205
6327
6517
6789
7512
7538
7668
8325
8335
8489
8695
8760
8884
9449
9496
9548
9921
10827
10859
11718
12327
13743
13884
14275
14870
15395
16098
16198
16737
16748
17240
17818
18387
18657
19877
21319
21401
23105
23456
23706
25488
27967
28631
29169
35546
149
499
618
624
794
838
985
1133
1180
1296
1388
1457
1653
1888
1909
2142
2211
2424
2751
2837
2854
3008
3552
4221
4383
4728
4921
5035
5102
5110
5498
5509
5782
5934
5941
6007
6124
6867
6960
6973
7095
7176
7228
7520
7552
7748
8391
8650
9337
9346
9549
9839
10015
10040
10797
11048
11273
11299
11356
12476
12944
13746
14039
14427
14913
15981
16472
18757
18803
19278
19374
22352
23786
25085
28611
28614
28636
29923
31488
344
455
542
546
547
628
660
733
905
1023
1033
1195
1873
1918
1930
2098
2308
2512
2519
2659
2699
2706
3192
3230
3317
3377
3448
3514
4129
4572
4671
4714
4800
5316
5415
5428
5505
6080
6645
6862
6901
6959
7007
7195
7269
7302
7503
7513
7607
7983
8044
8546
8710
9370
9869
10379
10603
11704
11968
12155
12169
13002
13096
13154
14268
14851
15179
16691
17185
17582
17921
18020
19186
19475
20177
20856
21026
21350
21398
23030
24167
24214
25082
25164
25864
26090
27962
27978
28191
28587
29882
29883
33860
35263
115
291
309
467
611
653
754
770
803
895
1093
1238
1333
1339
1532
1647
1689
1898
2118
2506
2612
2628
2646
2686
2752
2911
3032
3105
3115
3296
3486
3786
3802
4066
4241
4376
4393
4521
4549
4587
4684
4723
4739
4776
4787
4826
4868
5142
5307
5368
5450
5478
6024
6109
6135
6189
6391
6958
7074
7183
7186
7326
7492
7535
7680
7785
7863
8668
8698
9886
10441
11619
11667
11934
12417
12562
13113
13745
13923
14646
15513
16788
17187
17236
18567
18991
19643
19862
20579
20611
20624
20923
20997
22743
23690
24063
24911
25305
25325
26161
27719
27753
28719
29283
35360
99
137
176
217
265
269
336
501
541
555
568
784
855
872
1073
1163
1167
1174
1347
1596
1601
1602
1616
1852
2267
2477
3118
3309
3367
3388
3727
3793
3943
4115
4529
4539
4629
4744
4854
5351
5494
5632
5638
5946
5987
5994
5997
6060
6176
6196
6307
6830
6864
6936
6951
7969
7986
8186
8353
8553
8572
8763
8808
8912
9113
9258
9268
9295
9417
9452
9535
9579
9721
9922
9953
9981
10881
10949
11049
11213
11243
11671
11679
12415
12436
12514
12720
13028
13230
13627
13671
14035
14167
14170
14353
14580
15144
15672
15697
16573
16844
16887
17211
17739
18184
18472
18473
18601
18810
18962
19130
19221
19453
19647
19744
20928
21027
21328
21521
21637
21708
22117
22329
22562
22776
23306
23363
23518
24151
24186
24944
25744
26320
26432
27194
27411
27507
28041
28103
28593
28619
28639
28935
29296
29440
29849
30483
31417
32875
32877
33003
33367
34104
34401
34531
35001
35413
35481
35761
35778
36597
36608
55
88
142
146
465
672
684
730
798
818
862
1146
1182
1448
1467
1475
2430
2960
2975
3064
3081
3272
4146
4236
4375
4643
4812
5076
5314
5345
5405
5556
5779
6125
6798
6811
6834
6891
6903
7200
7277
7292
7526
7655
7711
7890
8085
8160
8219
8440
9386
10345
10734
11669
11937
12148
12708
13272
13674
14002
14231
14301
14528
14840
15260
15267
15410
16026
16151
16236
16296
16343
16437
16700
16717
16892
17128
17153
17421
18656
19259
19664
19681
19921
20248
22777
24011
24377
24670
24753
24869
26009
26021
26332
26384
27490
29288
31633
32676
32753
34752
35232
35488
36078
228
461
745
914
973
1092
1380
1389
1423
1490
1574
1723
2006
2039
2071
2257
2265
2300
2493
2520
2559
2575
2585
2783
2847
3162
3394
3711
3721
3826
4174
4243
4276
4885
4900
5090
5194
5210
5246
5365
5451
5497
5677
6274
6283
6303
6800
6851
7028
7303
7505
7605
7815
9009
9216
10825
10826
10844
11228
11598
11974
12020
12587
12687
13160
13203
13639
13724
13740
13983
14228
14269
14752
14800
15214
15286
16104
16846
17037
17072
17314
17565
17690
18056
18288
19018
19258
19786
20208
20625
20884
21662
21721
22159
22596
22759
23076
23387
23392
23626
25669
25724
27870
29197
32065
131
229
338
511
527
676
1096
1135
1175
1483
1485
1566
1770
1810
1871
1903
1976
2046
2469
2574
2841
2980
3015
3066
3122
3151
3196
3209
3336
3625
4049
4071
4274
4275
4578
4791
4853
5177
5193
5217
5271
5300
5464
5713
6085
6414
6452
6815
6887
6948
7009
7014
7131
7184
7237
7577
7597
7683
7952
8214
8294
8684
8833
8971
9829
9883
10111
10833
11014
11071
11230
11809
12077
12202
12347
12521
12675
14394
14917
15195
16451
16727
17052
17117
17124
17160
17275
18088
18474
18632
18645
19202
19257
19366
19700
21160
21347
21488
22446
22911
23362
23383
23881
24872
25302
26342
26529
27435
27563
27898
28072
28794
31487
32166
32747
34899
73
87
236
261
299
374
459
479
507
535
557
674
945
984
1070
1094
1203
1211
1255
1404
1441
1508
1656
1857
1947
2029
2099
2158
2176
2567
2569
2623
2722
2814
2856
3005
3240
3491
3624
3699
4059
4167
4231
4254
4352
4370
4462
4563
4726
4858
4864
4946
5088
5158
5252
5303
5343
5460
5780
5953
6150
6250
6279
6316
6410
6486
6836
6957
6998
7122
7730
8579
8709
9101
9800
9932
10096
10174
10305
10849
10920
11050
11056
12180
12200
12291
12757
13226
13410
13773
14833
15112
15797
17337
17481
17541
18123
19873
20257
21828
22047
26036
26372
26665
26831
27725
27781
29600
29885
35639
85
193
203
440
497
515
591
900
1149
1186
1216
1312
1344
1547
1764
2041
2184
2234
2328
2494
2596
2604
2676
2689
2920
2932
2973
2986
3060
3117
3288
3417
3482
3755
3827
4077
4087
4097
4103
4126
4162
4228
4866
4991
5285
5434
5456
5708
5745
5928
6090
6128
6443
6491
6546
6641
7080
7451
7491
7673
7816
7939
7989
8026
8096
8212
8303
8305
8549
8776
9105
9344
