0.928385104888
0.91164791245
0.897704018385
0.882027296575
0.8713573299
0.863121675628
0.855089811949
0.848516435343
0.840498606994
0.835282974161
0.82689641191
0.818874437079
0.81249546952
0.804224582483
0.796366862229
0.791079048204
0.78255048921
0.776681086207
0.771146408556
0.764489626722
0.759464108491
0.754919203426
0.750439335063
0.745511567409
0.741315241596
0.731995095639
0.728444789564
0.723388045896
0.718399185452
0.714330183402
0.709272921864
0.705528958888
0.701993794341
0.696535373907
0.693072258444
0.68700840588
0.683029437442
0.679746908831
0.676179539474
0.673059602621
0.669655436247
0.667326126361
0.664468569852
0.6618585657
0.657327710056
0.654155605742
0.651039082602
0.647929994593
0.645257342281
0.641686624384
0.638599984449
0.633819126254
0.630704517823
0.62562490157
0.622249415322
0.620237836203
0.617016974618
0.61538630815
0.612317300449
0.609626568491
0.607265462452
0.605462990019
0.602787385497
0.599887855108
0.597224681223
0.594521585562
0.591870320923
0.589543883981
0.587585930814
0.585404173321
0.583271805463
0.580600528853
0.578657511122
0.576582531699
0.573612009105
0.571232127642
0.568991426344
0.566621099052
0.564300316404
0.562473801775
0.559983869447
0.557499520953
0.555374406796
0.553120933137
0.550519743341
0.547309739409
0.544941291597
0.543190156976
0.541398165242
0.539478356535
0.537823075396
0.536170337807
0.533002653002
0.531314085513
0.529412257812
0.527082903889
0.525274724319
0.523942086664
0.522096402043
0.519825993687
0.517304418455
0.515427873018
0.513427170928
0.511430317632
0.509945819047
0.508209619863
0.506729813814
0.504661792166
0.502724173316
0.501504529931
0.495642375344
0.494055859922
0.492763471676
0.491347976607
0.490017581294
0.488730480957
0.487113684241
0.485210156728
0.483805561587
0.482815288747
0.481208299851
0.480015066067
0.478823317195
0.476731135333
0.475584405909
0.47419381439
0.47288686766
0.471704007126
0.470115612224
0.469302080966
0.467839521392
0.466581923783
0.465204571414
0.463869656189
0.462536664481
0.461124997069
0.459836203967
0.458790388705
0.457344325223
0.45610095142
0.454939304174
0.454179021914
0.452460830156
0.451303840215
0.449750250043
0.446019077043
0.444672532645
0.443802255886
0.44301183501
0.440172817889
0.439188960294
0.438245496547
0.436871461011
0.435891300725
0.434990520727
0.434051582176
0.432801266452
0.431552763272
0.430656487332
0.429372205335
0.428400522965
0.427546338923
0.426034248797
0.422363733505
0.421053410052
0.420245053969
0.419591259137
0.419014785445
0.418669096751
0.417824674732
0.417057757045
0.416138384815
0.41541126384
0.414493734099
0.413768054
0.41277607078
0.411975724065
0.410301443796
0.409199753195
0.408364946998
0.407190115207
0.406092576373
0.40450607152
0.403186075879
0.402244526841
0.401116169466
0.400364757929
0.399726606642
0.398639226159
0.398077344418
0.397441018006
0.396842585927
0.396132535281
0.395460451188
0.394639778963
0.393931702915
0.393261478927
0.392703394898
0.391959901133
0.391254241812
0.390289642282
0.388808161082
0.387587987496
0.386812468589
0.385890239268
0.385263736529
0.384748174195
0.383901964292
0.383424062017
0.382799565584
0.381808808342
0.381039070553
0.379940864125
0.379246113538
0.37877112296
0.378113939075
0.377384431319
0.376728455797
0.376182238738
0.375672790439
0.375127339616
0.374110276699
0.373239559575
0.372369909896
0.371356575994
0.370886550978
0.370380704868
0.36933402649
0.368757159991
0.36782076323
0.367460907097
0.367065266862
0.366490207623
0.365736090481
0.365269637709
0.364839330139
0.364230181325
0.363800488505
0.362477526562
0.362120293246
0.36169184578
0.361513400865
0.361156643144
0.360728768153
0.359838206397
0.359375533723
0.358522175807
0.358060353919
0.357208560181
0.35664126899
0.355968182626
0.355508016512
0.354376817899
0.354094230062
0.353564701095
0.352965064176
0.352330717646
0.351872899562
0.351872020592
0.351238656959
0.350043918886
0.349552502674
0.348886164471
0.348884785246
0.348149082427
0.347763984543
0.347134304127
0.346575096286
0.346190879132
0.345562606124
0.345318432252
0.344830345203
0.344690953663
0.344272953429
0.343716024919
0.341945359207
0.341598395215
0.341286285273
0.340905002716
0.340697120246
0.339935490467
0.339589548124
0.339001853917
0.338656387168
0.338207564871
0.337001238139
0.336312640339
0.335968552815
0.335624636152
0.335212179239
0.334937341835
0.334456696963
0.334147861579
0.333770596917
0.333016810929
0.332742875393
0.331614373578
0.331067790135
0.330862930335
0.330726392364
0.330385181307
0.329499012637
0.329124390168
0.328579871158
0.327085330479
0.326237563443
0.325357020883
0.325323169105
0.324950921087
0.324714143593
0.324308450694
0.324004339552
0.323734138316
0.323430296677
0.322755670794
0.322250127656
0.321744993178
0.320904013056
0.320635110017
0.320097682654
0.319728432644
0.319460022815
0.319191723958
0.318755989323
0.317919123976
0.317417382074
0.316849259473
0.316481890704
0.316148114779
0.315547748615
0.315414409458
0.314781472099
0.314448589235
0.313883131726
0.313583954439
0.312919685953
0.312720522721
0.312322388256
0.311990805351
0.311593144719
0.311328182071
0.31043483192
0.310170351913
0.309773845039
0.309476631782
0.309344582016
0.309179559441
0.308981594003
0.308651804267
0.308355138824
0.30802567672
0.307696385477
0.307564717948
0.307202799143
0.306972581335
0.306775320482
0.306775172519
0.30651225669
0.306315143799
0.306085258907
0.305494619536
0.305199474236
0.30506834043
0.304806159131
0.304609595817
0.304380352097
0.304314869744
0.304183926176
0.303987563669
0.303333536324
0.303170125487
0.302712830557
0.302419029252
0.302125368864
0.301831849393
0.30170144131
0.301375544404
0.300724386481
0.300464088185
0.300236412166
0.299781345485
0.299424038188
0.299294151498
0.298807348555
0.298353356366
0.298353041064
0.298255797789
0.297802268864
0.297575602163
0.297284303896
0.297057834479
0.296831453134
0.296734458225
0.296508200183
0.295410865679
0.295217358501
0.294605183495
0.294444143586
0.294444081935
0.293896901357
0.293703890912
0.29347879015
0.29325378627
0.293125245336
0.293028858132
0.292804018067
0.292579262552
0.292354596872
0.291841437172
0.291585010569
0.291392759314
0.290816546318
0.290560567126
0.290176825568
0.290016999307
0.289953081132
0.289665541825
0.289250472663
0.288580609775
0.288102651133
0.287879715208
0.287784194643
0.287561376737
0.286861817359
0.286575821092
0.286512283393
0.286258208343
0.285813891865
0.285623555319
0.285464988503
0.285179698583
0.285052940249
0.284894531965
0.284577851029
0.284356276715
0.284229701573
0.284071522279
0.283786936943
0.283597275038
0.283596933314
0.28299694058
0.282807546416
0.282618213904
0.282618176913
0.282523535317
0.28211362724
0.281956038035
0.28186150565
0.281766989118
0.281640991736
0.281452050268
0.280980107019
0.280602731385
0.280476996461
0.280288444276
0.280068550397
0.27994293349
0.279817344767
0.279723171721
0.279503499785
0.279378009704
0.279315275233
0.279252547807
0.279158469879
0.278907678193
0.278813658394
0.278813621403
0.278750950344
0.278437711305
0.27828115784
0.278093347231
0.27784303114
0.27762410078
0.277373999588
0.276999068863
0.276874144211
0.276780467897
0.276624375935
0.276530741895
0.27631233469
0.276218753495
0.276031643947
0.275751106452
0.275750703077
0.275657218762
0.275314600297
0.275221188201
0.275065536605
0.275065499615
0.274816553941
0.274816506382
0.274754286257
0.274474393457
0.274287872238
0.274287803541
0.274163490116
0.273666555243
0.273232131137
0.273046030907
0.272953004572
0.272643068274
0.272147558424
0.272147487966
0.271992710055
0.271219773451
0.271127058895
0.270941679104
0.270725486056
0.270632857812
0.270509377559
0.270416786305
0.270200802871
0.270139107662
0.270139070672
0.269923194687
0.269830702075
0.269769049141
0.269645764411
0.269645681622
0.269522426836
0.269183644836
0.268814313798
0.268722013186
0.268506706154
0.268414456623
0.268230005122
0.26807634574
0.267922728632
0.267677039902
0.267431460383
0.267247347083
0.266664926694
0.266450442265
0.266358546788
0.26620542289
0.265440909598
0.265226921901
0.265135237801
0.264890834938
0.264554987533
0.264524463157
0.264280331559
0.264066814173
0.263975330878
0.263853377813
0.263700977876
0.263579088224
0.263426769314
0.263274490917
0.263183145017
0.262696301561
0.262696121892
0.261906139619
0.261845399123
0.261693578707
0.261663219908
0.261420423499
0.261329401707
0.261208061631
0.261056426169
0.260268719705
0.259996304311
0.259663567649
0.259482156431
0.259089338059
0.25881755503
0.258576085001
0.258485558181
0.258485514144
0.258395003177
0.258244186794
0.258183872572
0.258063265263
0.257942686139
0.257520978027
0.257460748354
0.257370417056
0.257219901883
0.257069428986
0.257009252157
0.256888921398
0.256047647112
0.255747458745
0.255417475248
0.255297516158
0.255177585251
0.255057682528
0.254997741735
0.254758075444
0.254458655075
0.254338921452
0.254249141491
0.254099542279
0.254069627369
0.253890174897
0.253800472441
0.253740679611
0.253531461953
0.253262597666
0.253113287334
0.252934173063
0.252844639707
0.252755122205
0.252516491653
0.252516322553
0.252277810019
0.252218196858
0.252098991674
0.251890450418
0.251771328022
0.251682000757
0.251503399072
0.251265362133
0.25111664189
0.250967965684
0.250819335276
0.250641038323
0.250492504795
0.250314327622
0.249987842389
0.249928500493
0.249869165643
0.24978017834
0.249513325644
0.249276231087
0.249187347711
0.249068861203
0.248980014817
0.248654396223
0.248476874314
0.248210703303
0.248062890213
0.247796986944
0.247678833353
0.24747213987
0.247324548724
0.247176999854
0.247088493431
0.246970512462
0.246852554393
0.24685240643
0.246734481829
0.246587110866
0.246204174296
0.246204156681
0.245968640395
0.245850923646
0.24573323508
0.245439146657
0.245439085006
0.245321498605
0.245203935103
0.245086405069
0.244822064217
0.244675269253
0.244645914487
0.244059307103
0.243971359063
0.243971332641
0.243619778279
0.243414793415
0.24326841944
0.242917347718
0.242508075529
0.242245136801
0.241953132187
0.241807196816
0.241748834293
0.241690478816
0.241690397788
0.241602877784
0.241602738628
0.241602721014
0.241398576367
0.241398521761
0.241398423119
0.241252653326
0.241252491271
0.241135907142
0.241135776794
0.241135732758
0.240990047514
0.24078616004
0.240524156649
0.240262285367
0.240233196582
0.239971503208
0.239971364052
0.239709799264
0.239593588566
0.239390292943
0.239390259476
0.239332189355
0.239274126281
0.23915802127
0.238954912363
0.238520033799
0.23840411198
0.238288220105
0.2382592511
0.238172354653
0.238056517384
0.237853871742
0.237044717716
0.236929156997
0.236698135962
0.236467213568
0.236409499263
0.236351792004
0.236294091791
0.236294038947
0.236207501839
0.236120980583
0.236063308553
0.235947985631
0.235832692654
0.23548701453
0.235429420004
0.235343041427
0.235256678703
0.235170331832
0.2351701962
0.235055091699
0.235026319978
0.234911255991
0.234824972533
0.234796214903
0.234623711399
0.234422533054
0.234365068877
0.234192729189
0.234077864247
0.234020442345
0.233876920177
0.233876886709
0.233762104556
0.233676032473
0.233360575754
0.233245916903
0.233217256153
0.23310263077
0.23187363226
0.231730774163
0.231645077272
0.231587954818
0.231502284349
0.231159824415
0.230960148598
0.230931628765
0.2309315266
0.230903008529
0.23078895386
0.2307889292
0.23050396515
0.230446983613
0.229934510883
0.229593229368
0.229479504092
0.229422649381
0.229308962857
0.229223715139
0.229138483274
0.229110076175
0.228968070625
0.228911279327
0.228514004455
0.228400541637
0.228202067136
0.228117025509
0.228088681823
0.227918660219
0.227833671435
0.227777021054
0.226928602277
0.226843798447
0.226787271368
0.226674240108
0.226476505422
0.226222421563
0.226024889445
0.226024875353
0.225799254961
0.225658278105
0.225460987307
0.225263788105
0.224982246576
0.224757117631
0.224757052457
0.224672655525
0.224644526737
0.2245320292
0.224447674543
0.224307118677
0.224250908661
0.22413851505
0.224138016557
0.224025647607
0.223997559332
0.22391330684
0.223829068439
0.223660656812
0.223548407641
0.223492292744
0.223436184892
0.223295949612
0.223155756607
0.223043632501
0.222399800498
0.222371814389
0.222343830041
0.222036181882
0.22192433961
0.22167282044
0.221561075048
0.221505210278
0.220947219607
0.220947101589
0.220891314324
0.22075188227
0.220724000087
0.220640364106
0.220473150273
0.220417422898
0.220389561852
0.220250283046
0.220138893469
0.21999969569
0.219944028204
0.219832716131
0.219749249251
0.219415594866
0.2192766296
0.2189988576
0.218997894081
0.218886821567
0.218803536117
0.218304247931
0.217335561808
0.217280232523
0.217059022832
0.217031374923
0.21697608439
0.216837890644
0.216754994478
0.216672114164
0.216561637025
0.216285564835
0.216120010299
0.216119955694
0.216037196921
0.215623658471
0.215596102158
0.215485899806
0.215403262574
0.215348179894
0.215238037432
0.215182975889
0.214742858737
0.214577885483
0.214495422637
0.214495228876
0.214412781882
0.214357826027
0.214302877217
0.214193002498
0.214110613632
0.214055696529
0.2138635492
0.213616646823
0.213534368929
0.213452106889
0.213260234348
0.212138766052
0.212056773515
0.212002120631
0.211728990084
0.211701683899
0.211592478534
0.211510591686
0.211346865547
0.211265026258
0.211210475539
0.211155931866
0.211046870942
0.210992348406
0.210992300847
0.210856028856
0.210692559891
0.210610847427
0.210556381259
0.21044747182
0.210365806915
0.210311372453
0.210148114864
0.209957728997
0.209903347378
0.209821788161
0.209740244798
0.209658719048
0.209577207391
0.209522875093
0.209468549842
0.209414231636
0.209332767538
0.209278466946
0.20906137203
0.208979976629
0.208817235148
0.20881709247
0.208789974761
0.208789833844
0.20878974401
0.208708401453
0.208464486515
0.208329035366
0.208274865123
0.208058270462
0.207787729264
0.207733629479
0.207625456331
0.207625403488
0.207625378827
0.207544263499
0.207517228579
0.207409108275
0.207328035222
0.207301014394
0.207246978022
0.207165936675
0.207111917917
0.207057906206
0.206976903611
0.206922909514
0.206868922463
0.206814942457
0.206814854384
0.206760881425
0.206383331406
0.206248553135
0.206221602765
0.206140762225
0.206059937538
0.206059812474
0.206005938156
0.205925141653
0.205629029309
0.205575211359
0.205548305025
0.205521400454
0.205037562051
0.204983821605
0.204903224146
0.204822644302
0.204688378617
0.204098399795
0.203991174314
0.203937571262
0.203937520179
0.203857128812
0.203749966744
0.203669612367
0.20356249962
0.203401882462
0.203294840173
0.203187826068
0.203134328703
0.203054095867
0.202840224427
0.20278677286
0.202786755245
0.202412835599
0.2023594404
0.202306052246
0.201985968165
0.201932629332
0.201879297545
0.199914453538
0.199861389493
0.199861148172
0.199331085482
0.199251610075
0.198431894323
0.19822048893
0.198061999618
0.197824387192
0.197745211233
0.197613288292
0.197534154609
0.197323228333
0.197270509534
0.197138748648
0.197112400699
0.197007026515
0.196928014372
0.196901680514
0.19682269127
0.196717396352
0.196638442337
0.196454285
0.196349092247
0.196270212214
0.196165065258
0.196138782483
0.196138622189
0.196007240018
0.195928428682
0.195902161759
0.195823371561
0.19542967598
0.19532475273
0.195272301674
0.195219857664
0.195114990781
0.195088778464
0.194905359179
0.19485296449
0.19464346676
0.194460244759
0.19440790996
0.194355582206
0.194329420971
0.194303261498
0.194198642981
0.194015635879
0.193780470123
0.1933107745
0.193023936255
0.192945727338
0.192815416136
0.192737249495
0.192476871933
0.192424804875
0.1923467175
0.192008573149
0.191878582532
0.191670700063
0.191618742216
0.191514849421
0.191488880186
0.191333119379
0.19128120733
0.191255253948
0.191254938646
0.191203037167
0.191125199919
0.190969580029
0.190865861619
0.190839936421
0.190762171393
0.190554886059
0.190554627124
0.190476920225
0.190399229179
0.190295667539
0.190140392896
0.190114517018
0.189830030324
0.189623257576
0.189545740914
0.18951990555
0.189416581708
0.189339107322
0.189287466538
0.189132591747
0.189029373592
0.188926185382
0.188797239313
0.18866833728
0.188616788092
0.188539477522
0.188487945949
0.1884106618
0.188333393505
0.1883333389
0.18828183551
0.188281229567
0.188152501919
0.188075286467
0.187869459624
0.1877151714
0.187560943065
0.187483850916
0.187458156469
0.187406772858
0.187355396294
0.187124299516
0.187124259002
0.187098589215
0.186918957075
0.18689330138
0.186534348877
0.186483092092
0.186406220126
0.186175722245
0.186175676447
0.186073270326
0.18599648291
0.185945300106
0.185919711347
0.185663969953
0.185587267087
0.185510580074
0.18550939461
0.185483835795
0.18543272345
0.18540716992
0.185356068144
0.185330519898
0.185253885729
0.18479465319
0.184743635964
0.184743561983
0.184718056012
0.184590563149
0.184208454466
0.184081130703
0.184081114849
0.183928381996
0.183852038468
0.18380115159
0.183750271758
0.183546842265
0.183521419083
0.183495997662
0.183445160105
0.183394329594
0.183318097039
0.183241882098
0.18319107977
0.183140284488
0.183089496252
0.182962561772
0.182861043429
0.182759556791
0.182658094815
0.182582015506
0.182581948571
0.18258192391
0.182505860455
0.182455160292
0.18232844071
0.182227098513
0.182201766927
0.182125784499
0.181923256874
0.181569086741
0.181543800953
0.181467955919
0.180861826251
0.180861787499
0.180861745223
0.180861713517
0.180760779979
0.180735550558
0.180533789169
0.180458153749
0.180306948083
0.180306916377
0.180306905808
0.180256512139
0.180256485718
0.180256438158
0.180155677243
0.180155302052
0.1801552404
0.180155210456
0.180155178749
0.180079624357
0.179978907478
0.179978881056
0.179827865628
0.179827849775
0.179827839206
0.179702037347
0.179702000356
0.179626539321
0.179525951029
0.179475666571
0.179450526984
0.179324860757
0.179199238567
0.179197970314
0.179147731654
0.17909750004
0.178896654612
0.178796268888
0.178746086595
0.178695911348
0.178695675312
0.178620425652
0.178495046543
0.178369720278
0.178319597875
0.178319546792
0.178269431435
0.178169221858
0.178094084931
0.178069042225
0.178018962097
0.177843742419
0.177693628859
0.177668614336
0.177593581337
0.177568573859
0.177543568144
0.177418569511
0.177293613153
0.177268626813
0.177218659419
0.177193678364
0.176769396755
0.17666961169
0.176594790066
0.176345514999
0.176270763833
0.176196026759
0.176021719518
0.175698299228
0.175524247399
0.175474526609
0.175474496664
0.175449638912
0.175300539954
0.175226010733
0.17502736537
0.175027277297
0.175027229738
0.174977579406
0.17490311712
0.174828670687
0.17482839766
0.17475396708
0.174704355501
0.174704008493
0.174629606097
0.174480847102
0.174431274274
0.174233069278
0.17418353168
0.17393598813
0.17383700453
0.173787523299
0.173762785326
0.173589679402
0.1735402334
0.173416654506
0.173367233164
0.173317818869
0.1732190167
0.173095557584
0.173021496911
0.172947452092
0.17279942058
0.172725425082
0.172700762851
0.17255282822
0.17252817832
0.172503530181
0.172454239188
0.172429596334
0.172306413768
0.172207896956
0.172158648238
0.172084790133
0.172060173701
0.171937123244
0.171396366718
0.171371799607
0.171273550537
0.171077149277
0.171077036543
0.171052492331
0.170807159416
0.170562022024
0.170513009342
0.170292551794
0.170243577864
0.170219093542
0.17017013018
0.170145651142
0.170096698349
0.170047752603
0.169900968207
0.169852050643
0.16977868751
0.169656454372
0.169583133513
0.169534261748
0.169485397029
0.169290019178
0.168948427646
0.168899647477
0.168850874353
0.168826490434
0.168753349244
0.168339255933
0.168144556245
0.167925634693
0.167828379087
0.167512566552
0.167463994236
0.167391148972
0.16734259427
0.167245506003
0.167196972439
0.167172708298
0.167124185303
0.16705141402
0.167002908639
0.16700288574
0.167002864602
0.166930119742
0.166833153016
0.166833042044
0.166687647441
0.166227823052
0.16620362937
0.166131058894
0.166130720693
0.166033986481
0.165864783957
0.165792289224
0.165743967035
0.165695651892
0.165647343794
0.165623192388
0.165550750498
0.165502463539
0.165454183625
0.165405910757
0.165405831491
0.164347055391
0.164274891812
0.164250840809
0.164202744087
0.164178698369
0.164130612216
0.164010431181
0.163962369689
0.163938341584
0.16389029066
0.163746197778
0.163554164945
0.163458182876
0.163434191763
0.163314273186
0.163266313859
0.163218361577
0.16317041634
0.163026624668
0.162978707616
0.162954751731
0.162835004017
0.162691376161
0.162667441414
0.162547799387
0.162499952793
0.162476032138
0.162428196112
0.162428011159
0.162284552403
0.162236744561
0.160713736893
0.160499726297
0.160404646097
0.160262078641
0.16014332263
0.160000881999
0.160000843247
0.159953373606
0.15985845546
0.159787285347
0.159739847412
0.159739817467
0.159692386578
0.159597547698
0.159502740525
0.159502618984
0.159242072322
0.159194715414
0.158438045912
0.158414426467
0.158272752073
0.158201936013
0.158013183022
0.157942426852
0.157918844398
0.157895263705
0.15780096031
0.157730249938
0.15765955718
0.157518219225
0.157494668477
0.157447572266
0.157235763497
0.157212233887
0.15716517995
0.15711813306
0.156789067284
0.15674207676
0.156577691835
0.156507258013
0.156460309764
0.156413368562
0.156366434405
0.156108485899
0.15606159754
0.155897550815
0.155850694163
0.155850651888
0.155756965004
0.155710129489
0.155710099544
0.15554625715
0.155265636865
0.155148756811
0.155102012892
0.155008547953
0.155008475733
0.154961752951
0.154938394203
0.154844976823
0.154798278702
0.154704905359
0.154611560199
0.154541568504
0.154471592662
0.154261772584
0.154191860154
0.154168559534
0.154052093423
0.154028803372
0.154028787518
0.154005499228
0.153935644927
0.1538890842
0.15381925632
0.153795983883
0.153749444294
0.153656386253
0.153540105095
0.153470358243
0.153400625483
0.153400604345
0.153307657276
0.153307616762
0.153075366226
0.152982512515
0.152936096228
0.152680996006
0.15265780988
0.152588262073
0.152541905676
0.152426050793
0.152356557591
0.152310236423
0.1522639223
0.152217615224
0.15210188012
0.152101843129
0.152009290627
0.151986155585
0.151963022303
0.151916761025
0.151870506792
0.151754907321
0.151754891468
0.151662441131
0.15161622565
0.151570017216
0.151500717775
0.151431434187
0.151246766026
0.151200613958
0.151154468936
0.151062201792
0.150877764382
0.150831668681
0.150808623473
0.150739498417
0.150693423853
0.150670389214
0.150279281221
0.150187281818
0.150141291805
0.150072321758
0.150026349359
0.149980384006
0.1498884762
0.149704757467
0.149704169138
0.149612349405
0.149543499137
0.149474664722
0.149382911924
0.1493141145
0.149268258358
0.148947496114
0.148924595346
0.148833011648
0.148649942895
0.148489852414
0.148352692647
0.148352650372
0.148261242821
0.148147024335
0.148124185218
0.148032846364
0.148010016054
0.147941535693
0.147895890926
0.147850253205
0.147781811596
0.147690580191
0.147599375208
0.147530989966
0.147508198408
0.147417055076
0.147394272326
0.147325936405
0.147280386757
0.147257614575
0.147030053051
0.14696180168
0.146870823926
0.14684808345
0.146848065836
0.146825327122
0.146824944885
0.146824640152
0.146824599638
0.146665490292
0.146620042809
0.146574602372
0.146551884795
0.146529168981
0.146506454927
0.146415621612
0.146370212882
0.146324811197
0.146234030726
0.146029896648
0.146007221346
0.145508928386
0.145441029308
0.145418399804
0.145395772063
0.145350521863
0.145327899406
0.145169603855
0.145101784043
0.144853310441
0.144830726736
0.14478556461
0.144785488867
0.144695187514
0.144650046525
0.1444244596
0.144379360887
0.144266650213
0.144108928899
0.144086403322
0.143996323913
0.143973807144
0.143906269165
0.143816246123
0.143771242528
0.143703752109
0.143658766129
0.143523861033
0.143523839895
0.143501360117
0.143478882099
0.143411460377
0.143366520195
0.143299123133
0.14318683521
0.143097032351
0.143096942516
0.142962298117
0.142894997935
0.142894872872
0.142782741719
0.142670661649
0.142648248805
0.142603428403
0.142469027085
0.142312295713
0.142200395312
0.142133273038
0.141999086619
0.141842614181
0.141797920604
0.141708556349
0.141574567213
0.141485276939
0.141373702408
0.14135139173
0.140616717605
0.140594466816
0.140549970523
0.140438762377
0.140394290744
0.140327598267
0.140216479955
0.140216405973
0.140215995552
0.140215963846
0.140171527442
0.140171412947
0.139971559222
0.139971515185
0.13990492135
0.139882726928
0.13977178124
0.139505728247
0.139439245384
0.139394932282
0.139328477602
0.139284182116
0.139239893675
0.139217752097
0.139173474224
0.139151337931
0.139107070627
0.139084939618
0.139018558919
0.138885852128
0.13881951899
0.138797410879
0.138686907317
0.138598529481
0.138554350251
0.138488096378
0.138421856596
0.138399780192
0.138355632668
0.138289424593
0.138024754348
0.137980666714
0.137892512583
0.137848446086
0.137782361314
0.137738312431
0.137518194846
0.137474188239
0.137430188678
0.137364204309
0.137320222363
0.137276247462
0.137232279607
0.137210298322
0.137144365035
0.137078449363
0.13707832606
0.137056357105
0.137056084079
0.136968227635
0.136924309101
0.136463859392
0.136420021886
0.136376191425
0.136376122728
0.136244680666
0.136222778647
0.136157083158
0.135938240871
0.135894487915
0.135850742004
0.135850722628
0.135850712059
0.135828841746
0.135763241375
0.135763197339
0.135697612822
0.135632045919
0.135588342283
0.135566493108
0.135479115782
0.13534810704
0.135238977419
0.13515170578
0.135086270987
0.135086216382
0.13506440772
0.134977192448
0.134911798169
0.134890003599
0.134846419742
0.134802842932
0.134802730199
0.134628509269
0.134628496939
0.13456318721
0.134519656198
0.134497893334
0.134410861254
0.134280373905
0.134215148726
0.134149941162
0.134106477085
0.134041295942
0.133976128892
0.133910977694
0.133910954795
0.13384581945
0.133802404695
0.133498814945
0.133433780004
0.133433737728
0.133347050895
0.133217077893
0.133217067325
0.133108809627
0.133022228482
0.132741051575
0.132719433151
0.132719406729
0.132589740222
0.132546529796
0.132546513943
0.132416935508
0.132373753265
0.132287411679
0.132157954785
0.132136383921
0.132093247476
0.132006995724
0.13198543719
0.131942325406
0.131899220667
0.13187767094
0.131769954012
0.131726877457
0.131662275835
0.131640745484
0.131554643456
0.131490085871
0.131468569612
0.131447055114
0.131447028693
0.131382495768
0.131360988316
0.131339482626
0.131317978697
0.131274976123
0.131231980595
0.131188992113
0.131103036287
0.131081551734
0.131017108644
0.130974155392
0.130952681408
0.130952653224
0.130888243602
0.130866776664
0.130780928287
0.130738013786
0.130695106331
0.130652205923
0.13060931256
0.13035214262
0.130352059831
0.130309215789
0.130244964699
0.130223550604
0.130202138271
0.13015931889
0.13009510479
0.130073703026
0.130030904782
0.129945329431
0.129945278349
0.129881115331
0.12975285447
0.129752477518
0.129750784753
0.129750758331
0.12972938475
0.129729331906
0.129707960087
0.129643855197
0.129494356388
0.129323594971
0.129302256619
0.129174265262
0.12915293924
0.129088971745
0.129003708174
0.128897176709
0.128833274388
0.128790680473
0.128748093605
0.128726802813
0.128662941005
0.128620375274
0.128514002341
0.128492730925
0.12840766816
0.128365144704
0.128343885619
0.128280120691
0.128237618373
0.128195123101
0.128088926314
0.128088894607
0.128067658421
0.128025191331
0.127961503909
0.127897834101
0.127855395195
0.127812963335
0.127728122514
0.127706916272
0.127558532469
0.12751614993
0.127494961303
0.127452589332
0.127304349969
0.127262009705
0.12715620044
0.127050435211
0.126944705211
0.126902424837
0.126839019248
0.126796756489
0.126733375561
0.126648894078
0.126627777671
0.126564440779
0.126522223817
0.126480013902
0.126458911586
0.126458811183
0.126311146056
0.126268971369
0.126226803729
0.126142491347
0.126121417214
0.126100344844
0.126058205386
0.126016072975
0.125995009412
0.125952887569
0.125847624357
0.125805527175
0.125763437039
0.125721353948
0.12555310966
0.125490042272
0.125448004979
0.125426988975
0.125384962252
0.125342942574
0.125321935377
0.125300929942
0.125216925816
0.125174934321
0.125153941216
0.125153930648
0.12515389718
0.125132905836
0.125132889983
0.1251328618
0.125090884397
0.12504891404
0.124944022497
0.12486013815
0.124734369758
0.124587740371
0.124545854564
0.124524914303
0.124503975803
0.124483039065
0.124441170873
0.124420239419
0.124336531218
0.124252856486
0.124190114968
0.124148296097
0.124106484272
0.124064679492
0.124022881759
0.123981091071
0.123918420012
0.123793132499
0.123751380564
0.123751341811
0.123751204417
0.123750857409
0.123688244478
0.123583932456
0.123458803475
0.123396262764
0.123312905094
0.123229575608
0.123167094787
0.123125448539
0.123083809337
0.123021365506
0.122979743919
0.122896523643
0.122834127372
0.122813331551
0.122771745193
0.122730165881
0.122667811885
0.122647030155
0.122605471981
0.122584695535
0.122522376769
0.122480839732
0.122397792079
0.122294015541
0.122252517256
0.122252487311
0.122210996072
0.122190253095
0.122189973022
0.12212775642
0.122107020489
0.12206555391
0.121837650663
0.121734117207
0.121465173654
0.121423816286
0.121382465964
0.121299788219
0.121237798845
0.120907512377
0.120886880371
0.120721891265
0.120639442509
0.120536419877
0.120495221041
0.120474624265
0.120330513768
0.120309931084
0.120289350161
0.120268771
0.1202481936
0.120145336545
0.120083641336
0.120042520004
0.12002196198
0.120021924989
0.120021859815
0.119960198074
0.119919097879
0.119898550424
0.119857460798
0.119775304446
0.119775263932
0.119734195444
0.119631565617
0.119528979828
0.119426431029
0.119405925849
0.119344420878
0.119303426371
0.11926243891
0.119200972691
0.119180486887
0.119119041805
0.119078086051
0.119057610815
0.118975729251
0.118873425295
0.118832511816
0.118750707756
0.118709815414
0.118709803083
0.118689359554
0.118628041298
0.118485033477
0.118464609324
0.118444186933
0.118403347435
0.118301284799
0.1182808765
0.118240065185
0.118199260916
0.118138067724
0.118117673516
0.118056503222
0.117811975296
0.117689805571
0.117283129776
0.117161241885
0.117120624331
0.117080013823
0.116694657004
0.116654120477
0.116492064205
0.116431314901
0.116370583211
0.116168302191
0.116127857261
0.116107637438
0.116107607493
0.116026751099
0.115986330829
0.115945917605
0.115905511426
0.115824725491
0.11580453209
0.115743964216
0.115723777861
0.115683410435
0.115643050054
0.115582522694
0.115522011188
0.115461517296
0.115421195668
0.115401037496
0.115380881085
0.115320422422
0.115320360771
0.115259917962
0.115239773881
0.115239717515
0.115239701661
0.115219559343
0.115179279989
0.115139007682
0.115078612432
0.115058484205
0.115038357739
0.114897532369
0.114676408989
0.114475565322
0.114435416317
0.114274906609
0.114214738587
0.114094467718
0.114074425803
0.113994275756
0.11399411194
0.113974078832
0.113873950281
0.113733847111
0.113713836902
0.113573832373
0.113453892659
0.113453876806
0.113373950465
0.11333399522
0.113234148504
0.11319421792
0.113074470206
0.113074433215
0.113034530815
0.112974692187
0.112795289036
0.112775361616
0.112775345762
0.112735496206
0.112695653695
0.112675735082
0.112596083529
0.1124766564
0.112436859687
0.112436773376
0.112396983709
0.112357201088
0.112297542129
0.112277658745
0.112257777123
0.112257512904
0.112257451252
0.112197818715
0.112197788771
0.112138172087
0.11201900037
0.111999141647
0.111999131078
0.111959418915
0.111860172858
0.111780810184
0.111681650438
0.111503260128
0.111503230183
0.111423990812
0.111384380814
0.111364578458
0.111324979029
0.111127105187
0.111047999687
0.111028227275
0.11096892237
0.110949157004
0.110909631556
0.110830607083
0.110810854048
0.110672639165
0.110672628596
0.110633152469
0.110593683389
0.11053449474
0.110416179094
0.110376748766
0.110337325483
0.110297909246
0.110297893393
0.110278187917
0.110238782249
0.110219082057
0.109982914029
0.109982875277
0.109943522453
0.109943522453
0.109943481939
0.109943388582
0.109904042804
0.109845039108
0.109766395111
0.109746737195
0.109746492351
0.10966788006
0.109569652128
0.109530373285
0.109510736506
0.109432207004
0.109392952822
0.109373328373
0.109334084759
0.109294848191
0.109236008312
0.109235913193
0.10919669424
0.109157482333
0.109020306713
0.108941953357
0.108902787247
0.108863628184
0.108844051295
0.108843883956
0.108804735461
0.108726464894
0.108687337537
0.108667776501
0.108628659712
0.108628636813
0.108569976603
0.108491787063
0.108433163844
0.108433102193
0.10833543969
0.108335430882
0.108335397415
0.108315868085
0.108315831094
0.10819869915
0.10796470829
0.107886737171
0.107867248355
0.107769835979
0.107750357732
0.107652994677
0.107614061081
0.107555673898
0.107458402439
0.107400057531
0.107361169733
0.107166854044
0.107147430402
0.107030943153
0.107011531841
0.106972714502
0.106953308474
0.106875703739
0.10683691106
0.106798125427
0.106778735252
0.106739960188
0.106643058636
0.106507475377
0.106488111625
0.106449389404
0.106430030936
0.106371967862
0.106371952008
0.106352600586
0.106352470238
0.106333120577
0.106313772678
0.106217064887
0.106197727556
0.106178391987
0.10612039761
0.106023774369
0.106023725048
0.105985087378
0.105965771185
0.105927144083
0.105907833174
0.105830608915
0.105811306814
0.105811282153
0.105811139475
0.105772540557
0.105695365619
0.10563750159
0.105560379496
0.105521826375
0.105502552457
0.105464009906
0.105367687875
0.104906345105
0.10482948723
0.104752661062
0.104695055968
0.104618275597
0.104541521649
0.104522337566
0.104483974683
0.104464795884
0.10442644357
0.104368928311
0.104311430666
0.104273106535
0.103890522258
0.103871398064
0.103775808801
0.103718473211
0.103680258291
0.103661153474
0.103622949123
0.103527470833
0.103374831337
0.103203224417
0.103069862362
0.103012724055
0.10293656372
0.102936551389
0.102860419237
0.102841390162
0.102328362572
0.101968078404
0.101949132118
0.101892303828
0.101854427109
0.101835491392
0.101570590395
0.101532773566
0.101513867794
0.101494963783
0.101476061533
0.101438262319
0.10140047015
0.101306031122
0.101287146487
0.101230503151
0.10117387743
0.101060680593
0.100985244218
0.100909837788
0.10083445778
0.100815617182
0.10077794127
0.100721442374
0.100702612344
0.10013890749
0.100101358403
0.100045047983
0.100007516511
0.0999137292244
0.0998762224125
0.0998761237706
0.0997636561787
0.0997449159837
0.0997261775502
0.099726115899
0.0997261000458
0.0996886284631
0.0996137117197
0.0992025142519
0.0988852115198
0.0987732987885
0.0986987220072
0.0986985863746
0.0985495191237
0.0985122694853
0.0984750268927
0.0984191779762
0.0983261287422
0.0983075241797
0.0982889213788
0.0982703203393
0.0979731035593
0.0979359631315
0.0979173955597
0.0978431481719
0.0977874789245
0.0977689254445
0.0977318237689
0.0976947291391
0.0973797321609
0.097361217433
0.0972686719772
0.097194671194
0.0970837202209
0.0969913103977
0.0969543566848
0.0968620137971
0.0967512653922
0.0965852458303
0.0965852299771
0.0964930632356
0.0964193548551
0.096382510353
0.0963823800048
0.0963271282239
0.0961430853821
0.0961062937238
0.0959775854516
0.0958673284945
0.0958122246765
0.0957938596729
0.0957754964308
0.0957754805777
0.0956836960734
0.0956286450992
0.0955552661122
0.0955552150298
0.0955551428098
0.0955551058191
0.0952803230201
0.0952253883024
0.0950972718814
0.0950606810298
0.095024097224
0.0950240919396
0.0949875151797
0.0949509454655
0.0949326632507
0.0948778271749
0.0948230087137
0.0947864707059
0.094695156512
0.0946586431647
0.0946403891333
0.0946038863547
0.094567390622
0.0945309019352
0.0945126602339
0.0944761821159
0.0944214781497
0.0942574895536
0.0942392742743
0.0942210607565
0.0941664325332
0.0941482260612
0.0941118184016
0.094093617214
0.0940572201232
0.09403902422
0.0940208300782
0.0939298910758
0.0939117075028
0.0938571691141
0.0938571462151
0.0938207949223
0.0936391934669
0.0936028844492
0.0935665824773
0.0935484341336
0.0935484235648
0.0935484077116
0.0935483812897
0.0935120898866
0.0935120705105
0.0934757861533
0.0934395088419
0.0934032385763
0.093348846389
0.0932944700548
0.0932219946978
0.0932038798218
0.0931676553543
0.0930952328411
0.0930771302954
0.0930590295111
0.0930409304883
0.093022833227
0.0929866439887
0.0929142884111
0.09289620348
0.0928600389022
0.0928419592555
0.0901515690203
0.0901159469728
0.090062528874
0.0900091248668
0.089991327054
0.0899557367128
0.0895118588392
0.0894941103473
0.0894763636169
0.0894408754405
0.0893521911095
0.0893344584708
0.0892989984778
0.0892635455307
0.0892280996294
0.0891926607739
0.0891572289643
0.0890509775721
0.0890332748782
0.0889978747749
0.0889801773655
0.0889270957059
0.0889270868986
0.088909396535
0.0889093859662
0.0888916973641
0.0888386438879
0.0888032825368
0.0888032420232
0.0887502149689
0.0887496953376
0.0887320225886
0.0887143516011
0.08864369055
0.0885377509366
0.0885024494751
0.0883965979348
0.0883436924214
0.0883084297122
0.0882908009997
0.0882731740488
0.0881322341839
0.0880266116336
0.0879738170923
0.0879738118079
0.0879737360651
0.0879033709396
0.0879033621323
0.0878681874962
0.0877978646458
0.0876397364341
0.0876046146418
0.0876045846969
0.0875519169809
0.0874992651181
0.0874817174329
0.0873940159978
0.0873589435264
0.0872362717847
0.0871837150408
0.0870611577942
0.0867814323325
0.0867464831635
0.0867464461728
0.0867464215124
0.0866241725216
0.0865718007312
0.0864845519918
0.0864496627125
0.0863624756243
0.0863276110054
0.0862753272882
0.0862230594241
0.0861359868309
0.0861185765397
0.0860489582742
0.0859967591071
0.0859967397311
0.0859966675111
0.0858575736585
0.0858401915508
0.0858054326197
0.0857880557963
0.085718567879
0.0857011998629
0.0856664691152
0.0855102802732
0.0854929333947
0.0854235652568
0.0853542288252
0.0853368977999
0.0853022410336
0.0852675913131
0.0852502690951
0.0852156299434
0.0850944748206
0.0850771702172
0.0850252687372
0.0849388091328
0.0849042333937
0.0848523847576
0.084783280839
0.0847487368063
0.0846279005081
0.0845933881817
0.0845243864279
0.084489895239
0.0844381716667
0.0844036980925
0.0843520009421
0.0843347720815
0.0842830978302
0.0842314394319
0.0842142229016
0.0842141894339
0.084196974665
0.0841109307657
0.0841109201969
0.0841106542161
0.0840418479846
0.083973071698
0.0837154296863
0.0836639439114
0.0835781748001
0.0834581910495
0.083441053785
0.083423918282
0.0833896525603
0.0833553938844
0.0833382671887
0.0833211422544
0.0832868976702
0.0831157927674
0.0830474004794
0.0830132122621
0.0829790310905
0.082961943147
0.0829448569648
0.082910689885
0.0827570287411
0.0827399636965
0.0826887791316
0.0826717211328
0.0826205594669
0.0825864593226
0.0825694118927
0.0825353223172
0.0824160907109
0.0823820328417
0.0822288860447
0.0821778600114
0.0821438514631
0.0820758607885
0.0820588662025
0.0814323528952
0.0814154252446
0.081381575228
0.0813138980937
0.081094178599
0.0810266212441
0.0810097358687
0.0810097235385
0.080975958072
0.0809590779809
0.080874709232
0.0808409719489
0.0808072417117
0.0808071113635
0.0807902488871
0.0807733881721
0.0806217421407
0.0805207275752
0.0804870642735
0.0804869673931
0.0804868881273
0.0804868722742
0.0804532160183
0.0804195668084
0.0803691062043
0.080335474609
0.0802850421884
0.0802346256209
0.0802010222089
0.0801506303019
0.0801505880268
0.0799827788195
0.0799156864906
0.0797313477232
0.0797313265856
0.0796810844029
0.0795806546428
0.0794970080933
0.079430120094
0.0793632585166
0.0792296569028
0.0792129600038
0.0791795714902
0.0791628798756
0.078929456206
0.0788961275821
0.0788794659124
0.0788628060041
0.0788294914719
0.078812836848
0.0786963302235
0.0786630509206
0.0785965187366
0.0785632605712
0.0785300094517
0.0784137124412
0.078380493028
0.0783802164784
0.078363609414
0.0783304005695
0.0783303917622
0.0783303723861
0.0782971705875
0.0782805723304
0.0782805159636
0.0782805071563
0.0782473159264
0.0782307229537
0.0781975422926
0.0781643686774
0.078098044346
0.0779986256651
0.0779820591143
0.07798198161
0.0778826298646
0.0778826069656
0.077849500286
0.0778493963597
0.0778493540846
0.0778162544508
0.0778162280289
0.0778161593318
0.0778159761398
0.0776671255488
0.0776340646671
0.0775844865556
0.0775514432886
0.0762563723357
0.0762236144256
0.0761908635612
0.076190851231
0.0761253759243
0.0760272184502
0.075994509861
0.0759618083176
0.0759291138201
0.0759283493455
0.0758956618938
0.075862981488
0.075830308128
0.0758139740902
0.075764984307
0.075748657315
0.0757160086155
0.0756833669618
0.0756017971761
0.075601758424
0.0755854490466
0.0755202344363
0.0754876350577
0.075455042725
0.0753898809585
0.0753573097633
0.0753084679429
0.0752596419757
0.0752108301002
0.0751457740215
0.0748535738854
0.0748373455354
0.0748211189467
0.0748048941196
0.0748048606518
0.0748048359913
0.0748048166152
0.074756154464
0.0747561491796
0.0747561333265
0.0746102860283
0.0745616872897
0.0745131044042
0.0745130991198
0.0744807181625
0.0744807093552
0.0744483354438
0.0744483301594
0.0744483054989
0.0744321211854
0.0744320383967
0.0743673205186
0.0743511450124
0.0743349712677
0.0742702991877
0.0742702692428
0.0742697672261
0.0742697619417
0.0741728093077
0.0741082024018
0.0740759095176
0.0740274834023
0.0739629451934
0.0739145578303
0.0738661845588
0.0736728869953
0.0735924057931
0.0735763148371
0.0735441382094
0.0735280525378
0.0734958864788
0.0734637274658
0.0734315754985
0.0733994305772
0.0733833607587
0.0733833554743
0.0733833501899
0.0733351513032
0.073254856816
0.0732227506468
0.0731104451094
0.0730783706465
0.0729021504578
0.0729021240359
0.0728540854422
0.0728220673461
0.0728060609402
0.0727900562958
0.0727900510115
0.072758047007
0.0727100559729
0.0726460955235
0.0725342497277
0.0725342444433
0.0724703579754
0.0724703474066
0.0724384138607
0.0723905285142
0.072390516184
0.0723586002527
0.0723266913672
0.0723266649453
0.072326656138
0.0723266508536
0.0723106990531
0.0723106937687
0.0722947437296
0.0722628489359
0.0722309611879
0.0722309418119
0.0721194166021
0.0719443466481
0.0719284371227
0.0719284318383
0.071928423031
0.071912515267
0.0718807050234
0.071880680363
0.0718806187118
0.0718806046201
0.0718805693909
0.0718487661931
0.0718328672365
0.0718328513833
0.071832842576
0.0718328020624
0.0718327897321
0.071832770356
0.07183275098
0.071832724558
0.0717691516303
0.071769146346
0.0717691304928
0.0717691181626
0.0717532280132
0.0717532015913
0.0717055434734
0.0716420269125
0.0716420163437
0.0716102659899
0.071499212852
0.0714357843642
0.0714355148605
0.0714353897967
0.0714353792279
0.071435352806
0.0714353387143
0.0714353281455
0.0714353034851
0.0714352805861
0.0714352682558
0.0714352629714
0.071435257687
0.0714352435953
0.0714352101276
0.0714352013203
0.0714351537608
0.0714351062013
0.0714350727335
0.0714350586418
0.0714350480731
0.0714350146053
0.0714350005136
0.0714348613581
0.0714348278903
0.0714348120371
0.0714347926611
0.0714347873767
0.0714347627162
0.0714347486245
0.0714347362943
0.0714188831356
0.0713871821027
0.0712446164083
0.0711812988926
0.0711496507036
0.0710705663409
0.0710231336901
0.0709915207303
0.0708178176709
0.0707862505091
0.0707389147388
0.0707073651916
0.0706915930602
0.0706127605866
0.0705969990239
0.0705969303269
0.0705181542201
0.0704866539938
0.0703922008745
0.0703764639723
0.0703449954524
0.0703292638346
0.0703135339783
0.0702506374521
0.0702191971155
0.0701720515831
0.070172032207
0.0701720198768
0.0700934780444
0.0700306801601
0.0699679104591
0.0699365335352
0.0699208477154
0.0698894813603
0.0698738008249
0.0698737955405
0.0698267662646
0.0696857964549
0.0696857911705
0.0696857506569
0.0696700930205
0.0696387830321
0.0696387583717
0.0696231060197
0.0696230972124
0.069623091928
0.0695917925084
0.0695292200912
0.0695291971922
0.0695291848619
0.0695291760546
0.069450995322
0.0693103971807
0.0692479515888
0.0692479110752
0.0692478987449
0.0692478864147
0.0692478106718
0.0692477701582
0.0692321618428
0.0692165552888
0.0692009504963
0.0692009311202
0.0691697268196
0.069091752178
0.0690294052279
0.0690293541455
0.0690293347694
0.068998169221
0.0689981392761
0.0689981269459
0.0689979913133
0.0689668328107
0.068733416187
0.068702317574
0.068671226007
0.0685935296764
0.0685779953424
0.0685158773824
0.0684227576899
0.0684072427319
0.0683917295354
0.0683141952594
0.0681747526373
0.0681437808496
0.068128297598
0.0681282518
0.0680972905811
0.0680353945653
0.0680348995945
0.0680194286731
0.0680039595132
0.0679730264777
0.0678957264761
0.0677567101278
0.0677258334591
0.0676795316671
0.0676332457282
0.0676332122604
0.0675869439361
0.0675252751489
0.0675098623558
0.0674636363066
0.0674174243491
0.0674174155418
0.0674173891198
0.0674173345145
0.0673557449931
0.0668034685049
0.0668034385601
0.0667268114369
0.0666961708042
0.0666961373364
0.0666961109145
0.0666960739238
0.0666960615935
0.0666654280066
0.0666654121535
0.0666347856124
0.0666347732822
0.066573543099
0.0665735307688
0.0665429253653
0.0665427791639
0.0665274791043
0.066527470297
0.0665274544439
0.0665273311415
0.0664355677748
0.0664355431144
0.0664350551894
0.0664350358133
0.0663739007491
0.0663738954647
0.0663738725657
0.0663585918822
0.0662974867629
0.0661448578357
0.0660838531197
0.066068605904
0.0658857996086
0.0658249129106
0.0657792663824
0.065779261098
0.0657640491116
0.0657488388866
0.0656880156012
0.0656728141835
0.0650825711417
0.0650674401825
0.0650523109848
0.0650371835485
0.0649766931794
0.0649464576829
0.0648105062787
0.0647652155658
0.0647501215973
0.064704852022
0.0646746799382
0.0646595965385
0.0646294350234
0.064614356908
0.0645992805541
0.0645540638227
0.0645389945147
0.0644636796808
0.0644335639638
0.0644335516335
0.0644184964172
0.0643733430984
0.0643582949279
0.0643432485189
0.0643282038713
0.0641778930282
0.0641027895698
0.0640727584029
0.0640727495956
0.0640727372654
0.0640727249351
0.0640427008141
0.0640126837389
0.0640126749316
0.0639676625298
0.0639676431537
0.0639376436931
0.0639376348858
0.0639076424711
0.0638326940213
0.0638177092635
0.0637877450321
0.0637727655587
0.0637278394685
0.0637278130466
0.0636829010481
0.0633391693391
0.0632794751509
0.0632347234455
0.0632347181611
0.0632048913238
0.0631154707016
0.0630856720477
0.0630409872779
0.0629963183612
0.0629814322452
0.0629516652976
0.062936784466
0.0629219053959
0.0629070280872
0.0629060786591
0.0628465870391
0.062742555089
0.0627276989179
0.0627128445082
0.0627128357009
0.062683132166
0.062638591836
0.0626237479951
0.0626089059157
0.0625940655977
0.0625643902462
0.0625347219405
0.062475411751
0.0624457645828
0.0624161244605
0.0624013070416
0.0623568671149
0.0623272481302
0.0622976361913
0.0622976097693
0.0622828064421
0.0622680048763
0.062238407029
0.0621496628083
0.0621496293405
0.0621348436279
0.0616778728066
0.0616778604764
0.0616777812106
0.0616188796803
0.0615747180647
0.0615452857949
0.0615452558501
0.0615452399969
0.0615452311896
0.0615452118135
0.0615451959603
0.0615157707364
0.0614716461115
0.0614422385022
0.061442222649
0.0613246714775
0.0613246591473
0.0613246556244
0.0613246327254
0.0612952603453
0.0612952304004
0.0612658650662
0.0612365067778
0.0612364803559
0.0612363764297
0.0611336779064
0.0610750335496
0.0609724829891
0.0608407590938
0.0607968793121
0.0606361282832
0.0605631350564
0.0605485395816
0.0605193539165
0.0604755903913
0.0604464223408
0.0604026834761
0.0602861504297
0.0602570281773
0.0602424696932
0.0601551663485
0.0601260758024
0.0601115331715
0.0600824531941
0.0600679158476
0.0600533802626
0.0600533503177
0.0600388164942
0.0600242844321
0.0599952255922
0.0599661737983
0.0599226093183
0.0599080913479
0.0598355384865
0.0597340500877
0.0596905719194
0.0596760821323
0.0596471078427
0.0596036596192
0.0596036402431
0.0595312670509
0.0595023279905
0.0594589326109
0.0594589238036
0.0594010897193
0.0594010844349
0.0593577278075
0.0592710691578
0.0592710497818
0.0592710444974
0.0592421688496
0.0592133002477
0.0592132949633
0.0591988633045
0.0590690576414
0.0590690488341
0.0590402225073
0.0590401538103
0.0590113345293
0.058996927531
0.0589969152008
0.0589825099639
0.0589393065836
0.0589392907305
0.0588961014419
0.058895934103
0.0587952242704
0.0584792866715
0.0584219299435
0.0583932621482
0.0583646013988
0.058307306322
0.0582357310721
0.0582214191928
0.0581355954762
0.0580784131329
0.0580498298878
0.0580069682312
0.0579784026007
0.0579212977618
0.0577929171215
0.0576219742731
0.0575935037617
0.057565040296
0.0575645735086
0.0575503444179
0.0575361170888
0.0575218915211
0.05749344567
0.0574792253867
0.0573939582921
0.0573655441474
0.0571811049767
0.0571527436758
0.0571385656676
0.0571102149355
0.0570818712493
0.0570677020484
0.0570393689309
0.0568272554295
0.0568131179349
0.0567989822018
0.0567848482301
0.0567283352424
0.0566859667952
0.0566577287967
0.0566153867714
0.0566012756987
0.0565871663875
0.0565730588378
0.0565448490226
0.05648845053
0.0564743553105
0.05647433065
0.0564461454954
0.056446048615
0.0564460398076
0.0564319498725
0.0564178616989
0.0564037752867
0.0563896906359
0.0562771138334
0.0562349144865
0.0561927309927
0.0561505615907
0.0561365086463
0.0561084080418
0.0561080751255
0.0560940274655
0.0560939517226
0.0560939235392
0.0560658335035
0.0559816162403
0.0559675844335
0.055855419813
0.0558414038593
0.0558413915291
0.0557433555959
0.0557433432657
0.0557013447255
0.0557012689826
0.055687272405
0.0556872213226
0.0556870962588
0.0556731014426
0.0553938762362
0.0553799184107
0.0553520080442
0.0553241047235
0.0553101557053
0.0552543825317
0.0551847096608
0.0551568486152
0.0551568221933
0.0550176296988
0.05501761913
0.055003708864
0.0549898003595
0.0549341857175
0.0548785992588
0.0548508157175
0.0548507769654
0.0548368878369
0.0547813542221
0.0546565440655
0.054628816891
0.0546287975149
0.0546010773863
0.0545872199641
0.0545871847349
0.0544764063851
0.0544763729173
0.0544486915408
0.054379529494
0.0540620418084
0.0540482530833
0.0540344661197
0.0540068974768
0.0540068816236
0.0540068622475
0.0540068041193
0.0539792425222
0.0539654643659
0.053951687971
0.0539379133376
0.0539241404657
0.0539103693552
0.0539090218367
0.0538401962291
0.0538401662842
0.0538401469081
0.0538401292935
0.0538401187248
0.0538125994028
0.0535379786583
0.053496818574
0.0534419648836
0.0534145477264
0.0533871376151
0.053304960125
0.0533049548406
0.0532365132317
0.0531681209438
0.0531544467137
0.0531544414293
0.0531270982536
0.0530860984624
0.0530724348011
0.0530451127628
0.0530314543859
0.0529904915854
0.0528676983028
0.052867687734
0.0528404185397
0.0527995279591
0.0527722763794
0.0527314122208
0.0526497490776
0.05262253625
0.0525817319811
0.0525545367681
0.0525409418038
0.052527348601
0.0524865795613
0.0524729934044
0.0524458263748
0.0523915134532
0.0523915046459
0.0521068400447
0.0520933032086
0.0520932944013
0.0519580722423
0.0519310390839
0.0518905025572
0.0518634870134
0.0518229769086
0.0517959789794
0.0517285202664
0.0517150327513
0.0516745807748
0.0516611003056
0.0516476215978
0.0516206694666
0.0515398729627
0.051539790174
0.0515397496604
0.0515262868058
0.0514993663809
0.0514455519531
0.0514455167239
0.0514186174365
0.0514051704351
0.0514051616278
0.0513917163878
0.0513916899658
0.0513916776356
0.0513916723512
0.0513647871556
0.0513379090058
0.0513244725731
0.051324453197
0.0512841562292
0.051230451012
0.0511499539567
0.0511499363421
0.0511499063973
0.0511230846143
0.0511227411292
0.0511226988541
0.0511092906048
0.0510958841169
0.0510020950689
0.0509887026727
0.0509485360531
0.0509217671139
0.0508415201863
0.0508281489277
0.0507746832693
0.0506144871011
0.0505744684443
0.0505611324149
0.050547798147
0.0505078076736
0.0504411997467
0.050387938418
0.0503746270491
0.0503613174417
0.0503213991882
0.0502947958265
0.0502549057564
0.0502548934261
0.0502415996719
0.0502017289779
0.0502014348137
0.0501350241706
0.0500951975131
0.0500553849473
0.0500288520441
0.0500155882347
0.0499758091367
0.0499227979356
0.0498830558283
0.0498830505439
0.0497771479212
0.0497639175795
0.0497639087722
0.0497506801921
0.0497242283161
0.0497110050203
0.049697783486
0.0496317075207
0.0496316511539
