5038
588
893
566
273
5069
5022
370
140
5030
95
5033
647
1028
1768
458
1139
543
8344
155
887
286
613
90
823
80
1806
2630
530
195
1672
1819
478
2718
1569
200
114
128
20764
82
851
102
734
2666
76
1528
353
1588
9129
1330
136
516
151
1053
7954
4746
9137
20805
2348
1817
4153
443
184
91
2737
343
2215
308
3311
4063
93
554
444
225
5020
342
8557
78
2753
5036
878
133
33806
416
106
147
127
3237
1725
16625
686
213
4880
1304
301
929
1824
1507
274
652
2939
1031
1202
8556
2015
4876
72
1334
314
9135
1
880
4152
22587
232
1161
2111
2323
292
360
56
385
316
74
5053
5237
107
1365
9500
520
910
1793
277
6084
1821
1927
2773
3027
879
939
2088
35675
390
1359
2253
920
4398
919
1371
2720
6831
2728
5027
89
109
2715
4262
13634
402
4093
2736
9044
621
960
2601
13633
802
1470
5050
81
3161
3174
9132
13635
915
659
1813
3844
6289
6917
8560
9861
13637
620
1970
8558
875
876
1046
5051
79
192
950
1000
2047
2271
4154
4618
30172
144
4183
4272
5853
54
449
593
1233
5052
5070
4621
10281
406
2637
5023
5042
928
8032
2947
3258
11812
1935
5021
5057
26576
539
1252
4216
7059
9131
4755
9504
188
215
287
918
15198
1025
1323
1443
8566
13396
442
922
1168
1552
3251
4227
5028
8072
26811
386
581
4124
4224
4904
8565
9130
10893
26142
1833
3057
4737
10959
46
244
391
948
4232
28825
30779
92
279
2186
2550
9752
438
3295
5024
101
165
1027
9313
10280
18722
22463
24812
35279
75
815
10815
26897
775
1050
1481
4256
5032
255
454
1108
1560
2189
5150
8194
23043
175
819
1112
1213
2580
8987
9134
13267
26817
27605
889
1043
1126
1164
1628
8678
13266
13640
53
172
280
2667
5068
6829
9799
10601
11547
16201
20336
24464
239
707
1087
1234
1401
3354
4205
7428
14862
22319
23648
86
121
367
409
822
1185
1771
3318
4681
5029
5064
5557
5830
17278
18778
19467
579
716
751
1885
5061
12110
23873
23946
26911
28933
30513
145
393
457
528
694
723
3604
5587
8559
26584
212
462
537
645
853
971
1038
1208
1763
2631
2740
4070
5883
6828
9754
12116
16202
21255
26990
452
473
573
638
924
1063
1316
1461
1572
1652
1790
1936
2263
2294
2992
3058
3200
3215
3906
4128
4486
4642
5045
5729
6069
6560
7990
14241
14338
19815
20374
20963
205
293
492
614
700
727
782
974
1030
1061
1118
1189
1217
1259
1559
2524
2613
2746
4065
4132
4480
6707
6893
7517
8350
11040
11744
16295
20183
20966
22063
22423
23960
25158
254
358
403
419
477
504
521
525
551
575
576
585
615
691
796
861
958
1137
1245
1308
1783
2741
2828
3334
3535
4536
4677
5046
5049
5315
6357
6664
7531
7578
8071
8694
13415
13744
16210
20919
21241
22118
24743
24810
24811
25323
29813
32745
153
355
423
441
522
578
602
639
664
812
898
1159
1459
1478
1527
1607
1762
1767
2160
2509
3245
3253
3266
3333
4121
4542
4545
4767
5190
5518
5645
5881
5907
6022
6231
6898
7324
7657
7663
7720
8794
9239
10124
10960
11165
12015
12076
12512
13366
13577
14144
15264
16692
17181
21236
24890
26854
28097
28509
290
425
531
753
824
907
1101
1210
1350
1354
1798
1966
2060
2276
2296
2385
2577
2696
3050
3128
3733
4477
5041
5211
5339
5614
5742
6193
6653
6681
6982
7544
7638
7998
8030
8271
8857
10084
12844
13578
13979
14841
20157
20654
21580
24650
25529
29012
30808
166
219
263
267
587
604
666
675
682
773
923
1037
1059
1076
1082
1102
1302
1396
1472
1788
1891
2076
2264
2303
2610
2615
2651
3127
3370
3743
4323
4534
4735
4752
4757
4995
5279
5716
5943
6518
6909
7193
7459
7467
7530
9136
9172
11190
11204
11494
13987
14893
15166
16781
16983
17179
18603
20652
23364
24467
173
243
295
378
420
455
493
505
526
563
640
735
764
766
800
817
937
966
967
1049
1104
1111
1160
1289
1356
1384
1387
1602
1713
1775
1778
1847
1886
2061
2090
2168
2269
2497
2515
2703
3109
3226
3267
3580
3626
4056
4193
4497
4577
4651
4678
4802
5174
5246
5398
5515
5990
6008
6049
6320
6671
6738
6782
6783
7102
7140
7200
7331
7515
7541
8629
8685
8782
10032
10778
10897
11083
11298
11350
11818
11890
12329
12676
13268
13427
13432
13585
13628
13630
14065
14827
14886
15247
16017
16207
16867
16987
17824
17832
18067
18384
18748
18861
19249
19464
19720
19840
19912
20051
20205
20353
20482
20958
20990
21425
23025
23483
23840
24025
25791
26378
26699
26709
30545
13
27
115
134
138
143
224
235
264
271
281
326
349
354
471
491
523
544
603
607
684
1253
1305
1310
1394
1416
1422
1471
1499
1585
1663
1668
2234
2510
2565
2570
2579
2628
2664
2673
2697
2760
2931
2953
2960
3039
3108
3236
3280
3330
3427
3461
3518
3635
3949
4075
4092
4148
4160
4176
4223
4260
4263
4517
4560
4687
4697
4698
4736
4827
5071
5074
5105
5199
5220
5270
5277
5318
5507
5681
5769
5948
6009
6072
6405
6509
6785
6876
6899
7096
7106
7165
7255
7516
7547
7571
7721
8001
8029
8878
9527
10214
10330
10733
11016
11191
11394
11827
11922
12354
13093
13160
13256
13747
14055
14196
14446
15666
16710
16715
16797
18880
19149
19213
19355
19711
19764
19826
19901
21101
21680
22201
22566
26015
27148
27812
30683
169
186
196
319
340
344
400
481
502
508
592
642
724
742
803
813
839
865
871
897
917
943
984
1048
1057
1070
1071
1084
1103
1106
1114
1153
1162
1207
1236
1313
1320
1324
1430
1487
1546
1696
1734
1853
2096
2254
2320
2383
2590
2668
2723
2837
2959
2963
3043
3065
3080
3171
3241
3263
3352
3530
3786
3792
3823
4237
4246
4349
4513
4601
4639
4760
4769
4820
4838
4878
5141
5202
5215
5287
5333
5552
5695
5700
5824
5963
6068
6175
6600
6735
6889
6918
6944
7283
7386
7401
7548
7551
7581
7848
7927
8038
8103
8524
8671
9038
9366
9521
10015
10245
10458
10534
10903
11099
11227
11352
11527
11692
11952
12362
12456
12542
13205
13424
13796
13820
13972
14036
14134
14171
14255
14285
14577
15165
15173
15275
15323
15512
15990
16318
16812
17113
17925
18617
19258
19325
20220
21582
23139
23490
24152
24159
24426
24695
25504
25595
26007
26162
26163
26803
28619
29625
34894
83
97
112
132
156
180
221
230
296
300
331
364
382
388
389
446
470
498
500
506
548
564
580
596
610
623
636
654
677
704
731
736
744
760
772
784
837
884
913
951
1018
1077
1090
1105
1113
1132
1166
1176
1222
1228
1326
1340
1406
1428
1439
1519
1521
1586
1619
1642
1654
1660
1697
1814
1818
1892
1899
1907
1922
1930
1939
1944
2091
2121
2165
2218
2260
2420
2487
2489
2512
2516
2576
2583
2620
2621
2622
2642
2648
2654
2680
2690
2705
2708
2724
2754
2770
2782
2784
2951
3001
3035
3112
3219
3223
3240
3259
3296
3297
3309
3379
3400
3418
3438
3499
3546
3593
3649
3766
3791
3795
3826
3845
4012
4136
4139
4200
4218
4276
4297
4335
4392
4450
4451
4478
4496
4499
4504
4531
4684
4688
4766
4835
4879
4937
5026
5076
5118
5223
5368
5376
5467
5494
5500
5666
5776
5782
5787
5839
5964
6003
6031
6081
6210
6242
6274
6340
6700
6793
6845
6872
6921
6926
6951
7047
7082
7203
7216
7437
7513
7523
7532
7641
7701
7999
8096
8169
8340
8374
8411
8650
8699
8760
8767
8850
8938
9021
9079
9175
9499
9502
9534
9886
9933
10278
10359
10412
10414
10620
10641
10872
10997
11115
11143
11252
11522
11680
11846
11864
12178
12350
12421
12482
12562
12668
13175
13269
13303
13405
13486
13631
13658
13724
13756
13822
13883
13973
14039
14057
14156
14175
14219
14396
14694
14876
15164
15187
15282
15331
15465
16216
16242
16288
16472
16622
16753
16808
16998
17040
17098
17167
17240
17284
17336
17501
17512
18000
18033
18283
18310
18808
18826
19240
19259
19260
19382
19466
19823
19836
19872
19876
20231
20280
20378
20659
20772
20820
22021
22321
22341
22385
22525
22529
22694
22920
23317
23676
23722
23868
23869
24221
24357
24700
25080
25085
25658
25864
26033
26036
26832
26851
26866
27233
28014
28642
28873
29101
29818
29851
30193
30201
30340
30834
30862
34497
34529
35115
99
178
183
223
229
233
242
284
338
339
345
408
418
475
480
509
517
524
535
547
584
595
616
703
708
712
715
730
770
778
787
830
885
890
946
1026
1042
1054
1073
1110
1127
1152
1165
1191
1238
1265
1332
1339
1392
1393
1409
1413
1448
1458
1483
1515
1578
1594
1596
1665
1667
1683
1756
1759
1772
1797
1807
1835
1888
1893
1903
1918
1989
2098
2125
2158
2216
2229
2258
2268
2270
2288
2290
2299
2300
2436
2492
2503
2559
2578
2603
2608
2633
2635
2656
2659
2679
2692
2768
2818
2856
2922
2924
2943
3060
3091
3104
3110
3111
3157
3169
3205
3210
3292
3316
3317
3364
3386
3412
3470
3549
3731
3742
3793
3846
3849
3924
3968
4027
4057
4074
4083
4119
4144
4156
4161
4164
4170
4197
4459
4460
4476
4490
4521
4522
4524
4538
4549
4615
4616
4640
4644
4652
4699
4700
4706
5088
5102
5168
5170
5276
5286
5291
5300
5406
5415
5511
5677
5696
5778
5843
5916
5926
6007
6018
6020
6023
6026
6047
6048
6111
6205
6209
6255
6258
6279
6307
6328
6429
6436
6447
6488
6523
6550
6582
6702
6734
6803
6854
6855
6890
6976
7083
7095
7103
7218
7235
7269
7312
7397
7405
7416
7457
7484
7520
7521
7553
7597
7708
7784
7800
7812
7815
7939
7941
7985
7995
8016
8039
8166
8206
8308
8354
8561
9133
9182
9211
9358
9370
9474
9501
9539
9549
9579
9589
9751
9761
9910
9984
10112
10181
10212
10241
10247
10248
10374
10384
10405
10415
10560
10571
10797
10826
10841
10842
10915
10949
10969
11041
11050
11077
11117
11214
11446
11636
11968
12327
12363
12434
12465
12473
12608
12786
12896
13174
13202
13414
13421
13423
13731
13735
13748
13923
13975
14115
14126
14189
14822
15386
16191
16203
16461
16489
16496
16498
16503
16616
16630
16978
17020
17063
17128
17283
18009
18279
18387
18581
18600
18697
18757
18815
18852
19026
19374
19685
19721
20237
20448
20632
20669
20692
20923
20939
20942
20964
21253
21426
21432
22035
22354
22541
22544
22738
23021
23082
23383
23387
23606
23687
23690
24153
24167
24780
24889
25124
25326
25507
25766
26090
26141
26713
27126
27404
27728
27796
27810
27952
28515
28979
29169
29882
30184
33056
33954
35263
35360
35732
35735
85
113
116
131
137
149
154
174
236
265
313
322
336
362
368
383
384
398
404
413
448
451
465
501
510
519
556
558
594
606
625
633
657
658
661
668
670
673
688
699
726
745
783
808
818
867
869
931
934
945
959
985
991
1032
1034
1045
1051
1052
1083
1095
1116
1122
1130
1133
1135
1148
1154
1169
1170
1171
1179
1188
1205
1215
1221
1246
1288
1292
1297
1303
1312
1357
1373
1380
1429
1432
1490
1532
1541
1549
1550
1568
1592
1601
1616
1686
1689
1716
1760
1765
1815
1843
1873
1875
1880
1919
1960
1976
2006
2018
2049
2071
2092
2142
2144
2178
2256
2262
2305
2354
2386
2398
2424
2472
2474
2560
2564
2569
2573
2588
2599
2604
2639
2640
2646
2711
2713
2793
2814
2817
2878
2912
2935
2937
2941
2980
2986
2993
3033
3081
3107
3138
3145
3147
3151
3160
3246
3294
3315
3325
3356
3358
3361
3368
3377
3378
3399
3437
3443
3447
3460
3476
3525
3541
3552
3581
3597
3631
3644
3673
3688
3727
3802
3841
3915
3943
3970
3999
4115
4133
4140
4185
4210
4220
4230
4236
4259
4358
4390
4396
4424
4505
4510
4539
4623
4650
4680
4689
4691
4692
4714
4740
4793
4800
4815
4826
4863
4864
4872
4920
4921
4947
4952
4991
5015
5144
5196
5208
5224
5242
5248
5301
5316
5322
5345
5351
5395
5413
5460
5482
5509
5531
5660
5684
5702
5705
5708
5709
5713
5748
5749
5799
5825
5856
5935
5941
5960
5998
6024
6033
6056
6063
6109
6128
6131
6144
6180
6189
6198
6202
6249
6305
6376
6406
6443
6452
6460
6470
6654
6687
6706
6715
6868
6873
6892
6959
6973
7001
7009
7074
7078
7089
7113
7156
7168
7186
7205
7300
7303
7400
7468
7477
7505
7549
7558
7559
7611
7655
7692
7700
7711
7730
7736
7786
7794
7952
7957
7975
7981
7983
7986
7993
8005
8021
8081
8219
8264
8326
8335
8372
8488
8489
8521
8546
8668
8695
8704
8740
8876
8962
9174
9337
9341
9346
9361
9389
9449
9496
9839
9896
9921
9932
9959
10040
10053
10065
10363
10379
10387
10487
10521
10585
10941
11071
11243
11261
11356
11423
11445
11619
11678
11925
12020
12065
12077
12195
12355
12397
12415
12559
12674
13147
13161
13265
13404
13409
13419
13569
13666
13743
13948
13967
14035
14114
14141
14155
14161
14256
14301
14428
14703
14750
14829
14840
14851
14942
15003
15146
15201
15214
15271
15281
15395
15566
15601
15705
15969
15981
16031
16034
16085
16098
16713
16727
16748
16782
16822
16844
16846
16853
17037
17085
17160
17187
17253
17642
17690
17706
17748
18056
18079
18115
18406
18567
18590
18612
18719
18773
18991
19125
19284
19307
19525
19548
19643
19715
19925
19962
20052
20208
20221
20618
20624
20625
20630
20668
20821
20918
20928
21133
21284
21399
21401
21415
21801
22085
22117
22359
22757
22911
23105
23135
23140
23288
23706
23881
24063
24475
24819
24832
24869
25089
25826
25928
26021
26217
26342
26435
26660
26677
26711
26970
27149
27300
27313
27435
27865
27871
27888
27962
28631
29761
30187
32840
33040
33209
33959
34069
34751
34764
35390
35435
5
9
108
118
119
142
146
164
171
176
197
206
261
269
288
309
315
318
324
357
380
401
405
426
429
434
436
466
484
497
561
562
568
572
589
599
618
643
653
656
672
674
676
678
681
706
719
733
737
739
741
758
762
768
776
779
791
797
801
805
838
842
845
855
863
873
874
882
894
903
905
909
936
940
949
973
1023
1033
1036
1068
1079
1091
1092
1093
1098
1099
1120
1128
1150
1163
1174
1195
1204
1209
1211
1214
1224
1255
1282
1287
1291
1295
1296
1300
1306
1307
1325
1328
1347
1352
1355
1367
1389
1390
1404
1408
1411
1420
1423
1426
1436
1457
1467
1475
1486
1508
1517
1538
1547
1548
1579
1615
1643
1645
1656
1657
1670
1674
1691
1707
1731
1781
1800
1803
1809
1810
1831
1856
1857
1894
1897
1898
1913
1916
1924
1929
1934
1937
1951
1953
1996
2022
2041
2051
2070
2078
2110
2118
2149
2211
2217
2265
2279
2292
2321
2331
2333
2379
2430
2469
2471
2473
2477
2519
2520
2528
2563
2567
2591
2593
2638
2684
2689
2699
2700
2706
2717
2743
2744
2751
2766
2783
2790
2800
2868
2910
2921
2932
2954
2966
2973
3016
3021
3038
3041
3049
3064
3105
3115
3126
3141
3185
3186
3192
3196
3197
3208
3209
3214
3234
3247
3276
3285
3288
3310
3319
3323
3327
3336
3345
3350
3367
3388
3390
3417
3473
3478
3480
3485
3486
3487
3492
3494
3523
3568
3570
3572
3596
3625
3634
3640
3650
3671
3679
3693
3721
3729
3767
3776
3815
3913
3933
3944
4014
4017
4026
4049
4066
4087
4142
4146
4155
4173
4182
4187
4191
4195
4231
4238
4240
4243
4282
4294
4314
4317
4356
4362
4370
4376
4378
4383
4385
4393
4426
4434
4440
4453
4465
4495
4498
4512
4514
4515
4519
4561
4586
4587
4588
4594
4611
4625
4629
4671
4721
4723
4726
4739
4745
4782
4787
4791
4795
4832
4836
4853
4855
4866
4884
4888
4911
4938
4946
4983
5025
5035
5075
5100
5110
5148
5166
5192
5194
5212
5217
5235
5243
5252
5259
5274
5307
5314
5319
5405
5417
5426
5434
5435
5437
5451
5471
5476
5490
5498
5556
5632
5676
5722
5733
5774
5785
5833
5934
5953
5976
5977
5985
5987
5988
5989
5992
5997
6010
6060
6080
6087
6088
6090
6092
6117
6135
6192
6196
6236
6372
6373
6445
6517
6522
6552
6557
6637
6641
6696
6718
6724
6786
6789
6790
6794
6798
6800
6811
6830
6836
6840
6851
6862
6887
6891
6920
6936
6997
7014
7080
7107
7144
7151
7155
7172
7177
7183
7187
7188
7246
7268
7302
7326
7357
7382
7387
7396
7422
7510
7526
7543
7577
7605
7618
7651
7658
7668
7673
7679
7680
7753
7754
7770
7781
7797
7802
7816
7833
7945
7947
7964
7969
7980
7989
7994
8025
8026
8031
8044
8051
8056
8099
8160
8177
8186
8193
8220
8315
8331
8353
8376
8417
8484
8529
8543
8553
8572
8576
8579
8582
8602
8659
8709
8714
8808
8833
8912
9008
9076
9105
9121
9193
9230
9232
9251
9260
9268
9295
9300
9344
9357
9377
9417
9452
9516
9518
9535
9548
9553
9578
9594
9616
9649
9721
9786
9789
9809
9819
9829
9869
9922
9953
9960
9997
10017
10018
10021
10043
10096
10174
10204
10243
10353
10385
10484
10542
10603
10613
10734
10775
10833
10859
10881
10922
10927
10937
10946
10958
10988
11014
11031
11033
11042
11048
11056
11194
11213
11228
11259
11273
11284
11286
11288
11297
11393
11413
11453
11569
11634
11669
11679
11704
11713
11718
11754
11760
11762
11773
11799
11811
11917
11931
11937
12082
12090
12169
12291
12323
12347
12417
12476
12506
12514
12526
12539
12587
12696
12720
12757
12770
12771
12800
12845
12886
12952
13022
13096
13113
13115
13139
13154
13168
13208
13216
13230
13272
13312
13410
13413
13418
13568
13579
13627
13639
13671
13674
13740
13745
13746
13773
13884
13922
13928
13981
13983
13984
14001
14002
14051
14067
14105
14124
14145
14167
14180
14232
14268
14269
14275
14287
14296
14340
14353
14427
14528
14580
14603
14631
14646
14686
14701
14821
14838
14880
14883
14887
14909
14913
14923
15010
15027
15120
15144
15167
15179
15260
15267
15286
15300
15330
15366
15380
15381
15478
15565
15672
15697
15797
15928
15942
16026
16027
16123
16296
16320
16343
16412
16416
16449
16480
16537
16565
16573
16608
16632
16640
16641
16648
16691
16699
16737
16813
16831
16850
16892
16930
16954
16972
17005
17130
17153
17185
17211
17236
17268
17289
17314
17337
17380
17394
17421
17481
17488
17565
17604
17670
17739
17795
17818
17985
18090
18120
18152
18184
18288
18373
18472
18473
18493
18628
18632
18659
18721
18759
18803
18810
18866
18962
19018
19034
19126
19130
19221
19232
19257
19278
19310
19366
19410
19453
19475
19482
19647
19664
19727
19744
19835
19862
19873
19893
19921
20223
20238
20248
20268
20471
20542
20579
20608
20626
20629
20643
20645
20650
20675
20796
20856
20884
20931
20956
20976
20985
20997
21027
21119
21136
21160
21319
21328
21347
21361
21392
21409
21420
21458
21506
21521
21637
21708
21721
21854
22016
22034
22159
22226
22329
22352
22517
22557
22562
22576
22580
22596
22743
22776
22777
22913
22975
23014
23030
23034
23076
23101
23157
23306
23356
23357
23362
23363
23371
23518
23626
23786
23971
24011
24059
24151
24186
24214
24219
24273
24288
24377
24595
24643
24688
24691
24693
24944
24950
25302
25305
25325
25466
25488
25640
25669
25724
25744
25793
26040
26048
26049
26189
26320
26332
26358
26372
26388
26432
26529
26587
26612
26672
26686
26812
26818
26821
26831
26849
26856
26863
26912
26958
27152
27194
27208
27411
27475
27490
27507
27719
27721
27752
27753
27758
27808
27817
27837
27867
27870
27876
27900
27926
28041
28072
28103
28191
28587
28593
28617
28634
28639
28644
28794
28901
28935
28955
29040
29197
29283
29288
29296
29440
29600
29632
29649
29656
29660
29683
29849
29923
30202
30244
30329
30483
30797
30809
31382
31417
31472
31488
31633
32065
32237
32676
32753
32875
32877
33003
33367
33564
33705
33707
33860
33936
34363
34400
34401
34489
34508
34531
34752
34820
34990
35001
35232
35262
35413
35481
35488
35546
35639
35648
35738
35745
35761
35778
35916
36078
36597
36608
111
122
168
185
246
250
291
307
312
