0.928385104888
0.91164791245
0.897704018385
0.882027296575
0.8713573299
0.863121675628
0.855089811949
0.847040911408
0.840498606994
0.832302402426
0.82689641191
0.820486211867
0.81249546952
0.804224582483
0.796366862229
0.787915132927
0.78255048921
0.776994899482
0.771146408556
0.764489626722
0.759464108491
0.754919203426
0.750439335063
0.74106181124
0.736164988952
0.731995095639
0.728444789564
0.723438490646
0.719355220754
0.714280168448
0.709272921864
0.705229890811
0.699758875923
0.693665774282
0.689963293738
0.686467399226
0.683029437442
0.679893717888
0.676472289186
0.674131142275
0.670870092933
0.668004949807
0.665388001972
0.660845059175
0.657327710056
0.654203630244
0.651039082602
0.647929994593
0.645257342281
0.642162115218
0.637367913948
0.63424458628
0.631836227261
0.628302896396
0.623232982276
0.620518343753
0.618509567121
0.615432770235
0.612735217895
0.609533924393
0.607728085806
0.604401300461
0.601774111485
0.599106680146
0.596490998802
0.593561005689
0.591550745905
0.588906166014
0.586585568319
0.584632538438
0.582094035554
0.579967711273
0.577574604753
0.575501569984
0.572848168691
0.570335351448
0.568543838831
0.566710465069
0.564300374532
0.562073324565
0.55993950174
0.558031401472
0.555551377368
0.553385835895
0.551004231723
0.548627793919
0.546958523247
0.545204147536
0.543540097838
0.541747533629
0.54004515804
0.53869389997
0.536344190591
0.534520159624
0.531487161492
0.52923956407
0.527212163499
0.524930645602
0.523083238271
0.52119622975
0.5194409645
0.51743248027
0.514959315299
0.513469706714
0.511982248873
0.506058936323
0.503992295661
0.502055957395
0.500459200833
0.498529684709
0.497231453693
0.496185719458
0.494974044927
0.493346943658
0.492013842739
0.490433155995
0.488813503949
0.48748654701
0.486078657934
0.484714113155
0.483722910263
0.481826026986
0.480220686819
0.478125450582
0.476854076578
0.475666261051
0.474316412151
0.473172592662
0.4718262843
0.470522610367
0.469139448695
0.467961284219
0.466581892077
0.46564992187
0.464395272949
0.463344282511
0.461931382076
0.460480372408
0.457344325223
0.45610095142
0.454939304174
0.453379462572
0.452021838578
0.450108688199
0.447445383966
0.446294830407
0.445026984612
0.444275035829
0.442931066689
0.442141426141
0.441194791762
0.440367311486
0.439383233708
0.436752749036
0.435851077738
0.434989481464
0.433737821744
0.432448947615
0.431473763459
0.430694409849
0.426927029996
0.426035575178
0.425106359898
0.42413952155
0.423289600246
0.422517674722
0.419937229665
0.419591160496
0.418937853589
0.418093160305
0.417517724113
0.416214946764
0.415220032471
0.414111752241
0.413195659853
0.412356784678
0.411480679241
0.410757643096
0.409123804235
0.407531380869
0.406887538298
0.406395531996
0.405450239852
0.404392802463
0.403676023032
0.402922215906
0.402282028369
0.401266397521
0.400101831531
0.399013940225
0.397927486271
0.396805183041
0.396057833436
0.394751709309
0.394080787781
0.39337321375
0.392406003733
0.391662791802
0.390475228164
0.389622701658
0.388919150807
0.388142273813
0.387624787962
0.386959964616
0.386332593477
0.384858651335
0.384085862694
0.383534331304
0.382542622873
0.381845496074
0.381222287269
0.380562979061
0.379977409178
0.379246104731
0.378661542404
0.377749089197
0.377165678867
0.376327855285
0.375818308343
0.374800288953
0.374328100861
0.373312123005
0.372768389607
0.372225054301
0.371754479708
0.370705860198
0.370127954437
0.369514401967
0.368181077343
0.367821045064
0.367389236728
0.366885782684
0.366131269212
0.365198215706
0.364337966951
0.363693432125
0.363264054607
0.362656223366
0.361727608745
0.361156717125
0.360693197188
0.360229973177
0.359767046852
0.359268854295
0.358842099594
0.358344542925
0.357989352906
0.35752787098
0.356995763233
0.356428641142
0.356003577445
0.355614167501
0.355613288532
0.354976564029
0.354658396419
0.354199070523
0.354057797742
0.352928910167
0.352541175374
0.352365002744
0.351695987119
0.351062755595
0.350676049496
0.350043718079
0.349692667495
0.349061269654
0.347870244743
0.347868865518
0.347833861744
0.346994327782
0.346505057031
0.346016131526
0.345457825553
0.344934791097
0.344342520612
0.344098778298
0.343541990705
0.342846734579
0.342117431152
0.341596938486
0.34125015064
0.339416706419
0.338829209497
0.338449302641
0.338138635337
0.337931598369
0.337655647721
0.336897428133
0.336553035875
0.336208819764
0.335314865432
0.334799569079
0.33442193627
0.334078822835
0.333701595163
0.333153299579
0.332845077184
0.332400124818
0.332194852836
0.331852886112
0.331613605581
0.331169467011
0.330623239383
0.330418516977
0.329293967883
0.328885421415
0.32800130661
0.327457742313
0.327287954984
0.326473662774
0.325728169749
0.325051148279
0.3247805102
0.324442376417
0.323564284051
0.322384405672
0.32201385218
0.321879153175
0.321609850285
0.321340649559
0.321071561567
0.320768972327
0.320365743714
0.320063487391
0.319794934883
0.319191158528
0.318688428445
0.318420455459
0.318186070031
0.318152593444
0.316048023219
0.315747811954
0.315347762779
0.315147828027
0.314814751402
0.314415285272
0.314016081599
0.313683600348
0.31338451818
0.312853259457
0.312587750756
0.311924539148
0.31139444299
0.310765555232
0.310467869903
0.309575756298
0.308915739982
0.308717859095
0.308322298126
0.308025782407
0.30749903655
0.307235812466
0.306874087422
0.306643992915
0.306512550854
0.306184075168
0.306183759866
0.306183611903
0.305920949725
0.305724027072
0.305592780533
0.305461562178
0.305166425684
0.304805894912
0.304314626662
0.30411822188
0.30392188051
0.303366026492
0.303137251321
0.302875910239
0.302647320021
0.302484094138
0.302288281207
0.301994684231
0.301766430453
0.301570850035
0.301114763467
0.300854290786
0.300626470327
0.300008706202
0.299943695921
0.299716217186
0.299358948641
0.299131693612
0.29874231009
0.298288377791
0.29751099878
0.297349166214
0.296896327783
0.296702334441
0.296476086968
0.296314537997
0.295862444664
0.295571991899
0.295410686009
0.295088209863
0.295023735067
0.294765908102
0.294540402204
0.294540340553
0.294057467432
0.293639261107
0.29309282915
0.293028572775
0.292739516848
0.292546886879
0.292386408877
0.292129737431
0.291809054453
0.29142448853
0.291136218216
0.291008142309
0.290912103874
0.290848087058
0.290624085449
0.290432151257
0.290304230358
0.29001652195
0.288931285167
0.288803695423
0.288580481188
0.288325488415
0.2878795602
0.287784039634
0.287752202969
0.287656705302
0.287561221728
0.286957045521
0.286670999934
0.286670962943
0.28651211077
0.285718785243
0.285560192005
0.285433349121
0.285148059201
0.285052993093
0.285021307913
0.284831237348
0.284609564392
0.284324702507
0.284293057841
0.284166496791
0.284039963924
0.283471075087
0.283281520631
0.283123605556
0.282997305202
0.282839471155
0.282744790807
0.282334729482
0.282114041183
0.281987968058
0.281893430389
0.281578482732
0.281546991313
0.28126367423
0.281263270855
0.281262929131
0.281042653015
0.280916817687
0.280508077459
0.280256685115
0.280036800043
0.279848397582
0.279785610267
0.279722829997
0.279660056773
0.27944041126
0.279189492749
0.278938688733
0.278781989067
0.278531361197
0.278343464277
0.278280846061
0.278093035452
0.277999154808
0.277811442841
0.277467487426
0.277342455325
0.277092482719
0.276967535169
0.276655326585
0.276592898608
0.276312065186
0.275875541417
0.275750870416
0.275750833425
0.275470422755
0.274754619173
0.274599099687
0.274474717566
0.274412536193
0.274412499202
0.274257078358
0.274008499068
0.274008451509
0.274008382812
0.273822020125
0.273759912733
0.273697812388
0.273573632835
0.273511553627
0.27332536004
0.273325289581
0.273139157645
0.272984096139
0.272643152825
0.272550195187
0.272457253402
0.272209491431
0.271714376149
0.271621577042
0.271374193786
0.271250542671
0.271250459882
0.271003252772
0.270910575206
0.270632653482
0.269954020273
0.269738221793
0.269676579428
0.269645760888
0.269491696369
0.269337675887
0.269245283678
0.268998989005
0.268629784793
0.268476009154
0.268260802525
0.268107134335
0.267953510182
0.267861355771
0.267584999986
0.267216785716
0.26712475813
0.26691009227
0.266572957236
0.26629727433
0.266205405276
0.265838105204
0.265838068214
0.265562758737
0.26550159549
0.26522647449
0.265104234307
0.264920925994
0.264707147911
0.264401932332
0.264401888296
0.264127316872
0.264127137203
0.26394416533
0.263791742494
0.263608886877
0.263426099958
0.263395640756
0.263304273718
0.263060716357
0.262878116153
0.262817262923
0.2626955776
0.262604332103
0.262421888669
0.262330690731
0.262117958957
0.262087575497
0.261753523023
0.261662441342
0.261571375514
0.261449979071
0.261298274911
0.261176947165
0.261116291219
0.260691993757
0.260479931338
0.260328507251
0.259481610378
0.259360700098
0.259058597023
0.258937785385
0.258666081621
0.258605718078
0.258485012128
0.258424669721
0.258243686539
0.258062772054
0.258062602954
0.258002309868
0.257791341317
0.257008778324
0.256858367077
0.256707999867
0.256527619105
0.256407399319
0.25625716598
0.25619708427
0.256016883177
0.255836743735
0.255686681258
0.255626666484
0.255386688414
0.255326708869
0.25493703999
0.254727353784
0.254637505126
0.254487789657
0.2544279158
0.254338118225
0.254278261982
0.254128653963
0.254098737291
0.253979088218
0.253769770157
0.2536203101
0.253052950212
0.2526053398
0.251830502579
0.251770942262
0.251741164746
0.251622074056
0.2515625384
0.251354224372
0.251264971089
0.251145991371
0.250878400622
0.250878383007
0.250848658335
0.250700066679
0.250640640233
0.250581220833
0.250462404932
0.250135822817
0.250106142181
0.250046786194
0.249809437987
0.249750117229
0.248980034194
0.248861598768
0.248743189765
0.248654403269
0.248565630865
0.248476874314
0.248181147731
0.247856057575
0.247649279542
0.247501633791
0.246911609171
0.246705227467
0.246440023499
0.246263290724
0.245733506345
0.245645258857
0.245468818485
0.245321824475
0.245233649207
0.245204260974
0.245057347991
0.244646275587
0.244646213936
0.244470139948
0.244440797513
0.244235455072
0.244176800146
0.24364930743
0.243532145541
0.243502859473
0.243356455553
0.243356429131
0.243005318657
0.242917560855
0.242800575113
0.242800494086
0.24280035493
0.242595702982
0.242595685368
0.2425956519
0.242478743662
0.242478595699
0.242420152149
0.242303291471
0.242098850898
0.242098796293
0.242098697651
0.241952718243
0.241894338106
0.241631732294
0.241485892042
0.241485729987
0.241369089492
0.241339933771
0.241339803423
0.241339759387
0.241194012492
0.241106582322
0.241077442455
0.241077306822
0.240756933862
0.240553146791
0.240524040392
0.240174937985
0.24017479883
0.239971261887
0.239913121309
0.239825923652
0.239680631214
0.239593475832
0.239448253853
0.239361142507
0.23930307591
0.239274045254
0.239215989225
0.239128918394
0.23907087998
0.238433197241
0.238375243378
0.238027722764
0.237738307499
0.237738205335
0.237622475515
0.237506772117
0.237420013064
0.237304360749
0.237015348859
0.236899793424
0.236813145343
0.236755388763
0.236697639229
0.236697595193
0.236524395912
0.236437816528
0.236264708842
0.236062836482
0.235717015679
0.23565939297
0.235515370546
0.235400181495
0.234165123555
0.234165070712
0.234078924647
0.233964089651
0.233849282837
0.233734504207
0.233705813513
0.233533711622
0.232731955738
0.232703326695
0.232560209663
0.232474359524
0.232388525239
0.232359917333
0.232302706806
0.232245503326
0.231902485009
0.231845330849
0.231274367009
0.231217290354
0.23110315818
0.230960537881
0.230846470881
0.230618424955
0.230418988696
0.230276579772
0.230276565681
0.230219612327
0.230134195508
0.23007725977
0.230020331077
0.229906494829
0.229849587274
0.229735795063
0.229707350973
0.229565158709
0.229423012242
0.229366164577
0.229280908051
0.229224078
0.229167254995
0.229082033698
0.229025228308
0.228968429964
0.228968396496
0.228684538644
0.228542661681
0.228315751899
0.228259041627
0.228173989431
0.227975597719
0.227918929723
0.227070246727
0.226646271613
0.226533279106
0.226420314781
0.22633560607
0.226166246776
0.226025153664
0.225996940326
0.225912310881
0.225771300558
0.225602149116
0.2255739622
0.225489412021
0.225433054042
0.225320360983
0.225235858362
0.225235359869
0.225179033596
0.224981957696
0.224981892522
0.224869312197
0.224784894127
0.224503618579
0.224447383902
0.224138282537
0.223997825313
0.2239697388
0.22371706235
0.223604799088
0.223380358875
0.223324265115
0.223240137687
0.223127992442
0.223071930389
0.223071905728
0.223015850721
0.222959802759
0.222399980167
0.222371994058
0.222232089933
0.222036310469
0.221756794622
0.221421614811
0.221254099768
0.22119827375
0.221086642853
0.220445646804
0.220334207906
0.220334153301
0.220250591302
0.219833086038
0.219582743525
0.219138120553
0.219110340535
0.218971472149
0.2189437027
0.21886040492
0.218804881874
0.218693856919
0.218610606699
0.21849963635
0.218444159102
0.218333225743
0.218222320568
0.218166878549
0.21802830609
0.21802734257
0.217861115155
0.217694965245
0.217584222125
0.217307536947
0.217196897753
0.217086281457
0.216948050721
0.216865133417
0.216782231966
0.216506010052
0.216423177298
0.216340362159
0.216312760048
0.216285159699
0.21425109904
0.214196164322
0.213866783245
0.213839339665
0.213784457792
0.213647289217
0.213592432004
0.213565006039
0.213564981379
0.213564799948
0.213509953304
0.213345459168
0.213345420416
0.213263195366
0.213126190607
0.213044007833
0.213043940897
0.212989161188
0.212879622908
0.212797489454
0.212715371854
0.212633268345
0.21257854148
0.212523821661
0.212469108887
0.212277680235
0.212113658171
0.21173125004
0.211676639431
0.211622035868
0.211485563071
0.211376417597
0.21134913431
0.211267296783
0.211185473346
0.211076401853
0.211021875795
0.210694899113
0.210640422376
0.210204983667
0.210204840988
0.210096023146
0.210014426938
0.209960038274
0.20979691984
0.209688205924
0.209579521952
0.209498026148
0.209416546197
0.209389389736
0.209253635615
0.20909079197
0.209036523085
0.208928011737
0.208873763989
0.208765294916
0.208548446605
0.208521346511
0.208277546068
0.208196303914
0.208169226719
0.208115077614
0.208006802302
0.207979737437
0.207844444819
0.207763288977
0.207736239966
0.207601026614
0.20754695149
0.207411796266
0.207384770154
0.207384722594
0.207303654825
0.207195590889
0.206979549327
0.20687156994
0.206682677793
0.206628722449
0.206601747418
0.206520834658
0.206412978574
0.206197359763
0.205766558984
0.205712723418
0.205685808278
0.205631983281
0.205416764322
0.205362974555
0.205282303115
0.204879190758
0.204771760947
0.20471805573
0.204637512877
0.20450331765
0.20428869935
0.204235057545
0.204181422787
0.204127795074
0.204127677056
0.204100865842
0.203993640361
0.203913238425
0.203859645941
0.203752483873
0.203645349988
0.203591792734
0.203565016749
0.20343116853
0.203404403114
0.202576168932
0.202576008639
0.202549299589
0.202522592301
0.202415780764
0.202362385564
0.20230899741
0.20220224224
0.202095515253
0.201908823172
0.201748864801
0.201722210357
0.201535696184
0.201509055832
0.201402517321
0.201269378972
0.200923485949
0.200870288033
0.200604467553
0.200551311912
0.200498163317
0.200418453635
0.200365322654
0.200338759806
0.200232531313
0.200152876237
0.200099780485
0.199940537268
0.19983441094
0.199595753966
0.199516223954
0.199436709794
0.19943665695
0.199410155753
0.199330662731
0.199224698457
0.199224647375
0.198748388544
0.198721933145
0.198721327202
0.198721068267
0.198615264286
0.198588817695
0.198509488489
0.198483048943
0.198430175136
0.198377308375
0.19832444866
0.19827159599
0.197348531735
0.197006059472
0.196716436355
0.196558551225
0.196427028136
0.196374429117
0.196269252217
0.196242962395
0.196032717805
0.19598017163
0.195953901185
0.195901365578
0.195848837018
0.19569130418
0.195560071733
0.195455113254
0.195350182958
0.195297728379
0.195245280846
0.195192840358
0.195166622757
0.195087980521
0.195087839604
0.195061629049
0.194956804441
0.194878206242
0.194773432716
0.194642505001
0.194563970215
0.194485451282
0.194380781682
0.19430229974
0.194223831889
0.194040812456
0.193936264398
0.193884000057
0.193831742761
0.193779492512
0.193648897714
0.193570561972
0.193492242084
0.193413939811
0.193361745928
0.19294451193
0.192866318867
0.192814198965
0.192605800388
0.192423540145
0.192293413896
0.192267391817
0.192111299855
0.192033275893
0.192007271428
0.191955267783
0.191903271184
0.191825291259
0.191799300886
0.191721340336
0.191669375443
0.191539495799
0.191487555566
0.191409660191
0.191331778907
0.191253913476
0.191202011996
0.191150117561
0.191098230173
0.190864847017
0.190787076705
0.190398600337
0.190269154012
0.190269122305
0.190217354697
0.190087971784
0.190036228836
0.189932765838
0.189881044027
0.189777626828
0.189725926154
0.189648388355
0.189570866409
0.189519193919
0.189441698396
0.189338397452
0.18931257618
0.189183501523
0.189106076458
0.189054467381
0.188590514124
0.188538975505
0.188487443932
0.187433284624
0.1874075937
0.187330531495
0.187304847617
0.1872791655
0.187253485144
0.187176454646
0.187099440002
0.187048105712
0.186996778469
0.186945458272
0.18694538429
0.186586407127
0.186535143296
0.185971871762
0.185869522008
0.185664914097
0.185639344713
0.185639254878
0.185485882614
0.185485866761
0.185460309708
0.185307009664
0.185230382541
0.185153771271
0.184847528759
0.184745487261
0.184668976394
0.184643475708
0.18459247962
0.184541490577
0.184541402504
0.184490420507
0.184312056619
0.184235635587
0.184184695865
0.18403193659
0.183828352088
0.183650308786
0.183497764409
0.183497732702
0.183370657306
0.183167456802
0.183091273568
0.183040492377
0.182786755527
0.182736016612
0.182710649797
0.182583847427
0.182305057301
0.182254385322
0.182203720388
0.182203679875
0.182203669306
0.182203639361
0.182152981473
0.181950457371
0.181950415096
0.181874483751
0.181823871661
0.181747966737
0.181672077667
0.181671841631
0.181545398599
0.181469551803
0.181469534189
0.181469507767
0.181368408651
0.181292598847
0.181267332435
0.181191543767
0.181191492685
0.181191117494
0.181191055842
0.181191025898
0.181190994191
0.181115223139
0.180888022715
0.180787080369
0.180787053947
0.180585269659
0.180585155164
0.180585109366
0.180509463378
0.180358229528
0.180358162593
0.180307761878
0.18030741487
0.180307399017
0.180307388448
0.180307275715
0.180307238724
0.180231652625
0.180181269526
0.180080526225
0.180030164263
0.179853965212
0.179501824283
0.179275627892
0.179150019793
0.179124903106
0.179049563611
0.178773517844
0.178597935304
0.178447497636
0.178397364664
0.178272063059
0.178221954748
0.178196903234
0.178146805491
0.177996572153
0.177921472217
0.177871413226
0.177821361282
0.177621239814
0.177571223098
0.177496211236
0.177271281337
0.177221313942
0.177171353593
0.176622372801
0.176572497002
0.176522628249
0.176447838331
0.176273400742
0.176273275678
0.1762234492
0.176198538604
0.176148722695
0.176123817383
0.175874875232
0.175825105121
0.175825083984
0.17575044379
0.175750355717
0.17570060322
0.175675729615
0.175576254567
0.175526526731
0.175054733206
0.174756958043
0.174732151373
0.174707346464
0.174707330611
0.174286043488
0.174236498844
0.174013650993
0.173889910044
0.173889867769
0.173865122749
0.173815637995
0.173790898261
0.173370666254
0.173345958225
0.173247143726
0.173173051347
0.17307428793
0.173049601039
0.172926194767
0.172852172847
0.172654855627
0.172605543496
0.172556238411
0.172531588511
0.172482293995
0.172285198719
0.172235939432
0.172063592698
0.172014365118
0.171965144583
0.171792945812
0.171743756984
0.171645402226
0.1716208175
0.17154707389
0.171547026331
0.171497872732
0.17108056299
0.171080452018
0.170957752093
0.170957704534
0.170810522047
0.170712435032
0.170663401212
0.170565356472
0.170516343789
0.170467338153
0.170393842909
0.170320363519
0.170320338859
0.170271361406
0.170197910199
0.170075527337
0.169977649935
0.169879802478
0.169684204445
0.169537578581
0.169415431755
0.16936658465
0.16926891334
0.169220087373
0.168586043815
0.168464243997
0.168147836088
0.168147797335
0.168099133423
0.168074804109
0.168026150765
0.167904558799
0.167855930116
0.167831618416
0.167807308478
0.167758693886
0.167758678033
0.16773437338
0.167661469987
0.167612876533
0.167564290125
0.16741858022
0.167224416018
0.167054598744
0.167054588175
0.166957584458
0.166933337933
0.16683637473
0.166836059428
0.166739120886
0.166714890214
0.166642210527
0.166642180582
0.166521083588
0.166472655711
0.166400027107
0.166230648437
0.166158074438
0.165988799694
0.165940449322
0.165940426423
0.165819583079
0.165698785533
0.165698676322
0.16562621858
0.165602068934
0.165602010806
0.165457156973
0.165433019658
0.165384750313
0.165312361267
0.165288234521
0.165287961495
0.16526383651
0.165143248578
0.165095021508
0.165022694114
0.164926282249
0.164853991845
0.164853879112
0.164709356433
0.164637113589
0.164637073075
0.16461299565
0.164564846084
0.164420441424
0.164372320041
0.164324205705
0.163939562278
0.163819448179
0.16377141487
0.163699378117
0.163675369389
0.163531371625
0.163459387716
0.163435396603
0.163315469219
0.162955963617
0.162860157695
0.162788321749
0.162716503417
0.162620767954
0.162596838491
0.162525060673
0.162477217602
0.162429381576
0.162381552597
0.162357640749
0.162285917536
0.162047012197
0.16202312501
0.16197535592
0.161903715496
0.161808219591
0.161808201976
0.161236015682
0.161188362849
0.161140717061
0.161093078319
0.161045446623
0.160783661653
0.160712285448
0.160617143597
0.160450720661
0.160450669578
0.16045065901
0.159952117683
0.159904655088
0.159904600482
0.1598334198
0.159809696429
0.159714825843
0.159619983441
0.159619685754
0.159524871535
0.159430081976
0.15940638855
0.15931163422
0.159287949601
0.159098551915
0.158531061679
0.158318509573
0.15831846906
0.158247642431
0.158200433486
0.158082441949
0.157893754132
0.157587383033
0.157563827001
0.157516720221
0.157422527798
0.157375442155
0.157304828664
0.156740653499
0.156670180924
0.156599725964
0.156458877696
0.156435406214
0.156271165728
0.156247708338
0.156224252709
0.156083566495
0.156083538311
0.156060095012
0.155966341194
0.155802363166
0.155778941005
0.15566186719
0.155638455597
0.155637270133
0.155613860303
0.155590452233
0.155567045925
0.155496839331
0.155426646829
0.155356471941
0.155309696316
0.155239546089
0.155192788078
0.155146037113
0.155145957848
0.155099213929
0.155075844611
0.155029111261
0.154982384957
0.154935665698
0.154888953485
0.154748864407
0.154678842766
0.154608836979
0.154585504652
0.154585474708
0.154468841258
0.154398881269
0.154189117558
0.154188996017
0.154025940996
0.153932800166
0.153862963479
0.153723339426
0.153607040654
0.153560529248
0.153467529335
0.153467224602
0.153467212272
0.153443966257
0.153397479511
0.153304528919
0.153002725292
0.152909894479
0.152886690739
0.152817090088
0.152677943392
0.152538854824
0.152492505472
0.152422994656
0.152376662919
0.152307180286
0.152237711745
0.152191408191
0.152098822222
0.151983131154
0.151890610359
0.151821236936
0.151774996796
0.151705651557
0.150944596015
0.150898489745
0.150783260181
0.150737178571
0.15066807113
0.150575950186
0.150552924354
0.150460843924
0.150437826899
0.150391798134
0.150345776414
0.15029976174
0.150161770563
0.149954909742
0.149771150495
0.149748186314
0.149633397115
0.149610443503
0.149587491652
0.149518646668
0.149495701863
0.149449817538
0.149381004261
0.14933513755
0.149197586738
0.149174666593
0.14915174821
0.149128831589
0.149105916729
0.14908300363
0.148968475127
0.148945572598
0.148876875577
0.148785309494
0.148716649464
0.14869376631
0.148625127417
0.148579376963
0.148510766254
0.148419309381
0.148419124428
0.148419050446
0.148373331698
0.148373294707
0.148327583005
0.1482361825
0.148236150793
0.148190460229
0.148190361587
0.147984878229
0.147847954497
0.147414937799
0.147392155048
0.147323819127
0.147301043423
0.14720995998
0.147164427947
0.147141664573
0.14707338678
0.147027875884
0.146845929182
0.146823190468
0.146641352977
0.146595909017
0.146505042235
0.146436910643
0.146255307426
0.146209923356
0.146164546331
0.146141860461
0.145892469138
0.145892328221
0.145847000518
0.145779022173
0.145756366248
0.145597831139
0.145596562886
0.145573921052
0.14555128098
0.145506006121
0.145392855082
0.145347604882
0.145189302286
0.145144083793
0.145098872346
0.145053667945
0.145008470589
0.14496328028
0.144895508027
0.144827753388
0.144782591262
0.144760012841
0.144669722057
0.144624584591
0.144511782321
0.144331389229
0.143791145288
0.143746145216
0.143746058905
0.14367857377
0.143566136123
0.143543652821
0.143498691501
0.143498649226
0.143453694953
0.143273974739
0.143251514336
0.143184143696
0.143116790671
0.143116780102
0.143094332029
0.143094302085
0.143071855773
0.14307173071
0.142959529098
0.142937093356
0.142847369762
0.142757674352
0.142735254463
0.142645597805
0.142623186723
0.142578369843
0.142578297623
0.142555891826
0.142511085515
0.142376715904
0.142354325959
0.142331937776
0.142331856749
0.142309470328
0.142264702769
0.142264649925
0.142175135945
0.142130389524
0.142063283104
0.142018554297
0.141862076576
0.141817379475
0.141750347036
0.1414377615
0.141303899189
0.141281593795
0.141192389833
0.141170093246
0.140947273578
0.140813638496
0.140791371854
0.140746843855
0.140702322901
0.140613303892
0.140435366278
0.14036866147
0.140346430058
0.140102028956
0.140057610167
0.139990995195
0.139924396075
0.139880005469
0.139791247157
0.139569491412
0.139525157173
0.139458669026
0.139148616472
0.139037963186
0.138993713497
0.138949470854
0.138927352175
0.138927110854
0.13872815019
0.138706049126
0.138441008973
0.138374781522
0.138308569925
0.138286502328
0.138264436492
0.138198249555
0.138154133737
0.138132078471
0.138110024965
0.13806592324
0.137955703273
0.137911626208
0.137845523821
0.137757413726
0.137669335338
0.137647318824
0.137603291079
0.137141548457
0.137119574218
0.13705366383
0.137053533482
0.136987638947
0.136987549112
0.136921670431
0.136899713806
0.136833856262
0.136768014571
0.136746070277
0.136702186972
0.136680247962
0.136636375226
0.136636354089
0.136636074016
0.13650450513
0.136416824832
0.136394908721
0.136372994371
0.135672748023
0.135563488053
0.135563149853
0.135541302439
0.135519456786
0.135475770765
0.13543209179
0.135344754978
0.13530109714
0.135235623595
0.134908537702
0.134843159276
0.134712451744
0.13449475617
0.134320718433
0.134255482685
0.134168526348
0.134146791667
0.133929554073
0.133886125225
0.133842703424
0.13373418503
0.13353896395
0.133235587337
0.133170615808
0.133062365157
0.133019077226
0.132932524264
0.132694707508
0.132629868089
0.132586650617
0.132457047522
0.132435451997
0.132327502556
0.132241178584
0.132068623998
0.131982381053
0.131896169815
0.131809983237
0.131702298015
0.131594651545
0.131551603173
0.131487043826
0.131422502095
0.131379481906
0.131379460769
0.131336447627
0.131314943698
0.13129344153
0.131271941124
0.131121494648
0.131121484079
0.131078513212
0.131057030421
0.131035549391
0.13097111687
0.130863769848
0.130820841256
0.130713555885
0.130627760352
0.130606314551
0.130520548963
0.130327682958
0.13024201425
0.130241970213
0.130220556119
0.130113517353
0.130092113827
0.130027915581
0.129985124382
0.12994234023
0.129835421244
0.129814040617
0.129771284648
0.129685793848
0.129578980549
0.129536263332
0.129536106562
0.129536095994
0.129472033379
0.129471954114
0.129343894059
0.129301215595
0.129215881565
0.129215841051
0.129215800538
0.129215724795
0.129215714226
0.129087773951
0.129066454976
0.129023822309
0.129023795887
0.128853351533
0.128853314542
0.128768128475
0.128725545129
0.128704256098
0.128640399575
0.12861911759
0.128576558905
0.128491462673
0.128024307078
0.127981847034
0.127939394037
0.12791817018
0.127875727752
0.127833292369
0.127748444502
0.127727236499
0.127684825777
0.127621222904
0.127600025469
0.127557635885
0.127472877853
0.127451692748
0.127430509405
0.127366969945
0.12728228061
0.127197615936
0.12717645373
0.127155293287
0.127112977683
0.127049519251
0.127028369375
0.12698607491
0.126859251402
0.12675360243
0.126584667648
0.126542447164
0.126415829747
0.126331457475
0.126289279266
0.126289249321
0.126225995218
0.126162758729
0.126141682836
0.126120608703
0.126099536333
0.126078465723
0.126015266225
0.12597314086
0.12593102254
0.125909966023
0.125888911267
0.125867858272
0.125846807039
0.125741587863
0.125678472916
0.125636403917
0.125552287057
0.125531262246
0.125447182377
0.125426166373
0.125426124098
0.125363088416
0.125300068587
0.125174080012
0.125132095564
0.12456617479
0.124545232768
0.124545171117
0.124503292356
0.124440487426
0.124440110473
0.124293644901
0.12418906866
0.124168158343
0.124168103738
0.12412628839
0.124126261968
0.1241262285
0.124084420198
0.124084404345
0.123959039327
0.123708561182
0.123687691379
0.123541669696
0.123499960036
0.123416567137
0.123374878614
0.123354036995
0.123229034839
0.123187378022
0.123083277375
0.122979220765
0.122439123025
0.12208644485
0.122024252909
0.122003525785
0.121941354981
0.121879201792
0.121858486998
0.121817062694
0.121568687734
0.121527312752
0.121444583924
0.121403230079
0.121382555799
0.12136188328
0.121320543526
0.121237890442
0.121134610636
0.121093309635
0.121072661776
0.121052015679
0.120948813378
0.120907544083
0.120825031915
0.12074254793
0.120701313865
0.120577655704
0.120536449822
0.120495250986
0.12047465421
0.120248269342
0.120207119827
0.120165977357
0.120145408765
0.120104276864
0.120001488506
0.119960381266
0.119939830288
0.119898733616
0.119878187922
0.119837101819
0.11981656141
0.119775485876
0.119734417388
0.119734350452
0.11969328901
0.119652234613
0.119611187263
0.11959066623
0.119570146958
0.119549629448
0.119549546659
0.119508516923
0.11944698553
0.119405973408
0.119364968333
0.119344468437
0.11930347393
0.119160075064
0.119057684797
0.118955340328
0.11883258932
0.11875078526
0.118709892918
0.118669007622
0.11848512155
0.118199459961
0.118138266769
0.118117872561
0.118097480114
0.118036315105
0.117934411002
0.117690105019
0.117629043937
0.117527321263
0.117344331776
0.117324006265
0.117323967513
0.117303643763
0.117283321775
0.117181743542
0.117080207584
0.117039604121
0.116999007705
0.116978712139
0.116938126291
0.116937988897
0.116937973044
0.116917682763
0.116856822487
0.116856475478
0.116856449057
0.116856424396
0.116815859686
0.116755027593
0.116714480498
0.116613154154
0.1166131383
0.116613104833
0.116572582398
0.116572481994
0.116370007213
0.116369996645
0.116349755684
0.116309279047
0.116107027972
0.11606659361
0.116005955278
0.115985746024
0.115884731458
0.11572319834
0.115299961279
0.114917577808
0.114877351298
0.114837131835
0.114796919417
0.114636156058
0.114555810489
0.114475493102
0.114455417719
0.114435344097
0.114395202138
0.114335004172
0.114314941119
0.114314872422
0.11429481113
0.114254693831
0.114194531094
0.11415443141
0.11413438421
0.11407425318
0.114014139763
0.113974071786
0.112877484141
0.112857549674
0.112817686026
0.112777829424
0.112698142641
0.112658307176
0.112578659146
0.112538844819
0.112538807828
0.112459205595
0.112399520214
0.112339850687
0.11226031539
0.112260310105
0.112220552145
0.112141062646
0.112121193354
0.111982184051
0.111962328851
0.111942475412
0.111882927425
0.111823395291
0.111684570942
0.111625091652
0.111565628216
0.111446762994
0.111426955353
0.111347747688
0.111327948854
0.111308151782
0.111288356471
0.111248771134
0.111209192842
0.111189406339
0.111169621597
0.110991664607
0.110952132113
0.110912606666
0.110833582193
0.110813829157
0.11077432837
0.110655871807
0.110616399204
0.110616376305
0.110596642645
0.110576910747
0.11049800253
0.110478279439
0.11045855811
0.110438838542
0.110359979647
0.110300854411
0.110222044836
0.110202346406
0.110044859366
0.109946465856
0.109907120078
0.109789142633
0.109749825038
0.109651572445
0.109651556591
0.109572983053
0.109572944301
0.109553303998
0.109474762166
0.109455130671
0.109357010188
0.109160929514
0.109121724653
0.109121687662
0.109121631295
0.109102031507
0.108086532769
0.108067026338
0.10802801876
0.107969522366
0.107969511797
0.107950015935
0.107930521834
0.10785256833
0.107774639487
0.107735684753
0.107716210028
0.107716194175
0.107696721212
0.10765778057
0.107638312891
0.107579920423
0.107579848203
0.107579828827
0.107501998625
0.107346422772
0.107326983277
0.10705503467
0.106977392945
0.106880380421
0.106570301445
0.106531565133
0.106454115407
0.106434756939
0.106396045287
0.10635734068
0.10631864312
0.106241274422
0.106163933906
0.106086618052
0.106009333903
0.105970699755
0.105951385324
0.105932072654
0.105912761745
0.105893452598
0.105835535725
0.105796933283
0.105758337888
0.105719749538
0.105719663227
0.105700371694
0.105681081923
0.105430508658
0.105353460546
0.10518021899
0.105141736328
0.105141720474
0.105103244858
0.105064776288
0.105026314764
0.104987860285
0.104968635688
0.104968605743
0.104949382908
0.104930161834
0.104853296913
0.104834084646
0.104795665397
0.104738051496
0.104699649861
0.104603681884
0.10456530491
0.104546119065
0.104469395062
0.10439269748
0.104354359258
0.104296865136
0.10420107859
0.104162775597
0.10412447965
0.104086190749
0.103952247411
0.103933117933
0.103913990217
0.103894864262
0.103837498726
0.103780147283
0.103722811692
0.103684596772
0.103665491955
0.103608189832
0.103608166933
0.103589069161
0.103550878902
0.103455437602
0.103455411181
0.1034363275
0.103398165425
0.103340937283
0.103302792822
0.103264655407
0.103226525037
0.103226459863
0.103207397321
0.103074021174
0.103054972723
0.102997837939
0.102959756891
0.102902648529
0.102807513724
0.102769467904
0.102598359479
0.102598303112
0.102579298697
0.102579237046
0.102522236134
0.102484243158
0.102465249313
0.102370317076
0.102294399822
0.102294368115
0.102294338171
0.102237414762
0.102237409478
0.102218438531
0.102218405064
0.102199435878
0.102142540653
0.102123578514
0.10208565952
0.10202879424
0.101953003811
0.101915116524
0.101858300565
0.101839364847
0.101820430891
0.101801498697
0.101706869432
0.101706756698
0.101706659818
0.101687738192
0.101687718816
0.101649880849
0.10159313711
0.101555316758
0.101366336538
0.101328558461
0.101253025205
0.101234145855
0.101196392438
0.101139777286
0.101064312728
0.101045450992
0.101007732804
0.100988876353
0.100932317567
0.100894620517
0.100725097408
0.10068743911
0.100687275294
0.100630801058
0.100593160375
0.100517901908
0.100461476994
0.100442671625
0.100386266086
0.100348671201
0.100048326064
0.0998420394795
0.0998045467593
0.0997670610849
0.0996733812474
0.0996359202335
0.0995984662655
0.0995235794669
0.0995048621709
0.0994674328633
0.0994487208517
0.0993551977844
0.0992804078662
0.0992430208337
0.0991869534959
0.0989628937587
0.0989255666159
0.0989069056867
0.0988322848689
0.0987576922345
0.0986831242605
0.0985899622929
0.0985527056086
0.098478215139
0.0984409795923
0.0984409408401
0.0984223257089
0.0983851007309
0.0981619411008
0.0981433523916
0.0981061802574
0.0978462465837
0.0978461708408
0.0978090550735
0.097771946352
0.0977162982422
0.097697751808
0.097660664224
0.0975865154781
0.0975679813741
0.0975494490316
0.0975494331785
0.0975309025975
0.0974568031724
0.0974382813987
0.0974012431357
0.0973456989522
0.0972531711109
0.0971237177402
0.0971052276729
0.0970497698009
0.0970312867794
0.0969019813715
0.0968096560984
0.0967727376148
0.0967542810152
0.0967173731004
0.0966804722314
0.0966804563783
0.0966251182858
0.0965882350314
0.0958899650436
0.0958532227063
0.0958164874147
0.0957981224111
0.095779759169
0.0957797468388
0.0957797309856
0.0956879517658
0.0955962112981
0.0955228481642
0.0954678447495
0.0954495132137
0.094955800055
0.0949375178402
0.094937456189
0.0949008970437
0.0948460732981
0.0947912654057
0.0947364733664
0.0946816954189
0.0946451855945
0.0946086828159
0.0945721870832
0.0945356983964
0.0944627474446
0.0944445127892
0.0944262798953
0.0943715935438
0.0943351436091
0.0942258536948
0.0941894319435
0.0938802742121
0.0937712361868
0.0937349025086
0.0936985758763
0.0935896488232
0.0934807922285
0.0934805473853
0.0933717383501
0.0933717260198
0.0932629892046
0.0931543069947
0.0931180930959
0.0930637854587
0.0930275891746
0.0929733079593
0.0929552177438
0.0928647966112
0.0928105629555
0.0925216338545
0.0925035876756
0.0924855432581
0.0924133849643
0.0923953493541
0.0923592834181
0.092323224528
0.0922151007016
0.0920530268148
0.0920530215304
0.0920350211495
0.09201702253
0.0919810305754
0.0919450456668
0.0919090678039
0.0918191539724
0.0918011764905
0.091765226811
0.0917651475452
0.0917471753477
0.0916932693238
0.0916573407819
0.0915855101201
0.0915675555371
0.0914419403923
0.0914060611713
0.0912447024381
0.090833332347
0.0907975729054
0.0906724773919
0.0906367496567
0.0906188884313
0.0905117686382
0.0904760726093
0.090404701689
0.0903690267976
0.0901018499918
0.090048431893
0.0899594393061
0.0899416450163
0.0899060617209
0.0872420317657
0.0871894732603
0.0871719572815
0.0871369306082
0.0871019109807
0.0870493947504
0.0870143927376
0.0869968943733
0.0868045656139
0.086769612922
0.0867171988566
0.0867171054991
0.0866996370797
0.0866821704218
0.0866472423903
0.0866123214047
0.0862637685741
0.0862463459527
0.0862115059943
0.0861766730818
0.0861070336788
0.0860896269106
0.0860548186585
0.0860374171747
0.085985223292
0.0859678288541
0.0859504361775
0.0858635097857
0.0858461276779
0.0858113687469
0.0857766168616
0.0857418720222
0.0857071342287
0.0856550407493
0.0856376797791
0.0855856074373
0.085568253513
0.0854988554302
0.0854294908152
0.085412152744
0.0854121157533
0.0854120259188
0.0853080397667
0.0852560678283
0.0852560590209
0.0849447716819
0.0849274829316
0.0849101959429
0.0848929107155
0.0848583455453
0.0848065127623
0.0847201623685
0.0847201517998
0.0847028859485
0.0847026974721
0.0847026041146
0.0845818188988
0.084530070666
0.0844955794771
0.0842200251577
0.0842200093045
0.0842199599836
0.0841683209615
0.084133903754
0.084065095761
0.0840478968454
0.0840135042984
0.0840134796379
0.0840134391243
0.0840134267941
0.083961852946
0.0839446645991
0.0839274780136
0.0839274357386
0.0839271732807
0.0838756258546
0.0838240942816
0.0838240784285
0.0838240520066
0.0838240238232
0.0838239727408
0.0838238423926
0.0837379940155
0.0836521949594
0.0836350383188
0.0836348586496
0.0833949880289
0.0833264794845
0.0833093563117
0.0832751152504
0.0831382232254
0.0831211194287
0.0829843683206
0.082967280377
0.0828989515018
0.0828647949907
0.082779439823
0.0826941234075
0.0826600091715
0.0825236332549
0.0823533262943
0.082353317487
0.0823192737095
0.0822512090536
0.0822341968528
0.0822171864136
0.0821491675556
0.0821151660532
0.082115153723
0.082098155614
0.0820641646804
0.0820471718558
0.0818434076846
0.0817925031921
0.0817585756711
0.0817416145528
0.0817076976006
0.0816229466144
0.0816228743945
0.0815720403605
0.0815042857219
0.0814365592666
0.081402705727
0.081132196235
0.0809633301504
0.0809295752527
0.080912700446
0.0808958274008
0.0808620865948
0.080845218834
0.0808441866172
0.080793595665
0.08077673495
0.0807430188045
0.0806587645506
0.0806250730655
0.0805072189226
0.0804567336581
0.0804399081724
0.0803390028175
0.0802717625258
0.0802045504175
0.0801877513537
0.0801709540513
0.0801373647311
0.0801205727131
0.0801037824566
0.0799527652672
0.079919221745
0.0798856852686
0.0798689196726
0.0798353937649
0.0798353550128
0.0798353462054
0.0797683208121
0.0796845738593
0.0796343475297
0.0795674066866
0.0795339441915
0.0795004887424
0.07948376366
0.0794503187796
0.0793667409272
0.079216433607
0.0791830450934
0.0791496636256
0.0791496336808
0.0791162592589
0.0790662125985
0.0790659184343
0.0790492391499
0.079032561627
0.0789992118656
0.0789991185081
0.0789657757925
0.0788824551135
0.0788491370584
0.0787991731867
0.0787658727462
0.0787492251681
0.0787159352964
0.0785828656441
0.0784831299
0.0784830682489
0.0784498347439
0.0783999976975
0.0783999924131
0.0783999836058
0.0783833747799
0.078383276138
0.0783666690736
0.0783666391288
0.0783666303214
0.078333421477
0.07826703021
0.0782667448531
0.0782501501189
0.0782169659349
0.0782169465588
0.0781008838228
0.0781008838228
0.0780345911977
0.078018021124
0.077968323233
0.0779517602052
0.0779020816903
0.0778358700924
0.0777862285683
0.0777696849165
0.077769591559
0.0777530496687
0.0777529721644
0.0770612477696
0.076995399033
0.0769624825912
0.0768802240738
0.0768801729914
0.0768801641841
0.0768800743496
0.076879729103
0.0768788818397
0.0768788695095
0.0768130982771
0.0767802205876
0.0767637843849
0.0767632788453
0.0767632524234
0.0767468179823
0.0767467721842
0.0767467616155
0.0766646193546
0.0766481954822
0.0763857006426
0.0760091352806
0.0759437321938
0.075862028537
0.0757966941472
0.075747707887
0.0756008935461
0.0754867719413
0.0754215996061
0.0753727348867
0.0752750600533
0.075096146589
0.0749337274556
0.0749012549023
0.0748038812789
0.074771436909
0.0747389995849
0.0746903585712
0.0746741478357
0.0746255279596
0.0745445376949
0.0744635861824
0.0743826787065
0.0742371537558
0.0740595173516
0.0740433753131
0.0739949597666
0.0739465600732
0.0739465547888
0.0739304250806
0.0737692424936
0.0737209167816
0.0736887084476
0.0736726069228
0.0736565071594
0.0735760453334
0.0734313200865
0.0733991751652
0.0733831053467
0.0733188436873
0.0732706676996
0.0732706430391
0.073238533347
0.0731262066721
0.0731252184918
0.0731252132074
0.0730931352216
0.0730610642817
0.0730450314539
0.073044864115
0.0728207268735
0.0727407177432
0.0726767379177
0.0726766692207
0.0726446898768
0.0726127175787
0.0725967340718
0.0725807523264
0.0725647723425
0.0723572315967
0.0723412762732
0.0723093709107
0.0722934208716
0.0722934155872
0.0722455778002
0.0722136935752
0.072213681245
0.072054378138
0.0720543481932
0.0720384263375
0.0720225062433
0.0719270332374
0.0718952194709
0.0718157211646
0.0717839320586
0.0714192001988
0.071371653053
0.0713558069402
0.0712924418651
0.0712766045596
0.071244935233
0.071197444454
0.071165792742
0.0711499695282
0.071102512217
0.0711024981253
0.0710866819574
0.0710550549058
0.0710550284839
0.0710234084782
0.0710234031938
0.0709443892896
0.0709127939444
0.070865415899
0.0708338381684
0.0708022674837
0.070691832619
0.0706918202888
0.0705972244911
0.0705342011395
0.070486948158
0.0704869428736
0.0704397075066
0.070408224895
0.0703452825707
0.0702980947632
0.0702823684299
0.0702823578611
0.0701880544661
0.0701566282212
0.070140917741
0.0701095020649
0.0700623917618
0.0700623759086
0.0700309778471
0.0699995868315
0.0699995463179
0.069999519896
0.0699995110887
0.0699994917126
0.0699994864282
0.0699837935626
0.0699681024584
0.0699680936511
0.0699210326689
0.0698739857784
0.0698739664023
0.0698739417418
0.0698738871365
0.0698425313502
0.0698424978824
0.0698424520844
0.0698424432771
0.0698424186166
0.0693578175012
0.0692641306179
0.069248520541
0.0692485152567
0.0692485064493
0.0692172915799
0.0691548882631
0.0691548794558
0.0691392817091
0.0691236857239
0.0690457322199
0.068998981255
0.0689989565945
0.0689833764625
0.0689833535635
0.0689832919123
0.0689677135417
0.0689676448447
0.0689676113769
0.0688741887129
0.0688741640525
0.0688741411534
0.0687963320893
0.0687963056674
0.0687962933371
0.0687962563464
0.0687962422547
0.0687962299245
0.0687962211172
0.0687495564639
0.0687495212347
0.0687495159503
0.0687495000971
0.068749484244
0.0686717438768
0.0686717315466
0.068671691033
0.0686406065118
0.0686405941815
0.0686405783284
0.0686405659981
0.0686404902553
0.0686404497416
0.068640409228
0.0686248696096
0.0685937956572
0.0685937833269
0.0685937674738
0.0685937480977
0.0685937287216
0.0685935983734
0.0685935719515
0.0685935631442
0.068593547291
0.0685935314379
0.0685934310345
0.0685468350783
0.0684847347329
0.0684847294485
0.0684847135954
0.0684846977422
0.068484685412
0.0682986027971
0.0682831019308
0.0682830755089
0.0682365852404
0.0682055993611
0.0681746205276
0.0681746099588
0.0681591231843
0.0681126734294
0.0680043699338
0.068004339989
0.0680043206129
0.0680043118056
0.0680040423019
0.068004012357
0.0680040070726
0.0680039965039
0.0680039718434
0.0680039454215
0.067973012386
0.0679729930099
0.0679729630651
0.0679729489734
0.0679728732305
0.0679728626617
0.067926478081
0.0679264534205
0.0678800846929
0.0678800617939
0.0678800494636
0.0678800441792
0.0678800388949
0.0678800230417
0.0678799543447
0.0678799279227
0.067879913831
0.0678798803633
0.0678335274888
0.0678335186815
0.0678180706591
0.0678180407143
0.0678179931548
0.0678177888252
0.0678177412657
0.0678177077979
0.0678176937062
0.0678176831375
0.0678176496697
0.067817635578
0.0678174964225
0.0678174629547
0.0678174471015
0.0678173220377
0.0678173026617
0.0678172973773
0.0678172727168
0.0678172586251
0.0678018123642
0.0677709251267
0.0677246074815
0.0676320250349
0.0676011765496
0.0675395024781
0.0675086751303
0.0674162353622
0.0673854361978
0.0673546440793
0.067308470874
0.0672930827413
0.067170046377
0.067093206117
0.0670010622744
0.0669243153719
0.0668016136853
0.0667096776954
0.0666637246728
0.066587175054
0.0665718697101
0.0665259660084
0.0664953711737
0.0664952284952
0.0664493512156
0.0664493247936
0.0663423617707
0.066311809211
0.0662965355734
0.0661896958528
0.0661134210221
0.0660829213063
0.0660219482966
0.0660067081268
0.0659914697184
0.065960998186
0.0658239758128
0.0658087585419
0.0657783292846
0.0657780351204
0.065762823134
0.0657171977433
0.0656867896236
0.0656715882059
0.0656411906549
0.0656259945216
0.0655956075393
0.0655804166904
0.065565227603
0.065550040277
0.0654893103491
0.0654589550732
0.0654286068431
0.065428587467
0.0652618615589
0.0652315591268
0.0651255825226
0.0650801790762
0.065065048117
0.0650499189193
0.065034791483
0.0650347721069
0.0649894021283
0.0649591631089
0.0649440462414
0.0649138177907
0.0648835963859
0.0648835135972
0.0648532992383
0.0648532428715
0.0648230355584
0.064823030274
0.0647173865862
0.064702297902
0.0646872109794
0.0646871775116
0.0646117710817
0.0645665490659
0.0645364086884
0.0644912130945
0.0644912042872
0.0644610815243
0.064461069194
0.064430953477
0.0644309411467
0.064430907679
0.0644308988716
0.0644007902004
0.064400784916
0.0643706832907
0.0643556351202
0.0643556263129
0.0643255352563
0.0643255194031
0.0643255035499
0.0643254929812
0.0643254841739
0.0642352708938
0.0642052080206
0.0641901792262
0.0641751521932
0.0641750130377
0.0641299425077
0.0641299231316
0.0641298544345
0.0641298209668
0.0641297980678
0.0640697304496
0.0640096910148
0.0639946851194
0.0639946727892
0.0639946428443
0.0639346421617
0.0639196450736
0.0639195094411
0.0639194055148
0.0638594365385
0.0638444482577
0.0638439638557
0.0638289773363
0.0638289086393
0.0637839614116
0.0637838504395
0.063768870966
0.0637688551129
0.0637239272612
0.0637239043622
0.063723892032
0.0637238127662
0.0637236454273
0.0637236401429
0.0636488061882
0.0635440978367
0.0630219018363
0.0627098905363
0.0626504957967
0.0624724771552
0.062442829987
0.0623243241031
0.0622355147083
0.0620876399673
0.0620580843951
0.0620433092513
0.061866210093
0.0616893223101
0.0616598618569
0.0616304084496
0.0616156843881
0.0615568075183
0.0615273787715
0.0614391524206
0.0614244512581
0.0613656659844
0.0613215959648
0.0612481887943
0.0612188340289
0.0612041592883
0.0611454832252
0.0611161531202
0.0610721729352
0.0610428604448
0.0610282068418
0.0609696153289
0.0609549705332
0.060911046715
0.0608525062844
0.0608378755804
0.0608232466379
0.0607647502438
0.0607501301086
0.0607501195398
0.0607355011661
0.0606916566136
0.0606624357193
0.060662423389
0.0606186052585
0.0606183656997
0.0606181279023
0.0606035253817
0.0605597283887
0.060545132914
0.0605159472489
0.0603992856158
0.0603847095171
0.0603701351799
0.0603555626042
0.0603409917899
0.0602390524568
0.0602390436495
0.0602244869269
0.0602099319658
0.0601953787662
0.0601371888666
0.0601081018434
0.0600499506959
0.0600354168724
0.0600063545096
0.0599918259704
0.0599918065944
0.0599772798166
0.0599482315456
0.0599191903204
0.059890156141
0.0598611290075
0.0598176015182
0.059817589188
0.0598030835478
0.0597740775519
0.0596436870834
0.0596147198396
0.0595712839463
0.059556808251
0.0594699963542
0.059339938802
0.0593110455396
0.059282159323
0.0591811394731
0.0591090269773
0.0590801900817
0.0590225427125
0.0590081339527
0.0589937269544
0.0589505182897
0.0589073254782
0.0589073149095
0.0589072849646
0.05887849739
0.0588784921056
0.0588784727295
0.0588496922007
0.0588496622558
0.0588352746336
0.0588208887728
0.0587921223357
0.0587920254553
0.0587776448789
0.058763266064
0.0587201419496
0.0587201366652
0.0586626619192
0.058648297196
0.0586482883887
0.058433146934
0.0584330007326
0.0584329707878
0.0584042994696
0.0584042906623
0.0583612986575
0.0583612933731
0.0583612722355
0.0583612528594
0.0583182767078
0.0582610027685
0.0582323737254
0.0581608372277
0.0581465341556
0.0581465147796
0.058132213469
0.0580750276028
0.0580607350995
0.0580607051547
0.0578751791618
0.0578466452377
0.0578038593239
0.057803855801
0.0578038364249
0.0578038170488
0.057803623288
0.0578036144807
0.0577608426586
0.0577465889075
0.0576041746989
0.0575757077103
0.0575756795269
0.0575756671967
0.0575614363446
0.0574760987915
0.0574760670852
0.0574618485634
0.057461843279
0.0574476265186
0.0574334115197
0.0574191982822
0.0574049868062
0.0573907770916
0.0573197567023
0.0572913601722
0.0572912703377
0.0572910889071
0.0572910378247
0.0572342676635
0.0572342588562
0.057234246526
0.0571491414859
0.0571349634777
0.0570924417832
0.0570924171227
0.0570640769594
0.0570640082624
0.0570073508348
0.0570073261744
0.0570070055883
0.057006760745
0.0570067308002
0.0569501050789
0.0569500874643
0.056950032859
0.0569217279249
0.0569216239987
0.0569215200724
0.0568507903243
0.0568225100507
0.0568083725561
0.0567801028513
0.0567659706411
0.0567518401923
0.0567377115051
0.0567235845792
0.056652976372
0.0566247454194
0.0565965215126
0.0564555076663
0.0564273260346
0.0563991514487
0.0563569045424
0.0563006029301
0.0559915420791
0.0558373066985
0.0557532532513
0.0557112476652
0.0555573733844
0.0555433944214
0.0555014681011
0.0554595593954
0.0553758036353
0.0553339424892
0.0553060426914
0.0552781499394
0.0552642062057
0.0552363240225
0.0552084488852
0.0551527215096
0.0550970258403
0.0550831050055
0.0549996240335
0.0549718087859
0.0549440005841
0.0548884070796
0.0548189631989
0.0547495633546
0.0547218115197
0.0546524680422
0.0546523799691
0.0546523535472
0.0546246263727
0.0546107654277
0.0545691931613
0.0545553392621
0.0545137898947
0.0544860979494
0.0543063319375
0.0542234533855
0.0542234234407
0.054209613578
0.0541958054768
0.05392031457
0.0538927741105
0.0538790065229
0.0538514766322
0.0538239537873
0.0537826844924
0.0537276828392
0.0537139363891
0.0536589699651
0.0536589611578
0.0536452235151
0.0536177535141
0.0535765617235
0.0535491093371
0.0535216639965
0.0534942257018
0.0534805091966
0.0534393720114
0.0534119548542
0.0533982489178
0.0533571416774
0.0533434427869
0.0533023584455
0.0532612899572
0.0532476033969
0.0531928800547
0.0531928465869
0.0531791688339
0.0531654928424
0.053124477198
0.0531108082523
0.0530834756453
0.053069811984
0.0530561500842
0.0530424899458
0.0529878687684
0.0529605678677
0.0529605625833
0.052960553776
0.0517454496784
0.0517319604018
0.0517049871331
0.0516510617332
0.051651000082
0.0516105762889
0.0515836347265
0.0515701665875
0.0515567002099
0.0515297727392
0.0514624884109
0.0514490361251
0.0514221368378
0.0513818011178
0.0513817711729
0.0513683294558
0.0513548895002
0.0512877214284
0.0511937791331
0.0511669467814
0.0510463377117
0.0510329400312
0.0510195441122
0.0509927575584
0.0509659780505
0.0509392055885
0.0509258219996
0.0509257867704
0.0509257709172
0.050872255938
0.0507920512854
0.0507786870726
0.0507786342288
0.0507785338254
0.0507250963505
0.0507117409451
0.0507117145232
0.0507116951471
0.0506849896206
0.0506582911399
0.0506049206006
0.0505649089896
0.0505515747217
0.0505515535841
0.0505515289237
0.0504982147511
0.0504715655914
0.0504316068243
0.0504049752792
0.0503916621488
