5038
588
893
566
273
5069
5022
140
95
1028
5030
370
458
1768
647
5033
1139
543
8344
286
155
887
80
90
613
823
1806
2630
530
2718
195
128
1569
851
200
1672
82
102
114
353
478
1819
20764
2666
734
136
9129
1588
1528
516
1053
1330
554
4746
76
2348
4153
7954
1817
2737
5036
4063
184
151
9137
443
225
2215
78
342
20805
91
2753
878
444
93
147
8557
308
127
1031
33806
1725
3311
343
3237
5020
16625
686
106
301
133
213
1507
652
360
2939
1304
4880
416
929
8556
1
1824
520
1334
1365
9135
2015
56
4876
4152
292
910
72
2323
74
2111
5053
880
1821
385
314
232
107
4398
277
3027
1202
5050
9500
5237
920
1161
22587
316
6084
939
390
1793
35675
1359
2088
1046
1371
1970
4093
2253
1927
3844
89
2715
879
802
2720
274
919
13634
2773
6831
79
621
9044
960
5051
4262
5027
2728
2736
4183
6289
13633
402
2601
81
4618
9861
876
875
9132
10815
4154
659
109
5042
1470
144
3174
5052
5023
3161
915
2271
8560
1813
13635
8558
1233
30172
1000
6917
2047
192
922
13637
5070
1443
8032
5021
928
2637
2947
620
4621
449
4124
4216
11812
4272
26576
3258
1935
5057
188
8566
1027
4755
406
4737
8072
383
9504
539
5028
950
287
54
4904
26811
9131
10281
918
386
593
26142
1833
13396
1323
5853
2186
7059
4224
172
22463
244
14862
30779
1552
10893
581
8565
1025
28825
948
4227
8559
75
15198
442
101
1252
9130
9313
9752
1401
5024
391
35279
10280
279
18722
1112
775
8987
26854
1481
10959
3295
5830
4256
5068
5029
10601
26990
3057
8194
5150
2550
16201
815
86
145
23043
5032
1185
255
1050
24812
92
27605
26911
13640
1559
46
560
9134
13267
585
409
13266
1108
23873
1168
4205
1213
1560
1308
53
165
24464
6829
3742
11547
1628
694
5064
26897
23648
215
12110
239
3354
2667
707
26584
6828
4232
18778
1087
23946
1164
4027
30513
575
1885
3334
5557
28933
2723
716
5587
19815
1208
24810
3251
21255
22319
4642
454
923
24890
121
438
1061
2189
492
403
889
19467
924
1234
3108
5729
8857
3058
1259
1790
9754
819
1652
8678
186
645
822
1118
5061
4757
592
280
368
212
958
974
20374
773
1771
6009
9239
20183
21241
393
5046
14338
264
2746
6707
20963
473
5045
4480
457
1043
1783
1847
11744
10084
16202
25323
1030
1767
17278
1762
6231
32745
205
2651
3906
8071
14827
4536
22063
20966
1126
2264
354
2741
3266
29813
764
1063
23960
521
852
4065
6069
12015
241
1245
4075
604
1461
1572
666
1316
1936
367
664
3318
6653
614
20919
441
4128
12512
14144
25158
1193
3333
4677
5049
13577
25529
28097
824
28509
6681
7581
8794
20654
3535
10124
1038
3200
9136
551
12076
13744
21236
537
3253
4995
6357
7459
6022
6664
2165
5190
6049
9799
11190
22423
3065
5943
3128
462
853
861
4121
4197
3733
13366
26378
1137
4223
7657
7990
281
2516
8694
20336
26015
782
4477
11165
12844
29012
6782
11040
425
2296
4132
12116
16210
30808
423
5881
17181
20157
3626
4545
15264
16692
1207
2696
5614
1111
2385
3215
5211
3313
3604
7324
19325
254
2294
4486
7523
7578
9079
11350
16207
243
300
1049
5279
11191
16797
134
498
1159
1189
1354
8271
8350
11818
23364
448
5742
26163
26856
1076
1891
2524
3033
293
1104
8315
112
153
2828
1113
1217
3050
5824
7193
1302
5074
7517
16978
1668
2061
4160
5518
7998
7638
13578
17179
22118
959
1713
1765
11494
15247
526
723
1037
1585
11890
19720
26709
504
2160
2263
233
3679
477
615
2510
2580
4767
17824
4176
4193
4736
4884
5202
6738
7651
8629
12676
13093
290
636
10897
13630
14841
12329
13987
16867
18861
20051
4534
6982
18384
1487
2697
3352
4538
4802
6008
7102
16017
16987
19464
19912
20205
22359
26699
30545
1778
11680
13628
24467
221
491
675
898
1095
6899
14886
26832
27
1350
5333
6876
10733
11922
14171
18067
678
3219
5174
8782
10778
19840
196
1102
1198
1236
1324
7551
13424
13427
13585
235
267
971
1459
5883
13432
24159
544
796
812
2740
4878
6671
7720
8340
700
1106
1310
1332
1734
5907
6081
175
1439
7641
9499
11016
760
778
917
4246
20353
364
528
1082
1781
4542
6320
6921
10330
15666
21680
420
1384
4263
4577
17925
408
5971
6509
7663
14893
16781
18748
20990
735
1103
1499
2953
4260
5963
6518
7516
9172
24025
452
508
1188
1922
3400
6785
10032
10958
12800
23139
502
587
751
5141
6833
9358
14055
14065
1966
2703
5716
9501
13415
17832
20652
30683
531
703
2515
2679
2937
4142
5170
7113
7428
11204
15201
24811
5398
6198
7331
7541
9527
10245
16216
639
727
2648
3016
5105
13256
16203
307
1032
1101
1205
2091
3461
7283
224
284
505
510
573
3795
4698
4735
8016
14196
21582
23840
419
563
580
1546
2635
5990
7531
13268
18603
18617
2613
2782
3039
6175
16295
18880
22201
25791
26435
4451
5833
6944
7927
8169
13658
14036
19355
24743
2276
3280
4349
6258
7140
315
789
6242
6783
13747
26007
27812
481
1051
1059
1191
2673
6340
15323
20692
132
533
576
682
966
1340
2577
2943
4070
4560
5041
5071
5118
8524
10278
11298
24650
30184
839
1077
1132
1831
1899
2090
2573
4323
20220
24152
156
1160
1313
2144
2579
6193
6735
7083
7530
14057
500
548
1592
1683
1798
1944
2229
2564
2610
2941
3245
3823
4335
7235
7467
7784
8878
11423
513
610
3129
5500
6560
6872
7848
11083
32840
35732
13
326
446
673
1048
2383
3635
4450
6909
7248
8103
25766
27148
471
522
1084
1373
1527
2620
4191
6405
7437
7721
11692
13175
180
357
1772
2060
3241
4238
4639
5748
6031
20669
25504
27888
122
556
1105
1153
1162
1549
2497
2680
3688
4218
4517
7994
9521
14876
19284
19715
20482
26033
27728
242
295
753
907
3100
4752
5645
15990
23722
23868
25080
519
772
934
2288
2509
3649
5199
7571
9534
10458
11352
11527
14189
14241
19249
23483
171
1071
1458
1615
2168
2668
3035
3271
3344
4879
10374
12542
13205
13419
623
1356
3593
5276
7993
8031
14577
19721
897
1176
2254
2922
2951
3145
3418
3530
4651
5315
5531
6976
7096
8740
13756
23317
23869
28873
166
561
564
967
1472
1807
1835
2436
2642
2770
2977
3226
3297
3356
5787
5799
6047
6068
6087
6202
6702
8374
11033
12896
14134
16782
25595
28642
813
1406
2503
4139
4210
6144
6845
7165
7558
8029
12409
13631
13972
23371
26817
3727
4119
4678
4760
4766
5075
5515
5681
8699
13820
18719
19876
20632
20820
21426
22385
29101
296
355
400
661
691
1130
1190
1253
3949
6488
6734
7484
8411
14285
16288
16622
17993
22566
29818
34497
358
1429
1880
3499
4459
5839
7547
11099
15146
16461
19872
20280
20772
22341
22694
29851
30340
30862
34529
35115
340
389
475
509
525
1042
1057
1300
2121
2565
2708
2935
3223
3236
7812
9933
11631
12362
12421
13409
15465
17512
18808
22021
607
1222
2096
2269
2398
2640
3197
3370
3518
3994
4140
4513
4740
5224
5536
10641
11077
11394
19240
19466
19823
22738
22920
23082
27796
704
1210
1224
1320
1422
1619
1759
2018
2262
3246
4498
5769
6255
7549
7995
8850
9021
12363
13303
19711
24691
28014
712
884
1034
1055
1818
3473
4522
6003
7089
7544
8938
9251
11117
11827
15164
16496
16710
25826
28901
313
726
1289
1416
2279
2528
2754
3091
4378
4504
4531
7401
7701
9502
11846
14114
22525
22913
30201
762
991
1396
1696
1760
2692
3330
3427
4220
4237
4644
5467
5733
6706
7103
11446
11522
15282
29197
792
1036
1122
2560
3107
4164
4288
4699
6794
14141
15386
16808
23490
493
602
842
1018
1228
1303
1697
1797
1803
4497
9175
10928
12456
15331
19901
23140
24780
845
1068
1602
2076
2818
3109
3969
4178
6889
6997
10387
10415
11864
13413
13979
15166
18283
25089
27233
324
579
1478
1919
2218
2992
3127
3350
3379
3549
3792
3904
4426
6048
7120
7548
8005
8220
8767
9909
10112
13486
13883
15003
16616
18590
24153
33056
451
506
545
570
1265
1471
1607
2491
3267
4937
5026
6131
6582
7255
11925
12434
12482
13421
13423
13796
15165
16318
16503
16983
19126
22321
154
312
399
424
642
1145
2125
2320
2386
3310
5242
6600
6786
7047
9589
14155
19382
19826
19836
21580
23676
23687
24889
25326
418
599
677
779
874
951
1179
1642
3476
4148
5920
11353
12608
12665
14694
17284
27475
33954
169
401
413
800
1120
1291
1521
2570
2724
3157
4092
4200
5212
5215
5339
12350
14161
16085
20958
25124
25658
26866
331
362
578
3110
3143
3244
4012
4680
4687
6305
7203
10384
10414
10620
10841
11214
12178
14145
20237
23288
26141
30834
594
3364
3438
4136
4392
4603
5702
7312
9361
10872
13984
15187
16242
22544
27149
174
1411
1594
1886
1951
2270
2290
2303
2800
2924
3743
3849
4460
9300
13731
16443
17167
21432
113
382
696
731
787
817
1158
1775
2216
2472
2700
3171
3263
3417
3924
4838
5856
6072
6803
6892
7082
7515
7640
9121
9133
9174
9346
11031
11115
12668
13022
13174
14446
14942
15281
18826
20620
20626
29625
33707
35435
470
653
736
758
890
1090
1169
1763
2690
2711
2785
3043
3316
4510
4697
4700
5259
5286
5552
7527
9474
10241
15601
17501
17642
18033
19125
20630
22354
30193
517
524
562
708
837
873
1083
1686
2576
2622
2638
3001
4478
4706
5511
6023
6523
7405
7553
9917
11356
13948
15395
16715
17020
17283
18000
18009
19548
23034
23421
23456
24357
27810
83
322
523
603
1143
1809
2489
2595
3323
3541
4080
4358
4681
4815
6015
6210
6406
7382
8981
10181
10972
11143
11261
13724
14156
14396
16489
16630
16822
18310
20939
22975
25325
27952
118
584
681
808
838
867
1221
1387
1425
2705
3169
3845
4259
4544
6056
7259
8056
8876
9292
9910
10484
13748
17336
20942
885
1960
2066
2590
2593
3899
4640
5935
6143
7216
7786
7962
8030
8166
10969
11227
13665
15275
15512
15969
16853
24700
25640
30448
97
230
804
805
860
1318
1800
2268
2420
2631
3080
3112
3357
3412
3470
4611
4684
4827
5102
5148
6063
7032
8962
11297
12786
18773
19026
19307
21581
22529
26803
291
657
688
863
869
925
930
969
1305
1430
1486
2299
2751
4226
4476
4703
4872
5277
5696
6249
6436
6654
7535
11952
12354
13202
13269
13405
16812
19685
20238
20964
21401
27404
35648
480
595
733
1357
2211
2572
3133
3185
4174
5248
5749
5988
6373
6898
7106
7268
7611
7736
7975
7999
8335
8372
9366
9886
10017
10376
14402
15566
17005
20378
21458
27721
30329
178
252
871
882
1442
1660
1856
2633
2931
3038
3214
4601
4863
5695
5939
6793
7095
9761
9959
9984
10571
10997
11453
11678
11813
13404
14255
17100
19213
19764
21336
22034
26711
26863
27837
34894
115
549
946
1054
1828
1883
1911
2011
2608
3327
4496
4519
4623
5948
6920
7188
8193
9038
12090
20471
28515
28979
339
455
586
830
1073
1413
1815
1953
2057
2178
3915
4791
5168
6460
6715
6836
7107
7128
7457
8308
8543
8685
9960
10359
10560
16748
20177
20618
21284
29761
149
345
633
780
1070
1296
1394
1597
1788
1892
1898
1996
2092
2886
2959
3259
3399
3480
3565
3729
3767
3933
4490
4615
4723
4852
4920
5172
5243
5498
5676
6500
7155
7156
7397
7607
9357
12559
13410
14268
16191
17748
20931
26090
27152
709
724
769
1109
1110
2479
3021
3296
3966
5100
5196
5217
5660
6790
7177
7700
9211
9230
9958
10053
10345
10363
10903
11718
12886
13707
14039
14296
16031
18656
19149
24221
25928
35263
378
770
828
2621
2868
3234
3292
3378
3546
3836
4236
4645
4652
4689
4692
5192
5351
5700
7176
7597
10247
10405
11669
12770
13743
14115
19877
20821
21497
21801
29040
263
606
766
1079
1086
1092
1150
1152
1524
1654
1665
2250
2599
3147
3294
3841
4057
4221
4383
4588
4616
4691
5318
5776
6328
6522
6550
6927
7552
8529
8671
10915
11825
12082
12415
13923
16998
17289
19962
20208
20448
20616
22541
23101
24167
26812
27090
27871
34764
168
672
784
943
1045
1170
1238
1312
2300
2471
2476
2519
2760
3437
4240
4293
4499
4505
4556
4564
4866
5195
5214
5778
6176
6901
7007
7205
7294
7468
7545
7800
7985
8582
8695
9496
9921
10248
11598
11773
13002
13735
16472
16972
17380
18279
20268
22422
28623
33169
119
271
349
527
829
1171
1287
1328
2039
2912
2975
3580
4014
4133
4161
4820
5727
5934
6020
6080
6789
7520
7532
8325
12562
13265
13666
16498
16618
17040
17240
17268
19310
19475
20052
20918
22117
24059
24426
24832
99
146
228
336
820
1196
1464
1596
1689
2566
2615
2784
2817
3141
3186
3276
3791
4307
4650
5406
5926
6092
6180
6998
7246
7292
11041
11252
11430
13147
14067
14838
14870
17253
17921
19259
20231
20659
21136
22207
24751
28719
29169
33209
35738
745
895
940
1292
1667
1939
2176
2518
2664
3317
3673
4129
4682
4853
4970
5015
5415
6124
6517
7009
7183
7615
7655
7821
7941
8354
8561
9076
9364
10412
14126
14686
14701
17072
17124
18600
18852
23786
26677
26818
28631
35390
742
1023
1097
1099
1409
1428
1436
2588
2603
2654
3115
3247
3324
3492
4017
4185
4688
5308
5314
5395
5490
5782
6376
6893
7559
8001
8602
14800
19258
21101
21319
23351
23383
23690
26970
28514
34751
131
223
384
541
1093
1116
1204
1519
1662
1663
2487
2563
2771
3596
3959
4074
4549
4671
5666
5843
6274
7186
9113
9370
9549
9896
10065
10367
10379
10441
11043
11273
11968
13161
14219
15144
17085
18079
18697
19525
23369
29923
84
183
488
542
949
1154
1937
2041
2578
2646
2972
2993
3208
3210
3460
4083
4776
5145
5220
5301
5705
7195
7385
8650
8659
8684
9193
11667
11760
12675
13113
14256
14427
14703
20624
20643
20661
20997
22085
25507
26660
27876
28636
31488
219
245
319
547
744
903
937
1026
2316
2628
2878
2980
3285
4071
4643
4726
4739
4826
5076
5225
5368
5464
5916
5964
6024
6026
6088
7302
8038
8760
10334
12465
13160
17893
18989
20288
20928
27867
546
558
616
674
909
1133
1578
1841
2118
2575
2652
2793
2837
3367
3443
4066
4453
4546
4921
5471
5509
6391
6447
6815
6912
7521
8081
8186
8489
9981
10040
10214
10534
11085
13154
13983
14029
14180
14594
14880
16098
16204
18387
19186
19374
25085
26036
27170
27208
27313
30434
429
484
515
794
900
945
1044
1532
1674
1918
2424
2569
2706
2725
2936
3015
3325
4170
4524
4747
5110
5428
5494
5505
5556
6205
6271
7748
8264
8710
11762
12327
12944
13745
13884
15173
15913
15981
17185
21854
22757
23030
24819
24869
26384
229
269
555
628
803
931
1333
1523
1823
1852
1875
1930
2142
2257
2699
3032
3192
3430
3815
3968
4305
4376
4390
5035
5090
5960
6283
6811
6926
6959
6973
7400
7668
7983
8294
8326
8391
9449
9751
10603
11048
11243
11619
11934
12575
13746
14301
16737
17236
19643
20625
20923
21350
22352
23025
23706
25488
27719
27753
28614
28617
29707
32237
372
405
670
1052
1148
1163
1326
2594
3105
3368
4230
4275
4306
4515
4587
4716
4728
4758
4793
5223
5507
5684
5941
6117
6862
7451
7711
7969
8322
8353
9839
9932
10111
12195
12323
12521
13028
13967
14275
14646
14851
14913
17153
18115
18610
18757
18759
18803
19018
19278
19862
22743
24377
26021
26851
27967
28611
29283
29883
29885
33860
142
625
656
1255
1390
1541
1616
1653
1691
2267
2507
2963
3075
3082
3122
3361
3487
3552
3711
4395
4396
4521
4787
4800
4946
5194
5287
5460
5677
5713
5779
5977
5987
5997
7218
7680
8044
8668
8698
9535
9967
10797
12169
12202
13096
14287
16026
17187
17211
18567
20611
20668
20856
21328
22035
22446
23105
26040
26072
27962
28587
35001
5
217
346
559
568
654
658
855
936
1033
1040
1128
1135
1315
1380
2260
2493
2494
3081
3188
3230
3386
3388
3748
3943
4629
5246
5307
5809
5994
6085
6125
6196
6830
6903
6936
7074
7505
7513
7863
8553
8648
8808
9579
9721
9922
10803
11213
11228
11679
11799
12417
12514
12587
13230
13627
13671
14167
14353
15286
15410
15513
15672
16573
16640
16691
16887
17337
17421
17565
17582
17739
18056
18184
18472
18473
18810
18962
19221
19453
19647
21026
21027
21347
21521
21637
21708
22562
23076
23306
24063
24151
24186
24214
24944
26432
27411
27507
28041
28103
28191
28593
28639
28935
29296
29440
29849
30483
31417
32875
32877
33003
33367
34401
34531
35413
35481
35761
35778
36597
36608
497
618
631
699
1056
1081
1180
1389
1657
1670
2078
2512
4049
4146
4156
4195
4529
4572
4586
4714
5365
5384
6060
6109
6674
6854
6951
8572
9258
9268
9452
9829
10174
10443
11809
12200
12318
12436
12476
12720
14221
14229
14269
15697
16296
16892
17037
17046
17117
18020
18721
18746
18856
19664
20579
20645
21721
22776
23363
24011
24182
25744
26320
26332
27194
27435
143
176
347
398
459
582
590
626
638
818
1167
1288
1297
1344
1490
1601
1810
1853
1989
2251
2567
2623
3067
3104
3117
3721
3793
4274
4947
5088
5405
5450
5638
5928
6957
7014
7105
7269
7605
7997
8579
8912
9869
9953
10487
10827
11113
11284
12020
12180
15195
15267
20257
20884
22565
23881
24695
25724
35546
35639
381
611
662
1175
1457
1467
1716
2071
3064
3138
4059
4241
4530
4547
4694
5177
5400
6851
6855
7538
7604
7802
8021
8160
8177
8212
8440
8884
10859
10881
11050
11704
11937
12696
13740
13922
14035
14175
14231
14528
14580
14752
16844
17113
17128
18288
18725
19744
19873
19921
20248
22329
23518
24670
26831
26849
28619
29288
35232
35488
138
338
344
375
465
557
624
797
1078
1483
1976
2110
2305
2308
2511
2686
2816
3005
3272
3800
3802
3826
4397
4539
4559
4991
5343
6327
6800
6890
7078
7512
8025
8085
9467
9578
9616
10826
10960
11299
11445
12155
12747
13203
13272
13422
13639
13928
14002
15260
15330
16343
17314
18835
19283
19484
19761
22024
22596
23362
26372
26529
26665
26713
28072
29600
32065
88
218
430
687
862
865
1246
1347
1441
1475
1566
1845
1862
1873
2099
2265
2585
2733
2781
3093
3209
3728
3786
4144
4365
4769
4939
5285
5303
5478
5722
5946
5954
5985
5998
6111
6150
6834
7122
7144
7492
7510
7577
7730
7816
8099
8546
8776
10849
10988
11671
13208
14001
14394
15179
15839
16437
16641
16646
16788
16813
17063
17488
18657
18972
19257
19700
19786
21662
21828
22016
22670
27490
27870
27978
30187
31487
32166
32753
35735
85
466
719
905
1215
1351
1432
1517
1555
1558
1871
2506
2910
2956
3152
3309
3514
3572
3773
4182
4243
4569
4578
4778
4847
5451
6018
6038
6189
6798
6864
7184
7300
7303
7533
7683
7785
7888
7991
8521
8833
9386
10015
11216
12077
12102
13226
15112
16034
16104
16700
17160
18441
18714
18991
20221
20318
20675
22238
22787
24475
25466
25669
26009
26217
27037
32676
35667
467
479
684
872
914
1088
1307
1331
1368
1515
1707
1770
2029
2070
2234
2571
2574
2619
2783
3126
3394
3482
3755
3970
4115
4370
4900
5252
5316
5708
5761
6135
6250
6641
6645
7129
7679
7890
8062
8223
8240
9154
9216
10096
11014
11194
11648
12255
12446
12757
13128
13569
14909
15120
15271
16228
19545
23058
25082
25761
26030
26161
26761
34752
35514
36078
55
137
309
374
388
676
754
816
933
1091
1146
1197
1448
1508
1535
1723
1857
1903
1909
2098
2228
2612
2659
2743
2960
3111
3435
3525
3644
4388
4462
4561
4594
4625
4868
5210
6033
6316
6596
6694
6948
7277
7658
8305
9101
9295
9389
9417
9997
10734
11071
11821
12148
12347
13560
14049
14829
15240
15797
16236
16480
17098
17481
17818
18088
18123
18632
18645
19835
20352
20439
20985
21423
21488
22047
23368
23450
24643
24684
24753
24776
24872
25302
25864
26162
26342
26612
28794
34104
265
426
