5038
588
893
566
273
5069
5022
140
95
1028
5030
458
370
1768
647
1139
5033
8344
286
543
155
887
80
613
90
823
1806
2630
2718
195
530
1672
200
128
1569
851
82
353
478
1819
102
20764
2666
734
114
1528
136
1588
9129
516
1053
1330
5036
554
4746
4153
2348
1817
2737
76
9137
7954
4063
184
443
93
151
78
342
91
127
2215
147
225
878
308
8557
106
20805
444
33806
1031
1725
2753
3311
686
133
16625
5020
301
213
8556
1507
4880
416
3237
652
2939
1304
929
1334
1824
360
1365
1
4152
292
520
72
56
4876
1821
9135
4398
880
2323
314
74
385
316
2111
5053
107
2015
232
277
1202
22587
910
1161
5237
920
3027
9500
5050
6084
1793
939
343
390
35675
2088
3844
879
1371
2253
89
1359
2773
81
2715
5027
2720
5051
13634
1970
802
274
960
2728
1927
4262
919
9044
6831
4093
621
1046
79
2736
6289
4183
13633
659
2601
875
1443
144
9861
9132
5052
1470
3174
876
402
5023
915
4618
109
3161
4154
928
10815
1813
8560
30172
5042
13635
1000
6917
192
5021
8032
2047
5070
1233
2271
8558
922
4621
2637
449
3258
4216
4124
5057
13637
2947
4272
54
26811
406
11812
26576
620
4904
5853
9130
10281
287
918
4755
1833
1935
442
539
9131
950
8566
9504
581
5028
4737
1027
1323
8072
244
26142
172
7059
188
593
2186
10893
14862
13396
255
948
15198
22463
8565
4227
1025
75
9752
30779
8559
28825
26854
386
4224
1252
101
1050
383
10959
391
8987
1552
10280
18722
279
1559
35279
2550
1112
1481
5024
775
9313
3295
145
5029
1185
5150
92
4232
24812
5068
1308
438
560
585
5830
86
13267
23873
1168
2667
1560
8194
26990
27605
4027
694
3057
716
1087
1628
5032
4256
9134
815
10601
13266
1108
1401
4205
24464
16202
46
409
23043
239
575
707
23648
215
6829
22319
11547
12110
26911
53
592
3354
3742
8678
13640
5064
18778
165
28933
3334
4757
6828
8857
23946
30513
4480
5729
2723
5061
26897
1208
1885
4642
21255
645
19467
186
1043
1213
26584
367
1164
24890
773
819
5045
24810
121
889
1259
2189
5557
16201
17278
21241
25323
212
824
924
1771
9754
454
782
923
3058
20374
457
1030
14338
853
1234
2746
5046
368
403
492
1061
3251
3313
3318
20183
280
1126
1767
5587
5614
20963
473
1652
1790
7581
4197
9799
10084
19815
29813
1783
14827
22063
205
425
498
2515
6231
393
521
537
852
1118
1847
528
1936
4536
6009
6707
16692
958
4677
6653
16210
18603
22423
25158
32745
1049
1316
2264
2294
20966
504
1063
3679
3906
4121
5049
6664
12116
264
267
471
639
7990
6069
9239
12015
1762
3128
3535
4538
8071
11744
20336
20919
1459
3253
3604
6782
6833
13577
14144
25529
28097
28509
290
974
1189
2165
3266
3333
8794
10124
12512
12844
1245
3626
4075
4477
11040
13366
3065
5190
7657
12076
20654
23960
452
576
796
1891
3050
6357
8271
29012
30808
354
615
675
764
1076
1104
1713
3733
4132
5742
6049
9136
21236
23364
243
293
2651
3200
4545
7459
15264
16207
17181
423
2740
3108
5074
5279
5824
13744
441
2828
4995
11165
112
254
551
766
898
1038
1113
1217
1461
4160
4767
5881
6022
11818
19325
26709
221
1159
1207
1354
1585
1781
2741
6899
7193
7651
13578
20157
448
1668
2296
4065
5202
5315
6681
26856
678
1236
7638
9172
12676
13432
26378
281
419
477
2254
2696
4070
4128
4534
14841
153
241
822
1037
3033
6982
7998
8350
8694
10778
11680
13630
14065
19720
26015
364
751
861
959
1101
1111
1549
2160
2580
6876
7551
8340
11890
13987
15247
233
300
664
1084
1302
2061
3215
3400
4736
5518
6738
9079
16797
18067
18861
26007
26435
30184
132
134
604
1198
1572
1778
2697
2937
4486
4802
6008
6671
8629
8782
10733
10897
11190
11298
11922
16017
16987
17179
17824
18384
19464
19912
20205
24743
26699
30545
27
727
4426
7102
11494
16867
19284
19840
20051
24467
505
1102
1324
1487
2263
2524
2579
4176
4223
4451
5276
9358
11204
13093
15666
21680
26832
420
544
1350
1765
2953
4142
4349
4752
5174
5211
5943
6081
6320
6509
7331
7541
13256
13427
13628
13658
14055
14886
16978
21582
175
636
661
1797
1966
2648
2943
5170
5398
5716
5833
10278
11016
12329
14057
15323
20652
22118
24159
30683
307
510
762
778
1153
1188
2703
4218
4260
5141
5199
5515
5963
6976
7467
7523
12800
17832
18617
19355
83
196
446
573
587
1103
1122
1499
2385
2977
3280
4193
4246
4577
4878
5333
5883
7324
7517
7720
9527
14893
16782
17925
24025
313
491
526
533
673
917
971
1059
1132
1137
1162
1205
3016
3197
4263
4651
5105
6198
7547
9499
10032
10245
10928
11191
11350
13268
13747
14036
14196
20990
326
525
614
2497
2503
2620
2782
3370
4191
4560
5118
6031
6405
7428
7994
8103
10330
11423
13415
13585
14171
22359
295
481
897
1048
1095
1384
1439
2565
2573
3267
3518
4698
4760
4766
6193
6921
7848
11692
13175
20353
22201
27148
122
642
753
966
1034
1077
1082
1310
1313
1686
1697
1760
1899
3226
3461
3649
4542
5645
7140
7437
7531
8016
11083
12542
13424
15201
16216
20220
23840
24152
27812
13
235
682
760
1105
1289
1300
1472
1546
1734
1831
1922
2673
2680
2837
2951
3104
4139
4335
4687
5212
5907
5990
6242
6340
6785
6845
7083
7283
7663
9501
14577
16203
18719
19711
20692
20820
23722
284
345
349
830
925
934
1106
1193
1332
2564
2593
2692
3352
3823
4238
4678
6944
7235
7578
9521
11115
15990
16295
18748
19685
20482
20632
23483
25504
25791
479
502
579
691
787
967
1320
1340
2060
2229
2279
2436
2635
2640
3039
3091
3127
3133
3245
3473
4237
4450
5339
5500
5971
6258
6560
6909
7516
8169
16983
19249
23139
23869
25766
26162
27888
35732
315
451
500
724
1356
1683
1772
1944
2091
2383
2510
2610
2642
2754
3246
3727
4522
5075
5215
7113
7255
7558
8740
9534
13631
13972
14134
14402
17167
19901
20669
24650
224
324
475
564
610
726
1032
1055
1130
1527
2090
2125
2144
2262
2572
2679
2935
3107
3110
3219
3241
3530
3593
4323
5467
5920
6144
6488
6518
7165
7701
7927
8374
8524
8699
9300
10641
10958
11353
11864
13205
13405
19721
19876
25080
27728
28642
32840
168
400
522
531
599
735
1210
1253
1788
2270
2509
2577
2668
2868
3001
3145
3969
4498
6600
6735
6803
6872
6892
7128
7527
7641
7721
9251
9909
10458
16288
16461
16622
19823
22385
26033
26163
28873
29818
34497
561
563
578
804
839
842
1224
1328
1607
1615
2168
2489
2818
2922
3043
3223
3271
3356
3427
3499
3635
3795
3904
3924
3949
4080
4517
4544
4639
4740
5748
5787
5839
6003
6087
6175
6889
7530
7549
8005
9589
9933
11099
11352
11527
12421
12482
13756
16472
17512
18808
19240
19872
20280
20772
22021
22321
22341
22694
24691
25089
25595
26863
28014
29101
29197
29625
29851
30340
34529
35115
291
331
340
357
418
462
794
907
1176
1373
1759
1803
1880
1996
2516
2560
2590
2631
3297
3316
3379
3549
4699
4700
4879
5026
5224
5681
5733
5799
7203
7812
7995
8878
9021
10374
10384
10841
11394
11827
12362
12896
13303
13409
13666
14145
14876
15331
16710
17993
21497
22544
22738
23371
23868
24780
30862
230
389
545
603
654
736
1179
1416
1919
2121
2528
2613
2700
2708
2751
4148
4884
4937
5071
5536
6015
6202
6702
7047
11031
13883
14114
14141
14255
15003
15386
15465
16781
17284
18283
22920
23288
23317
24153
27796
30201
166
223
271
355
358
362
509
513
547
556
631
723
1145
1619
1818
1951
1953
2303
2570
2711
2959
3263
3357
3476
3580
3845
4012
4140
4497
5041
5511
5856
5935
6047
6072
6734
7548
8030
8411
8850
8938
9175
9474
10903
10972
11077
11214
11522
11846
13423
14189
15146
15187
15282
16496
17100
17642
18310
19125
19307
20958
22975
23082
23140
24889
25658
25826
26141
27233
30834
97
169
180
506
657
666
700
792
871
1018
1191
1291
1406
1429
2096
3035
3100
3112
3143
3296
3364
4288
4460
4504
4735
6048
6406
7096
7405
7571
8315
9133
9502
10387
10414
11117
11825
12350
12363
12434
12456
13174
13269
13419
14161
14285
15164
15166
16318
16503
19126
20378
20620
20939
22525
23351
23676
26817
33056
33954
242
245
480
508
562
703
708
779
805
813
1057
1160
1222
1318
1357
1411
1524
2046
2218
2299
2621
2654
2724
2941
3185
3323
3418
4164
4210
4496
4793
5220
5242
5384
5964
6056
6180
6255
6305
6898
7074
7089
7188
7544
7962
8029
8031
9761
10112
11925
12409
13486
13748
14156
14694
17283
18880
19026
20626
23490
28901
30448
35360
156
413
523
527
607
731
742
780
869
951
1090
1265
1367
1394
1428
1458
1521
1592
1657
1807
2288
2471
2595
2705
2770
3236
3244
3350
3688
3791
4220
4226
4478
4505
4513
4644
4680
4697
5172
5259
5695
6068
6131
6523
6582
6715
7095
7103
7484
7545
7611
7999
8193
8543
9038
10181
10484
11446
11813
12178
12354
13731
13979
14155
16808
17005
17336
18033
18590
19466
19715
19826
20268
23034
23456
27404
27810
322
602
623
704
865
885
1086
1170
1180
1190
1197
1326
1484
1798
2320
2491
2599
2784
3080
3344
3487
4017
4092
4119
4200
4521
4549
4572
4623
4827
5168
5769
6210
6307
6373
6783
6786
7107
7120
7786
8220
8372
9346
9910
10415
10960
10969
11033
11227
11952
12668
13022
13948
13967
14115
14446
15281
16242
16443
16489
16618
16715
16822
17501
17748
18826
21426
21432
21458
22565
22913
23687
25124
26660
34894
118
131
171
312
519
570
580
586
745
800
812
817
863
1070
1390
1464
1602
1696
1800
1835
1886
2276
2518
2800
3541
3849
3933
4459
4603
4616
4681
4747
4872
4920
5223
5531
5552
6271
6436
6460
6790
6918
7009
7082
7183
7292
7397
7401
7520
7532
7553
7784
7800
7985
8056
8561
8685
8962
9921
10405
10872
11669
13820
14296
15601
16085
18000
18657
19213
19382
20231
20821
20964
23421
24700
24811
26803
27149
28515
30329
33707
119
143
154
252
263
296
336
378
470
595
681
709
712
769
770
1068
1071
1228
1303
1387
1425
1594
1642
1815
2011
2386
2817
2992
3115
3129
3412
3417
3438
3994
4240
4293
4378
4476
4510
4640
4688
4694
4852
4991
5035
5192
5195
5287
5351
5406
5749
5948
5988
6088
6328
6794
6893
7032
7106
7186
7559
7736
8001
9357
9361
9886
9959
10017
10571
10997
12770
12786
13265
13796
14942
15275
16198
16812
16998
18279
19548
19836
19877
23369
26384
27837
30193
34751
174
269
382
465
524
625
688
789
803
837
838
867
874
937
991
1073
1120
1148
1163
1430
1442
1486
2269
2622
2793
2912
2931
3021
3214
3290
3378
3399
4057
4259
4392
4556
4611
4815
5248
5286
5318
5471
5713
5778
6023
6274
6500
6793
6815
7195
7382
7457
7941
9174
9960
10241
10359
10412
10844
11143
11261
11284
11356
11968
13410
13413
13884
14913
15179
15566
16481
16853
18387
18773
19475
25640
25928
26866
27152
27721
85
372
517
555
633
772
860
890
930
940
945
984
1051
1110
1166
1169
1292
1409
1413
1422
1596
1654
1689
1814
1828
1911
1960
2018
2178
2479
3157
3171
3259
3330
3470
3729
3743
3841
3915
4129
4136
4161
4305
4358
4499
4519
4564
4601
4684
4716
4723
4758
4791
4838
5015
5243
5490
5696
5700
5702
5727
5776
5926
5934
6249
6654
6891
7216
7246
7259
7515
7975
8038
8354
8650
9751
9984
10620
10797
10825
12090
12608
12665
13665
13707
13735
14228
14703
15297
15512
16616
16630
17380
18115
18697
18746
19962
20471
20624
20630
20659
21284
21319
21581
22541
23076
24832
25085
25507
27475
28631
33209
34764
35263
405
408
638
684
903
1023
1036
1042
1056
1099
1196
1221
1287
1396
1478
1578
1586
1892
2057
2176
2290
2506
2690
2785
2936
2980
3109
3117
3147
3160
3327
3443
3448
3546
3673
3792
4490
4650
4691
4820
5100
5277
5509
5676
5705
5939
5941
5998
6007
6109
6706
6903
6920
6957
7176
7177
7268
7294
7468
7492
7668
7700
8166
8308
8326
8341
8582
8695
8767
9121
9292
9917
10053
10065
10186
10247
10487
11041
11085
11718
12082
12202
13147
13404
13421
14126
14594
15144
15395
15969
16191
16972
17113
17893
19186
19310
19374
19764
19862
20448
21545
21580
22034
22422
24182
24357
26021
26040
26711
26713
26818
27313
27719
27952
28587
28611
28979
31487
33169
35435
146
219
265
401
548
624
818
949
989
1052
1092
1128
1296
1315
1601
1667
1674
1898
1909
2071
2076
2092
2110
2216
2257
2316
2477
2496
2512
2569
2615
2733
3210
3276
3565
3767
3836
3970
4014
4170
4221
4230
4275
4383
4587
4588
4652
4706
4718
4739
4921
5196
5217
5684
5977
6283
6517
6522
7184
7218
7303
7503
7512
7748
8335
8345
8671
8876
9896
9958
10376
10734
10799
10803
11048
11243
11252
11631
11773
11785
12020
12559
12562
13002
13154
13983
14067
14241
14880
15173
16031
16748
17268
17289
18600
18991
19149
20052
20237
20645
21101
21136
22035
22085
22354
22529
22566
23690
24167
24426
26036
26090
26677
26812
27871
27876
28623
35390
113
424
484
549
559
626
699
829
914
1044
1096
1116
1133
1150
1152
1154
1541
1660
1665
1691
1775
1883
2420
2472
2488
2588
2603
2652
2699
2706
2743
2856
2993
3067
3111
3188
3230
3234
3285
3292
3310
3317
3460
3480
3492
3899
4144
4146
4515
4615
5025
5088
5145
5225
5300
5395
5415
5556
5843
5916
5946
6020
6092
6135
6189
6447
6550
6800
6836
6958
7155
7205
7432
7451
7615
7890
7939
7983
7993
7997
8044
8219
8529
9193
9230
9370
9389
10363
10560
10827
10988
11760
11799
12415
12465
12675
13161
13745
14175
14301
14686
15981
16098
17020
17040
17185
18009
18610
18757
20618
20643
20931
20942
21336
21347
22743
22757
24059
25325
25326
25864
26831
27090
35648
115
142
183
229
339
399
466
515
558
594
628
677
754
845
909
972
1079
1083
1109
1305
1457
1568
1843
1875
1989
2041
2066
2142
2252
2424
2486
2619
2633
2638
2816
2886
2910
2916
3032
3036
3038
3064
3141
3186
3294
3437
3755
3800
3802
4049
4087
4133
4203
4236
4390
4396
4529
4531
4682
4863
5102
5110
5148
5210
5698
5782
6143
6176
6376
6798
6854
6864
6951
7007
7269
7510
7552
7607
7945
8081
8223
8322
8698
8981
9076
9337
9496
10040
10214
10441
10915
11043
11430
11453
11598
11678
11762
11934
12323
12327
13822
13923
13984
14646
14701
16700
16737
16788
16844
17037
17085
17128
17187
18079
18656
18803
18989
19283
20257
20856
21328
21828
23101
23392
24221
25488
26970
27170
27225
27870
28191
28614
28617
28619
29040
29761
29885
35738
84
149
384
429
488
541
582
606
616
660
758
808
872
884
1026
1033
1054
1175
1211
1215
1395
1471
1490
1508
1519
1616
1763
1856
1894
2039
2211
2265
2308
2493
2507
2571
2575
2576
2608
2664
2972
2975
3240
3386
3430
3475
3651
3711
3815
3959
4174
4530
4600
4671
4689
4726
4826
4835
4866
5076
5167
5270
5307
5308
5460
5498
5997
6080
6150
6205
6279
6327
7105
7302
7357
7538
7821
7888
7969
8353
8489
8659
9258
9449
9548
9594
9616
10111
10248
10379
10427
10826
10859
11113
11619
11636
12169
12476
12521
12886
13096
13113
13160
13746
13928
14002
14180
14268
14275
14396
14800
14838
14851
15513
16498
17153
17240
17253
17541
17565
17582
18601
18759
18852
19462
19525
19761
20238
20248
20918
20923
20928
21350
21801
23786
23881
24186
24693
24695
27194
27867
27962
28514
29923
30434
178
430
499
568
590
611
658
662
784
797
855
931
969
1195
1204
1216
1312
1410
1436
1438
1467
1475
1517
1532
1597
1656
1716
1770
1809
1810
1903
1939
1997
2070
2623
2628
2659
2760
2792
2847
2963
3169
3192
3209
3325
3368
3388
3435
3482
3572
3596
3608
3644
3680
3721
3786
3793
3827
4059
4123
4178
4449
4467
4547
4629
4643
4769
4787
4864
4946
4947
5201
5214
5301
5302
5316
5365
5368
5400
5428
5450
5478
5494
5632
5660
5722
5987
6024
6124
6196
6645
6830
6862
6926
6936
6959
6973
6998
7014
7248
7597
7605
7680
7815
8062
8085
8186
8521
8553
8668
8669
8684
8808
8912
9211
9216
9268
9452
9535
9721
9829
9922
9981
10015
10096
10603
10833
10881
11014
11213
11273
11648
11679
11809
11937
12180
12195
12318
12417
12514
12587
12708
12720
12944
13028
13202
13230
13671
13724
13743
14167
14219
14229
14269
14287
14353
14528
15165
15267
15286
15410
15672
15839
16026
16236
16296
16573
16691
16892
17046
17211
17421
17498
17739
18184
18288
18472
18473
18810
18815
18856
18962
19130
19221
19453
19643
19647
19681
19744
19921
20661
20985
21027
21521
21637
21662
21708
21854
22047
22562
22776
23030
23105
23306
23363
23383
24151
24214
24377
24872
24944
25724
25744
26320
26372
26432
26665
26849
27333
27411
27490
27507
27967
28041
28072
28103
28593
28639
28935
29169
29283
29288
29296
29440
29707
29849
29883
30483
31417
32237
32875
32877
33003
33367
34401
34531
35001
35413
35481
35546
35761
35778
36597
36608
55
99
319
344
618
670
687
696
730
943
1078
1098
1158
1182
1238
1255
1297
1404
1441
1756
1823
1845
1873
2118
2250
2354
2430
2487
2520
2559
2583
2596
2676
2878
3015
3082
3138
3247
3342
3377
3489
4074
4539
4559
4561
4563
4586
4703
4728
5208
5299
5476
5675
5994
6303
6811
6890
6997
7065
7122
7535
7683
7785
7797
7952
8440
8572
9417
9549
9578
9579
9839
9953
10334
11050
11228
11297
11704
11821
12102
12757
13128
13272
13773
14001
15260
15697
15953
16343
16887
17124
17314
17337
17481
18020
18056
18088
18567
18725
19260
19278
19726
19786
19835
20579
20668
21026
21401
22226
22324
22329
22352
22777
23706
24011
24063
24869
26072
26529
27126
27133
27208
27865
28636
28719
30187
32065
33860
34069
35639
176
207
228
299
374
381
404
436
485
490
493
622
641
676
820
905
985
1011
1045
1143
1218
1295
1351
1408
1483
1523
1742
1787
1852
1902
1930
2078
2256
2268
2398
2476
2585
2612
2646
2686
2725
2911
2924
3105
3126
3264
3304
3367
3498
3728
4071
4083
4182
4352
4370
4375
4397
4552
4594
4714
4744
4776
4778
4800
4868
4939
5142
5352
5405
5507
5638
5780
5825
5960
6060
6085
6111
6570
6834
6851
7505
7554
7640
7778
8240
8294
8325
8391
8467
8602
8760
8888
9101
9356
9508
9869
10842
11216
11259
11667
11931
11974
12077
12155
12436
12446
13203
13226
13627
13740
13922
14035
14231
14256
14394
14580
14752
14870
14909
14917
15195
15913
16104
16646
17160
17275
17394
17670
17690
18406
18441
18493
18593
18714
19034
19484
19664
19700
20177
20221
20288
20616
20884
21119
21721
22101
22115
22243
22580
22596
22759
22911
23014
23362
23450
23451
23626
23886
24164
24475
24819
25082
25669
26161
26326
26342
26612
27435
27749
27978
29600
29649
31488
33564
33959
34104
34618
35232
35667
36078
138
203
217
246
260
309
464
501
512
546
557
596
632
674
713
733
771
913
946
1091
1097
1129
1146
1178
1241
1347
1421
1547
1566
1579
1647
1653
1662
1663
1670
1841
1888
1893
1971
1976
2029
2234
2300
2305
2474
2558
2563
2768
2783
2918
3081
3122
3275
3315
3319
3336
3395
3465
3826
3943
3947
4060
4115
4156
4231
4254
4297
4306
4317
4395
4453
4535
4551
4686
4690
4692
4782
4832
4853
4854
4898
4911
5246
5285
5313
5336
5343
5419
5726
5745
5761
5928
5985
6002
6125
6128
6169
6250
6316
6372
6443
6491
6641
6855
6901
7030
7156
7168
7372
7385
7513
7802
7816
7964
7979
8021
8177
8206
8264
8546
8579
8776
8833
8884
9008
9344
9364
9366
9467
9580
9932
9954
10243
10443
10574
10843
10920
10934
11288
11299
11671
12136
12277
12326
