5038
588
893
566
273
5069
5022
140
95
1028
5030
458
1768
370
647
1139
5033
286
8344
887
543
155
613
90
80
823
2630
1806
2718
530
1672
195
1569
200
128
851
82
102
478
353
2666
114
1819
20764
1588
734
1528
1053
9129
516
554
136
7954
1330
1031
2348
1817
4746
76
184
4153
5036
2737
9137
342
78
443
2215
91
151
225
20805
4063
308
444
93
3311
147
878
8557
343
2753
33806
127
1725
3237
16625
106
133
5020
686
1507
4880
8556
213
2939
301
652
1304
416
360
1
1824
1365
929
1334
9135
520
56
4152
292
72
4876
910
4398
920
107
232
2015
5053
2323
277
880
74
1821
385
3027
314
316
5237
1202
22587
2111
9500
5050
390
6084
1161
1793
35675
1359
621
939
1371
2253
89
1970
1927
4093
2773
2720
13634
2715
802
919
2088
10815
960
5027
9044
4262
4183
6831
3844
5051
5042
879
875
144
5052
109
2736
1443
2728
81
2601
9132
13633
876
915
659
79
274
402
9861
5023
8560
4154
3161
1813
13637
2271
1470
8558
30172
4618
1000
6289
6917
13635
3174
2047
192
1233
922
620
5070
2637
8032
4621
449
4216
26576
4904
1833
3258
5853
5057
928
2947
4272
539
5021
4737
4755
918
54
1935
9130
406
8072
9131
950
1027
9504
442
11812
4124
8566
5028
10281
26142
287
1046
1323
13396
188
1252
7059
2186
8559
244
14862
101
1552
10893
1025
4224
391
26811
28825
30779
581
75
1112
10280
8565
4227
15198
9313
86
948
593
9752
5024
18722
22463
26911
1185
172
279
35279
775
3057
26854
585
2189
5150
1559
23043
386
3295
4256
1481
8194
24812
560
92
145
383
13267
2550
26990
5068
10601
46
815
5029
27605
255
1213
5830
23873
1087
1560
4232
9134
694
1401
409
1108
1208
8987
16202
889
5032
13266
4205
11547
13640
24464
53
592
2667
12110
6829
1050
1885
10959
18778
23648
239
5064
8678
819
716
1308
4757
924
1628
24890
707
5729
165
215
16201
22319
23946
28933
30513
1164
3742
454
5061
19467
121
3354
6009
3251
5557
21241
575
1234
4642
6828
8857
19815
403
4027
4480
8071
24810
773
1847
5046
5587
26897
438
1762
26856
1790
9754
233
958
1168
2723
457
923
1061
212
645
11744
280
473
1030
3058
6707
20374
764
1049
9239
14338
21255
492
1043
1259
5045
241
368
3334
20183
20963
2746
23960
26584
393
664
974
3318
1193
1316
10084
17278
32745
186
1461
22063
498
1063
25323
1765
3219
3906
504
573
1459
1572
6681
7990
9799
675
1783
3215
4132
5190
5614
9136
267
354
537
852
20966
26015
29813
290
636
1771
3266
4536
6069
12015
12512
23364
205
441
2264
3108
3128
16692
25158
521
614
1767
1936
3535
4677
5049
8350
10124
13577
14827
20919
25529
28097
112
264
898
4477
5518
6782
7578
7581
8271
11040
13744
20654
22118
22423
28509
153
425
822
2651
2741
3333
3733
6653
7657
678
1891
2160
2516
4121
6664
7324
12076
12116
13427
20157
21236
1236
1652
2828
3050
3313
4075
4197
6049
6231
8794
15264
16207
17181
30808
513
1118
4542
7720
9172
12844
13093
13366
423
448
824
1253
1354
3352
4160
4176
8694
19325
300
315
853
959
1082
1095
1207
2165
3246
4128
4545
5333
6357
7193
7517
11190
11818
26378
29012
175
452
766
2296
2573
4065
5742
5824
11165
14065
14144
16210
16797
20336
491
551
576
604
1037
2061
2294
3200
4142
4995
5881
11890
24811
281
528
723
1077
1126
1245
1350
5074
6022
7467
7638
11922
17179
221
477
1113
1439
2696
3626
3679
4538
6738
7140
7530
7998
13415
15247
367
419
1104
1137
1162
1310
1585
1922
2580
3065
4767
6518
13578
19720
26709
271
760
796
1487
1668
1831
2385
3949
4687
5041
7102
12676
13630
13987
18861
23371
83
254
615
666
782
812
1038
1101
1159
2091
4323
5174
6899
7523
10897
11394
11494
11680
22359
32840
295
364
526
735
751
971
1760
3253
4802
5202
6008
6202
6876
7651
8016
8629
8782
9499
10778
16017
16987
17824
18067
18384
19464
19912
24467
26699
30545
508
700
861
1048
1966
2263
4260
4651
5211
6982
7331
11191
11350
12329
13585
16782
24159
313
610
897
934
1051
1713
1778
2577
2937
2953
3033
3145
3604
4223
4486
5279
5963
5990
6785
6921
7516
7663
8315
10733
11016
11353
13628
14841
20205
243
727
1205
1384
2524
2782
4070
4263
4698
4736
5286
5943
13432
14171
14886
19840
20051
20669
24025
30184
27
510
561
753
1076
1103
1111
1332
1422
2510
3400
3461
6081
6320
6509
6671
9527
13256
16295
17925
20990
21680
23840
544
839
966
1217
2572
3039
3043
4577
5498
7927
8699
9358
10330
11204
14055
15666
17832
134
451
500
533
563
639
917
1188
1356
2383
2673
2679
2703
4560
5105
10245
10958
11692
16781
22201
26832
27728
196
408
471
531
1059
1198
1499
1798
2060
2144
2509
2697
2941
3271
4534
4878
5971
6048
6783
7155
7283
7428
7541
9079
12800
13658
13747
15990
18617
18880
20353
20692
23139
23869
24152
24743
25791
26163
235
340
420
505
525
726
817
1084
1132
1160
1189
1291
2579
3091
3197
3245
3356
3743
4191
4349
4639
4752
5141
5748
5883
6031
6198
6944
8029
14196
18748
19355
19721
27812
661
682
703
778
1057
1102
1106
1191
1324
1458
1478
2090
2269
2570
2740
2975
4504
4513
5071
5681
7484
10032
12363
14036
14057
20220
20652
23483
13
224
284
587
890
1153
1340
1387
1734
2951
4246
4426
4699
4760
5199
6258
6845
6909
7641
7848
8031
8169
8374
10928
13175
13424
16867
16978
19249
19826
23868
25504
25766
30683
156
242
446
779
1221
1527
1549
1807
2229
2503
2603
2642
2992
3080
3110
3370
3904
4451
4735
5170
5224
5500
5716
6193
6242
6872
7083
7459
7553
7721
11423
11527
13419
14893
15166
19284
22021
26435
26817
265
787
1300
1759
2121
2279
2299
2610
2751
2922
2977
3226
3427
3593
3635
3933
4288
5339
5907
6405
6833
6892
7547
8103
9501
17993
22385
23722
26033
26162
26863
28642
122
132
355
519
642
653
884
907
1055
1429
1472
1592
2590
2635
2770
3223
3241
3280
3297
4450
4517
4531
5118
5467
5833
6654
6734
6889
6976
7096
7235
7994
8524
8878
9021
10241
11077
11083
12542
13268
13409
13631
15003
16216
19876
20482
20820
20931
21426
21582
25080
34497
35732
296
324
331
357
481
545
556
580
657
1222
1416
1428
1683
1944
2218
2640
2652
3016
3038
3100
3795
3823
3845
4218
4335
4879
5276
5531
5787
6175
6560
7165
7531
7558
8005
10278
11117
11298
13205
14114
14577
15323
16288
17240
19711
20939
25595
29101
29818
291
293
307
418
475
502
522
633
724
871
1018
1068
1071
1145
1313
1546
1594
1619
1772
2168
2472
2708
2943
3112
3171
3316
3499
3518
3530
4378
5026
5799
5839
6015
6340
6997
7203
7405
8938
9175
9933
10181
10641
11522
12482
13756
14189
14285
15465
16203
16496
17512
18719
18808
19872
20280
20772
21581
22321
22341
22694
27149
27888
29851
30193
30340
30862
33954
34529
35115
169
171
400
549
595
599
623
673
813
1086
1302
1320
1696
2262
2515
2564
2620
2818
3267
3344
3418
3924
3969
4148
4490
4678
4680
4815
4884
5242
6255
6488
6786
7401
7551
7640
8220
9251
9534
10415
10620
11846
11925
12362
12421
12456
12896
13820
16461
16808
19125
19240
19901
20620
22354
22529
22738
22920
23317
24153
24650
24691
24780
26021
115
326
462
524
584
704
772
789
937
991
1034
1224
1615
1803
1818
2270
2288
2664
2700
2754
2760
3107
3476
3649
4139
4210
4237
4684
4872
4937
5277
5536
6582
7089
7544
7784
7993
8740
8767
8850
9474
9502
9589
10214
10387
11099
11115
11352
13022
13486
13972
14876
15146
16812
17642
18283
18590
24889
25826
26007
27233
27796
28014
30201
33056
230
252
358
372
493
547
562
744
769
863
946
967
1054
1056
1105
1180
1642
1686
1899
2018
2125
2303
2436
2491
2631
2680
2724
3236
3327
3330
3473
4140
4193
4220
4644
4766
5515
6003
6210
6706
6793
7120
7995
8044
8543
10359
10458
11631
11827
11864
13303
13979
14134
15201
15275
15331
16443
16622
16630
16983
19466
19715
19823
22975
23456
23687
25325
27148
29625
30834
118
312
382
590
602
972
1036
1083
1109
1305
1521
1602
1607
1663
1815
2489
2560
2565
2593
2599
2621
3001
3109
3129
3323
3438
3791
4057
4092
4259
4800
4838
5225
5315
5398
6144
6180
6702
7007
7107
7701
9521
9886
10112
10903
10969
11356
11952
12434
12562
13147
13748
15164
15165
15386
16085
16242
17284
18603
19126
19307
19548
20632
20958
21432
21580
21801
22525
22913
23288
23490
24426
28623
28873
5
113
143
362
548
681
696
712
731
830
842
1032
1120
1122
1130
1179
1210
1373
1517
1919
2254
2276
2320
2648
2785
2800
2916
3263
3412
3970
4059
4115
4119
4164
4392
4496
4522
4603
4827
4863
5215
5666
5676
6143
6305
6735
6986
7103
7128
7549
7700
7800
7941
8030
8340
8671
9300
9958
10247
10414
10484
10997
11227
13405
13665
13796
14156
14942
15281
15566
15913
16489
16503
16710
16822
16998
17020
17167
18000
18610
18826
19213
19685
19836
23140
25640
27152
27404
30329
389
564
579
654
688
874
1169
1430
1953
2595
2608
2615
3147
3276
3350
3378
4170
4358
4478
4499
4864
5075
5172
5384
5511
5645
5733
5856
6087
6523
6600
7082
7095
7113
7255
7259
7312
7571
7812
7821
8411
8582
8685
9910
10872
12020
14161
14241
14255
14594
14694
14870
15144
15187
16318
16616
18773
19258
20378
20626
20964
22544
23421
28901
35435
97
166
399
401
413
470
480
484
517
603
607
708
709
742
895
1042
1044
1196
1289
1307
1326
1409
1471
1486
1597
1797
1800
1871
1951
1960
1996
2386
2519
2528
2868
2935
2959
3310
3364
3379
3430
3443
3480
3729
3849
3899
4505
4640
4681
4703
4778
4791
4793
5926
5935
6072
6460
6517
7047
7186
7548
7611
7962
7999
8193
8223
8549
9121
9337
10960
10972
11252
12178
12608
12668
12770
12786
13174
13423
13731
13948
14141
14686
15601
18115
18600
19962
22446
22566
24357
25089
25658
26141
26711
34894
35263
154
174
180
183
245
339
378
631
684
1158
1190
1394
1406
1410
1413
1662
1835
1886
2076
2142
2566
2613
2936
2993
3035
3209
3549
4129
4144
4226
4510
4556
4697
4747
4776
5035
5217
5552
5769
6068
6131
6328
6436
7009
7032
7188
7195
7248
7268
7400
7559
8325
8354
8561
8876
8981
9038
9133
9211
9346
9361
9366
9761
9909
9967
10017
10363
10571
11214
11261
11453
11678
13883
13884
14039
14067
14155
14287
15282
16618
17098
17283
18033
18079
19026
19149
19382
19764
20448
20630
21319
22034
23034
23082
23369
23383
23676
24700
25326
26851
27208
27810
27952
27978
28619
30434
55
374
499
509
570
691
758
800
805
829
869
925
1099
1148
1176
1303
1411
1436
1455
1665
1691
1892
2011
2268
2290
2705
2793
2912
2963
3021
3127
3185
3188
3208
3259
3361
3437
3460
3514
3644
3915
4012
4238
4240
4459
4564
4587
5195
5248
5259
5471
5494
5920
6088
6092
6249
6274
6406
6893
7216
7545
7668
7997
8026
8056
8308
8326
8372
9292
9389
9917
10374
11085
11446
12687
14145
14396
15173
16853
17100
17153
17336
17921
18279
18310
19310
20237
20268
21284
21458
26866
27837
27871
28514
29885
84
119
146
149
178
269
336
405
770
860
867
885
969
1116
1167
1312
1318
1396
1464
1523
1578
1601
1616
1660
1689
1875
1898
1911
2039
2096
2178
2234
2420
2497
2507
2692
2886
2931
3292
3357
3386
3470
3492
3580
3673
3826
3959
4080
4133
4200
4236
4460
4497
4515
4623
4723
5246
5318
5351
5677
5700
5702
5713
5749
6790
7183
7512
7786
8085
8659
8695
9193
11033
11143
11297
11773
12082
12090
12323
12327
13161
13269
13735
14115
14840
15981
16031
17046
17072
17187
17748
18835
19260
20208
20471
20625
20659
21336
21401
21423
22115
22422
22743
23690
25124
27475
28617
28979
29197
29761
30448
33707
345
430
465
506
656
687
780
808
818
882
930
931
940
984
1092
1110
1215
1228
1265
1296
1297
1357
1425
1519
1654
1674
1856
1883
2066
2216
2250
2252
2487
2506
2518
2571
2622
2638
2686
2817
3032
3143
3294
3399
3546
3943
4049
4185
4498
4547
4549
4588
4645
4920
4921
5196
5300
5308
5490
5695
5964
6020
6109
6124
6500
6522
6794
6862
6903
6926
7106
7302
7385
7532
7975
7985
8489
9076
9101
9230
9357
9496
9921
9984
10015
10053
10248
10376
10379
10412
10487
10825
10826
10844
11243
11273
11598
11799
12350
12665
12886
13002
13724
13984
14126
14180
14296
14703
15512
15969
16098
16191
16727
16972
17040
17113
17289
17893
18009
18387
18989
19643
22541
22757
23373
24832
24869
26803
27170
27313
28631
29040
29169
33209
34752
35648
85
131
168
424
628
798
1026
1127
1292
1442
1667
1697
1763
1809
1880
1888
2298
2316
2576
2578
2583
2628
2668
2690
2837
2956
2972
2980
3066
3082
3115
3133
3141
3234
3244
3309
3368
3487
3541
3565
3688
3766
3836
4174
4178
4195
4230
4535
4544
4586
4615
4650
4652
4682
4691
4714
4726
5145
5210
5212
5368
5428
5460
5509
5705
5934
5941
5948
6018
6063
6176
6373
6376
6677
6811
6851
6951
7246
7292
7294
7382
7397
7437
7457
7468
7492
7520
7577
7736
7939
8081
8160
8166
8353
9113
9839
9960
10384
10443
10603
10841
10915
11048
11284
11669
11825
12409
12415
13265
13421
13743
14035
14175
14646
14880
16236
16737
16748
16844
17005
18657
18852
19374
20238
20288
21119
21488
22085
23786
24059
24167
25085
25928
26660
26812
27090
27876
28515
30244
33169
34751
177
228
229
261
426
429
594
611
618
719
733
776
792
820
900
1091
1094
1133
1149
1288
1328
1331
1390
1532
1647
1775
1788
1828
1841
1930
1947
2057
2251
2267
2559
2569
2633
2711
2722
2911
3075
3093
3210
3214
3247
3448
3552
3727
4014
4074
4084
4131
4136
4453
4530
4546
4616
4683
4700
4820
4847
5015
5090
5177
5415
5778
5782
5988
5998
6023
6056
6279
6307
6715
6803
6815
6854
6920
7105
7122
7177
7205
7303
7527
7802
7863
8001
8467
8529
8650
8668
8710
9174
9370
9751
9869
9896
9981
10065
10345
10441
10521
10827
10859
11031
11430
11718
11968
12180
12465
13113
13202
13404
13413
13414
13666
13746
13928
13983
14256
14402
17253
17268
17541
18759
18803
18991
19475
20052
20643
21136
21497
21854
22024
22117
22911
23030
23101
24182
26384
26529
26677
27721
27967
29883
32237
34069
535
558
577
606
626
736
762
794
837
838
945
951
1097
1098
1150
1197
1204
1287
1368
1508
1541
1657
1670
1781
1853
1909
2001
2099
2118
2176
2398
2430
2486
2568
2701
2792
2878
3111
3121
3137
3186
3324
3459
3596
3711
3767
3792
4079
4083
4221
4305
4317
4383
4390
4671
4688
4694
4706
4739
4787
4836
4991
5076
5100
5142
5168
5192
5214
5220
5365
5395
5400
5556
5696
5709
5745
5776
5916
5960
6024
6047
6060
6250
6271
6391
6447
6486
6550
6669
6789
6798
6918
6959
7156
7218
7515
7597
7655
7730
7748
7785
7888
7983
8038
8294
8335
8391
8521
8962
9449
9452
9548
10212
10367
11228
11619
11760
12397
13160
13973
14264
14701
14800
15395
16026
16498
17128
17185
17498
17565
18697
18757
18856
19462
19862
19877
20231
20257
20645
20928
20997
21328
23881
25082
25305
25488
26036
26372
27962
28611
28794
29283
29923
33038
34764
176
263
344
346
349
381
417
450
542
589
622
625
797
855
872
903
1045
1078
1093
1135
1163
1195
1211
1238
1344
1381
1392
1475
1555
1579
1939
2092
2098
2110
2424
2479
2493
2575
2623
2626
2646
2699
2706
2743
3008
3064
3105
3118
3157
3192
3196
3230
3342
3377
3388
3475
3721
3731
3802
3841
3968
3999
4060
4066
4146
4376
4396
4467
4629
4689
4716
4769
4858
4866
5025
5110
5148
5194
5223
5243
5456
5478
5507
5727
5987
5994
5997
6080
6085
6196
6283
6596
6641
6645
6800
6830
6890
6936
6998
7014
7131
7244
7269
7326
7538
7618
7679
7680
7952
7969
7991
8062
8212
8219
8553
8579
8602
8808
8912
9216
9268
9535
9721
9829
9922
9932
10040
10236
10405
10734
10797
10803
10842
10881
10934
11213
11230
11299
11679
11762
11937
12155
12169
12195
12417
12476
12514
12575
12587
12675
12720
13096
13154
13410
13627
13639
13671
13707
13737
13745
14152
14167
14229
14268
14275
14353
14838
14851
15179
15267
15286
15410
15513
15672
15697
16204
16296
16343
16573
16788
16887
16892
17117
17160
17421
17739
18184
18288
18472
18810
18866
18962
19221
19453
19454
19525
19647
19664
19744
20177
20611
20856
20918
20942
21027
21347
21350
21521
21637
21708
21721
21828
22207
22562
22776
23306
23351
24011
24063
24151
24186
24214
24475
24751
24944
25724
25744
26048
26320
26432
26818
26970
27194
27411
27490
27507
27719
27867
28041
28072
28103
28191
28593
28639
28719
28935
29296
29440
29849
30483
31417
31488
32875
32877
33003
33367
33860
34104
34401
34531
34618
35001
35390
35413
35481
35738
35761
35778
36078
36597
36608
138
217
223
322
373
459
466
523
546
555
568
578
638
660
713
768
845
914
985
1023
1073
1114
1143
1152
1166
1186
1255
1347
1432
1441
1448
1457
1467
1490
1596
1707
1716
1770
1786
1810
1823
2029
2049
2305
2306
2471
2511
2592
2604
2612
2790
3015
3036
3056
3138
3169
3319
3465
3608
3815
4071
4077
4087
4161
4203
4269
4276
4476
4539
4561
4594
4605
4744
4758
4852
4853
4868
4970
5102
5146
5270
5438
5638
5641
5761
5775
5825
5946
6111
6327
6836
6855
7168
7176
7187
7277
7451
7533
7535
7554
7605
7753
7815
7890
8021
8177
8206
8392
8648
8833
8884
8888
9008
9153
9258
9350
9467
9579
9953
9997
10305
10334
10929
11071
11194
11216
11648
11667
11704
11785
11809
11813
11934
12077
12200
12291
12436
12446
12559
12747
13200
13230
13674
13773
13822
13922
14001
14029
14269
14580
14752
14832
14974
15112
15120
15195
16222
16378
16700
16715
17085
17211
17337
17380
17501
17690
18020
18473
18493
18567
18601
18656
18721
18746
19259
19681
19761
19873
19921
20248
20439
20579
20608
20624
20668
20923
21415
21662
22016
22035
22243
22329
22352
22777
23023
23363
23450
23886
24221
24273
24377
24643
24670
24684
25669
25761
26072
26161
26388
26665
26672
26831
26849
27225
27612
27870
29288
29600
29660
35488
35735
88
142
203
384
404
557
582
596
745
795
804
909
1033
1070
1079
1154
1170
1175
1231
1351
1362
1367
1404
1483
1550
1586
1742
1756
1852
1894
1989
2046
2260
2494
2512
2596
2704
2725
2771
2783
2816
2841
2932
3005
3067
3151
3272
3290
3296
3317
3325
3369
3426
3489
3525
3650
3755
3786
3827
3846
4026
4126
4231
4241
4294
4352
4375
4395
4519
4529
4563
4572
4622
4835
4854
4938
4946
4947
5010
5088
5271
5274
5299
5301
5307
5322
5405
5476
5554
5660
5708
5928
5939
5977
5985
6033
6090
6189
6452
6528
6633
6924
6927
6957
7008
7074
7300
7308
7552
7604
7607
7816
7945
8417
8572
8684
8763
9417
9503
9578
9809
9954
9959
10096
10111
10174
10542
10613
10905
10941
11041
11413
11711
12148
12521
12708
12845
13226
13422
13740
14034
14222
14231
14394
14465
14568
14750
14913
15167
15260
15271
15330
15912
15953
16104
16198
16449
16632
16641
16691
17052
17116
17124
17236
17314
17582
18123
18474
18632
18645
18725
19130
19186
19786
20221
20618
20661
20720
20821
20884
20985
21026
21160
21339
21933
22032
22324
22403
22580
22596
23025
23044
23105
23197
23296
23362
23518
23626
23706
24230
24595
24695
24819
24872
26009
26332
26342
26713
27036
27725
27781
27869
27906
28587
29707
31633
32065
32676
34489
34508
34899
35005
35546
35639
87
99
398
436
455
467
497
515
527
662
670
680
737
828
865
936
949
1052
