5038
588
566
893
273
5069
5022
140
1028
95
5030
458
370
1768
5033
647
1139
286
8344
543
155
887
80
90
613
823
1806
2630
2718
530
195
1569
128
851
200
1672
82
102
478
114
20764
353
734
136
2666
1528
1588
9129
554
1053
516
1819
1330
4746
5036
2348
2737
4153
76
1817
4063
7954
78
184
9137
443
878
20805
91
225
342
2215
93
444
1031
147
308
151
8557
2753
3311
33806
3237
127
1725
106
343
686
301
16625
133
8556
213
1507
5020
2939
1304
416
4880
652
360
1
1824
1334
56
1365
520
929
292
9135
72
4152
4876
2323
232
1161
920
4398
107
385
314
910
3027
5053
5050
880
1821
74
2111
22587
9500
277
1202
2015
5237
316
1793
6084
939
390
35675
274
1359
1371
1927
2253
1970
4093
2715
89
13634
2720
879
2773
3844
2088
5051
919
6831
9044
802
621
4262
960
2728
6289
81
5027
4183
2736
13633
5052
79
876
402
4154
9861
1443
144
659
2601
9132
875
4618
10815
109
5042
5023
3174
2271
1470
13635
3161
1233
1000
915
30172
8558
192
1813
13637
922
2047
6917
8560
5070
1046
8032
928
4621
620
2637
5021
5057
4216
3258
449
4272
26576
950
406
4755
2947
11812
4737
383
1027
54
1935
188
287
386
918
10281
4124
9131
8072
539
9504
1252
8566
5028
1833
5853
1323
26142
14862
13396
9130
4904
2186
244
26811
22463
7059
1025
8565
1552
30779
75
10893
28825
4224
948
8559
581
10280
391
15198
172
9752
4227
101
5024
442
2550
9313
35279
3295
1112
593
775
1481
18722
279
16201
10959
26897
92
3057
24812
4256
5068
23043
5830
8987
86
1559
5029
26990
8194
1185
815
1050
255
1401
5150
10601
27605
26911
409
2189
5032
1213
23873
145
1108
13267
4205
9134
3354
13266
1308
560
53
575
24464
46
165
2667
18778
11547
215
23648
592
707
6829
13640
5064
1168
1560
12110
4027
8678
1087
716
694
26584
3742
4232
1628
24890
923
1061
23946
30513
5061
2723
28933
1208
4757
1164
4480
6828
438
585
4642
26854
1771
5587
3251
19467
19815
239
1885
368
9754
492
3334
645
5045
21255
5729
457
403
1234
22319
24810
1259
121
889
8857
9239
5557
186
819
1783
1030
3058
4677
20374
958
773
17278
25323
14338
21241
212
22063
264
1652
6707
20963
822
473
1790
1043
1847
20183
551
1762
205
454
2296
7990
32745
2746
23960
2264
11744
20966
393
521
8071
26856
3266
6009
1118
3128
824
1354
1572
14827
853
974
5046
280
441
4075
12116
29813
764
1063
1126
4536
861
1316
13744
6653
16202
5049
12015
3108
3318
4132
10084
20919
1459
14144
22423
25158
604
1104
7581
9136
1936
425
1767
3333
10124
13577
25529
28097
28509
241
678
3535
3906
5518
9079
20654
491
782
852
6069
6681
12512
7657
12076
11190
16692
293
614
8794
11040
13366
664
4477
4486
12844
423
6231
6357
21236
723
924
2741
16207
1461
4197
5614
6022
6049
8271
498
1111
2165
3733
5881
5971
7578
16797
26015
2651
5190
8350
20336
29012
354
666
1101
3626
8340
537
1765
6782
16210
26435
526
267
1159
2294
4995
5211
9799
30808
3215
4121
20157
4545
26378
1207
3065
15264
254
898
1077
17181
281
3050
3200
4193
8315
675
2061
3313
5074
7638
11890
1332
1713
2160
5742
23364
419
1095
1585
4128
1831
153
1137
7324
19325
573
1487
2696
6664
7998
12329
26709
448
2385
2828
11165
367
5824
7193
7517
15247
284
3253
4065
4160
6899
7428
233
1049
1245
1668
2516
4534
11818
17179
576
4070
11298
12676
505
700
1189
1217
1340
4191
13630
22118
224
300
1113
2697
5333
10897
11922
14065
26163
122
290
1037
1891
13578
528
587
636
1102
7459
18861
1527
8629
11680
13987
17824
19720
27
243
735
934
1778
3679
4542
4802
4878
5202
6008
6518
13424
16017
16867
16987
18067
18384
19464
19912
22359
24467
26699
30545
112
452
1038
2524
2937
4884
5286
5883
6671
6982
13628
1350
3352
6738
8782
10778
14171
504
1236
2515
2573
2679
4736
13585
1922
2782
11350
13093
462
639
753
1302
5963
14841
19840
20205
24743
615
917
5141
8694
9499
16978
20051
6202
7102
10733
10928
20990
134
2703
3033
3280
5174
11494
17832
23139
1499
2090
4260
6081
6509
6785
7720
420
477
531
1429
2579
2953
3219
4577
7651
13415
20652
1193
1734
2510
2580
2648
2740
4538
5041
6876
9172
14886
18603
30683
132
760
6242
7283
7927
11191
13432
21680
24025
26832
30184
446
1439
2263
2509
4767
9501
13747
14057
14893
16295
18748
340
3461
4349
5990
7663
9358
9527
10330
13256
17925
751
1076
1966
2144
3370
3823
4142
4323
5279
6198
6783
7140
14055
15323
18617
24159
6258
6944
7331
13268
14036
15666
23840
326
357
1071
1188
6320
10245
11204
24650
1048
1300
2262
4263
4451
4698
5071
5716
7516
7523
10032
11016
14196
175
1205
2610
4218
7541
13427
13658
24811
355
475
766
812
897
1132
1384
1944
2565
3039
7571
11394
11423
16781
20353
221
235
1198
1253
4176
6340
7467
8169
19721
307
563
1032
1190
2060
2613
3795
4752
7083
19355
295
313
1899
2091
4560
5170
6735
8878
196
673
839
966
1310
1324
2497
3197
5118
5943
7113
16203
20220
22201
27149
544
778
1106
1313
2383
2977
3271
4238
5199
5531
5552
6560
6833
8103
11692
12354
18880
20692
21582
24152
230
509
907
2668
3949
5105
5833
6405
12409
15201
16216
16782
23869
26817
118
580
642
925
1387
1880
2673
3530
3604
4335
4766
4879
7721
9021
10278
12800
13175
23722
27812
610
1059
1798
2572
2941
4681
5748
6031
6786
7530
8699
513
522
1051
1082
1797
3241
3743
5500
8524
11353
15990
20482
23082
23317
25504
25766
408
508
510
703
1549
2503
2577
4119
4450
4651
5907
13419
14577
14876
16622
25080
358
971
1055
1162
3145
3226
3330
7531
7784
10458
20632
500
682
726
1422
1615
1772
2276
2680
2951
3143
3400
4517
4678
5215
6909
7553
11083
16715
23868
26033
481
1084
1472
1607
2168
2692
3016
4223
4246
4513
7701
7993
7994
8031
11527
13631
16288
23483
603
661
830
1373
1592
1781
2270
2288
2943
3246
3267
3418
3518
6175
6715
7235
19901
20669
525
623
959
1160
1416
1807
3080
5398
5515
5645
6976
9534
13979
16808
19249
22385
25658
13
599
727
1105
1597
2620
2818
3223
3297
3593
3649
3791
4426
4735
5733
5787
6654
6872
11827
12350
12542
13205
16461
25595
26007
27728
27888
156
171
869
1103
1130
1289
1320
2254
2398
2436
3091
4680
7640
8740
13820
14189
16983
19876
29818
30201
34497
296
315
364
602
796
842
2642
2708
3035
3356
3427
4522
4639
5026
6048
7549
8005
8016
14134
14141
19711
28642
29101
30862
345
657
1122
2269
2640
3107
3109
3323
3499
3635
4392
4760
5681
5839
6087
6889
7551
7558
15465
18808
19872
20280
20772
22341
22694
29851
30340
34529
35115
556
874
1153
1356
1546
2564
3236
3245
3899
4210
4937
5276
5799
6003
6047
9251
9521
9933
11846
13405
16496
17512
19240
19715
20820
22021
28014
35732
389
967
1228
2229
2754
3263
3969
4699
4700
5467
7103
7547
7641
8029
10414
12482
15166
16503
17993
19466
19826
23140
24780
83
331
524
533
789
1057
1886
2491
3845
4378
4838
6144
6702
6706
7165
7995
10359
11117
12362
13409
18283
19026
19284
20958
22913
27475
27796
470
519
564
1034
1070
1179
1265
1521
2121
2303
3129
3688
4531
6488
6845
7089
7248
11099
11352
12421
12896
15164
15165
15331
17283
22738
25826
26863
166
691
991
1083
1191
1818
2096
4140
6068
6921
7848
8850
9175
10387
13303
13756
14285
15282
22525
22566
22920
29625
168
324
493
779
804
1068
1176
1594
1697
2751
2935
3364
5224
6143
6255
6460
6892
7096
8938
9959
10641
12363
15003
18590
22321
25791
349
362
382
1210
1291
2608
2724
2770
3473
4220
4358
4459
5339
6180
6193
6600
7047
7437
7484
10181
10903
10958
11077
12434
13883
14114
15566
21580
23676
23687
27233
28873
30834
424
937
1775
2018
2250
2635
3110
5225
5702
8411
11522
11631
11864
11952
13423
13796
16710
18719
27148
586
724
940
1042
1803
2299
3127
3549
4504
4556
5315
6131
6734
7401
7544
10112
10415
11115
11227
12456
13665
15386
19823
271
762
2507
2560
2570
3100
3476
7120
7548
7812
9292
13486
16318
17893
23490
26141
33954
561
736
805
1036
1169
1406
1411
1683
1760
1763
2595
2800
3001
3171
4148
4852
5318
5511
6015
6582
8671
9038
9502
9589
11446
19213
23421
24153
24889
400
413
772
808
1326
1619
1642
1951
2590
3169
3924
3994
4178
4200
4863
5212
6056
6063
7095
7397
13972
14145
14156
15146
15187
18826
19382
24691
149
242
430
471
712
885
1759
1953
2472
2912
2922
3438
4237
4644
5242
5259
5769
5948
8767
9133
9474
9910
11297
12178
13174
14838
17284
20237
23371
33056
506
515
607
1224
1425
1458
1478
1654
1919
2251
2279
3043
3727
3729
3836
4496
4519
4603
4740
4815
4820
5384
5920
6305
6998
7405
10969
13202
20626
20931
21426
22354
22529
23369
28901
951
2320
2489
2992
3310
3316
3379
3904
4498
4510
4687
5102
5856
6023
10620
11813
14694
14942
19126
21801
27837
312
499
548
558
590
1120
1960
2386
3032
3157
3350
3849
4697
4827
6523
7007
7255
11925
13421
15601
16242
16812
17642
18310
19307
24357
27810
154
174
180
451
570
704
708
838
1145
1221
1315
1396
1686
2066
2290
2936
2975
3344
4288
4706
5700
6794
7203
7526
7999
8354
9121
10374
12668
13147
17100
18773
19836
22544
26711
27404
131
562
594
787
871
946
1054
1110
1222
2216
3327
3378
3792
4476
4497
4505
5075
5076
6249
7468
7515
8341
8582
8981
10017
10214
10560
12562
13748
14161
16085
16998
17167
18000
19125
20964
21432
23288
25089
25326
27313
731
890
1394
1428
2125
2519
3104
3541
4080
4164
4293
4460
5471
6793
7611
7786
8543
9761
10571
11033
12090
14155
15281
16191
18033
19149
19548
23456
33707
169
378
681
845
867
1086
1170
1357
1800
1809
1835
2218
2654
2705
3185
5148
5172
5196
6803
8685
9300
10841
10872
11043
11598
12665
13022
13413
13731
16443
17748
18009
20231
20659
28623
29197
30193
35435
228
399
418
517
633
813
837
860
863
1018
1413
1892
2487
3214
3357
4074
4544
5277
5660
6373
6997
7082
7106
7205
7962
8308
9921
10484
10960
11214
11261
12327
16489
16616
16822
17020
17336
20630
23034
24832
113
339
653
800
1788
1828
1996
2576
2622
2784
2924
3480
3580
4092
4129
4490
4640
5498
7216
7382
7736
8220
8876
8962
9967
12786
13161
16630
20620
20939
21284
22565
28515
28979
29761
32840
322
884
1088
1116
1287
1312
1657
1660
2076
2599
2628
2652
2959
3112
4226
4478
4920
5248
5749
5926
5988
6436
7188
7975
8056
10441
10443
10997
12770
13948
14296
14880
15275
15981
17380
21458
22422
25640
28631
30329
119
269
677
1524
1696
1898
2518
2569
2615
2621
3437
4133
4259
4564
5192
5406
5696
5935
6210
6406
6790
6891
7259
7268
7277
7312
8193
8372
9357
9361
9958
11031
11453
12465
12886
14255
15969
21401
21581
22085
23351
24700
25124
25325
25928
26021
27090
85
265
502
555
1073
1436
1464
1674
2479
2690
2793
3147
3244
3294
3399
4161
4872
5632
5695
6124
7186
7400
9896
10241
10412
10844
10972
12082
13269
14115
14241
14686
16844
16853
18600
19962
20268
21336
22541
33169
183
745
758
1044
1099
1409
1815
1856
1939
2316
2566
2700
2868
2931
3292
3412
4012
4230
4236
4524
4588
5214
5776
6092
6328
6893
7074
7107
7176
8166
8695
9496
9909
11143
14126
16972
18610
19685
20378
20624
22975
27152
28614
372
405
595
770
817
1204
1303
1305
1390
2603
2711
3259
3324
3368
4136
4515
4615
4645
4652
4691
4739
4791
5223
5536
6283
6927
7155
7457
8546
9174
9346
9886
10053
11669
13265
14402
14701
15512
16031
17040
18279
20471
24221
24869
25864
26866
34751
35738
84
223
523
1097
1306
1517
1934
2593
2631
2638
2886
3188
4014
4684
5195
5246
5782
6020
6550
6926
7128
7700
8326
8374
9917
10065
10384
11284
11356
11773
13884
13984
14301
17072
23383
26162
26803
240
455
545
584
625
742
780
1148
1150
1154
1616
1689
1911
2057
2267
2268
2528
3038
3210
3276
3766
4017
4546
4688
5676
5727
5964
6072
6176
6274
6903
7559
8001
8044
8335
8884
9751
9984
11085
11299
11718
13002
13735
15173
18989
20177
20238
23101
23690
24751
26818
26970
31488
34764
35263
709
903
909
1078
1093
1296
1328
1367
2142
2178
2837
3141
3234
3247
3487
4453
4572
4601
4616
4778
5015
5168
5351
5415
5460
6901
7156
7532
7535
7545
8081
8529
8602
10405
11678
13707
13743
14594
14870
14913
17253
18387
18656
19260
19310
20052
20448
20942
23025
23105
27208
27721
27871
35390
99
143
336
429
527
699
829
930
1109
1307
1578
1662
2633
2993
3021
3230
3460
3470
3815
3933
3966
4139
4499
4530
4650
4689
4703
4776
5217
5507
6522
6674
6862
6898
7177
7195
7552
9389
9960
10247
10363
10376
10915
11968
13724
14039
16098
16618
16788
17268
18697
19475
20288
20616
21319
22034
24426
24695
26660
26812
27952
28514
28611
30448
35648
291
549
769
873
1297
1442
2118
2583
2760
2816
2910
3015
3138
3186
3386
3546
3673
3748
3968
4057
4059
4071
4376
4623
4723
4728
5090
5395
5428
5705
7302
7520
7527
7668
8030
8038
9193
9211
9230
10367
12415
12608
13404
13410
14180
14446
15913
16472
17921
18079
18991
19259
19764
20618
21136
22207
23030
23786
26036
26090
26713
27170
29040
29885
178
374
547
578
654
670
696
1056
1430
1471
1486
1596
2256
2424
2512
2971
3115
3492
3767
3841
4170
4671
5478
5934
5941
5998
6205
6517
6811
6836
7218
7615
7800
7821
8489
9548
9981
10248
11252
12195
12200
14256
14396
14703
17005
17046
17240
18852
19374
19525
20923
24059
25507
29923
33209
219
229
559
688
1079
1090
1292
1457
1523
1601
1665
1716
2471
2559
2578
3081
3192
3317
3596
4083
4185
4726
4921
5035
5210
5368
6250
6271
6789
7246
7292
7939
7941
9076
9370
10174
11273
11799
11825
12318
13113
13154
14229
14268
15144
16748
17098
21026
21350
24063
27867
27876
27962
28719
32237
34894
146
346
546
656
687
744
792
797
882
969
1180
1238
1318
1515
1930
2234
2420
2706
2717
3514
4305
4383
4390
4714
5088
5145
5243
5509
5666
5713
6080
6088
7105
7597
7985
7991
8579
8650
11430
11619
11934
12675
12687
15395
16498
18056
18115
18567
19018
21497
23706
27563
27719
29169
5
263
401
479
480
1163
1167
1171
1538
1823
1883
2099
2211
2699
2701
2790
2878
3093
3133
3443
3565
3959
4306
4396
4611
4866
5287
5308
5490
5494
5556
5916
6447
6918
7294
7748
8264
8659
8684
9549
9839
10334
10379
11048
11760
11762
12169
12446
12476
13923
13983
14067
14287
17128
17185
17582
19186
19643
20579
21328
21347
22743
22757
25488
27967
30434
404
465
733
1023
1033
1091
1143
1146
1519
1541
1852
1875
1976
2308
2646
2960
3644
3943
4103
4146
4240
4587
4947
5314
5778
5977
6060
6854
6855
6890
7785
8160
8177
8219
8325
8353
9869
9932
10015
10826
11194
11671
11704
12436
12757
13096
13746
14175
14219
14231
16236
16481
16737
17187
17289
20625
20856
20928
21398
24167
26612
27435
28587
28677
29283
97
245
384
467
484
719
794
984
1158
1196
1894
2011
2092
2098
2300
2623
2785
2817
3417
3970
4049
4115
4174
4289
4747
4787
4800
5100
5158
5220
5761
6316
6500
6815
6920
7009
7184
7303
7538
7815
7997
8186
8212
9113
10603
11667
11679
12514
13422
13666
14851
15513
16573
16640
17116
17153
18184
18803
20221
20290
20643
20821
21854
24377
26677
27194
33860
35546
176
459
628
784
855
931
1152
1643
1845
1888
2053
2781
2956
3105
3208
3388
3721
3786
3826
3915
4087
4521
4629
4769
4853
5110
5264
5307
5343
5450
5709
5843
5987
5997
6109
6196
6376
6830
6936
6951
6957
7183
7269
7451
7510
7605
7680
7802
7983
8391
8553
8648
8698
8808
9101
9268
9449
9535
9721
9922
10040
10487
10797
12417
12521
12587
12720
13414
13627
13671
14035
14167
14353
15112
15286
15410
15672
15697
16296
16646
17037
17113
17211
17314
17500
17541
17565
17739
18810
18962
19221
19453
19647
19744
19862
20645
20884
20918
20985
21027
21521
21637
21708
22562
22776
23306
24151
24186
24214
24944
25085
26320
26432
27411
27507
28041
28103
28191
28593
28617
28639
28935
29296
29440
29849
30483
31417
32875
32877
33003
33367
34401
34531
35001
35232
35413
35481
35761
35778
36078
36597
36608
557
1133
1186
1288
1532
1667
1707
1742
2496
2575
2612
3036
3066
3285
3296
3430
3680
4275
4812
4826
4946
5638
5946
7032
7244
7969
8062
8085
8572
8760
8912
9452
10803
10881
11213
11564
11809
12155
12747
13160
13272
13569
13922
14275
15267
16026
18288
18473
18856
19258
19786
20208
21101
21721
21828
22035
22047
22352
24182
24643
25724
26332
26372
26665
29883
35488
137
541
626
631
660
872
936
1052
1166
1195
1197
1395
1467
1723
1770
1895
2046
2257
2430
2486
2766
2854
3118
3325
3342
3361
3711
3793
3802
4144
4221
5142
5193
5299
5779
5780
5928
5994
6085
6645
7237
7512
8467
8833
9337
10345
10734
11937
12148
12323
13230
13928
14170
14269
14646
15260
15380
16343
16691
16892
17337
17421
18088
18714
18757
19681
19835
19921
20248
20318
22115
22329
22446
23363
23392
23450
23518
23881
24693
24911
25744
25804
26072
26384
26831
26851
27490
28619
29288
29707
116
252
488
579
596
616
684
713
803
895
914
1127
1339
1432
1483
1566
1602
1656
1670
2071
2176
2493
2511
2594
2664
2916
2963
3064
3435
3448
3552
4097
4131
4716
4793
4991
5365
6128
6150
6327
6800
6851
6864
7122
7505
7816
7863
7989
8240
8294
8440
8561
9153
9953
9997
11050
11113
11243
12020
14394
14528
14580
14909
16700
17236
18472
18601
18657
19664
19877
20257
20611
24011
25082
26849
27781
28072
28794
30187
32676
142
388
426
618
798
905
1092
1175
1255
1380
1388
1438
1490
1663
1810
1871
1918
2029
2571
2618
2619
2725
2911
2972
3028
3067
3122
3377
4395
4529
4578
4586
4682
4745
4939
5025
5177
5677
5708
5722
5939
6024
6307
6641
6960
7014
7078
7607
7655
9366
9579
10111
10799
10859
13417
13740
14001
14002
14228
14427
14917
15271
16204
16887
17124
17394
17498
20608
20668
21662
22580
23135
23197
24872
25669
27870
28636
29504
29600
31487
32065
55
138
185
375
466
611
641
828
900
985
1142
1218
1389
1408
1669
1764
1841
1853
1909
1947
2783
2814
2980
3345
3525
3827
4162
4370
4440
4547
4549
5271
5285
5301
5303
5400
5456
5785
6279
6391
6677
6986
7385
7492
7683
7711
7986
8668
9008
9258
9417
9578
9829
10708
11286
11648
12180
12696
13639
14974
15195
15839
16104
16151
16198
17085
17481
17690
18020
18090
18441
18593
19484
22226
23362
24595
24685
25466
26761
34104
34752
108
115
203
299
398
638
674
1081
1129
1165
1174
1344
1410
1441
1547
1691
2039
2588
2596
3114
3151
3160
3625
3650
4173
4352
4512
4539
4600
4625
4868
4938
4952
4970
5300
5405
5698
5809
6135
6486
6958
7513
7521
7679
7730
10798
11041
11071
11228
11259
11786
11974
12708
12971
13674
15300
16641
16813
17670
17818
18612
18721
20223
20956
22016
22243
22777
22787
22857
23058
24475
24670
26040
26529
318
436
622
776
933
945
949
1241
1366
1404
1937
2070
2110
2265
2488
2494
2748
2841
3005
3111
3272
3367
4195
4397
4559
4594
4643
4836
5010
5017
5320
5476
5960
5985
6026
6125
6443
6750
6869
7372
7388
7477
7604
7890
8026
8303
8710
8763
9344
9954
10096
10521
10825
10855
11014
11049
11229
12077
12102
12192
12202
12355
12575
12674
13201
13203
13967
