0.928385104888
0.91164791245
0.895849367923
0.882027296575
0.8713573299
0.863121675628
0.855089811949
0.847040911408
0.840498606994
0.832302402426
0.82689641191
0.818874437079
0.81249546952
0.804224582483
0.796366862229
0.791079048204
0.78255048921
0.775844555538
0.770000404855
0.764489626722
0.759464108491
0.754919203426
0.750439335063
0.745511567409
0.741315241596
0.731995095639
0.728444789564
0.723438490646
0.718399185452
0.714330183402
0.709272921864
0.705528958888
0.701496628717
0.698021183019
0.694702776949
0.691194876313
0.685139256823
0.681998689726
0.676618742427
0.673059602621
0.669655436247
0.667035254367
0.662486681938
0.659350351157
0.656509942481
0.652908178815
0.64807394832
0.644971966049
0.642305429534
0.640024233984
0.636894214522
0.633819131538
0.631034346312
0.627926597015
0.625905853009
0.620845641021
0.617623199405
0.615246641822
0.612177982891
0.609487557427
0.607681787536
0.605001296718
0.602372802499
0.599704043018
0.59708705643
0.59415559778
0.592052988063
0.58986299045
0.587222190657
0.584904916841
0.582773459659
0.580600664486
0.578657646755
0.576042016493
0.574196580239
0.571994960499
0.569484017452
0.565594029269
0.563364425182
0.561050329044
0.559095949883
0.556746347954
0.554269200317
0.552150258324
0.549903342587
0.547309739409
0.545379467618
0.543583864886
0.541223502185
0.539478356535
0.537823075396
0.536170337807
0.534346602766
0.53265590567
0.530319417825
0.528462542636
0.526178317372
0.524844533005
0.5223107984
0.520425169103
0.517304418455
0.515427873018
0.513427170928
0.511939774738
0.510200181217
0.508125082014
0.506645399267
0.500753158908
0.498781142227
0.497482583579
0.496269325494
0.494640078764
0.493388605759
0.491764114976
0.489768376686
0.487652388664
0.486244260029
0.484342434089
0.483145321565
0.481578953747
0.480590963761
0.479316313438
0.478043371734
0.476731126526
0.475338858096
0.474193805583
0.472805253838
0.471459468631
0.47027839598
0.468692405474
0.467393082352
0.465974023845
0.464638009468
0.463707983915
0.46229452862
0.461124997069
0.460117974486
0.458790388705
0.457545049111
0.45610095142
0.454939304174
0.453219673302
0.452341064827
0.451582957973
0.450785632165
0.449630787685
0.448636405354
0.447087417882
0.445739256462
0.442891488398
0.439188960294
0.438245498309
0.437420792335
0.43612645415
0.434873159793
0.433934346306
0.43303559199
0.431786741802
0.430929181037
0.42956667427
0.428711327664
0.427818009219
0.426848065413
0.425879245419
0.423289594962
0.422517674722
0.421669377486
0.420360132048
0.419783136963
0.41905283831
0.418399950631
0.417287430562
0.416559305553
0.41399715328
0.413043025642
0.412242419992
0.411252268692
0.410187292246
0.408592797401
0.406925415017
0.40609293395
0.405223513261
0.404581516702
0.403902288119
0.402771605614
0.402018643991
0.400852985895
0.400289538214
0.399351379991
0.398264510333
0.397927493317
0.397141690994
0.396431372606
0.395796363767
0.394975342772
0.394453319395
0.393745410687
0.392517506044
0.391774188425
0.390475154183
0.38980788945
0.388845076043
0.388142228015
0.38751389864
0.386922991527
0.386295650333
0.385631966653
0.384159363222
0.383534283745
0.382836253316
0.381845448514
0.38122223971
0.380306703944
0.379721331345
0.379246039557
0.378515439694
0.377639644274
0.376619178213
0.375636460283
0.375091037644
0.374691309056
0.373928784455
0.373457145939
0.373130798099
0.371971660936
0.370958869564
0.370200165574
0.369658704463
0.368937391029
0.368000765278
0.367532869868
0.367029317183
0.366454254421
0.365987343669
0.365484860191
0.365126149009
0.36466008552
0.36419432148
0.363585731049
0.363156416944
0.362691612901
0.362262828996
0.361834298741
0.361227663533
0.36065716472
0.360193968892
0.358877589532
0.358664297613
0.358202384129
0.357634303803
0.356712146701
0.356145260647
0.355791162733
0.355790283764
0.354905837804
0.354411018447
0.35402247162
0.353845929083
0.353210789896
0.352083255124
0.351520041718
0.350851829319
0.350850450094
0.350323336092
0.349796634271
0.349165114889
0.3482889478
0.347833763102
0.347204045695
0.346644781487
0.346016096297
0.3441698621
0.343786971327
0.343404304261
0.343195660839
0.342465987506
0.342084046162
0.341737011711
0.341459510976
0.34069702865
0.340004661322
0.339658683749
0.339312882322
0.339001811642
0.338483703995
0.337276884054
0.336966755757
0.336828963625
0.335934184928
0.335555912709
0.335418409457
0.334559897503
0.33452557013
0.33418240385
0.333976582292
0.333222563791
0.332914299121
0.33264040586
0.332092983961
0.331409374622
0.330214788035
0.32909058771
0.328716185424
0.328138031296
0.327730203505
0.327458452182
0.327186813593
0.327017096722
0.3266438799
0.325762787763
0.325525714345
0.325085685265
0.3247812095
0.324375477849
0.324105121604
0.323564791352
0.32315981713
0.323024878566
0.322418012607
0.321576151754
0.321306966881
0.321105150887
0.320500137986
0.320164248306
0.319862088863
0.319627173235
0.31935880392
0.319023507853
0.318822410535
0.31831995524
0.318018676528
0.317851355246
0.317516862406
0.317215957124
0.316814977898
0.316347498194
0.315780333828
0.315113740213
0.31301926845
0.312388740771
0.31225607097
0.312057122637
0.311526913745
0.311394427137
0.310500981867
0.310203423363
0.309972083503
0.309542691894
0.309245589609
0.308882682624
0.308487000114
0.307992772608
0.307992624645
0.307729187424
0.307334244728
0.307071091101
0.306742308921
0.306512263736
0.306150938543
0.305921117064
0.305265011194
0.304707929437
0.304085821546
0.303856776871
0.30326829353
0.302974217437
0.302484474614
0.302190798373
0.30192986595
0.301799436729
0.301603845742
0.30147348698
0.301343156401
0.301147713377
0.300691945634
0.300399125463
0.300203988934
0.300041423599
0.299813906112
0.299554002383
0.29929420258
0.299229269804
0.298774981689
0.298159125227
0.297835158884
0.297608479853
0.297446619103
0.297317162209
0.297090680462
0.296864285026
0.296605658357
0.296250249916
0.29470287242
0.29441299213
0.294187623626
0.294187308325
0.293897679923
0.293704667716
0.293511718922
0.293415268305
0.293254554267
0.292997504107
0.292804787826
0.292644241126
0.292323281599
0.292322608721
0.291777404503
0.291777342851
0.291520939148
0.291264649939
0.291072506133
0.290848416451
0.290240689137
0.290016920041
0.289729363119
0.289505801875
0.289378085306
0.289122743764
0.288899411511
0.288739937542
0.288421125237
0.288357383209
0.288166201161
0.287943238815
0.287911393342
0.287338550023
0.28711590474
0.287052307152
0.286797994303
0.286512024459
0.286099222299
0.286003997659
0.28543314303
0.28543310604
0.285147819642
0.284957705041
0.284767653852
0.284767312128
0.28464064539
0.284324138839
0.28388132665
0.283723244236
0.283533608752
0.283438812148
0.283438408773
0.283343628022
0.283185697094
0.283090958618
0.282396863295
0.282270724996
0.28201853471
0.281892480961
0.281829464655
0.281703453181
0.281608964833
0.280948016703
0.280727860366
0.280664974409
0.280476362334
0.280130759953
0.280005128955
0.279722588677
0.279346072635
0.279220617784
0.279063844136
0.279001144894
0.278813091203
0.278499843356
0.278061637391
0.277873899001
0.27765495455
0.27731108897
0.277092366463
0.276343549559
0.276156394214
0.275906955331
0.275782275523
0.275719946188
0.275439558416
0.275346125183
0.275097052685
0.274941436318
0.274164316242
0.27407110143
0.27407106444
0.274070995743
0.273977795023
0.273791442904
0.273636196445
0.273636159454
0.273387861999
0.273387814439
0.273232682474
0.273139624433
0.273077594546
0.273015571705
0.27289154716
0.272798547247
0.272674572024
0.272457688483
0.272364762551
0.272302820737
0.27205513451
0.272055064051
0.271931257928
0.2715909734
0.271096421785
0.270663989892
0.270417043478
0.27041696069
0.270231822218
0.269985080134
0.269830918735
0.269553551871
0.269399512013
0.2693379084
0.269122354763
0.268937667226
0.268845345476
0.268845165807
0.268845128816
0.268814357835
0.268783588615
0.268414532366
0.268291559415
0.26810715195
0.267984247695
0.267892088
0.267615704032
0.267492912511
0.267370150934
0.266787594913
0.266695641308
0.266297395871
0.265502009433
0.265471430452
0.265410277773
0.265318563727
0.265104627113
0.265012964149
0.264799150837
0.264768612369
0.264646476112
0.264585418552
0.264310796046
0.264219272238
0.264127764283
0.263944794172
0.263822848153
0.26357904771
0.263487648966
0.263487604929
0.263274420459
0.26293956828
0.262665756047
0.262483293237
0.262422485804
0.261814917022
0.261572046631
0.261450650188
0.261359621351
0.261329281928
0.261268608367
0.261238274229
0.26111695529
0.260965348011
0.260117415398
0.260026619074
0.259845073985
0.25957288582
0.259361277858
0.259210181403
0.259149754446
0.259059127223
0.258576086763
0.258274402915
0.258123623523
0.258033175968
0.257942744267
0.257852328419
0.257761928424
0.257551058514
0.257400490498
0.257370381827
0.256858847956
0.256738552427
0.256467998898
0.256317746183
0.256107468125
0.255777252115
0.255687216743
0.255567196001
0.255267270093
0.255117371432
0.254997484561
0.254608067572
0.254548179623
0.25448829872
0.254338629049
0.254189003415
0.254069333204
0.253949691177
0.253830077334
0.253710496958
0.25362082797
0.253620658869
0.253590772142
0.253441364929
0.253381614374
0.253112850491
0.252814411257
0.252695066917
0.252516100609
0.252069041534
0.252039246403
0.251979661426
0.251562820234
0.251503291623
0.25132475335
0.251176017254
0.251086795677
0.250967858235
0.250848948976
0.250759785528
0.250522100881
0.250462695573
0.25040329731
0.250314213127
0.250165774718
0.250106411685
0.24995803845
0.249809705729
0.249661418806
0.249424259075
0.248950323613
0.248831893472
0.248269921896
0.24821078433
0.248092530335
0.248033413907
0.247767496546
0.247619817327
0.247560757266
0.247324606853
0.247147560538
0.246882118773
0.246764181841
0.246705223944
0.246469473383
0.246410550715
0.246322179924
0.24611605011
0.246057169717
0.245733474639
0.245439384454
0.245321792769
0.245174844557
0.244969188576
0.244910445577
0.24476362419
0.24461684684
0.244088848584
0.243737193818
0.243649303907
0.243649168274
0.24350272384
0.243385602465
0.243385584851
0.24335630759
0.243268486375
0.243151421367
0.243005124896
0.242888118017
0.242800381352
0.242654192331
0.242624959106
0.242624941491
0.242624793529
0.242420217323
0.242157326155
0.242011332655
0.241982138183
0.241777836766
0.241719477766
0.241544448325
0.2414277955
0.241427714472
0.241194495132
0.24104878699
0.241048647834
0.240873859714
0.240670021561
0.24055357835
0.240495367313
0.240495333845
0.240378932908
0.240117144415
0.240000835074
0.239797363306
0.239797264664
0.239390631144
0.239390569493
0.239245407403
0.239245245349
0.239245115001
0.239245070964
0.239099958196
0.239041923305
0.238751872152
0.238664885871
0.238606903824
0.238490960867
0.238461979532
0.237796048226
0.237767109166
0.237651370539
0.237362161365
0.237073151237
0.236726564198
0.236611079222
0.236120684658
0.236005347644
0.235890044098
0.235861221294
0.235659510988
0.235659484566
0.235313975542
0.235054987773
0.234911148542
0.234767351585
0.23476729698
0.234652292883
0.234307453214
0.234106410502
0.234020275006
0.233217680666
0.233131708986
0.23304575316
0.232959814948
0.232931171814
0.232730724476
0.232530368734
0.232415917735
0.232301491398
0.232215688819
0.232215635975
0.232101258958
0.232044080137
0.231758318145
0.231729748992
0.231615489993
0.231444157862
0.231387060069
0.23127288562
0.230048734653
0.229934893121
0.229764186308
0.229565107626
0.229536674105
0.229479812348
0.229422957637
0.229224023395
0.229110389715
0.229025178987
0.228968380643
0.228798038453
0.228712885853
0.228627749107
0.228626785587
0.228286451738
0.228173050572
0.228172552078
0.22817251861
0.227945797304
0.227860803236
0.227747504234
0.227634236938
0.227577611217
0.227407793943
0.22726631507
0.2270965982
0.226955214446
0.226842140911
0.226842001756
0.226841899591
0.226841834417
0.226757048202
0.226644022226
0.226615770136
0.226474537868
0.226389818589
0.226220434634
0.226192208966
0.226079325669
0.225938264263
0.22591005621
0.225740850163
0.225656268277
0.225656074516
0.2255996954
0.225515139936
0.225402425739
0.225317907266
0.225233404646
0.224839332112
0.224811192756
0.224811168095
0.224726760594
0.22416471856
0.224080434361
0.223883841102
0.223743463144
0.223743408539
0.223687268981
0.223546950912
0.223546808234
0.223490693336
0.223378484679
0.223238265252
0.223154153677
0.223070057955
0.222985978086
0.222789863944
0.222733844166
0.222621827508
0.22248184764
0.222397878743
0.222397760725
0.222369774616
0.222229872252
0.221950233102
0.221838411967
0.22158694388
0.221475216102
0.221391437443
0.221279762509
0.221279748417
0.221056498952
0.220972799559
0.220805450093
0.220693917838
0.219858815715
0.219441620468
0.219386023441
0.219219279918
0.219163711074
0.219135929294
0.219108149276
0.218941516725
0.21860849999
0.218553008651
0.218331150741
0.218331103181
0.218247921658
0.218137039382
0.218026185289
0.218026132445
0.217998422886
0.217389533006
0.217389515392
0.217278849775
0.216643404094
0.216532930477
0.21633967695
0.216256877664
0.215402815163
0.215265126957
0.215182533762
0.215099954659
0.215017391408
0.21479730553
0.214742300353
0.2146598058
0.214604818239
0.214549837723
0.214357461404
0.214302512595
0.214192637875
0.214110249009
0.214000421849
0.213780871455
0.213588845667
0.213533995499
0.213424321586
0.213342080684
0.213122854398
0.213095458379
0.212821623246
0.2127394986
0.212657389807
0.212656783864
0.212219204979
0.21213719835
0.212082534898
0.211836659453
0.211754725045
0.211563613455
0.211454446843
0.211154380018
0.211099843391
0.211045313809
0.210990791274
0.210854521045
0.210718294852
0.210636577104
0.210554875208
0.210473190928
0.209929212687
0.209766103061
0.2097660784
0.209603046278
0.20952154519
0.209467219938
0.209304291742
0.209222848781
0.209114282828
0.20906001042
0.209032876858
0.208761701534
0.208680364261
0.208463579362
0.208246882536
0.208192722862
0.208165645667
0.207651640465
0.207570519852
0.206733916964
0.206625999228
0.206518109676
0.206491141692
0.206410248308
0.206356328192
0.206329370776
0.20622156049
0.206086836825
0.205952157196
0.205709861042
0.205602211049
0.205252640093
0.205198871464
0.205037611372
0.204715337794
0.20463479318
0.204581105577
0.20452742502
0.20447375151
0.204339598558
0.204312773252
0.204285949708
0.204205489643
0.204151858407
0.203937430345
0.203616014599
0.203562460867
0.203482145243
0.203455376304
0.203375080055
0.20332155803
0.203187787316
0.203187676344
0.203080690422
0.202973732683
0.202946997212
0.202893531553
0.202733180376
0.202626314234
0.202546181801
0.202492768987
0.202332578103
0.202252503799
0.201825726199
0.201692446932
0.201612499453
0.201532569589
0.201426020509
0.201399387203
0.201346125874
0.201266247092
0.201213003378
0.201133151018
0.201000104265
0.200787328453
0.200734148152
0.200680974896
0.200601228224
0.200521499166
0.200468354094
0.200282401827
0.20020273442
0.200149631623
0.200043452451
0.199990370791
0.199937296178
0.199857697468
0.199751592277
0.19969854937
0.199221719825
0.199168747376
0.199089301914
0.199062823616
0.199036347079
0.198824610531
0.198507249671
0.198427936318
0.198348638818
0.198163676493
0.198058022237
0.19797880048
0.197952396163
0.19763577864
0.197556639672
0.197451150993
0.19739841458
0.197319323171
0.197266604373
0.197240247616
0.19721389262
0.197187539386
0.197187414323
0.197082019001
0.197055674574
0.195298388927
0.195245941394
0.19521972027
0.195062435798
0.195036227004
0.195010019971
0.195009981219
0.194957572438
0.194878974239
0.194774198952
0.194460105604
0.194407770804
0.194329281816
0.194041687903
0.193963274657
0.193832623492
0.19375425076
0.19370201108
0.193388784371
0.193206159506
0.193153993807
0.193101835153
0.193049683546
0.193023610384
0.192945403229
0.192554677474
0.192502599848
0.192502545242
0.192398412889
0.192268288401
0.191904238227
0.19187824257
0.19174829599
0.191644371489
0.191410648371
0.191410597288
0.191410436995
0.191280643663
0.191202790562
0.191124951553
0.191047128397
0.1909952551
0.190917460128
0.190865604446
0.190761915981
0.190761827908
0.190735909755
0.190684078733
0.190606347174
0.190554533767
0.190373259943
0.190321478243
0.190243820664
0.190114425422
0.190062678951
0.189985074216
0.189700684403
0.18959731124
0.189597237258
0.189571398371
0.189571139436
0.189467803264
0.189364495274
0.189261215469
0.189003147183
0.188874178215
0.1887968148
0.188771030518
0.188590607481
0.188487539051
0.188333004222
0.188127043507
0.188075568301
0.187972644311
0.187689765832
0.187638350516
0.187509848335
0.187509607014
0.186842366942
0.186791067882
0.186739775868
0.186662851058
0.186611576659
0.186560309305
0.186355336771
0.186278491226
0.185996923275
0.185971330993
0.185766675522
0.185613253937
0.185408786942
0.184796104635
0.184668578304
0.184617578693
0.184515600607
0.184439135539
0.184362688085
0.184260780458
0.184184368233
0.184133435557
0.184107971862
0.184006139978
0.183955231962
0.183929780597
0.183853437069
0.183726243654
0.183675374391
0.183624512174
0.183573657002
0.183548232059
0.183471967797
0.183446549899
0.183395719388
0.183141691896
0.183090903661
0.182963969181
0.182938586512
0.182862449075
0.182507417587
0.182456717424
0.182456671626
0.182456324618
0.182456292912
0.182456277059
0.182354897871
0.182304218845
0.182253546866
0.182228213518
0.182202881932
0.182025627765
0.181974994538
0.181848444057
0.181696650063
0.181671355467
0.181646062633
0.18159548225
0.181519624886
0.181367968286
0.181367936579
0.181317394948
0.181266860363
0.181241595712
0.181165812329
0.181115298882
0.180989051372
0.180938562584
0.180938522071
0.180938511502
0.180787090938
0.180711404435
0.180635733786
0.18058529432
0.180509648331
0.180459226479
0.18045920358
0.180459177158
0.180005937114
0.179880071841
0.179729098688
0.179678786047
0.179603330296
0.179603279214
0.179602904023
0.179100434636
0.179100372985
0.17910034304
0.179050118472
0.179050086765
0.178974764886
0.178874358025
0.178874331603
0.178799044952
0.178798706752
0.178798616917
0.178798549981
0.178648031286
0.178648015433
0.178648004864
0.178647962589
0.178522574673
0.178522537682
0.178447325013
0.178322011078
0.17822178917
0.177971385006
0.17792131897
0.177846233126
0.177646092282
0.17742106198
0.177046337345
0.17682170161
0.176721902453
0.176472560451
0.176397782863
0.176323019367
0.176298101725
0.176273185843
0.176198450531
0.176148634622
0.176098825759
0.175974339711
0.175949446729
0.175750382139
0.175377547553
0.175327847901
0.175253311633
0.175228469734
0.175153956365
0.175029803234
0.174980152902
0.174856059661
0.174533669826
0.174409736878
0.174285846204
0.174161999567
0.17416197843
0.174087690528
0.174087602455
0.174062843344
0.174013330407
0.173815359684
0.173741147526
0.173617498173
0.17359277253
0.173320931372
0.172901321161
0.172802635249
0.172777967734
0.172630010204
0.172580701596
0.172506753657
0.172457462664
0.172211125716
0.172161876998
0.172063400699
0.17198956197
0.171940344959
0.171817338539
0.171768146188
0.171669784384
0.17162061317
0.171546869561
0.17152229188
0.171473141804
0.171325751465
0.171006681987
0.170957605892
0.170908536843
0.170810421644
0.17073685418
0.17066330257
0.170589765051
0.170589735107
0.170540718901
0.170467207805
0.170393712561
0.17034472454
0.170222290595
0.170222054559
0.170173091198
0.170124134883
0.169952853834
0.169928390648
0.169879469562
0.169757199434
0.169464023448
0.169463968842
0.169195400482
0.169146585083
0.169122180026
0.169097776731
0.169000182924
0.168975788436
0.16890261554
0.16890259088
0.168878203437
0.168780673044
0.168731917535
0.168634429417
0.168439541253
0.168415187278
0.168342135923
0.168220424178
0.168196086057
0.168098752947
0.168025770289
0.167977123991
0.167758315172
0.167685408257
0.167661108887
0.167612515433
0.167466777346
0.16744249383
0.167272576152
0.167224039065
0.167175509023
0.167126986027
0.167078470078
0.167029961173
0.166981459315
0.16698138005
0.166932885237
0.166908640473
0.16686015623
0.16683591675
0.166738978208
0.166666291475
0.166545187435
0.16637571893
0.166303111464
0.16623051985
0.166182134248
0.166012847174
0.166012662221
0.165964308325
0.165915961476
0.165722653344
0.165601891027
0.165553597021
0.165553549462
0.165456987872
0.165408715004
0.16531219569
0.165095155379
0.165071044486
0.165022827985
0.164926417881
0.164902319319
0.164830034199
0.164757764934
0.164565126157
0.164516983637
0.164300440058
0.164252336291
0.164204239569
0.16418019385
0.163484300075
0.163388340905
0.163316388702
0.163244454114
0.163100639543
0.163076674852
0.163004791346
0.163004775493
0.162956861963
0.162813174217
0.162621687437
0.162621648685
0.162573791522
0.162525941404
0.162478098333
0.162454179439
0.162406346937
0.16235852148
0.162310703069
0.162262891704
0.162262875851
0.162238972811
0.1621194946
0.161928414717
0.161856784862
0.161809040432
0.16178517086
0.161785128585
0.161761260773
0.16168966967
0.161689652056
0.161618076806
0.161498822301
0.161355775727
0.161355654186
0.161307983738
0.161307700143
0.161164738119
0.161164716982
0.160712590181
0.16061744833
0.160593666831
0.160498558448
0.160403478248
0.160047315901
0.159999839214
0.159904908738
0.159857453189
0.159667717301
0.159265006558
0.159217646127
0.159146618692
0.15907560711
0.159051940105
0.158957291464
0.158886323918
0.158839019854
0.158744434625
0.158697151699
0.158602608745
0.158555346956
0.158508092213
0.158484467484
0.158389991466
0.158319150745
0.158035965772
0.157965202556
0.157870881547
0.15772944495
0.157705878348
0.157611634843
0.157588077049
0.15749386525
0.157470316264
0.157211457082
0.157187929233
0.157117356255
0.15704679913
0.15697625962
0.156929240913
0.156694316478
0.156670827381
0.156623854472
0.156436049147
0.156389111467
0.156248351272
0.156224895643
0.156201441775
0.156177989669
0.156131090741
0.156037315785
0.155686006266
0.155568958873
0.155498750518
0.155405165799
0.155288225855
0.155264842446
0.155194704549
0.155054476315
0.155007746488
0.154984384216
0.154984111189
0.154984038969
0.154983915667
0.154937196409
0.154797091477
0.154750400402
0.154680377
0.154633703539
0.154447096009
0.154446983275
0.15437702857
0.154330400908
0.154283780291
0.15423716672
0.154143966
0.154050789941
0.15402749989
0.153980925071
0.153980896888
0.15391104787
0.153864490666
0.153678342877
0.153655081009
0.153608562557
0.153492302538
0.153422566254
0.153399323762
0.153376083031
0.152865350626
0.152818951954
0.152772560327
0.152749367156
0.152702986098
0.152679798211
0.152633427722
0.152633397778
0.152587034334
0.15251750238
0.152471156552
0.152471119561
0.152424780778
0.15210068761
0.152054405194
0.151984994781
0.15193872998
0.151915600221
0.151823100563
0.151615098314
0.151430322704
0.151430282191
0.15138410194
0.151337928734
0.151291762575
0.151199453155
0.151176379763
0.151153308133
0.150991863088
0.150899648787
0.150876598294
0.150738339375
0.150554102772
0.150531078701
0.150392981836
0.150300947204
0.149956077591
0.149887148057
0.149864175069
0.149841203842
0.14968046162
0.149657504485
0.149634549111
0.149588643648
0.149565693559
0.149565663614
0.149542715286
0.149450939589
0.149382128073
0.149336261362
0.149267474507
0.149221625411
0.149198703505
0.14917578336
0.149129948356
0.149107033496
0.14906120906
0.148672197207
0.14860356536
0.148580691013
0.148489213004
0.148489072087
0.148466206547
0.147735522135
0.147712714724
0.147689909074
0.147667105186
0.147667064673
0.147598663577
0.147553071655
0.147461910708
0.147279680411
0.147188602253
0.147165837117
0.147143073742
0.147052043144
0.146961035444
0.146824578501
0.146779106357
0.146551867181
0.146506437313
0.14646101449
0.146415598713
0.146120647174
0.146097964827
0.145916588838
0.145871257612
0.145871188915
0.145735244556
0.145689941513
0.145644645516
0.145576716493
0.14553143811
0.145486166773
0.145440902482
0.145373021019
0.145259922823
0.145237307412
0.145192081873
0.145056454578
0.144966068674
0.144740259805
0.144740129457
0.144694981423
0.144627274344
0.144627232068
0.144582101649
0.144582027667
0.144581980108
0.14455941754
0.144469186645
0.144356438981
0.144153625999
0.144018484868
0.143995966336
0.143860902709
0.143793389391
0.143703398055
0.143703371633
0.1437030669
0.14359062573
0.143388346471
0.143365877261
0.143343409812
0.143276018035
0.143141289085
0.142737621868
0.14271520374
0.142580731964
0.142513521617
0.142423930133
0.142423838537
0.142356663419
0.142289504155
0.142267121256
0.142177612561
0.14215523847
0.142155139828
0.142132767498
0.142065662839
0.142043297555
0.141953859318
0.141886795173
0.141775056826
0.141752714441
0.141708034956
0.141507075032
0.141440116574
0.14139548641
0.141350863291
0.141306247218
0.141261638191
0.14121703621
0.141172441275
0.141038709313
0.140994142561
0.140927305644
0.140905030195
0.140815951296
0.140793684654
0.140771419773
0.140749156654
0.14074906682
0.140704545866
0.140660031958
0.140548788582
0.140482059114
0.140459818894
0.140459778381
0.14039307005
0.140393015445
0.140392633208
0.140325940731
0.140325826236
0.140281372217
0.140236925245
0.140103644217
0.140081433942
0.139948216327
0.139704172802
0.139659817426
0.139526795333
0.139371682744
0.139327380212
0.139283084725
0.139260939624
0.139216654706
0.139194514889
0.139172376834
0.139128106007
0.139039585492
0.139017459767
0.138862655434
0.138818433929
0.138796325818
0.138774219469
0.138752114882
0.138663719431
0.13864162365
0.138619529632
0.138575346878
0.138553258144
0.13850908596
0.138464920821
0.138420762728
0.138420741591
0.138310382469
0.13822212265
0.138200062099
0.138133891015
0.13811183751
0.138001606975
0.137957522864
0.137715203811
0.137715180912
0.137693160874
0.137649126084
0.137605098339
0.137517065749
0.13751705518
0.137385074112
0.137384998369
0.137319022807
0.137318675799
0.137252717851
0.137252684384
0.13712083014
0.137010988888
0.136989025218
0.136988868448
0.136988856117
0.13690101905
0.136879064186
0.136835159744
0.136681560251
0.13661575379
0.136462284645
0.13635270409
0.136243171093
0.136155573585
0.136089893948
0.136046116331
0.13600234576
0.135958582235
0.135914825756
0.135892950158
0.135849204248
0.135783598593
0.135761733564
0.135718008791
0.135586878508
0.135543181919
0.135499492375
0.135455809877
0.135412134425
0.135390299341
0.135215699697
0.135019412933
0.134975807939
0.134910415421
0.134888620851
0.134845036995
0.134779674422
0.13475789042
0.13473610818
0.134692548984
0.134692538416
0.13467076146
0.134518389706
0.134496626842
0.133801691302
0.133779986567
0.133714882928
0.133693185239
0.133628104499
0.133584724973
0.133541352492
0.133476308744
0.133411279087
0.133389606058
0.133346265283
0.133324597538
0.133302931555
0.133237945935
0.133172976168
0.133108020492
0.133064725516
0.13304308067
0.133021437585
0.132934888146
0.132913253869
0.132913238016
0.1328916055
0.132869974746
0.132869964177
0.132848335184
0.132826707953
0.132783458775
0.132740216642
0.132718598218
0.132653755277
0.132588926426
0.132437727806
0.132394542041
0.132329778365
0.13226502878
0.132221871198
0.132114013352
0.132027756316
0.131919977736
0.131876876521
0.13181223967
0.131747618672
0.131726081276
0.13170454564
0.131683011767
0.131639949303
0.131575368819
0.131424760289
0.131145297285
0.131059360835
0.131016400537
0.131013575151
0.130970621899
0.130884741815
0.130777430023
0.130734515522
0.130734485578
0.13071303097
0.130670127038
0.130627230152
0.130584340312
0.130498587054
0.130477151822
0.130434286642
0.130391428509
0.130348577421
0.130284315761
0.130241482288
0.130220068194
0.130198655861
0.130155836479
0.130134429431
0.130091620618
0.129899096336
0.129856326276
0.129770812576
0.129728063653
0.129642592229
0.129599864444
0.129557143704
0.129471728647
0.129450377965
0.129407681886
0.129279641207
0.129258306379
0.129194314223
0.129130337921
0.129109015422
0.129108973147
0.129066333435
0.129002388839
0.128981076909
0.128895848567
0.128831944484
0.128831893402
0.128746712619
0.128640278034
0.128597715826
0.128555160664
0.128491342893
0.128491217829
0.128469948175
0.128363636893
0.128321120483
0.1282361088
0.128214860283
0.128066180554
0.128044946129
0.128002482562
0.127981253422
0.127960026042
0.127959992574
0.127875105956
0.127853887383
0.127811455524
0.127769030709
0.127472301854
0.127408751826
0.127366393947
0.127281704612
0.12717588654
0.127133567413
0.127048950298
0.126943223822
0.126900943448
0.126879805903
0.126837536097
0.126795273338
0.126710774241
0.126668532619
0.126626298043
0.126499636589
0.126436331404
0.126415232611
0.126330860339
0.12628868213
0.126246510966
0.126035810158
0.125993681269
0.125930502909
0.125888391635
0.125804191987
0.125741061186
0.125698981619
0.125677944477
0.12557279576
0.125572712971
0.125551686398
0.125509638537
0.125467597722
0.125446579957
0.125425563953
0.125362526509
0.125341517551
0.125257504618
0.125068573719
0.125047589421
0.12500562611
0.124963669845
0.124272826181
0.124189167301
0.124126443398
0.124042835601
0.123917484676
0.123833947337
0.123729573663
0.123541812375
0.123500102714
0.123479250526
0.12337501777
0.123333336293
0.123291661861
0.123270827288
0.123270610628
0.123270473234
0.123270443289
0.123228779427
0.123124661165
0.123103840684
0.122916558513
0.12291654266
0.122874938687
0.122708609108
0.122500867555
0.122397048742
0.122376289912
0.122106610068
0.122085875898
0.121982234993
0.121940789552
0.121775085291
0.121630180375
0.121506044859
0.121464680445
0.12144400088
0.121402647035
0.121278638344
0.121195995828
0.120907043828
0.120845153096
0.120803901416
0.120700804802
0.120680190412
0.120659577782
0.120597752225
0.120577146642
0.120494747207
0.120432963925
0.120412372434
0.120350610289
0.119878020583
0.119549581888
0.119447031328
0.119385517549
0.119303523251
0.11928302864
0.119201069571
0.119180583767
0.118955384364
0.118750838104
0.118628189261
0.118628178692
0.118587307488
0.118566874528
0.118016336603
0.117975571086
0.117873691642
0.117812584762
0.117690415037
0.117649705887
0.117568314009
0.117466617757
0.117425947359
0.117344629463
0.117324303952
0.117141480042
0.117100866011
0.117060259026
0.116999361759
0.116958772388
0.116958735398
0.116938443355
0.116877579556
0.116857294558
0.116796451897
0.116715352422
0.116715311908
0.116674771858
0.116674731345
0.116654463962
0.116209397101
0.116067853055
0.116047638516
0.116047612094
0.115986980808
0.115986954386
0.115966746894
0.115885936298
0.115885881693
0.115865683007
0.115441963305
0.115300891331
0.115220316771
0.115079380429
0.11493851983
0.114717357698
0.114456303735
0.11427571512
0.114235601344
0.114215547098
0.11415539493
0.113955051518
0.11379488001
0.113714830366
0.113674815233
0.113634807144
0.113594806102
0.113554812106
0.113514825155
0.113454857941
0.113374926315
0.113314997852
0.113295024633
0.113235115547
0.113215149374
0.113135307583
0.113095394614
0.112975699743
0.112955756469
0.112935814957
0.112557304941
0.11255726795
0.112517457146
0.112457755912
0.112437858436
0.11239806877
0.112378176579
0.112318510574
0.112298625428
0.112159489301
0.112139618247
0.112080017416
0.112020430677
0.112000571954
0.111941008114
0.111802095692
0.111742582934
0.111722748871
0.11168308603
0.111643430234
0.111623604978
0.111425486293
0.111326479794
0.111286887411
0.111267093862
0.111207725544
0.111168154299
0.111168138446
0.110990165602
0.110970398475
0.110950633109
0.11095061021
0.110891324681
0.110851809802
0.110792552457
0.110772802944
0.110733309203
0.110733192946
0.11053586868
0.110496417214
0.110456972794
0.110456942849
0.11039778943
0.110397727779
0.110378013495
0.110377636542
0.11035792402
0.110318504261
0.110318442609
0.110259327942
0.110239625989
0.110239587237
0.110180493707
0.110141105654
0.110101724646
0.110101631289
0.110003220164
0.109963863817
0.10996385501
0.109963574937
0.109963559084
0.109924209783
0.109904537774
0.109806209439
0.109727574249
0.109727554873
0.109727544304
0.10972749146
0.109727348782
0.109668390884
0.109629094427
0.109530894678
0.109452363414
0.109334616721
0.109295380153
0.109001355142
0.108825127908
0.108785982936
0.108707715892
0.108649032783
0.108629475269
0.108609919517
0.108570813298
0.10855126283
0.10851216718
0.108433997016
0.108394922503
0.108375387888
0.108336323944
0.108258217192
0.108238694908
0.108180140386
0.108121601717
0.107985095452
0.107926609627
0.10788762671
0.1077512596
0.10763444472
0.107595514647
0.107556591619
0.107459325445
0.107342669096
0.107264923445
0.107226060307
0.107206631381
0.107109518454
0.107012454847
0.106993045297
0.10695423148
0.10695421915
0.106934814884
0.106682761991
0.106644004541
0.106585881577
0.106547141742
0.106450333548
0.106411618373
0.106353560583
0.106256840462
0.106237499608
0.106198823186
0.105851292003
0.105812686039
0.105812670185
0.105735481156
0.105716187862
0.1056390323
0.105619747813
0.105504084929
0.105407747046
0.105407731192
0.105369206255
0.105330688364
0.105330649612
0.105311393309
0.105253636729
0.105176652029
0.105099695512
0.105041997061
0.104485309871
0.104466131072
0.104466099366
0.104427747052
0.104389401784
0.104389345418
0.104255194228
0.104197728289
0.104140278203
0.104101985779
0.10408284221
0.104063700401
0.104025422069
0.103929767633
0.103891513961
0.103853267335
0.103815027755
0.10377679522
0.103776765275
0.103700326629
0.10368122005
0.103643012176
0.103604811348
0.103585713576
0.103566617566
0.103528430829
0.103108919261
0.103089867287
0.103070817074
0.103051768624
0.103051701688
0.103032654999
0.103013610071
0.102956485856
0.102918411853
0.102405239823
0.102348286469
0.1023103252
0.102272370977
0.102253396508
0.1022344238
0.102177516244
0.102158550582
0.102139586682
0.102120624542
0.102063750455
0.102044795362
0.102044783031
0.102025829699
0.101950033986
0.101874271741
0.101741772803
0.101703924267
0.101685002641
0.101552618198
0.101533710664
0.101118356146
0.101118312109
0.101061716333
0.101023994622
0.100986279958
0.100967425268
0.100873188808
0.100835502327
0.100816661729
0.100760152264
0.100703658653
0.100609545496
0.100590726035
0.100571908335
0.100515467568
0.100496656914
0.100459040892
0.100440235522
0.100440226715
0.100402621261
0.100383821177
0.100365022853
0.100346226292
0.100327431491
0.100289847175
0.100252269905
0.100252247006
0.100214676781
0.100139559231
0.100120783807
0.100102010144
0.100064468103
0.100045699724
0.0999518948231
0.0997831590868
0.0997644171303
0.0997643678094
0.0996894228825
0.0995021988402
0.0995021741798
0.099446034622
0.0994086158832
0.0993712041902
0.0993525009859
0.0993337995431
0.0992777057834
0.0990722277096
0.0990721308292
0.0989974430758
0.0989601088872
0.0989599961536
0.0989599855848
0.098922658442
0.0989039975128
0.0988480270555
0.0984381735832
0.0983637289116
0.0982149135498
0.0981777273239
0.0981219629576
0.0980476345425
0.098010480023
0.0979547614547
0.0978804946908
0.0978062578717
0.0977691491502
0.0977135010404
0.0976764099335
0.0975837129919
0.097565178888
0.0975466465455
0.0975095871449
0.0974725347902
0.0974354894814
0.0972688939214
0.0971948896153
0.0971024322325
0.0970839439266
0.0970654573822
0.0969545856749
0.0969176390079
0.0969175914484
0.0968806518273
0.096806795484
0.0968067743465
0.0967513992633
0.0967144913484
0.0966775904795
0.0966406966564
0.0966038098791
0.0965669301476
0.0965300574621
0.0964379118581
0.096401063833
0.0963458050063
0.0963457380707
0.0963273219847
0.0962904950972
0.0962536752555
0.0962168624596
0.0962168571752
0.0961984534195
0.0961616511924
0.096143252721
0.0961064610627
0.0960880678757
0.0960145180268
0.095977751029
0.095940991077
0.0959408871507
0.0959041342446
0.0958857604337
0.0958490180963
0.0957939195626
0.0957571948399
0.0957388351207
0.0957388298363
0.0956470629467
0.0955186823064
0.0954820104275
0.0954636771302
0.0954453455944
0.0954452592828
0.0953170001834
0.0952986827393
0.0952437427372
0.0952071237022
0.0950424622276
0.0950423970535
0.0949875310328
0.094969245295
0.0948778535968
0.0947865006508
0.0947682342891
0.0947317068501
0.094658674871
0.0946221685696
0.094512702509
0.0945126038672
0.094512542216
0.0945125316472
0.0944395842184
0.0944213513244
0.0942573838659
0.0942027450738
0.094148122135
0.0941117144754
0.0940753138616
0.0939661719101
0.0939479848142
0.0939297994797
0.0938934340952
0.0938933971045
0.0938933636368
0.0938206557668
0.0937843115198
0.0937479743187
0.0937298083603
0.0937116441634
0.0936208601696
0.0936027065415
0.0935845546748
0.0935664045696
0.0934394084385
0.0934393820166
0.0933849810219
0.0933668502928
0.0933665772662
0.0933665402755
0.0933665297067
0.0933665103306
0.0933302541568
0.0931309746681
0.0930947642922
0.0930223646781
0.0929680834628
0.0929319047933
0.092751134748
0.0925344326379
0.09231807049
0.0923000436872
0.0922459756088
0.0922459703244
0.0921739018652
0.0921378782043
0.0920478551621
0.0918319809392
0.0918140016958
0.0917960242139
0.0917959290949
0.0917779533745
0.091742007218
0.0915803507976
0.0915623962147
0.0914188335328
0.0899945910433
0.0899412046507
0.0899411887976
0.0899056055022
0.0898344600491
0.0898342927102
0.0898165107506
0.0897809521157
0.0897454005267
0.0896565559026
0.0896387915576
0.0895322477627
0.0895144957479
0.0894435070649
0.0894080224114
0.0893725448038
0.0893548086422
0.0892661648248
0.0892307154006
0.089159842974
0.08914212795
0.089053581013
0.0890358765577
0.0889827755221
0.0882065960668
0.0881361287765
0.0881185159173
0.0880656879082
0.0880304780428
0.0879248977676
0.0878721278868
0.0878545414495
0.087731512131
0.0876963692012
0.0876963374949
0.0876787686721
0.0876260745342
0.0875909527419
0.0875207320564
0.0875031808483
0.0874680837165
0.0874329936305
0.0873979105904
0.0873628345961
0.0872927090295
0.0872576541728
0.0872226063619
0.0871700496181
0.0871350194218
0.0871175069659
0.086977497153
0.0869774848228
0.0869774760154
0.0869774566394
0.0869599600366
0.0869249721154
0.0868550191721
0.0867676171855
0.0867151978357
0.0867151890283
0.0866453241581
0.0866278610231
0.0865580260978
0.0865231192039
0.0864010269832
0.0863835885087
0.0863312854153
0.0863138539867
0.0863138222803
0.0861396541949
0.0861395238467
0.0861221117941
0.0861218422904
0.0861044319993
0.0860348137338
0.0860346816241
0.086034665771
0.0860346234959
0.0860172220121
0.0859650298908
0.0859649330104
0.0859649083499
0.0859301212355
0.0859127303204
0.0858953411668
0.0856869055982
0.0856695393436
0.0856348121189
0.0855653840913
0.0854959789626
0.0854439436115
0.0854092621848
0.0853919241136
0.085287939723
0.0852879309157
0.0852359589772
0.0851840028919
0.0851839606168
0.0851493320339
0.0850974023705
0.0850281927642
0.0849417190681
0.0849244285564
0.0848207330456
0.0847861784441
0.0847516308885
0.0846825586762
0.0846652945864
0.0846307716913
0.0846135128859
0.0845790005595
0.0845444952789
0.0844582681875
0.0844237875674
0.084320398551
0.084234291239
0.0842170729473
0.0820750945525
0.0820411071418
0.0820241160787
0.0820239328866
0.0820069435849
0.0819899560447
0.0818710996298
0.0818371544942
0.0818032164045
0.0817692853605
0.0817523224808
0.0816336422121
0.0816166934241
0.0815997463975
0.0815658576286
0.0814811700551
0.081481150679
0.0814811418717
0.0814472777633
0.0813964965732
0.0810586182027
0.0810586023495
0.0810248263143
0.0809404223361
0.080923545768
0.0808729283939
0.0808223268729
0.0806706191904
0.0805864054501
0.0805022357464
0.0804685759676
0.0804349232347
0.0797646534481
0.0797643416693
0.0797475884035
0.0797140871563
0.0796303701484
0.0795968935617
0.0794798074162
0.0792626385186
0.0792292394363
0.0791624641705
0.0791624025194
0.0791123382443
0.0789622898591
0.0789122907581
0.0789122660976
0.0788789409967
0.0788789163362
0.0788455982811
0.0787290581889
0.0786791313079
0.0786624925371
0.0786624925371
0.0785627039492
0.0785294528296
0.0784131470119
0.0784131311587
0.0783965205714
0.0783799117455
0.078363304681
0.078363235984
0.0782968306253
0.078296730222
0.0782967055615
0.078213733652
0.0782136966613
0.0781805195232
0.0781805071929
0.0781307564581
0.0780644497413
0.077965052198
0.0779650222531
0.077965002877
0.0778987630958
0.0778983315376
0.0778981184007
0.0778976974112
0.077848036511
0.077848036511
0.0778480312266
0.0777818390048
0.0777156767279
0.0776660721944
0.0776164835141
0.0775503899342
0.077517353713
0.0775173325755
0.0773523064782
0.0773193125322
0.0773028182013
0.0772039068215
0.0771709445817
0.077154466104
0.0771050412397
0.0768088795755
0.07679243985
0.0767760018859
0.0766117367402
0.0765789013257
0.0765460729571
0.0764968436151
0.0764312309143
0.076382038563
0.0763656446354
0.0763164734217
0.0762837014198
0.0761854312122
0.0761690584222
0.0761686444786
0.0760868087122
0.0760868034278
0.0760704412066
0.0759559585021
0.0759396103726
0.0759069193979
0.0758415603477
0.0758252245484
0.0757762277194
0.075759898966
0.0756946033284
0.0756619651976
0.0755314848946
0.0755314796102
0.075433702612
0.0751407344785
0.0750919595937
0.0750432023235
0.0749295193227
0.0748970467694
0.0748645812619
0.0748483511504
0.0748158962117
0.0747996713845
0.0747834483188
0.0747672270146
0.0747510074718
0.0747023594123
0.0747023206601
0.0746861081632
0.0746374812412
0.0744755288953
0.0744755024733
0.0744269460098
0.0743622316547
0.0743460561485
0.0743460508641
0.0743137051361
0.074249036579
0.074232873403
0.0741843962053
0.074184383875
0.0740874911308
0.0740229247385
0.074006786223
0.0739745144763
0.0738455049941
0.0737971546216
0.073764928673
0.0736682966251
0.0736360988599
0.073636068915
0.0736199726746
0.0736199621058
0.0735877749094
0.0735395090871
0.0735073395052
0.0734591001049
0.0734108747963
0.0733787333978
0.0733626653408
0.0733626072125
0.0733625807906
0.0733625719833
0.0733625526072
0.0733625473228
0.0733464810272
0.0732661812557
0.0732501255289
0.0731698786012
0.0731538334432
0.0731537876452
0.0731537788379
0.0731216938062
0.0731216691458
0.0730094393512
0.0729293298176
0.0729133110815
0.0729133057971
0.0729132969898
0.0729132846596
0.0729132758523
0.0729132670449
0.0729132617606
0.072833194502
0.0728331839332
0.0728331592728
0.0728330976216
0.0728010830484
0.0724336367756
0.0723538390207
0.0723538196446
0.0723219107592
0.0723218772914
0.0723218403007
0.072321826209
0.0723217909797
0.0722101829813
0.0722101776969
0.0721942382266
0.0721942223735
0.0721942065203
0.0721940885024
0.0721303535202
0.0721303482358
0.0721303394285
0.0720825527239
0.0720188635397
0.0720188512095
0.0720188406407
0.0720188247875
0.0720187631364
0.072018594036
0.0720026757032
0.0720026351896
0.0720026228594
0.0720026034833
0.071986686912
0.0719866675359
0.0719865900316
0.0719547621734
0.0719547357515
0.0719547163754
0.0719547005222
0.0719546917149
0.0719228709026
0.071891057136
0.0718910060536
0.0718274049426
0.0718273644289
0.0718273591446
0.0718273432914
0.0718273168695
0.0718273063007
0.0718114091055
0.0717319601201
0.0717319477899
0.0717001762985
0.0715890491792
0.0715255819392
0.0715253124355
0.0714935867421
0.0714935761734
0.0714935515129
0.071493525091
0.071493498669
0.0714934845773
0.0714617659298
0.071461755361
0.0714617395079
0.0714617148474
0.0714616919484
0.0714616461504
0.0714616338201
0.0714457771385
0.0714457718542
0.0714457665698
0.0713665148682
0.0713664461712
0.0713664197492
0.0713664056575
0.0713663721897
0.0713663633824
0.0713663528137
0.0713346623495
0.0713346324046
0.0713345848452
0.0713345372857
0.0713345038179
0.0713344897262
0.0713344791574
0.0713344456897
0.071334431598
0.0713343752312
0.0713343417634
0.0713343259102
0.0713342818737
0.0713342624976
0.0713342572132
0.0713342325528
0.0713342184611
0.0706863421417
0.0706232729922
0.0705287194696
0.0705129667143
0.070481466488
0.070276902613
0.0702611780411
0.0702454552306
0.0702140148941
0.0694782275256
0.0692751644164
0.0691659361532
0.0690879615116
0.0690723708108
0.0689944437287
0.0689632852261
0.0689477086169
0.0689476927638
0.0689321179161
0.0689321126317
0.0689165395456
0.0688542665769
0.068838702298
0.0687920217916
0.068760909087
0.0687453553769
0.0687453500925
0.0687453448081
0.0687142426723
0.0686986942466
0.0686986149808
0.0686985427608
0.0686829960966
0.0686829855278
0.0686518974837
0.0686052803899
0.0685897442944
0.0684965823268
0.0683569441824
0.0683259301197
0.0683104257305
0.0682794222366
0.0682484257885
0.0682174363862
0.0681864540298
0.0681709654938
0.0681709566865
0.0681554699119
0.0681245016472
0.0681090201571
0.0680935404284
0.0680625862554
0.0680316391282
0.0680161682068
0.0679852316484
0.0679543021359
0.0679233796692
0.0678461096124
0.0678306598286
0.0677997655453
0.0677688783078
0.0677688483629
0.0676454068623
0.0676299799775
0.0676299042346
0.0675990557493
0.0675527979938
0.0675065560915
0.0674757357896
0.0674449225335
0.0674295185477
0.0674141163233
0.067383317159
0.0673217452522
0.0672755826156
0.0672448151576
0.0671986771815
0.0671833013791
0.0671679273381
0.0671525550586
0.0671525497742
0.0671371792562
0.0671218104996
0.0671064435044
0.0670603530878
0.0670449931386
0.0670142785244
0.0669835709561
0.066937524576
0.0668301669856
0.0668148334582
0.0667535222478
0.0667228745692
0.0667075533721
0.0667075480877
0.0667075075741
0.0666768704642
0.0666768704642
0.0666309297719
0.0666156191436
0.0665850031713
0.0665849837952
0.0665237747496
0.0663709203553
0.06637086575
0.0663708322822
0.0663402726767
0.0663402392089
0.0663096866492
0.0662791411354
0.0662638710207
0.0662638657363
0.0662637688559
0.0662332339109
0.0662027060117
0.0661569273738
0.0661416713508
0.066141637883
0.066141569186
0.0661415357182
0.0661415128192
0.0661110060576
0.0661109796357
0.0661109673054
0.0660804675896
0.0660804587823
0.0660804534979
0.0660042367955
0.0660042244653
0.0659889860569
0.0659585145244
0.0658823682805
0.0658823136752
0.0658366460094
0.0658214269771
0.0658062097063
0.065775780449
0.0657453582375
0.0657453247697
0.0657149096041
0.0656845014843
0.0656844891541
0.0656540880802
0.0656388901854
0.0655933088313
0.0655781179824
0.065562928895
0.0655627826936
0.0655172277615
0.0655171978166
0.0654868354949
0.0654413052232
0.0654412858471
0.0654261126128
0.0653806052401
0.0653805788182
0.0653805541577
0.0653805242129
0.0653804555159
0.0653804379012
0.0653802987457
0.0653499681303
0.0653499311396
0.0653499047177
0.0653497796539
0.0652285382194
0.0652285258891
0.0651830872135
0.065167943924
0.0649712485002
0.0648956835387
0.0648352601052
0.064805056315
0.0645637465797
0.0645336062022
0.0645034728705
0.0644432291062
0.0643980652186
0.0643529154227
0.0642175664385
0.0641724800553
0.0640523324887
0.0640223118906
0.0637824218938
0.0637225163301
0.0636776043316
0.0636476718066
0.0636027879915
0.0635280244953
0.0634981271995
0.0633637258819
0.0632890944953
0.0632592535663
0.063244335744
0.0631995946073
0.0631250689085
0.0630654716007
0.0630356835156
0.0630207921152
0.0630059024763
0.0629761284829
0.0629463615353
0.0629314807037
0.0623389970822
0.062338195617
0.0623378028109
0.0623229941993
0.0623226084391
0.062322539742
0.062189364402
0.062174573405
0.0621449966953
0.0621302109827
0.0621154270315
0.0621006448418
0.0620563106028
0.0620563017955
0.0620119834098
0.0619972135503
0.0619972029815
0.0619676685469
0.0619233818675
0.0618938650475
0.0618643552734
0.0618348525451
0.0618053568627
0.0617758682261
0.0617611265501
0.061716913852
0.0616432600769
0.061628534254
0.0615990878925
0.0615402163071
0.0615255028144
0.061481372905
0.0614078600469
0.061246346305
0.0611876491043
0.0609385466608
0.0609092658768
0.060894628127
0.0607775913023
0.0607775613575
0.0607629394608
0.0607337009518
0.0607336921445
0.0607044606814
0.0606022324685
0.06050008176
0.0604563235192
0.0604271589916
0.0603980015099
0.0603688510741
0.0603397076841
0.0603105713399
0.0603105361107
0.0603105202575
0.0602231711148
0.0602086161536
0.0601795115158
0.0601649618391
0.0601649407015
0.0601649001879
0.0600050087526
0.0599759534357
0.0599614284194
0.0598743329272
0.0598017976805
0.0598017712586
0.0597872673799
0.0597872550496
0.0597872391965
0.0597147567936
0.0597147233258
0.0597147145185
0.0597147092341
0.0596422708678
0.0596422514918
0.059569857162
0.0594685907074
0.0594685819001
0.0594685413865
0.0594685290562
0.0594685026343
0.0594251195849
0.0594106615042
0.0594106421281
0.0594106174677
0.059323916543
0.059280584576
0.0592228385648
0.0592227874824
0.0591939224034
0.0591506397573
0.0590641290705
0.0590497150264
0.0589776747505
0.0589200731793
0.0589056767497
0.0587905951481
0.0587762145717
0.0587618357568
0.0587617881974
0.0587042923138
0.0586611893369
0.0586610589887
0.058660930402
0.0586178432782
0.0586178133333
0.0586034538945
0.0585747403013
0.0585316848838
0.0585316602233
0.0584886188976
0.0584885396318
0.0584885273015
0.0584884233753
0.0584740797896
0.0584167248231
0.0583880570278
0.0582877787534
0.0582305153829
0.0582162035036
0.0581160819993
0.0581017842117
0.0580731939208
0.0580589014175
0.0579303851446
0.0578875657631
0.0578732961588
0.0578304996763
0.0577592097833
0.0577307040425
0.0577022053477
0.0576879586424
0.0576452290954
0.057630989436
0.0576025154016
0.0575313717099
0.057417627058
0.057403415582
0.0573892058675
0.0573749979144
0.0573607917228
0.0573181854781
0.0572897889481
0.0572472073639
0.0572471879878
0.0572046240183
0.0570912193285
0.0570487134872
0.0568224343079
0.0567659001826
0.0567517697339
0.0567093907178
0.0566952673149
0.0566952567462
0.0566670152247
0.0566387807492
0.0565682359546
0.0565400261395
0.0563568851663
0.0563005800311
0.0562865077106
0.0562862135464
0.0562440089152
0.0562299436405
0.0561596489735
0.0561315413232
0.056033230602
0.0559911210897
0.0559630557145
0.0559490256691
0.0559209708626
0.055892923102
0.0558789018639
0.0558228362876
0.0557527970326
0.0557387934091
0.055738754657
0.0557386877214
0.0557246858594
0.0556966874197
0.0556826908421
0.0556826820348
0.0556686872186
0.0556127308529
0.0555847605967
0.0555567973863
0.0555428184233
0.0555148657816
0.0555148552128
0.0554869096171
0.0554729394614
0.0554589710671
0.0554450044343
0.0553752029768
0.0553472926102
0.0552218113365
0.0552078746486
0.0551800065571
0.0551521455115
0.0551382176309
0.055110367154
0.0551103513009
0.055068590558
0.0550685077693
0.0550684514025
0.0550406185403
0.0550405921184
0.0550405674579
0.0550405427975
0.0550266290085
0.0549988067151
0.0549848982106
0.0549431832657
0.0549153821098
0.054873693587
0.0548459100457
0.0548042479447
0.0548042391374
0.0547487196143
0.0547487037612
0.0547209519262
0.0547209431189
0.0547070698436
0.0546931983298
0.0546931666234
0.0546654288802
0.0546238354762
0.0546237791095
0.0546237438802
0.0546237245041
0.0546237192197
0.0543055022889
0.0542640480405
0.0542364195078
0.0542087980211
0.0541811835802
0.0541673790019
0.054167349057
0.0541397451849
0.0541121483586
0.0541121325054
0.0540983367345
0.0540983314501
0.054056954706
0.0540569353299
0.0540293596411
0.0540017909982
0.0540017857138
0.0540017698607
0.0540017575304
0.0540017522461
0.0539466413822
0.0539465744466
0.0539327998132
0.0539327910059
0.0539327716298
0.0539327064557
0.0539326976484
0.0539189247765
0.0539189124462
0.0539188367033
0.0539187961897
0.0539050250792
0.0538912557302
0.0538911887946
0.0538911236205
0.0538907431447
0.0538907343374
0.0538907079155
0.0538905511454
0.053890522962
0.0538903556231
0.0537940230238
0.0535741767039
0.0535467243174
0.0534781259385
0.0533548059787
0.0533411070882
0.0533000227468
0.0532863309021
0.0532315828994
0.0531768613186
0.0531358403898
0.053108500737
0.0530675062302
0.053040184192
0.0530401753846
0.0530128603923
0.0529855524458
0.0529719011147
0.0529582515451
0.0529446037369
0.0529036708813
0.0529036409364
0.0528900001741
0.0528899737522
0.052862697512
0.0528081661691
0.0527809110665
0.0525496539953
0.0524409559322
0.0524273750596
0.0524002185988
0.0522509910549
0.0522238803921
0.0521832276089
0.0521561345608
0.0521425906789
0.052101969602
0.0520748976914
0.0520747074535
0.0520476425888
0.0520341127986
0.0520070585026
0.0520068700262
0.0520068559345
0.0519933314287
0.0519798086843
0.0518312381658
0.0518042367136
0.0517502567084
