0.928385104888
0.91164791245
0.897704018385
0.882027296575
0.8713573299
0.863121675628
0.855089811949
0.847040911408
0.840498606994
0.832302402426
0.82689641191
0.820486211867
0.812174643863
0.804224582483
0.796366862229
0.787915132927
0.78255048921
0.776681086207
0.771146408556
0.766566626542
0.759929685816
0.754919203426
0.745513635365
0.740602101345
0.736164988952
0.731995095639
0.726976589789
0.723438490646
0.719355220754
0.714330183402
0.710272741828
0.705229890811
0.701496628717
0.696040145891
0.689963293738
0.686467399226
0.683029437442
0.679746908831
0.676325850037
0.673205574983
0.670578449419
0.667035254367
0.664710510191
0.6618585657
0.658723716309
0.654203623198
0.651086985563
0.646259515559
0.643590315713
0.640499095976
0.636941589044
0.633819126254
0.630421572409
0.627315334446
0.625295589189
0.623279086784
0.620190431735
0.615153428772
0.611945815144
0.609255907549
0.606571918467
0.604216741511
0.601543913052
0.59974995905
0.597408070563
0.594750413577
0.59214427055
0.589999649962
0.588040939366
0.586130933196
0.584042584276
0.581867467495
0.57924460467
0.57671778028
0.574466334063
0.57132183186
0.569170515955
0.566799815233
0.564166575635
0.562340277665
0.559095941076
0.556790629349
0.554666867995
0.552194356527
0.549595349182
0.547309739409
0.545554800029
0.543758908419
0.542097067594
0.540437770321
0.538084256185
0.535735878472
0.533912883244
0.532612638877
0.530924689662
0.52863514302
0.526695045794
0.524801511056
0.522954330954
0.519825993687
0.517304418455
0.515811412009
0.513809964819
0.512322020815
0.510454543386
0.508717477562
0.507490580476
0.505505317601
0.503566078206
0.497691839989
0.495642375344
0.494055859922
0.492763471676
0.491389552397
0.489768359071
0.48856455123
0.486948013449
0.485664953905
0.483557859506
0.481661300337
0.480261855711
0.479069800344
0.477756145966
0.476444295326
0.475256990623
0.473866888791
0.472478812641
0.470889112496
0.469546075169
0.468164350851
0.466825197549
0.465690453112
0.464718908137
0.463788801557
0.462536664481
0.461286246591
0.460279047862
0.458951229568
0.457545049111
0.456381562897
0.455620075797
0.454059073392
0.452620492602
0.450905254816
0.449750257089
0.448477507383
0.447603510416
0.443881278598
0.443090787263
0.441709168633
0.440723593612
0.439817830438
0.438873690289
0.437616450257
0.436674679276
0.435146507001
0.434481213344
0.433503739288
0.432683509189
0.431708083713
0.430811645719
0.429488266309
0.42867185506
0.427312983951
0.423636946475
0.423212131144
0.420437414435
0.419668108205
0.418937909955
0.418323499654
0.417134415874
0.416253251518
0.415373013691
0.414608350674
0.41365351669
0.412699802995
0.411100425377
0.410111648019
0.409389816714
0.408744508607
0.407644912384
0.406546753515
0.405261192696
0.404543643506
0.402884554086
0.402131486774
0.401454319102
0.400364544792
0.399276295909
0.397964869781
0.397366043134
0.396580788626
0.395796317969
0.395236437249
0.394527825718
0.393410354178
0.392220141301
0.391662804132
0.39080898119
0.390067284117
0.389141191909
0.388475068604
0.387772555254
0.386295865231
0.385300589839
0.384821817401
0.384196183064
0.383571057788
0.383056629836
0.382359034488
0.381698743384
0.380965783162
0.380489716331
0.379501957097
0.378771096538
0.378113916176
0.377530261002
0.376619172928
0.375454624554
0.374618705112
0.374110317213
0.373457189975
0.372695923058
0.372225050778
0.371718292231
0.371248038224
0.370236233272
0.369297958792
0.368685095054
0.367676811265
0.36717316346
0.3667417356
0.366130999709
0.365628417589
0.365054453979
0.364695959457
0.364158540901
0.363585731049
0.362655925679
0.362191442222
0.360871413113
0.360408076368
0.360051866462
0.359233274523
0.35880654096
0.35834453588
0.357918330755
0.357421415258
0.356853954967
0.356853075997
0.35564881546
0.355294964152
0.354976653863
0.354411161125
0.353669650766
0.353034670111
0.352646878951
0.352153637864
0.351590368091
0.351133041455
0.35113166223
0.350498964429
0.350042337093
0.34941057639
0.34920011514
0.348674258822
0.348008757313
0.347378854952
0.346994181581
0.346679607353
0.345527679854
0.344412489408
0.344029473572
0.343681452703
0.342916490238
0.342569033037
0.342395370491
0.341839965646
0.341493065067
0.340973032142
0.339140334781
0.338760253541
0.338414910094
0.337208213455
0.33717375045
0.336622590728
0.336209512019
0.33583108303
0.335246700373
0.334834475972
0.334010795169
0.33311977191
0.332845794099
0.332571929022
0.33181949936
0.331375233964
0.330931255687
0.330385242958
0.329873751363
0.32929456678
0.328886020312
0.328579776039
0.327899795312
0.327695918408
0.327390221949
0.325898393921
0.325491952401
0.325119609264
0.324848943001
0.324713652145
0.324544578208
0.324341747612
0.323463769741
0.323328767764
0.32251942174
0.322216161383
0.321913033137
0.321038375621
0.320534192332
0.32026544254
0.319661222297
0.319325764176
0.318621984334
0.318588484849
0.318421013842
0.318119677002
0.317651240824
0.31738370468
0.31714970149
0.316815578556
0.315947907
0.315314434156
0.315014576944
0.31484804832
0.314016150296
0.313716909596
0.313218500379
0.313019242028
0.31278685586
0.312256051594
0.311858221862
0.311659396831
0.311361279944
0.311228830326
0.31109640713
0.310633163742
0.31030248799
0.310071118185
0.309608642795
0.309344525649
0.308882594551
0.308486912041
0.30835507365
0.308091483181
0.307762154948
0.306972516161
0.306381020719
0.306380872757
0.306019651491
0.305757059771
0.305560189962
0.304904471614
0.304576851998
0.30428214354
0.304020309249
0.303791289234
0.302908830204
0.302810847114
0.302680227656
0.30222331144
0.301766773938
0.301440848849
0.301147671102
0.30095229149
0.30062681029
0.300626494988
0.300333711808
0.300041062499
0.299716069224
0.299521154638
0.299228906942
0.299163981212
0.299001701234
0.298418005547
0.298255924614
0.297155356065
0.296799591808
0.296476356472
0.296217900665
0.296024127507
0.295927264707
0.295765861938
0.295539972041
0.295314179025
0.294766209312
0.294637337224
0.294154384837
0.293896938348
0.293639606353
0.293414530252
0.293189540463
0.292739872664
0.292547240933
0.292354674376
0.292001816532
0.291777371035
0.291681205774
0.291681144123
0.291584994716
0.291360711273
0.291008462895
0.290464486416
0.289921089458
0.289537770651
0.289378120536
0.289154687879
0.288548838283
0.288230129904
0.287975290379
0.28775239673
0.287529591153
0.287306870127
0.287116036849
0.286417020002
0.286131238633
0.285909060138
0.285274858048
0.28521146479
0.285148078577
0.285053012469
0.284894604185
0.284293239272
0.284135044124
0.284134702401
0.283786827733
0.283660381178
0.283502360415
0.283407569095
0.283344383689
0.283154871508
0.283028564108
0.28277607085
0.282618296692
0.282429027593
0.282271352077
0.282082197472
0.281987643949
0.281798586225
0.281704082023
0.281609591913
0.281452145387
0.281294746421
0.281074456212
0.280917159411
0.280917076622
0.280602638027
0.280225530135
0.280068469369
0.279974254047
0.279942852463
0.27981726374
0.279597551291
0.279534792159
0.279534755168
0.279346521808
0.278500820968
0.278125120484
0.277906079152
0.277780948409
0.277593310423
0.277468250139
0.277311964417
0.277062011187
0.276937070682
0.276812158361
0.276406417902
0.276219239658
0.276094489391
0.275689282656
0.275688879281
0.275408519693
0.275315091745
0.275034913587
0.274879314835
0.274568286431
0.274443911355
0.274195247516
0.273977759794
0.273791405914
0.273791368923
0.273015878199
0.273015841209
0.272767825587
0.272767778028
0.27258183633
0.272334012708
0.271993488621
0.271498570623
0.271374891325
0.271251241971
0.271189426983
0.271158522131
0.270911353773
0.27081869206
0.270571682234
0.270293934894
0.270078013112
0.269800529991
0.269800461294
0.26921526308
0.268938200949
0.268323091347
0.268200139533
0.268015763775
0.267831451429
0.267616501974
0.267524405691
0.26724822253
0.267186865521
0.267033505587
0.266267803308
0.266206559033
0.265992264842
0.265747463889
0.265655689953
0.265533349367
0.265380463266
0.264068905028
0.263276861845
0.263276824855
0.263185478955
0.26269861436
0.262607368864
0.262455330026
0.262364126804
0.262151386222
0.261756559783
0.261665478102
0.261483365823
0.261483295364
0.261483251328
0.261392218968
0.261392039299
0.261240350992
0.261149360907
0.261028063106
0.26099774306
0.260876482249
0.260815861532
0.260482610522
0.2601193213
0.259877236521
0.259756234645
0.259605021934
0.259302737427
0.259242299902
0.259151656825
0.258910038834
0.25878926771
0.258759078012
0.258698703899
0.257854470357
0.257703812505
0.257643561695
0.257553198691
0.257523081212
0.257432741107
0.257071535694
0.256800814827
0.256680531628
0.256650465231
0.256530217262
0.256319854653
0.25613961657
0.256049517785
0.256049348684
0.256019319279
0.255959265752
0.255809162762
0.255719123867
0.255359156762
0.254849687325
0.254610070355
0.254580125499
0.25440049512
0.254340631831
0.254191004436
0.253921805471
0.253832097731
0.253742405844
0.253712512071
0.25356307139
0.253085218436
0.252935962708
0.252786751018
0.252697244084
0.252488457984
0.252458638193
0.252339376642
0.252279756435
0.252100941613
0.251832843562
0.25165418551
0.25159464633
0.251475589109
0.251059207658
0.250970007219
0.249900988217
0.24975267311
0.249574754872
0.249100648548
0.248982183177
0.248834141097
0.248745336987
0.248626957928
0.248449444826
0.248242425473
0.248153727051
0.247917285996
0.247710490349
0.247562828745
0.247267683444
0.247179159406
0.247090651222
0.247002160651
0.246854710423
0.246736780537
0.246677826163
0.246559938552
0.246471541339
0.246353708334
0.246294799758
0.246235898228
0.246059253527
0.245735558449
0.245529671716
0.245470861781
0.245059445892
0.244824479182
0.244736393748
0.244648325929
0.244530924482
0.244413556502
0.244296213183
0.244178896286
0.244120248406
0.244090927109
0.243885729108
0.243739215977
0.243622032951
0.243534165938
0.24350487987
0.243417032233
0.24332920045
0.243153584443
0.243124321273
0.243007291495
0.242978037133
0.242948784532
0.242714853561
0.242714717929
0.242334804027
0.242334786413
0.242042741285
0.242042679634
0.241984288928
0.241809159084
0.241721617942
0.241575753029
0.241342464992
0.2412550084
0.241196712813
0.241109282643
0.24105100467
0.240934469863
0.240817963238
0.240614149746
0.240614105709
0.240439479644
0.240294000491
0.240293852528
0.240206587936
0.239944933314
0.239683382618
0.239567184249
0.239567152543
0.239450977073
0.239392899907
0.239131643375
0.239015578878
0.23884152881
0.238812526337
0.238783525626
0.23811714867
0.238117067643
0.237972294837
0.237972155681
0.237943206052
0.23782742515
0.237769545268
0.237682738655
0.237682721041
0.237682687573
0.237538045115
0.237422362855
0.237422308249
0.237422209607
0.237248744345
0.236844280947
0.236584433585
0.236440125805
0.23643996375
0.236238017408
0.236237887059
0.236237843023
0.236093646215
0.235978316247
0.235661325294
0.235574904441
0.235488499442
0.235344528101
0.235200600797
0.235143041501
0.234970412933
0.234855359515
0.234826600123
0.234711585457
0.234654086051
0.234567850152
0.234452893614
0.234395425914
0.234251792774
0.234194349734
0.234108200147
0.234022064652
0.233964649795
0.233907241985
0.23382114348
0.233821117058
0.233735036168
0.23364896937
0.233534238299
0.233247597338
0.2331902776
0.232903791647
0.232846514185
0.232731980398
0.232703351355
0.232646098553
0.232617474795
0.232474384184
0.232417159566
0.232331335849
0.232216930649
0.232102551871
0.231988201276
0.231931036547
0.231902456825
0.231902403981
0.231759531793
0.231645265748
0.231531029648
0.231445369748
0.2313597257
0.231274097506
0.231188486926
0.231102890438
0.23104583492
0.23104581026
0.23070370438
0.230532717495
0.230475732436
0.230390268057
0.230133996463
0.22984943755
0.229735645338
0.229394469511
0.229394330355
0.229365907403
0.229365842229
0.22916693617
0.229024914768
0.228939719893
0.228911325125
0.228854540872
0.228599111256
0.227749160008
0.227522648316
0.227409433864
0.227154818044
0.226985141687
0.22690032905
0.226504801548
0.226335371796
0.226137790357
0.225799325419
0.22560197297
0.225517417506
0.225404701548
0.225292015535
0.225094890314
0.225010429969
0.225010327804
0.224897740433
0.224728914862
0.224447720341
0.22444752658
0.224335078365
0.224250760698
0.224222658332
0.224194557728
0.224110266483
0.224082172924
0.223997904579
0.223941733315
0.223324589224
0.223323625705
0.223267538991
0.223127354793
0.222847151975
0.222847118507
0.222231297275
0.222203321734
0.222147375937
0.222063470453
0.221895712328
0.221644187874
0.221504514501
0.221420730557
0.221364883402
0.221030045315
0.220806912107
0.220723260273
0.220611750916
0.220528136073
0.220472401652
0.220193872223
0.220110338407
0.220110313747
0.220082472077
0.219915462574
0.219804157547
0.219387145492
0.219331555511
0.219109292465
0.218998190006
0.218859353327
0.218609578005
0.218581831454
0.218470868151
0.218415394426
0.218387660206
0.218332197049
0.218276740939
0.217944231505
0.217916527229
0.217694975814
0.217501193849
0.217362834526
0.217196859
0.217113895898
0.217003306025
0.216948019015
0.216865101711
0.216726941433
0.216588828715
0.216533594548
0.216147196705
0.216064432648
0.215430769566
0.215320605967
0.21504534405
0.214880259824
0.21482524408
0.214687739066
0.214577765704
0.214577714622
0.214495251775
0.214467767682
0.214440285351
0.214412804781
0.214302900116
0.214220491875
0.214055721189
0.213973358746
0.213808686702
0.21372637358
0.213698938808
0.213534368929
0.213424691493
0.213342450591
0.213287632129
0.213260225541
0.213205417649
0.212931547287
0.21287678167
0.212712527093
0.212520994514
0.212356879093
0.212247502867
0.212192825323
0.21189225648
0.211837624734
0.211701079717
0.211646472631
0.211619171731
0.211564575214
0.211019267069
0.211019149052
0.210937374936
0.210937320331
0.210882811887
0.210746571603
0.21069208782
0.210637611082
0.21058314139
0.210474224906
0.210446999748
0.210392554717
0.210229267183
0.210147644553
0.210066037777
0.209902889398
0.209766967939
0.209685436905
0.209576752934
0.209468097146
0.20941377894
0.209278024819
0.208952381564
0.208925255048
0.208871007301
0.208681213286
0.208491493251
0.208437301871
0.208410208823
0.208220619137
0.208139387552
0.208031105194
0.207895794962
0.207895652283
0.207679246099
0.20684232967
0.206680426645
0.2066264713
0.206572523001
0.206518581748
0.206356810833
0.206248991739
0.206060381426
0.205979572592
0.205871857425
0.205791085582
0.205656506356
0.205629594739
0.205414381064
0.205011266946
0.204957530022
0.204850079074
0.204823220301
0.204742654548
0.204662104649
0.204635258206
0.204608413524
0.20460836068
0.204581517759
0.204232771168
0.204232716562
0.203911045404
0.203723509583
0.203589604998
0.203509282327
0.203001130464
0.202760574635
0.202760414342
0.20227993857
0.202279924479
0.202226546893
0.202146493727
0.202066456413
0.201959764655
0.201906429345
0.201853101081
0.201799779862
0.201719813007
0.201533298834
0.201400119971
0.201346858642
0.201213741431
0.201080664732
0.201054054325
0.201000838794
0.200947630309
0.200921028709
0.200841234477
0.200814639923
0.200761456098
0.20070827932
0.200655109587
0.200336293759
0.200203511225
0.200070772728
0.199991147596
0.199991100037
0.199725834417
0.199672795033
0.199593249167
0.199434208518
0.199434190903
0.198957678422
0.198957179928
0.198930710437
0.198904242708
0.198824851851
0.198798391168
0.19816393719
0.197873468571
0.197767890057
0.197741499832
0.197451387029
0.197319560969
0.197293200689
0.197293172505
0.197135054862
0.197108706913
0.197029675394
0.196845331342
0.196687386322
0.196529515284
0.196319115685
0.196266530758
0.196161383802
0.196108820013
0.196029989301
0.196003715332
0.195898637074
0.195793586999
0.195767328883
0.195636066491
0.195504848136
0.195294992829
0.195268768181
0.195163888968
0.194954230945
0.194744676848
0.194718489191
0.19463993679
0.194509054873
0.194430544747
0.19369912052
0.193594662296
0.193411945836
0.193255387087
0.193151050404
0.193072815066
0.192968527704
0.192890331118
0.192786093077
0.192629791501
0.192551661851
0.192525622157
0.192395451871
0.192317371542
0.192161272534
0.192083238003
0.191927227069
0.191771286593
0.191667355046
0.191641375242
0.191589420918
0.191485538692
0.191355729506
0.191303813935
0.191277858791
0.190888824039
0.190888781764
0.190836929605
0.190811006167
0.190707335317
0.190655507819
0.190577779782
0.190577654718
0.190525844834
0.190422246204
0.190266908148
0.190163381737
0.190008152892
0.189904695179
0.189852976891
0.189749561452
0.18974945048
0.189336192102
0.189103886961
0.188974882763
0.188871712168
0.188845922601
0.188820134797
0.188794348753
0.188717001192
0.188716985339
0.188716726404
0.188665170171
0.188587850793
0.188536312174
0.188484780601
0.188355982495
0.188304475582
0.188201484656
0.188124258636
0.18807278343
0.187995585593
0.187944128001
0.187892677456
0.187841233956
0.187789797502
0.187635540984
0.187584132713
0.18755843122
0.187378575373
0.187224484433
0.187147459219
0.186942173145
0.186890859993
0.186813903477
0.186788254827
0.186685679607
0.186608765365
0.186557498011
0.186557256691
0.186557216178
0.186352254212
0.186121793322
0.186070592904
0.185763554211
0.185610132626
0.185533440329
0.185022753722
0.184971704789
0.184869633347
0.184818605552
0.184818557992
0.184716525302
0.184614520794
0.184614446813
0.18458894965
0.184563454247
0.184537960607
0.184334092509
0.184334025574
0.184181192317
0.184104797707
0.183494289044
0.183443451487
0.183265587854
0.18316398496
0.183037018774
0.18298624463
0.182884722763
0.182859345379
0.182783223796
0.182757853458
0.182631033473
0.182554959449
0.182428209922
0.182352178173
0.182301499148
0.182200163996
0.181694141741
0.181643554311
0.181643466238
0.181618175166
0.181567598305
0.181542312517
0.181466467483
0.181441188741
0.181365364845
0.181365333138
0.181314791507
0.181264256922
0.181188468255
0.180961207941
0.180910722676
0.180910712108
0.180860233889
0.180809762716
0.180532360623
0.180481935248
0.180431516919
0.180305505446
0.180255111777
0.180254875741
0.180229681549
0.180179298449
0.18017927555
0.180078535773
0.180002995472
0.179877135484
0.179776480257
0.179776432697
0.179600351664
0.179449494768
0.179374086576
0.179323823256
0.179323772174
0.179323710522
0.179323680578
0.179323648871
0.179273392597
0.179047349453
0.178946921455
0.178946895033
0.178946856281
0.178946250338
0.178946234485
0.178745478891
0.178745468322
0.178745426047
0.178745385533
0.178619962388
0.178619925397
0.178569767764
0.178519617178
0.178394276821
0.178018537585
0.177943430603
0.177868339475
0.17781828753
0.177743222824
0.177668175732
0.177618151971
0.177143311117
0.176993493483
0.176943564841
0.176893643244
0.176718973142
0.176669083252
0.176594263389
0.176419758864
0.174583566762
0.174581565741
0.174581113046
0.174531526127
0.174209479777
0.174159945702
0.174110418673
0.17406089869
0.173937134842
0.173887639519
0.173689741017
0.17361555528
0.173615476014
0.173541304369
0.173491865413
0.173442433503
0.17336830061
0.173343592582
0.173294181809
0.173244778082
0.173244675918
0.173219976696
0.173170583538
0.17304713323
0.172997764733
0.172997743595
0.172997717173
0.172824993487
0.172750992704
0.172726328712
0.172381284714
0.172332011335
0.172307377288
0.172307002096
0.172233110524
0.172134614849
0.172109994894
0.172060760267
0.171642677244
0.17154435067
0.171495197071
0.171421479883
0.17139691101
0.171200439292
0.171053158163
0.171028615712
0.170783325073
0.170391234184
0.170072960886
0.170048488894
0.169999550193
0.16980389227
0.169754988799
0.169730539705
0.169632762707
0.169608322421
0.169559447133
0.169486149173
0.169388442633
0.169217533253
0.1692174945
0.169168675579
0.169071058874
0.169046659101
0.16899786484
0.168949077625
0.168827150982
0.16872963468
0.168729618827
0.168680870364
0.168632128947
0.168607760881
0.168583394576
0.168534667251
0.168485946971
0.168437233737
0.168339830169
0.168291138073
0.168145111106
0.168096447193
0.168047790326
0.167974819998
0.167926180746
0.167804618726
0.167780310549
0.167780280604
0.167707366643
0.166472241767
0.166399613163
0.166375407151
0.166327000412
0.166206017913
0.166157635834
0.166085075927
0.166012533634
0.165891672675
0.165843336395
0.165457060092
0.165384655194
0.165288139402
0.165239891195
0.165191650033
0.165191377006
0.165191310071
0.165191197337
0.165167079398
0.165094736151
0.165022408757
0.164877812097
0.164877787436
0.164661018391
0.164636939204
0.164588786115
0.164492502837
0.164468435981
0.164251922347
0.164203825625
0.16389138629
0.163843342412
0.163819323115
0.16379530558
0.163675249609
0.163579232311
0.163531234231
0.163459252084
0.163387284028
0.163315331825
0.163051706127
0.163003785551
0.162836129591
0.162764300691
0.16271642239
0.16264461815
0.16252498493
0.162501062514
0.162453222966
0.162405390463
0.162238058612
0.16216636006
0.162142464065
0.162046902986
0.161999130373
0.161951364806
0.161831981714
0.161784240808
0.161760372997
0.161688780132
0.161450290498
0.161450260553
0.161378738147
0.161307231594
0.161259568192
0.161069000894
0.160902343683
0.160878541046
0.160783353397
0.160640634456
0.160569289957
0.160521735766
0.16047418862
0.160402881112
0.160402793039
0.160355263508
0.160355099692
0.160022632533
0.159880251792
0.159430011517
0.159406318091
0.159358936523
0.159240516951
0.159216837616
0.159003839861
0.158861906531
0.158342153679
0.158224119867
0.158200516275
0.158106119522
0.158082524738
0.158082186537
0.158081839529
0.158081799015
0.158011025231
0.157963851515
0.157940267299
0.157822383211
0.157751669317
0.157728100954
0.15763384688
0.157586729531
0.157539619228
0.157374795699
0.157280647312
0.157257114179
0.157210053197
0.157186525348
0.157139474934
0.157092431567
0.157045395245
0.157021879726
0.156927837028
0.156857322178
0.156833820751
0.1567633288
0.1567163418
0.156528483631
0.156505006864
0.156434588895
0.156387651215
0.156317259668
0.156270339603
0.156082747415
0.156035862579
0.155988984789
0.155778158916
0.155731319878
0.155661074532
0.155520634922
0.155473834636
0.155427041397
0.155403647419
0.15528671452
0.155239949464
0.155239891336
0.155123020089
0.155122990144
0.154959456005
0.15495941373
0.15488934453
0.154865991066
0.154772596585
0.154725909033
0.154702567899
0.154702446358
0.154632433525
0.154562438307
0.154445815426
0.154422495429
0.154305925392
0.154212700012
0.154072922712
0.15407279941
0.154072526383
0.15407245064
0.154049158827
0.154025868776
0.153979293957
0.152540399626
0.152540017389
0.152447327493
0.152424158982
0.152377827245
0.152377811392
0.152308328759
0.152285170817
0.152285080983
0.152099896714
0.152053614298
0.152007338927
0.151822323759
0.151729850523
0.151614298611
0.151568090176
0.151337166021
0.151267919424
0.151221763833
0.151152543658
0.151014152629
0.150968035791
0.150599372347
0.150530294851
0.150461233207
0.150415200919
0.150369175676
0.15032315748
0.150300151024
0.150254143396
0.149817499847
0.149748603781
0.149633809297
0.149610855685
0.149542005417
0.149496114046
0.149473171002
0.149381418204
0.149358483968
0.149335551493
0.14931262078
0.149266764638
0.149243839209
0.149197993636
0.149175073491
0.149060504475
0.149014687085
0.148968876741
0.148945974211
0.148923073442
0.148900174436
0.148854381706
0.148831487983
0.148785705823
0.14812294691
0.148054441889
0.148031609817
0.148008779508
0.147940299146
0.14789465438
0.147803391268
0.147689355975
0.147620951357
0.147347501985
0.147279176632
0.1471653351
0.147119810113
0.147028783037
0.146983279187
0.146915036624
0.146778609625
0.146596817932
0.146483240618
0.146437821319
0.146369705581
0.146369337435
0.146369258169
0.14636917538
0.146368798428
0.146346096704
0.146255309188
0.14611918516
0.145847155526
0.145711221737
0.145711181223
0.145643236346
0.14562059099
0.145575305562
0.145530027179
0.145529954959
0.145484683622
0.145462050596
0.145462040027
0.145394151518
0.145393945427
0.145393929573
0.145303437982
0.145280819048
0.145235586463
0.145077329665
0.14500953099
0.14496434068
0.144873981199
0.144828812027
0.14476107148
0.144670775411
0.144625637945
0.144512830391
0.144490273108
0.144354984013
0.144309895869
0.144219742478
0.144129620794
0.144107093456
0.144084567879
0.144062044063
0.14392694873
0.14388192752
0.143791908001
0.143724410536
0.143701914904
0.143656928924
0.143499540526
0.143319776276
0.142826094823
0.142826084255
0.142781235669
0.142736394129
0.142691559635
0.142624321104
0.142601911784
0.142467498136
0.142422705917
0.142355532561
0.142333144378
0.142265990398
0.142198852271
0.142131731759
0.142064627099
0.142019898293
0.141997536532
0.141952818294
0.14195272846
0.141930371983
0.141885664314
0.141684577565
0.141684043842
0.141505447441
0.141416174782
0.14139386058
0.141349237462
0.141282315995
0.141193117317
0.14117082073
0.141170766124
0.141148471299
0.141059314896
0.141014744621
0.140925626971
0.140925611117
0.140903335668
0.140903030935
0.140880757247
0.140858485321
0.140813946752
0.14074715211
0.140702631157
0.140613612148
0.140435656919
0.140302263158
0.140257812662
0.140213369213
0.139835958349
0.139813769211
0.13976939622
0.139747212367
0.139614153283
0.13959198176
0.139525477759
0.139481150566
0.139436830419
0.139348211262
0.139326060877
0.13928176539
0.139259620289
0.139193195554
0.139171057498
0.139104653901
0.138971896028
0.138795001199
0.138728689198
0.13868448883
0.138596114516
0.138551935286
0.138419446916
0.1382649755
0.138132624524
0.138022379897
0.137956251088
0.137934211674
0.137912174022
0.137846071635
0.137779985101
0.137669886676
0.137625855408
0.137537819295
0.137493809165
0.137449806081
0.137361822812
0.137163982438
0.137163961301
0.136834522095
0.136812572516
0.136790624698
0.136746734348
0.136680913795
0.136637041059
0.136549316725
0.136461625858
0.136395874002
0.136352047064
0.136264416088
0.136242512307
0.136154916559
0.136045469875
0.135914184583
0.135892308986
0.135826692762
0.135804824211
0.13578295742
0.135739229125
0.135695507874
0.135608088273
0.135542542508
0.135498852964
0.135455170466
0.135346000331
0.135302342494
0.135258691702
0.135127788648
0.135127737566
0.135018697779
0.135018623798
0.135018613229
0.134975008235
0.134974833851
0.134909441332
0.134865853953
0.1347569269
0.134756789506
0.134735007266
0.134713226788
0.134713216219
0.134713101724
0.134712816367
0.134582181055
0.134495124315
0.134495071471
0.134473310369
0.134429793448
0.134386283574
0.134255797986
0.134147117538
0.134103653461
0.13406019643
0.133843029294
0.133799614539
0.133734505616
0.13364771838
0.13347423198
0.133430877114
0.133409202323
0.133387529294
0.13334418852
0.133322520775
0.133257528108
0.133214208472
0.133192551296
0.133170895881
0.133105940205
0.132976078175
0.132932804337
0.132846277797
0.13275977944
0.132716540831
0.132673309267
0.132630084749
0.132522064849
0.132457267705
0.132414078417
0.132284554587
0.132262973154
0.132155094171
0.132068826566
0.131961030371
0.131896370622
0.131702514675
0.131659448688
0.131616389748
0.131551814548
0.131530293005
0.131272207105
0.13125070846
0.131164736781
0.131121758868
0.131100272553
0.130992867403
0.130842584744
0.130821121328
0.130713835958
0.130563729444
0.130520850173
0.130327987691
0.130327964792
0.130306543651
0.129985554179
0.129985536565
0.129985520711
0.129921348887
0.129878575303
0.129857191153
0.129835808765
0.129750298589
0.129728925008
0.129686183131
0.1296434483
0.129557999774
0.129515286081
0.129451230512
0.129408534433
0.129344503525
0.129280488471
0.12928042682
0.129259091991
0.129216427618
0.129216390627
0.129195061083
0.12919496068
0.129173632897
0.129109661879
0.128662567575
0.128598721621
0.1285986723
0.128385984562
0.128385961663
0.128385940526
0.128343420593
0.128343364226
0.128279597537
0.128279555262
0.128258303222
0.128194559433
0.128152071206
0.128130829735
0.128088352077
0.128088304518
0.127960931434
0.127918481959
0.127833604148
0.127769966046
0.127727548278
0.127706342036
0.127685137555
0.127685109372
0.127663906653
0.127642705695
0.127219357662
0.127028955942
0.126859830923
0.12681756464
0.126775305404
0.126669693422
0.126648575253
0.1266063442
0.126585231316
0.126543010831
0.126142292301
0.126079075189
0.126058006341
0.125973748564
0.125910573727
0.125847414743
0.125784273374
0.125763229186
0.125700108954
0.125658036433
0.125615970957
0.125552885954
0.125531861143
0.125531792446
0.125510769396
0.125426696573
0.12540568233
0.125321642975
0.125279633866
0.125237631803
0.125132668039
0.125090690636
0.124943835782
0.124901890086
0.124859951435
0.124776095272
0.124755135634
0.124734177759
0.124629420086
0.124587527234
0.124545641427
0.124503762666
0.124461890951
0.124294493926
0.12425265744
0.124189917684
0.124148098813
0.124148090006
0.12408537491
0.124022677429
0.123980886741
0.123918213921
0.123834680105
0.123792921124
0.123751169188
0.123688556257
0.123480018524
0.12333410429
0.123292429859
0.123271595286
0.123229931423
0.123188274607
0.12316744884
0.123125802593
0.123104982111
0.122917703463
0.122917617152
0.122772046403
0.121922384034
0.121880949162
0.121860234368
0.121839521336
0.121798100555
0.121777392807
0.12169458119
0.12167388225
0.12165318507
0.121549727357
0.121363632412
0.121280965235
0.121280933529
0.121260269817
0.121260229304
0.121198250499
0.121094995354
0.121074347495
0.12101241625
0.121012389828
0.120888578421
0.120538211284
0.120538184862
0.120538072129
0.12051747183
0.120496873292
0.120476276516
0.120435088248
0.120311567482
0.120229256121
0.120188110128
0.120146971182
0.119982492899
0.119941389182
0.11990029251
0.119879746816
0.119838660713
0.119674395568
0.119469216943
0.119428201298
0.119407696118
0.119366691043
0.119243735705
0.119161790728
0.11910034917
0.119059396938
0.119038923464
0.119018451752
0.118997981801
0.118997817985
0.118956883368
0.118915955797
0.118895494654
0.118875035272
0.118854577651
0.118547942333
0.118507085221
0.118404978549
0.118384561442
0.11832332069
0.118302910629
0.118058153712
0.117915498183
0.117895123351
0.117834009425
0.117772911351
0.11775254885
0.117671121743
0.117589722819
0.11748801776
0.117447343839
0.117406676964
0.117366017135
0.117325364352
0.117284718615
0.117244079923
0.117203448278
0.117122207885
0.117040999199
0.116959815174
0.116919232849
0.116858372573
0.116838089337
0.11677725196
0.11675697577
0.116716428675
0.116696157769
0.116655621243
0.116635355622
0.116534059222
0.116473301111
0.116432803336
0.116372069885
0.116270887981
0.116189971698
0.11616974659
0.116088869059
0.116088853206
0.116048422367
0.116048380092
0.115967541313
0.115967476139
0.11590686599
0.115846271695
0.115826076532
0.115805883131
0.115745315258
0.115664580405
0.115483049408
0.115483019463
0.115462856007
0.115422534379
0.115422472728
0.11534185237
0.115321701244
0.115321685391
0.115281388423
0.115261242581
0.115241098501
0.115220956182
0.115220940329
0.115200799771
0.115200452763
0.115180313968
0.11514004166
0.115099776399
0.11507964641
0.115039391717
0.114918687529
0.11483824684
0.114757834335
0.114617176304
0.114617082947
0.114556825091
0.114516661994
0.114416295646
0.114416274509
0.114376136073
0.114255768323
0.113975192076
0.11391510332
0.113835011401
0.113794975129
0.113754945904
0.113614900862
0.113534912869
0.113494929441
0.11345495306
0.113414983724
0.113335071474
0.113235224758
0.113175333286
0.113135413271
0.113075546459
0.113055594378
0.112736635872
0.11267687651
0.112597224956
0.112537500823
0.112517596302
0.112477792543
0.112437995831
0.112378313973
0.112358423543
0.112318647968
0.112258999578
0.11211988811
0.11208015481
0.112020569833
0.112000711109
0.111960998947
0.111941145508
0.111901443914
0.11188159576
0.11180222604
0.111722884504
0.111703052202
0.111683221662
0.111227975312
0.111148832821
0.111109272145
0.110990650004
0.110911597348
0.110872078946
0.110773319052
0.110753571301
0.11067459791
0.110635121784
0.110536464055
0.110497012589
0.110201384647
0.110161993071
0.110083231056
0.110043860617
0.11002417804
0.10998481817
0.109945465346
0.109807796516
0.109180078369
0.109160473296
0.109101670407
0.109062476115
0.109023288868
0.108886201321
0.108729626718
0.108651384335
0.108124310846
0.108085292699
0.108085248663
0.108046237562
0.108026734654
0.107987734122
0.107870785371
0.107831813023
0.107831783078
0.107792817775
0.107734384794
0.107675965904
0.107675833794
0.107656364354
0.107656234006
0.107015148123
0.106995738572
0.106995715673
0.106956901857
0.106859901663
0.106762947268
0.106685412992
0.106666033386
0.106646655542
0.106607905137
0.106588532578
0.106549792742
0.106511059953
0.106414264089
0.106414248236
0.106201504131
0.105969690438
0.105911752427
0.105873135894
0.10585383027
0.105795925727
0.105738035276
0.105738026469
0.105680153632
0.10568011488
0.10566082687
0.105641540622
0.105583694208
0.105545137564
0.105525861885
0.105525823133
0.10542947468
0.10541020957
0.105371684633
0.105313912199
0.105275404877
0.10527539607
0.105198407847
0.105198277499
0.105140552625
0.105102077009
0.105082841843
0.104986703005
0.104909816947
0.104813750328
0.104756131142
0.104736927683
0.104736827279
0.104640841688
0.104640822312
0.104640686679
0.10464066378
0.104640418937
0.104410317385
0.104257003249
0.104199535549
0.104142083702
0.104084647708
0.1040655059
0.103893326505
0.103874202311
0.10381684206
0.103797724913
0.103702170879
0.103625755132
0.103434851395
0.103301325524
0.103186937939
0.103167878919
0.103167834882
0.103167752094
0.103091538914
0.103072488702
0.103053440251
0.103015348634
0.102977264062
0.102901116057
0.102900943434
0.10286288
0.102843850925
0.102824823611
0.10276775224
0.102748731973
0.102672673802
0.102558636747
0.102539635856
0.102463655189
0.102444663105
0.102349739676
0.0997076258316
0.0996888926824
0.0996888821137
0.0996514210998
0.0995952445513
0.0995947601493
0.0993889579665
0.0993702547622
0.0991646639548
0.0991459818881
0.0990712729972
0.0990525997377
0.0989592651468
0.098921941527
0.098884624953
0.0988845879622
0.0987913326372
0.0987540407236
0.0986794833184
0.0986608470497
0.0986049505737
0.0985863213508
0.0985676938894
0.0984745882886
0.0984187446565
0.0983629168776
0.0983443105537
0.0983443052693
0.0982699028728
0.0982141156075
0.0980840333948
0.0980468753524
0.0980282989733
0.0979168953045
0.0978797689684
0.0978240926752
0.0974535920271
0.0974165537641
0.0973795225469
0.0973424983756
0.0973423803576
0.097212877666
0.0971943805528
0.097175885201
0.0971573916107
0.0971388997818
0.0970279910839
0.0969910338481
0.0969725578724
0.0969540836582
0.0968617425319
0.0968432788865
0.0967878985189
0.0967694419193
0.096677195912
0.0966403056118
0.0966218631039
0.0965849833724
0.0965296787477
0.0965296734633
0.0964928113465
0.0964559562756
0.0964191082505
0.0963638511852
0.0963270207747
0.0962533863757
0.0961981768699
0.0961429832173
0.0961245882689
0.0960878036564
0.0959223724229
0.0958305315518
0.0958305209831
0.0957387153413
0.0957386924423
0.0957019818112
0.0956836291378
0.0955918974775
0.0955918411107
0.0955368218428
0.0953719031947
0.0953169473395
0.0951888009737
0.0951155998943
0.0950973035878
0.0950972102303
0.0949143933661
0.0948961164356
0.0948778412666
0.0948778130832
0.0948412680296
0.0947864654215
0.094585715112
0.0942759285386
0.0942394997415
0.0942394838883
0.0942394504205
0.0941484145377
0.0941472396425
0.0939834994125
0.0939834025321
0.0939833567341
0.0939832704224
0.0939832510464
0.0939832263859
0.0939468539555
0.0938377789396
0.0937287690977
0.0936924459883
0.0932935963696
0.0932573578103
0.0931667957608
0.0930943802935
0.0930762795092
0.0930219894867
0.0929496303861
0.0929315436936
0.0928772941846
0.0927507789327
0.0927146460612
0.0926785202355
0.0926604599649
0.0926424014557
0.0926062897217
0.092588236497
0.0925521353318
0.0925340873914
0.0924979967949
0.0924078064139
0.0923717404779
0.092299631505
0.0922455669496
0.0922275489541
0.0921915182474
0.0921554945865
0.0921194779715
0.0920654680214
0.0918316392156
0.0917956860132
0.0916699317128
0.0916160538724
0.0916159992671
0.0915800883398
0.0915621355183
0.0915441844584
0.0913289373159
0.0913110091549
0.0913109933018
0.0912572211491
0.0912213806803
0.0911855472573
0.0911850875157
0.0910776312834
0.0910776013385
0.091041796099
0.0910238961214
0.0909881014506
0.0907914201184
0.0907556712456
0.0906841963991
0.0906484686639
0.090594890272
0.0905770343309
0.0904877828092
0.0904342537382
0.0904164136503
0.0904163467148
0.0903985083884
0.0903628370199
0.0901134087059
0.0900599888457
0.0900421857485
0.0899532019689
0.0899354094405
0.0898998296681
0.0898642569415
0.0898109128241
0.0897753577122
0.0897575827984
0.0897398096461
0.0897220382552
0.0896865007579
0.0896687346514
0.0896332077228
0.0896154469008
0.0895976878401
0.089544421227
0.089508918959
0.0894556805293
0.0893669873909
0.0893137912363
0.0892428871035
0.0892251650336
0.0891897261781
0.0891542943685
0.0890480588294
0.0889949577938
0.0889418726113
0.0889417475474
0.0887825924033
0.0886942339428
0.0886235799375
0.0886059195188
0.0886058684364
0.0885705528833
0.0884999429146
0.0884822948261
0.0884117253711
0.0883764485701
0.0883588128118
0.0883587758211
0.0882882521641
0.0882530000236
0.0876379203667
0.0875501343813
0.0874799348333
0.0873922228294
0.0872520122098
0.0872344891851
0.0870593716716
0.0870243661358
0.087024267494
0.0870067673683
0.0869193037305
0.0866048845119
0.0865699705721
0.0865176146349
0.0864827183098
0.0864652727894
0.086430387033
0.0863955083225
0.0863257773234
0.0862909197505
0.0862908898056
0.0862734636613
0.0862734301935
0.0862385831893
0.0860297143011
0.0860123145787
0.0859949166178
0.0859775204184
0.0859427333039
0.0858905676046
0.0858210374122
0.0858036588274
0.0858032061316
0.0858008792402
0.0856966623366
0.0856445706188
0.0856272096486
0.0856270000346
0.0856268996312
0.0856095404225
0.0855921829752
0.0855574733651
0.0855401212022
0.0854707319267
0.0853147051392
0.0850896360843
0.0848129896583
0.0847784385798
0.0847611656827
0.0846748381879
0.0846230564874
0.0845022994549
0.0844850547412
0.0844333311689
0.0843988575947
0.0843643910663
0.0842266112644
0.0842093947341
0.084140547989
0.0841061343044
0.0840545269886
0.083985747179
0.0837452371475
0.0837109044903
0.0836937408038
0.0836765788789
0.0836594187153
0.0836251036727
0.0835565000093
0.083539352176
0.0834193930859
0.0834022593443
0.0833508686883
0.0833337419926
0.0832994938855
0.0832823724742
0.0832481349358
0.0831967936008
0.0831796827582
0.083025780294
0.0829745058945
0.0829232491096
0.0829230817707
0.0828889182138
0.0828547617027
0.0827864715796
0.0827523362061
0.0827182078784
0.0827011463568
0.0826670285979
0.0826329178848
0.0825988142176
0.0825817650262
0.0824795174373
0.0824454454764
0.0823773244536
0.0823432736303
0.0822751948826
0.0822751825524
0.0822411528666
0.0822241406659
0.0822071302266
0.0821561112391
0.0821391078457
0.0821390144883
0.0821390039195
0.0821050024171
0.0820030419464
0.0819860544062
0.0819520846101
0.0819351023543
0.0819350266114
0.0819010673841
0.0818840904126
0.0818671152026
0.0818670324139
0.0818330872783
0.0818161173527
0.0817991491885
0.0817652181446
0.0817143347897
0.0816295661889
0.0816126174008
0.0815956703742
0.0815617816054
0.0815109616631
0.08151094581
0.0814940093521
0.0813924346417
0.0813755105141
0.0813247504615
0.0812909180595
0.0812570927033
0.0812401826674
0.0810880804173
0.0807003702848
0.0806835183771
0.0806666682309
0.0806161283611
0.0805656061059
0.08054876829
0.0803973353955
0.0803132537649
0.0802796327383
0.0802460187576
0.0801620252001
0.0801452296592
0.0800948553668
0.0800945788173
0.0800945383037
0.0800777498087
0.0800609630751
0.0800106152047
0.0800105817369
0.0799770241229
0.0799770117927
0.0799602356279
0.0799434612246
0.0798763865103
0.0798763178133
0.0798763072445
0.0798595416485
0.0797757506591
0.0797757418518
0.0797757418518
0.0794912674884
0.0794410975257
0.0794243777277
0.0793742289024
0.0793575161503
0.0793240959304
0.0792906827563
0.0792739788115
0.0792739418208
0.0791737657112
0.0791735032533
0.0791401217856
0.0791401165012
0.0791401076939
0.079106733272
0.0791066927584
0.0791066804281
0.0790566337677
0.0790066029604
0.0790065606853
0.0789898866854
0.0789898620249
0.078923185401
0.0788565404835
0.0788565140616
0.0788564453645
0.0788564347958
0.0788564101353
0.0788563995665
0.0788563942821
0.0786566286299
0.0785568382805
0.07854021184
0.0785235871609
0.0784571113438
0.0783574478197
0.0783242389752
0.0782910371766
0.0782744389194
0.0781914846246
0.0781583110093
0.0780919902008
0.0780422641265
0.0780091222176
0.0779925539053
0.0779263000324
0.0778766285634
0.0778269711861
0.077826928911
0.0777938328001
0.077760743735
0.0777442018447
0.0776449980622
0.0776449927778
0.0776119354191
0.0775788851062
0.0774797870114
0.0773972554674
0.0773807523293
0.0772158354427
0.0771663894408
0.0771499109631
0.0771169592921
0.0771168835492
0.0771004103559
0.0770510031062
0.0769522432122
0.0769357876335
0.0769193338162
0.0768864314662
0.076853536162
0.0767713322499
0.0767384616062
0.0767220289265
0.0767055980083
0.0766727414562
0.0766563158224
0.07663989195
0.0765249864946
0.0765085767139
0.0764101655893
0.0763773724499
0.0763770782858
0.0763770730014
0.0763278982647
0.0763278295677
0.0763114409245
0.0763108349816
0.0762780629797
0.0762289181879
0.0762125401135
0.0761470471922
0.0760815859771
0.0760815771698
0.0760652149486
0.0760324957906
0.0759997836784
0.0759997783941
0.0759670733277
0.075901689617
0.0758690056883
0.0758199930061
0.0758036589683
0.0758036202161
0.0757709574249
0.0757219782105
0.075395986186
0.0753308455571
0.0752982849307
0.0750868936287
0.0750706388567
0.0750543858462
0.0750381345971
0.0749569082965
0.0749568889204
0.0749568501683
0.0749568413609
0.0749568290307
0.0749568026088
0.0749243230096
0.0749080858522
0.0748918504563
0.0748593849488
0.0748431548373
0.0748431495529
0.074729614515
0.0746809735013
0.0745675423896
0.0745675300594
0.0745513316541
0.0745189401281
0.0744865556478
0.0744703660499
0.0744379921385
0.0744056252729
0.0743570899469
0.0743570846625
0.0743409091563
0.0743085634283
0.0742115720421
0.0741792544975
0.0741630983673
0.0741307913914
0.0741307808227
0.0741146299769
0.0740016339464
0.0739693621997
0.0739209677907
0.0738887136587
0.0738564665725
0.0738564401506
0.0738564313433
0.0738564119672
0.0738564066828
0.0738563520775
0.07385633094
0.0738402100391
0.0737596354795
0.0737596090575
0.0737434987254
0.0735664506495
0.0735342740218
0.0735342546457
0.0735342335082
0.0735341789028
0.0735341524809
0.0735180668093
0.07334129176
0.0733412829527
0.0733412582922
0.0733091309854
0.0733091116094
0.0732288347368
0.0732288294524
0.0732287678013
0.073228758994
0.0732127067901
0.0732126944599
0.0731485050204
0.0731484962131
0.0731003713078
0.0730522622557
0.072636109795
0.0726361045106
0.0725881487057
0.0725881240452
0.0725082435017
0.0724922705636
0.0724603299718
0.0724283964259
0.0724283347747
0.0724282731235
0.0723963466235
0.0723325200452
0.0723324953848
0.0723005900222
0.0723005706462
0.0721411653744
0.0721411389524
0.0721411266222
0.0721410896315
0.072029626073
0.0720296119813
0.072029603174
0.0716640258123
0.0716639905831
0.0716639852987
0.0716639800143
0.0716638866568
0.0716321292571
0.071632113404
0.0716162373463
0.0715527560146
0.071552715501
0.0715527031708
0.0715526873176
0.0715526749874
0.0715525992445
0.0715525587309
0.0715525340704
0.0715525217402
0.0715525023641
0.071552482988
0.0715524671349
0.0715523896305
0.0715523632086
0.0715523438325
0.0715523279794
0.071552319172
0.0715364519217
0.0715364272612
0.0715046980449
0.0714412607498
0.0713778569225
0.0712986369272
0.0712985893677
0.0712985840833
0.0712985682302
0.0712985558999
0.0712985435697
0.0712985312395
0.0712826921725
0.0712826657506
0.0712351608799
0.0712351503111
0.0711876595322
0.0711560078202
0.0711559038939
0.0710451960026
0.0709819683215
0.0709819383766
0.0709345339093
0.070918735356
0.0709184658523
0.0709184359074
0.0708868440852
0.0708710508162
0.0708710402474
0.0708710138255
0.0708706174965
0.0708706069278
0.0708702176446
0.0708702035529
0.0708070533762
0.0708070428074
0.0708070269542
0.0708070005323
0.0708069758718
0.0707596295328
0.0707596066338
0.0707596013494
0.0707595890191
0.0707595837347
0.0707595185606
0.0707595132763
0.0707594991846
0.0707594657168
0.0707594569095
0.0707594269646
0.0707593794051
0.0707591275161
0.0707590799566
0.0707590464888
0.0707590323971
0.0707590218283
0.0707590094981
0.0707589918835
0.0707589584157
0.070758944324
0.0707588932416
0.0707587822695
0.0707587628934
0.0707587294256
0.0707587135725
0.0707585708941
0.070758551518
0.0707585462336
0.0707584423073
0.0707584176469
0.0707584035552
0.070679527045
0.070663756675
0.0706164578954
0.0705534204522
0.0705219096572
0.0705061569019
0.0704589092047
0.0704116773607
0.0703801982719
0.0703487262291
0.0702858032809
0.0702229102776
0.0701914734639
0.0701286227357
0.0700815036253
0.0700500985179
0.0700187004565
0.0699716183367
0.0699402378899
0.069940207945
0.0698931504858
0.0698774681889
0.069799088411
0.0696894409199
0.0696737815221
0.0696737656689
0.0695954951017
0.0695485556604
0.0695329121157
0.0694859920504
0.0694234619083
0.0694234566239
0.0693765753108
0.0692984773669
0.0692048221899
0.0691892173974
0.0691736143664
0.0691424135887
0.0691112198568
0.0691112145724
0.0690956203487
0.0690644371856
0.069017675652
0.06901764923
0.0690176228081
0.0689553005185
0.0688307633884
0.0687996401151
0.0687685238875
0.0687218627572
0.06870631257
0.0686907641443
0.0686596725773
0.0686130501991
0.0683957033939
0.0683491708503
0.0683336629382
0.0682871497707
0.0680704353304
0.0680704141928
0.068054937987
0.0680394635427
0.0680239908599
0.0679621195045
0.0679002763326
0.0678848195029
0.0678230115602
0.0677766745389
0.0677457908244
0.0677149141557
0.0677149053484
0.0676994696563
0.0676840357256
0.0676531731486
0.0675452219454
0.0674835690114
0.0674219442608
0.0674065420364
0.0673911415735
0.067375742872
0.067237249678
0.0672218685912
0.0671911117019
0.0671757358995
0.0671142520658
0.0670988850707
0.0670681563648
0.0670220782784
0.0670067218521
0.0669453190457
0.0668839444227
0.0668532650377
0.0668072591713
0.0667153126125
0.0666999914154
0.0666846719798
0.0665775116731
0.0665316009256
0.066516300866
0.0664857060313
0.0664857007469
0.0664398234672
0.0663939620407
0.0663481164673
0.0663328375453
0.0663175603847
0.066287011348
0.0662717394718
0.0662564693571
0.0662564429351
0.0662259079901
0.0662106431598
0.0661191087831
0.0661191070217
0.0660733565672
0.0660428638973
0.0659819014564
0.065951429924
0.0659361968
0.0659057358363
0.0658752819186
0.0658600576019
0.0658448350466
0.0658296142529
0.0657535472747
0.0657535419903
0.0657535085225
0.065723089834
0.0656774767736
0.0656622753559
0.0656622665486
0.0656014802539
0.0656013270067
0.0655861343963
0.0655405671339
0.0655101977663
0.0655101008859
0.0654949188443
0.0654948325327
0.0654341237423
0.065418950508
0.0653734413739
0.0653734255207
0.0653430949053
0.0653279322398
0.0652976121931
0.0652975787253
0.0652521136277
0.06525208016
0.0652217777279
0.0651763390523
0.0651611957628
0.0651611711024
0.0651308898079
0.0650854828385
0.065024967809
0.0650249272954
0.0649946777072
0.0649795555553
0.0649644351649
0.0648435530686
0.0648435407384
0.0648133334253
0.0648133175721
0.0647831173049
0.0647529240835
0.0647529082303
0.0647528677167
0.0645568997767
0.0644665173962
0.0644665121118
0.064421335894
0.0643912272228
0.0643611255975
0.0643159863704
0.0643159775631
0.0636871373644
0.0636871127039
0.0636870968507
0.0636571608028
0.0636571097204
0.0636570410234
0.0636271120213
0.063567280439
0.0635672046962
0.0635671536138
0.0635372457492
0.0635372298961
0.0635073290774
0.0634624928218
0.0634624611155
0.0634624487852
0.0633877592704
0.0633280404217
0.0633131137921
0.063298188924
0.0632832658173
0.0632831759827
0.0629407671318
0.0629258863002
0.0629258669241
0.0629258634011
0.0627920645035
0.0627772012866
0.0627771889563
0.0627771590115
0.062762297556
0.0626731658136
0.0626583166883
0.0626286237221
0.0626284317228
0.0626283630257
0.0626283436497
0.0625838191728
0.0625689806163
0.0625689647632
0.0625689383412
0.0625689136808
0.0625673759244
0.0625673495025
0.0625673054659
0.0622709535638
0.0622709412335
0.0622561396677
0.0622265418205
0.0620786688409
0.0620491132688
0.0619162162398
0.0617539626838
0.061650827318
0.0616360997336
0.0614007032265
0.0613419249985
0.0613125455726
0.0608874325544
0.0608289009312
0.060726538847
0.0606680829667
0.0606388655953
0.0606096552697
0.06058045199
0.0605512557561
0.0603908394051
0.0603034268497
0.0602742975514
0.0602597355445
0.060245175299
0.0602306168149
0.0601433064244
0.0601142158782
0.06007059327
0.0600269865149
0.0600124544528
0.0599979241521
0.0599688688352
0.0598817522055
0.059852725072
0.0598382141474
0.0598382035786
0.0597221972094
0.0596787190411
0.059664229254
0.0596352549644
0.0596062877206
0.0595773275227
0.0595628500659
0.0595194300258
0.0595186849273
0.059518142397
0.0592580519531
0.0592147411237
0.0591137459342
0.0590560739045
0.0590560650972
0.0590560404367
0.0590555119981
0.0590410979539
0.0589978663903
0.0589402507273
0.0589258507749
0.0589114525839
0.0589114437766
0.058897047347
0.0588970385397
0.0588682509651
0.058825082814
0.0588106969533
0.0587675517013
0.0587387958329
0.0586956752414
0.0586669369876
0.058652570503
0.0585951239404
0.0585520579541
0.0585233549297
0.058494658951
0.0584229551144
0.0584229251696
0.0584085886297
0.0582939967146
0.058251039939
0.0582224108959
0.0582080990166
0.0581937888987
0.0581794805423
0.0581508691138
0.0581365660418
0.0580793766526
0.058007928228
0.0580078771456
0.0579507476462
0.0579221925845
0.057879373203
0.0578223053547
0.0577937819994
0.057793776715
0.0576085836385
0.057594347502
0.057580113127
0.0575231985259
0.0575089729582
0.057494749152
0.057437876826
0.0569985699464
0.0569560958114
0.0569277873545
0.0568853378799
0.056871191578
0.0568570470376
0.056814623985
0.0567722167856
0.0567580845754
0.0566592348468
0.0566451167282
0.0566027747029
0.0566027694185
0.0565745490347
0.0565604414849
0.0565603586962
0.0565603534118
0.056560297045
0.0564616111324
0.0564615917563
0.0564474982982
0.0564474894909
0.0564474489773
0.0563066500294
0.0562363025186
0.0562222372439
0.056194111979
0.0561800519887
0.0560957466524
0.0560395718655
0.0560255312513
0.0559834199775
0.0559553546023
0.0558992502738
0.0558992449894
0.0558571830366
0.0558562195168
0.0558562036636
0.0558001486561
0.0557861379868
0.0557721290789
0.055688130237
0.0556880967692
0.0556741001916
0.0556461123207
0.0556181314957
0.0555761752305
0.0555761417628
0.0555062575165
0.0555062381404
0.0554643223889
0.0554503539946
0.0553945033167
0.0553526298403
0.0553386755377
0.0553386720148
0.0553247194737
0.0553247036206
0.0552828565661
0.0552410271262
0.055213148466
0.0551992117781
0.0551992029708
0.0551434755952
0.0551156215954
0.0551156022193
0.0551155863662
0.0550877394122
0.0550598995042
0.055059883651
0.0550459663392
0.0550042249724
0.0549624994588
0.0549346912571
0.0549346331288
0.0549346243215
0.0548373581473
0.0548095816519
0.0547679318811
0.0547679089821
0.0546569527247
0.0546568734589
0.0546568540828
0.0546429878534
0.0546291233854
0.0545598309903
0.0545459770911
0.0545459718068
0.0544905738246
0.0544352093101
0.0543245806846
0.0543107567303
0.0543107549688
0.0542969327759
0.0542967865746
0.0542691474732
0.0542553305647
0.0542553041427
0.0541034978183
0.0540621175513
0.0540069679353
0.0540069591279
0.0539656158516
0.0539380613004
0.053896744446
0.0538967285929
0.0538967162626
0.0538966475656
0.0538415824997
0.0538412231615
0.0538411544645
0.053786117582
0.0537723623246
0.0537723323798
0.0537723094808
0.0537719536654
0.0537719448581
0.0537718409319
0.0537716947305
0.0537716824003
0.053771578474
0.0537714111351
0.0537576576393
0.0537301559319
0.0536751736548
0.0536339554422
0.053524128282
0.0534829699592
0.0534006991116
0.0533458859348
0.0532774108581
0.0531543128426
0.0530859610683
0.0529903665216
0.0529357664817
0.0528811928638
0.0528266474292
0.0526904441358
0.0526223918101
0.0525951825055
