44
754
40
159
3154
6589
36
762
8440
3245
2349
10348
2915
3
2847
652
10512
634
116
7
405
2839
654
2868
9970
760
176
102
650
2934
948
6620
17285
11630
210
2261
212
629
2103
753
1891
3063
833
5215
651
1076
1877
9952
6991
5310
229
554
1168
6595
853
927
2809
1559
15606
2836
108
1901
349
8385
2625
6050
2971
1936
4902
42
2966
1082
4545
8379
8479
424
646
747
1430
4532
11799
80
49
168
658
3596
6677
730
3618
10542
10963
1898
1786
2344
42847
226
1910
2874
7441
20349
568
2903
7358
9530
6365
1302
7642
1866
3256
29
1791
1895
2009
4871
6785
8500
3124
9405
264
2840
3384
6191
6640
6664
553
773
7528
2168
2876
3158
7778
13213
8917
740
970
1505
30
324
28481
680
5699
7183
8428
21854
50183
123
385
1956
7844
759
1100
11140
13142
14657
149
237
1771
1863
2207
7084
10877
2283
7307
11948
4841
5591
7155
13589
23322
2007
5656
22500
446
2130
3523
5670
7406
37
83
207
639
878
2232
3739
8474
11931
16494
18980
217
307
782
1307
1933
3458
6121
10969
17607
37901
2180
7008
7546
13097
55294
26
157
620
641
1449
1451
3341
4618
5668
8947
9923
13438
223
236
317
697
1864
2176
6948
7524
9416
12583
14283
15159
17050
636
719
2842
8031
11558
13429
746
2218
7648
8946
22950
208
3415
5642
9663
14207
1542
1843
2318
2885
3710
9577
12
145
433
1876
4840
6205
10685
10902
11277
27245
37365
736
6316
7148
13403
15309
20386
36027
1777
2044
2157
2938
3180
3362
5655
8217
11692
13599
35
1074
1452
1914
2843
2920
3085
5430
5684
11378
13835
220
638
1875
5575
10346
14294
20050
47
189
1867
2901
3427
7521
8308
8467
9009
10333
10991
11204
12038
13816
19451
11
248
493
1622
2034
2871
3056
3160
6203
7260
7560
8191
8478
10532
11739
13826
16266
109
647
2821
2962
3218
4786
5819
6977
7170
7318
8337
9725
13228
16265
1955
2001
2810
2873
2895
2910
3128
3212
5090
5724
6782
7669
9402
9580
10509
11050
14814
20930
28859
42102
75
150
191
1158
1883
1998
3324
4023
6615
7227
8493
11987
15128
16500
25862
29603
31533
180
1080
1093
1847
2045
2068
3638
4090
5690
6256
6687
7206
7362
8056
8503
8941
11527
13596
28350
13
148
173
298
303
436
755
1083
1170
1878
2175
2177
5902
6612
6896
6908
7411
7670
9587
9982
11208
11260
11612
14275
15088
16728
17991
30377
31763
37699
238
320
449
653
922
1854
1970
2929
3778
4613
5210
5270
6223
6621
8013
9111
9421
11051
11577
13848
19137
22948
876
1701
2201
2222
2379
4960
5714
6957
8262
8906
9954
10334
10554
10835
12620
15543
15946
16809
22495
25062
29479
35375
44981
95
160
351
412
655
887
1872
2278
2386
3348
3767
5408
6598
7098
7527
8082
8483
9595
24822
28956
35343
9
17
156
170
211
802
969
1798
3007
5221
6217
7114
7256
8902
9041
9154
9520
10551
11003
13108
13170
15251
21173
23929
28131
182
679
1139
1142
1159
1978
2189
2354
2400
2428
2553
2813
2865
4690
4985
5632
6208
7375
7517
7537
7572
7583
7607
8820
11177
11490
11568
11584
13110
14039
15947
16343
19109
20165
21776
25153
25688
32563
112
174
195
959
1109
1143
1314
1718
1911
1971
1984
1987
2262
2279
2853
2879
3089
3924
5208
6587
6683
6787
7112
7153
7911
8521
8544
8696
11559
11593
11856
13265
16722
20139
27058
29791
250
738
1240
1393
1431
1699
1720
2276
2392
3637
6318
7758
7870
7987
8231
8255
9332
10494
11183
12094
12230
13285
13442
18243
25106
26250
47758
147
209
219
731
1067
1386
1931
1961
2030
2194
2812
2924
3186
4249
5598
6196
7549
8473
8715
8821
9949
11261
14951
15034
17695
18647
20148
28816
32349
5
301
676
721
1315
2031
2339
2970
5154
5592
5663
5708
6864
6923
8913
8923
9749
10650
11431
14942
15048
17058
20032
41309
42236
42447
55578
23
45
280
413
621
686
691
835
888
1146
1310
1513
1770
2016
3122
3662
3885
4087
4622
4655
5595
5605
6588
6629
6648
7103
7632
8329
11017
13199
13202
14547
16240
18529
19700
22425
26557
29056
39048
10
21
65
255
824
854
950
1087
1578
1949
2352
2841
2944
3062
3182
3183
3314
3317
3337
4846
5432
5665
7518
8427
9593
10086
10488
10911
12053
12882
13909
14912
23151
24032
24211
28846
37983
167
269
623
661
1447
1974
2149
2198
2235
2394
2900
2978
3379
3422
3661
4383
5206
5400
5629
5639
6652
6904
8897
8951
9109
12087
12253
13436
14230
15726
17830
20881
21408
24580
24814
25859
26358
38517
40988
234
474
967
1138
1521
1815
1999
2008
2073
2215
2217
2284
2774
2849
2896
3189
3421
3645
3761
4101
4629
4630
5623
5841
6222
6382
6880
7025
8115
8214
8611
8920
11946
14077
16317
18811
22257
29976
39556
51628
188
677
745
901
977
1329
1525
1889
2182
2517
2524
2986
3084
3259
3372
3992
4041
4639
4659
5211
5415
5694
6215
6605
7205
7379
7467
7671
8482
8565
9334
9740
11268
11511
11530
12468
12577
13096
13453
15358
17143
17558
18308
20323
22490
22741
23320
24036
24338
24765
27312
29477
33070
42846
19
144
152
214
235
344
417
467
627
1094
1097
1165
1989
2077
2174
2327
2389
2398
2987
2989
3108
3146
3801
6110
6240
6580
6776
6884
6901
7179
7302
7385
7686
8117
8125
8834
9449
9911
10458
11533
11699
11899
11955
11967
12636
12833
13105
13560
15220
16565
17315
17497
20324
24722
32032
34477
34646
41323
2
183
199
387
834
1079
1756
2024
2137
2241
2403
2778
2806
2932
2980
3099
3109
3725
3835
3846
4181
4548
4730
5285
5308
5378
5647
6109
6115
6193
6195
7729
7755
8425
8541
8617
8819
9242
9571
9582
10842
11334
11343
11618
11951
12875
16430
18020
19125
20395
21728
23842
24206
31020
32107
32699
36940
37773
44901
45168
4
34
76
282
375
1503
1507
1603
1714
2051
2869
2922
3029
3344
3376
3426
3784
4037
4423
5437
6101
6186
6347
6711
7122
7125
7272
8111
9785
10205
10412
10564
10872
11139
11358
11531
11755
12287
12548
12659
12774
13340
13483
14571
14826
15200
15979
18007
18588
20147
21418
21575
21606
23273
24824
25400
27980
30598
31901
32383
36237
49598
18
262
267
268
370
419
1443
1511
1557
1805
2101
2850
3350
3381
3864
4647
5019
5146
6277
6340
6533
6906
6984
7282
7445
7545
7649
7824
8470
8688
8757
9018
9124
9315
9868
10208
12001
12959
13636
14160
14261
14468
15348
17314
18316
18417
18649
18774
21591
22414
24168
27139
27709
27710
27994
31568
31921
32144
35212
42618
44688
79
240
418
582
589
657
666
1531
2022
2209
2257
2337
2807
2905
3006
3045
3055
3131
3813
3847
4334
4889
5155
5466
6064
6905
7033
7224
7469
7575
7846
8240
8933
9030
9189
9221
9972
10066
10129
10238
10588
11507
12019
12089
12167
12386
12631
13301
13546
13821
14151
16244
16724
16730
17379
18949
19036
20044
20711
21358
22372
24084
25585
25592
29515
29627
30268
31434
37490
38908
44797
41
151
289
299
503
648
1069
1164
1353
1550
1645
1780
1860
1915
1930
1986
2032
2036
2161
2264
2303
2340
2360
2946
2974
3018
3216
3233
3333
4795
4999
5318
5493
5636
5646
5728
5982
6145
6204
6220
6727
6870
6915
7277
7473
7662
7683
7789
7865
9002
9135
9562
10173
10339
11373
11374
11624
11730
11787
12071
13158
13232
13264
13576
13908
14237
14265
15067
15271
16137
16588
17225
17309
18322
18715
19271
21553
26230
27979
29161
32149
32151
32200
32209
36410
42808
43573
6
77
171
232
246
386
484
511
883
1446
1543
1693
1695
1721
1880
1994
2221
2256
2272
2507
3284
3394
3439
3790
3861
4612
4627
5021
5691
6961
7315
7347
7457
7551
7685
7696
7699
7937
7986
8039
8164
8165
8622
8781
9112
9240
9601
10138
10196
10548
10850
11556
11674
11842
12120
12553
13132
14120
14549
14787
15714
15850
15895
18140
18340
18769
19400
20167
21023
21607
22291
22563
23796
24438
25670
27140
27407
28457
28836
30689
30951
33641
33875
34413
35680
38118
46825
49417
56576
127
362
431
490
662
722
756
963
1110
1149
1533
1568
1909
1913
1932
2085
2134
2164
2837
2888
2906
2991
3025
3215
3401
3815
4542
4862
5418
5628
5746
5815
6106
6269
6329
6663
6825
6918
7000
7223
7230
7438
7454
7503
7515
7692
7735
8004
8032
8289
8454
9026
9027
9488
10281
10448
10638
10649
10895
11022
11217
11514
11765
11968
12037
12133
12437
12525
12627
12632
12663
13178
13335
13400
13727
15570
15832
16198
16559
17240
17706
17718
18590
19851
20697
21446
24603
24721
25689
25839
26713
28433
28563
30302
31830
32980
33747
34645
37078
37619
37696
41152
41409
41873
42328
46275
31
66
279
794
836
908
1418
1586
1776
1945
2038
2375
2477
2493
2805
2858
2878
3024
3036
3711
4012
4617
4691
5219
5422
5518
5622
5657
5662
6230
6590
6650
6770
6826
7237
7419
7570
7636
7873
8025
8150
8243
8283
8408
8472
8486
8704
8894
8915
8934
8938
9059
9552
9721
9973
10024
10337
11732
11824
11864
11939
11996
12357
13035
14054
14200
14458
15202
15585
15964
16028
16769
16777
16849
17239
17672
17753
18250
18263
18645
18974
19498
19865
19902
20140
20355
20367
20932
22071
22575
22658
23391
23637
23837
24391
25853
26634
27592
27996
28042
30518
32977
33321
34145
36363
40490
41288
53014
53608
38
61
161
277
295
300
486
706
716
749
1003
1160
1590
1950
1967
2050
2062
2093
2246
2268
2365
2701
2820
3037
3103
3153
3219
3237
3492
3503
3869
4628
4771
4843
4987
5226
5473
5760
5791
5823
6117
6120
6233
6263
6280
6303
6792
6917
7210
7296
7437
7797
7931
7941
8092
8171
8303
8311
8465
8509
8686
8706
8985
8988
9208
9458
9497
9575
9619
9673
9738
10366
10374
11001
11422
11723
11764
12244
12317
12594
12808
13209
13537
13539
14434
14611
15046
15114
15591
15635
16197
16202
16205
16751
17063
17291
18654
19787
20029
20036
20078
20572
21075
21596
21619
23893
23895
24843
25330
25447
25457
26138
26405
28152
28366
29103
32809
35243
35979
37834
38025
40043
41588
42091
47668
50
88
200
297
327
336
546
572
637
656
896
915
1120
1257
1285
1318
1519
1528
1794
2014
2055
2132
2240
2253
2255
2358
2449
2473
2825
2870
2872
3048
3061
3073
3118
3175
3311
3425
3698
4283
4567
4915
5012
5364
5375
5548
5599
5617
5715
5761
5881
5919
6018
6847
6886
6940
7872
7882
8002
8035
8052
8075
8256
8469
8496
8507
8618
8844
8962
8990
9134
9155
9390
9463
9532
9574
9975
10163
10312
10347
12328
12414
13356
13401
13900
14193
14345
14615
14768
14897
15409
15630
15685
15904
16345
16454
17241
17366
18128
18267
19628
20977
21775
21827
23079
23377
25295
25488
25935
25991
26718
27309
27320
27337
28574
28612
29183
29395
29585
30757
32245
32418
35319
38196
38543
39512
42466
42700
45186
48095
50859
53520
14
15
27
158
241
263
266
389
491
570
886
947
993
1099
1501
1530
1554
1782
1785
2003
2377
2404
2421
2483
2510
2557
2822
2882
2884
2917
2976
2992
3139
3173
3210
3221
3417
3434
3479
3519
3678
3788
3919
4234
4570
4710
4712
4851
4988
5041
5095
5638
5732
5734
5754
5767
5847
6279
6320
6943
7162
7187
7684
7746
7928
8054
8222
8227
8295
8475
8490
8537
8900
8945
8981
9566
9615
9803
9847
10044
10131
10254
10315
10356
10392
10456
10495
10622
10687
10852
11198
11227
11549
11641
12043
12054
12203
12239
12293
12788
12902
13155
13647
13717
13935
14068
14231
14238
14701
16719
18999
19366
19794
19903
20082
20440
20900
21382
22142
22612
22675
24446
24783
27202
27274
28332
28623
29494
30484
31155
32219
32396
32476
32926
34813
34971
36012
36579
36979
38897
43686
43822
52144
54335
24
58
62
87
140
143
163
230
253
293
557
576
1154
1205
1465
1491
1524
1659
1881
1902
1906
2000
2146
2163
2598
2887
2965
3081
3228
3247
3330
3545
3703
3743
3796
4582
4648
5010
5444
5532
5589
5659
5695
5718
5994
6107
6213
6331
6513
6604
6863
6907
7434
7435
7690
7851
8272
8495
8548
8578
8740
8799
8873
8909
9116
9159
9165
9649
10630
10653
10947
11035
11092
11436
11536
11583
11720
11960
11994
12395
12576
12732
12785
12838
12877
13051
13379
13399
13907
13990
14411
14654
14855
15049
15428
16375
16595
17104
17107
17245
17327
17983
18333
18398
18494
18587
18755
19044
19329
19369
20423
20644
21470
22440
23512
24454
26111
26196
28815
28829
28932
31436
31795
32039
32275
34622
36555
37368
44869
47101
49656
1
51
78
175
590
624
703
818
892
1155
1264
1410
1545
1562
1563
1570
1625
1658
1703
1887
1900
1917
2092
2140
2186
2265
2328
2356
2366
2472
2536
2542
2883
3106
3135
3149
3204
3227
3395
3518
3653
3706
3850
3946
3950
4034
4533
4772
4774
4916
4964
5084
5274
5414
5472
5618
5887
6074
6130
6174
6197
6284
6286
6381
6636
6694
6738
6756
6791
7034
7111
7126
7143
7240
7271
7428
7483
7485
7677
7734
7990
8074
8216
8306
8307
8471
8574
8926
9001
9104
9167
9290
9578
9635
9823
10271
10320
10363
10446
10540
10586
10603
11015
11122
11220
11265
12069
12100
12572
13031
13099
13415
13459
13538
13847
13951
14316
14559
14614
15375
16170
16183
16223
16510
16696
17642
17835
17996
18036
18206
18372
18414
18418
18670
18927
19106
19143
19190
20051
20256
20790
21091
21958
22044
22116
22509
23237
23452
23666
23667
24918
25219
25358
26295
26371
27728
27797
28006
28167
28639
29869
30002
30616
30997
31051
31134
31963
32939
34225
34554
37105
43921
44885
47340
49030
50435
43
56
154
225
227
254
378
460
564
597
670
673
945
1092
1192
1428
1497
1662
1709
1868
1873
1973
1981
2048
2111
2117
2133
2160
2195
2230
2260
2371
2424
2457
2573
2594
2907
2916
2918
2969
2994
3071
3232
3241
3340
3396
3668
3749
3844
4171
4657
4676
4819
5083
5132
5626
5637
5667
5747
5770
5785
6053
6261
6290
6335
6341
6618
6852
6933
7032
7082
7088
7150
7262
7298
7360
7493
7536
7647
7848
8466
8485
8506
8583
8978
10201
10378
10483
10535
10673
10698
10916
10970
11248
11340
11532
11599
11682
11743
11964
12331
12352
12575
12895
12898
13023
13039
13468
13478
13481
13718
13768
13772
14067
14083
14164
15253
15267
15333
15736
16140
16564
17089
17279
17321
17743
18317
18961
19082
19566
19719
20979
21044
21176
21490
22595
23562
24599
25275
25423
25446
25453
25759
27537
27586
28331
28335
28611
28659
29185
29561
29906
30078
31160
31829
32164
32255
32623
33405
33763
33923
35162
35213
35354
35967
36021
36957
37077
39001
39172
42360
43646
43711
45508
47213
49484
16
101
190
193
218
265
281
315
415
447
537
560
569
603
614
628
633
644
667
752
973
981
995
1012
1077
1182
1208
1249
1252
1403
1454
1520
1558
1587
1886
2041
2162
2236
2248
2263
2332
2347
2410
2454
2857
2880
2890
2893
2911
3052
3074
3104
3290
3656
3672
3688
4217
4626
4847
4886
5347
5367
5377
5594
5620
5680
5726
5927
6073
6139
6168
6214
6644
6805
6823
6895
6983
7011
7331
7417
7462
7506
7587
7604
7695
7701
7784
7885
8049
8065
8112
8152
8234
8270
8292
8601
8735
8742
8768
8889
8908
8979
9013
9114
9148
9244
9329
9373
9542
9604
9632
9741
10058
10206
10423
10912
10966
10968
11052
11192
11211
11300
11335
11538
11566
11690
11808
12011
12078
12109
12112
12554
12666
12720
12769
12869
12878
13123
13287
13466
13474
13725
13853
14092
14183
14266
14304
14386
14737
14815
15139
15388
15421
15453
16218
17069
17096
17205
17797
18419
18482
18492
18506
19981
20551
21121
21213
21668
22087
22234
22295
22558
22573
22952
23049
23402
23502
23530
23654
24006
24291
24667
24696
24850
25249
25532
25706
25852
26716
27555
27606
27707
27812
28298
30701
31289
32251
32258
32671
32732
32917
33536
33633
33928
35649
36079
36956
37202
38440
38739
40079
40127
41469
41474
42627
42781
42940
43039
43121
44286
44502
45030
45405
46125
46519
47768
48780
49295
50279
51103
53774
54049
54557
55669
56693
97
162
243
485
668
717
1122
1185
1288
1304
1316
1500
1567
1725
1775
1908
1919
2012
2042
2059
2183
2443
2501
2718
2751
2908
2958
3147
3200
3270
3278
3406
3407
3507
3517
3604
3631
3690
3753
3763
3889
4018
4340
4553
4666
4681
4701
4749
4825
4961
4982
5003
5042
5199
5619
5649
5748
6118
6187
6201
6306
6351
6368
6380
6570
6860
6952
6992
6994
7108
7123
7171
7242
7402
7403
7407
7576
7594
7691
7796
8030
8099
8135
8144
8151
8274
8459
8588
8590
8748
8842
8875
8918
8957
8973
9068
9129
9621
9659
9961
10492
10600
10686
10880
10934
11274
11321
11491
11731
11871
11988
12257
12429
12491
12675
12691
13019
13448
13794
13916
13921
13929
13971
14012
14094
14181
14292
14360
14393
14487
14653
14725
15441
15503
16040
16549
17213
17369
17793
17943
18228
18475
18584
18646
18657
18867
18880
19046
19122
19246
19323
19553
19749
19827
19861
20070
20225
21321
21422
21862
21948
22121
22186
22452
22505
22860
23713
24155
24356
24595
24853
25531
25581
26004
27348
27466
28432
29136
29563
29630
31203
32393
32805
33044
33228
33790
34924
38060
39163
42023
42405
43288
43483
43818
47882
49447
51146
52550
98
105
124
134
185
527
567
630
674
724
1004
1005
1029
1148
1190
1239
1253
1394
1594
1667
1685
1697
1711
1778
1783
1814
1874
1924
1939
1957
1988
1997
2015
2052
2128
2281
2288
2359
2436
2455
2829
2848
2925
2930
2933
2943
2981
3020
3065
3134
3148
3309
3351
3378
3451
3511
3558
3570
3632
3686
3695
3730
3786
3789
3873
4678
5018
5049
5180
5271
5281
5312
5346
5404
5438
5576
5964
6188
6209
6225
6234
6237
6249
6275
6377
6862
6909
7001
7116
7152
7190
7243
7349
7416
7479
7496
7563
7626
7703
7747
7790
8011
8027
8066
8145
8168
8212
8352
8568
8580
8693
8944
8950
8953
8999
9149
9152
9243
9299
9319
9355
9528
9548
9918
10091
10103
10293
10332
10353
10614
10930
11190
11230
11452
11496
11603
11703
11775
11866
11920
11977
12162
12181
12197
12351
12396
12519
12569
12665
12738
12778
12796
13014
13116
13389
13431
13446
13467
13793
13795
13812
13920
13975
14015
14088
14329
14354
14484
14527
14663
14735
14778
15080
15133
15445
16181
16207
16743
17209
17313
17435
18123
18214
18664
18797
18844
18857
18897
18944
19239
21166
21698
21810
22125
22194
22317
22572
22746
22799
23933
23978
24091
24466
24826
25026
25100
25567
25798
26032
26344
26363
26476
26545
26614
26686
26863
27102
27698
28022
28084
28088
28664
28841
29057
29130
29193
29729
29827
30129
30207
30244
30248
30663
31303
31525
31658
31706
32328
32591
33150
33894
34394
34603
34894
35289
36970
38495
39026
39817
41158
42911
46274
46643
47820
48218
50925
53496
54154
103
129
169
275
355
376
468
625
626
632
727
1015
1151
1156
1387
1499
1560
1696
1795
1948
1982
2002
2066
2089
2308
2321
2346
2597
2606
2717
2789
2968
3014
3070
3079
3179
3209
3213
3231
3251
3338
3354
3358
3380
3682
3742
3762
3883
3908
3939
3989
3998
4005
4093
4352
4467
4534
4543
4559
4631
4665
4865
4997
5000
5038
5094
5195
5213
5246
5428
5434
5681
5719
5820
5842
5907
6057
6061
6169
6192
6310
6359
6582
6614
6642
6816
6959
6969
7113
7281
7337
7370
7396
7466
7507
7540
7611
7672
7817
7899
7906
7981
8005
8058
8136
8140
8291
8297
8377
8419
8458
8566
8609
8767
8843
8855
8942
8959
9017
9019
9417
9431
9487
9605
9679
9683
9723
9748
9870
9914
9935
10139
10243
10344
10354
10355
10372
10435
10482
10552
10644
10776
10950
10959
10986
11034
11042
11199
11214
11523
11655
11698
11774
11783
11847
11875
11885
12076
12179
12218
12235
12265
12391
12445
12748
12767
12777
12783
12973
13020
13120
13252
13517
13715
14127
14170
14198
14971
15008
15032
15279
15349
15655
15668
15721
15824
15968
16095
16279
16505
16645
16780
17067
17208
17373
17518
18006
18113
18166
18179
18208
18603
18731
18822
20313
20376
20889
21039
21109
21701
21736
22165
22459
22548
22839
22842
23071
23460
23601
23621
23658
24613
24784
25052
25560
25591
26561
26717
27995
28917
28950
29173
29213
29641
29749
29779
29931
30289
30418
30428
30846
31315
31473
32894
33292
33327
33575
33645
33852
36108
36943
37180
37268
37761
38786
38876
38997
40535
40541
41997
42251
42434
43013
44434
44800
46179
46289
46427
51218
51342
51458
52421
55525
32
99
136
430
454
593
695
905
926
960
1013
1117
1226
1290
1331
1375
1391
1459
1553
1584
1799
1800
1925
2118
2135
2219
2413
2682
2826
2902
3111
3114
3133
3166
3170
3177
3198
3206
3289
3433
3470
3486
3531
3719
3732
3853
3923
4370
4512
4541
4581
4615
4663
4776
4784
4829
4913
4991
4994
5152
5216
5227
5402
5436
5582
5648
5731
5798
5883
5901
5913
5955
6032
6104
6190
6238
6241
6253
6321
6362
6503
6603
6736
6881
6955
6960
7048
7079
7191
7250
7269
7270
7465
7534
7562
7675
7836
7841
7900
7956
8001
8086
8109
8180
8211
8380
8448
8556
8653
8922
9062
9087
9110
9141
9274
9366
9379
9719
9772
9782
10414
10668
10681
10781
10809
10973
10976
11028
11441
11510
11540
11622
11670
11756
11812
11941
12013
12015
12138
12150
12157
12161
12172
12299
12490
12528
12698
12730
12782
12903
12942
12961
12990
13113
13433
13580
13618
13824
14209
14459
14498
14570
14574
14575
14601
14736
14895
14947
15150
15326
15469
15619
15673
16085
16251
16260
16273
16503
16655
17201
17211
17294
17731
17734
17817
17944
18001
18360
18375
18388
18502
18640
18866
18869
19257
19311
19754
19795
20058
20067
20134
20357
20654
20893
21666
21741
22104
22187
22471
22545
23023
23213
23379
23618
23629
24120
24245
24260
24450
24530
24559
24677
24828
25329
25415
25616
25976
26114
26448
26712
26962
27526
27622
28219
28480
28485
28498
28635
28805
28823
28959
29774
30840
30978
31417
31810
32470
32802
34105
34223
35977
36345
36602
37547
39761
40129
40414
40794
41947
42364
44920
46035
50850
56654
0
54
72
89
132
146
242
379
381
404
562
577
689
714
865
880
1017
1106
1118
1179
1202
1309
1313
1380
1518
1535
1571
1573
1637
1660
1870
1899
1940
1951
1964
2005
2023
2094
2097
2138
2141
2166
2184
2243
2302
2324
2345
2374
2405
2441
2618
2636
2732
2818
2835
2912
2975
3142
3163
3236
3331
3388
3398
3437
3443
3445
3574
3599
3654
3674
3875
3876
3888
4003
4066
4312
4434
4535
4538
4577
4644
4669
4736
4860
4945
5209
5273
5288
5317
5452
5459
5477
5564
5565
5625
5641
5654
5707
5717
5743
5914
5966
5989
6125
6314
6523
6685
6703
6833
6868
6911
6921
7142
7304
7322
7376
7397
7420
7470
7501
7523
7593
7596
7603
7798
7814
7927
7948
7997
8020
8051
8163
8265
8446
8553
8595
8709
8754
8755
8848
8898
8912
8929
8965
9117
9121
9170
9223
9235
9611
9629
9729
9760
10076
10144
10183
10349
10442
10510
10714
10990
11036
11174
11255
11278
11421
11462
11518
11519
11626
11676
11817
11836
11927
12016
12066
12187
12221
12281
12343
12695
12791
12972
13045
13373
13395
13416
13515
13540
13554
13561
13831
13918
14040
14062
14105
14186
14242
14320
14460
14474
14557
14710
14851
14935
15025
15224
15244
15245
15288
15387
15769
15815
16089
16195
16403
16448
16530
16920
17105
17215
17224
17246
17326
17375
17384
17446
17564
17575
17578
17628
17868
17941
18058
18188
18294
18348
18432
18489
18597
18676
19113
19413
19486
19525
19664
19705
19788
20024
20371
20450
20475
20792
20832
20908
21157
21184
21648
21918
21963
21984
22294
22308
22423
22433
22442
22635
22921
23150
23189
23246
23361
23450
23490
23614
23635
23928
24166
24289
24350
24355
24375
24954
24999
25384
25595
25718
26380
26669
26981
27034
27591
28138
28880
28901
29322
29533
29609
29753
29884
30705
30747
30866
31009
31050
31063
32199
32425
32735
34148
34211
34674
34736
34767
34842
35070
35228
35483
36032
37572
37945
38090
39104
40838
41779
41861
42243
42387
43714
44100
44782
44799
45704
46365
47710
47999
48051
48841
49443
50631
50648
51856
55523
25
74
92
118
184
249
305
358
383
529
552
758
768
912
924
1141
1207
1213
1345
1429
1444
1455
1480
1538
1546
1631
1634
1669
1671
1698
1722
1810
1888
1893
1946
1995
2011
2029
2072
2102
2192
2197
2287
2297
2299
2453
2462
2490
2494
2506
2519
2528
2815
2894
2921
2923
2953
2990
3038
3064
3123
3141
3321
3323
3346
3404
3447
3467
3504
3544
3564
3641
3717
3828
3874
3897
3947
4016
4051
4077
4203
4359
4633
4649
4718
4723
4725
4809
4990
5001
5201
5294
5450
5486
5496
5588
5616
5679
5700
5712
5733
5753
5786
5884
5983
6067
6147
6248
6285
6291
6292
6298
6328
6584
6628
6632
6795
6928
6973
6985
7194
7231
7293
7312
7422
7448
7488
7510
7579
7641
7727
8040
8041
8048
8118
8130
8134
8169
8223
8249
8267
8298
8582
8624
8646
8896
8903
9042
9108
9168
9300
9305
9388
9406
9538
9553
9579
9602
9677
9730
9765
9826
10029
10030
10081
10085
10187
10221
10272
10380
10394
10445
10514
10619
10662
10860
10931
11029
11031
11087
11107
11163
11242
11249
11456
11487
11737
11777
11801
11872
11888
11905
12106
12205
12237
12248
12294
12335
12513
12684
12747
12771
12824
12880
12969
12977
12982
12999
13065
13138
13227
13259
13307
13366
13368
13543
13660
13758
13837
13897
13942
13972
14009
14229
14243
14301
14307
14323
14341
14346
14462
14477
14538
14554
14556
14665
15043
15140
15142
15319
15320
15337
15386
15558
15564
15722
15727
15731
15750
15757
15816
15913
16053
16071
16154
16182
16225
16304
16340
16366
16400
16406
16467
16544
16729
17121
17248
17300
17403
17742
17790
17791
17792
18158
18163
18194
18400
18411
18644
19155
19219
19347
19370
19586
19685
19793
19809
19884
19897
19929
20062
20129
20186
20452
20454
20553
20648
20919
21398
21458
21968
21977
22421
22456
22533
22667
22769
23035
23038
23236
23262
23639
23656
23729
23757
23896
23923
24314
24465
24656
24659
24743
24832
24842
25104
25177
25227
25609
25890
25900
25961
25970
26002
26320
26529
26709
26954
27145
27333
27351
27527
27538
27589
27692
27739
27982
28995
29118
29320
29478
29509
29623
29636
29778
30306
30372
30395
30653
30781
30936
31207
31212
31416
31599
31693
32119
32635
32696
32725
32822
32951
32988
32996
33282
33314
33376
33533
33553
34014
34039
34531
34640
34649
34868
35221
36117
36241
36700
36728
36866
37974
38023
38475
39162
39251
39289
39321
40033
40322
41336
42455
42502
42593
42603
43502
43732
44170
45144
45252
45641
47015
47752
47864
48364
49159
49541
49796
49918
50045
52207
55277
125
252
271
291
310
334
352
489
563
575
595
635
765
920
987
1051
1068
1071
1072
1075
1104
1413
1414
1486
1489
1537
1540
1598
1717
1748
1772
1832
1842
1861
1869
1905
1916
1959
2057
2058
2104
2151
2203
2208
2282
2295
2305
2312
2378
2382
2495
2555
2623
2633
2642
2672
2707
2712
2773
2832
2851
2914
2937
2977
2995
3019
3040
3091
3117
3152
3280
3302
3476
3501
3548
3715
3728
3811
3884
3899
3927
3996
4082
4091
4305
4436
4519
4537
4662
4695
4733
4764
4839
4890
4949
4959
5014
5033
5046
5103
5160
5161
5254
5315
5410
5412
5446
5603
5683
5686
5697
5706
5752
5808
5852
5962
5993
6071
6076
6100
6198
6260
6319
6330
6356
6364
6512
6534
6554
6617
6631
6658
6832
6865
6912
6954
7105
7184
7193
7228
7239
7372
7519
7526
7532
7542
7547
7613
7646
7693
7855
7858
7964
8060
8062
8108
8226
8233
8384
8484
8557
8604
8741
8772
8776
8899
8937
8955
8969
9003
9025
9031
9064
9128
9187
9352
9489
9534
9555
9563
9567
9612
9913
9992
10023
10130
10213
10367
10373
10397
10415
10418
10420
10424
10440
10468
10550
10560
10798
10846
10876
10932
10955
11014
11046
11099
11112
11119
11215
11222
11253
11288
11319
11384
11391
11438
11504
11704
11811
11913
11947
12081
12084
12146
12261
12333
12337
12423
12473
12842
13098
13115
13117
13147
13233
13297
13311
13381
13447
13509
13572
13606
13641
13716
13755
13797
13844
13850
13939
14033
14131
14140
14172
14226
14233
14308
14359
14372
14409
14410
14448
14532
14534
14662
14713
14812
14909
14933
14986
15164
15184
15301
15335
15465
15510
15578
15716
15868
15960
16022
16024
16032
16048
16199
16319
16361
16459
16512
16516
16647
16678
16821
17061
17249
17282
17486
17608
17633
17660
17805
17979
18302
18477
18661
18689
18691
18736
18962
18992
19060
19061
19235
19325
19340
19555
19602
19615
19691
19721
19776
19808
19812
19836
19855
19891
19908
20099
20190
20326
20525
20612
20673
20704
21024
21145
21248
21254
21347
21353
21360
21377
21603
21687
22172
22455
22633
22702
22728
23179
23366
23390
23410
23467
23485
23655
23735
23926
23949
23986
23990
24082
24605
24769
24806
24815
24820
24960
25040
25503
25610
25698
25707
25764
25796
26194
26214
26349
26451
26572
26604
26664
27024
27394
27399
27489
27623
27753
27780
27883
27984
28011
28079
28161
28235
28318
28565
28675
28778
28865
28883
28961
29351
29584
29648
29675
29716
29748
29868
30071
30149
30379
30390
30393
30412
30424
30682
30770
30860
31089
31299
31421
31628
31875
31925
31940
32060
32161
32265
32327
32503
32710
33071
33229
33308
33528
33612
33749
33762
33845
34138
34161
34199
34481
34637
34909
34913
34982
35123
35297
35383
35391
35445
35449
35502
35878
35896
35964
36047
36294
36752
37118
37560
37687
37775
37981
38002
38248
38250
38316
38577
38605
38616
39015
39059
39060
39128
39818
40640
40943
41170
41624
42320
42468
42477
42641
42848
42977
43171
43224
43252
43470
43620
43656
44048
44056
44083
44582
45089
45137
45190
45201
45203
45400
45565
45902
45974
46119
46226
46363
46781
46983
47022
47437
48836
49734
50258
50529
50942
50978
51031
51058
51299
51318
51479
51692
51860
52064
52340
52629
53057
53088
53193
53265
53556
54014
54437
54778
55163
55514
55626
55751
56658
57768
57855
57893
28
60
82
178
179
224
341
342
354
501
584
631
678
828
879
881
936
1124
1128
1140
1232
1247
1270
1278
1303
1306
1322
1350
1389
1448
1517
1551
1745
1797
1922
1968
2019
2025
2147
2165
2181
2292
2425
2465
2556
2561
2669
2833
2859
2954
2963
3022
3023
3066
3093
3098
3129
3140
3201
3409
3428
3438
3452
3624
3689
3692
3756
3891
3956
3994
4085
4119
4151
4165
4172
4244
4327
4402
4442
4547
4573
4673
4787
4835
4914
5136
5174
5332
5425
5433
5451
5530
5596
5597
5610
5634
5661
5687
5772
5776
5802
5861
5891
6049
6219
6265
6311
6410
6446
6510
6520
6581
6741
6743
6801
6804
6838
6840
6867
6872
6873
6875
6885
6916
7274
7292
7311
7432
7443
7471
7484
7529
7605
7738
7794
7921
7953
7992
8016
8067
8100
8126
8228
8252
8395
8510
8558
8732
8773
8774
8871
8928
8972
9028
9139
9253
9257
9408
9540
9541
9764
9800
9804
9883
9957
10014
10059
10132
10167
10220
10257
10341
10395
10408
10431
10496
10515
10539
10756
10964
10994
11138
11156
11180
11318
11389
11407
11546
11576
11619
11725
11753
11873
11925
12048
12074
12139
12164
12223
12367
12458
12520
12621
12910
13062
13080
13244
13273
13513
13562
13654
13678
13728
13753
13827
13980
14086
14182
14325
14391
14429
14464
14489
14564
14583
14613
14852
14939
14946
14950
14992
15290
15315
15385
15420
15542
15723
15745
15748
15798
15845
15965
16091
16267
16477
16492
16631
16676
17045
17097
17120
17290
17452
17576
17595
17982
18003
18018
18053
18178
18193
18307
18627
18667
19041
19263
19453
19508
19756
19759
19773
20061
20283
20473
20646
20698
20758
20883
20966
21028
21060
21146
21211
21212
21236
21322
21370
21391
21481
21702
21704
21732
21882
22122
22446
22503
22765
22781
22893
22981
23024
23142
23192
23222
23473
23772
24033
24141
24251
24742
24862
24867
24953
24957
25563
25697
25709
25756
25830
26294
26548
26732
26792
26874
27127
27303
27785
28144
28333
28525
28571
28779
28907
28955
29192
29483
29525
29685
29691
30003
30321
30413
30516
30752
30824
30834
30945
30952
30999
31092
31111
31258
31285
31734
31890
31923
31985
32220
32225
32869
33348
33626
33758
33769
33863
33951
34041
34233
34621
35211
35404
35551
35642
35771
35895
36486
37110
37714
37837
37979
38572
38836
38950
39075
39149
39176
39240
39537
39846
39935
40404
40424
40843
40991
41274
41363
41489
42542
42733
42807
43187
43556
43652
43734
43960
44692
44949
45891
46277
46500
46650
47116
47619
47986
48687
49662
51044
52000
52584
54118
55539
56752
53
131
330
471
659
688
692
761
921
928
1166
1180
1209
1214
1258
1347
1398
1411
1450
1514
1523
1599
1665
1730
1741
1773
1781
1787
1862
1865
1907
1934
1965
1972
1992
2079
2081
2172
2178
2202
2210
2269
2313
2315
2334
2367
2373
2383
2420
2448
2694
2700
2720
2940
2942
2996
3010
3041
3047
3203
3223
3244
3305
3366
3385
3392
3397
3449
3450
3546
3583
3589
3627
3673
3781
3797
3922
3928
3930
3935
4007
4061
4173
4261
4296
4414
4544
4580
4693
4767
4777
4801
4937
4950
4956
4957
5004
5027
5034
5069
5070
5163
5196
5224
5305
5344
5396
5431
5442
5572
5607
5643
5745
5792
5803
5811
6062
6094
6099
6171
6232
6283
6388
6408
6525
6602
6610
6766
6811
6827
6849
6869
6879
6899
6900
6936
6964
6967
7022
7068
7151
7257
7295
7392
7404
7477
7513
7584
7614
7629
7674
7782
7909
8019
8076
8121
8316
8539
8629
8648
8689
8726
8905
8932
8984
9005
9032
9051
9126
9169
9289
9318
9383
9407
9445
9511
9547
9560
9569
9592
9627
9693
9767
9877
9893
9977
10034
10135
10165
10176
10198
10250
10303
10368
10376
10477
10578
10752
10840
10889
10953
10972
10982
11243
11263
11312
11382
11482
11574
11632
11672
11816
11845
11912
11956
11979
12028
12093
12103
12313
12506
12645
12772
12804
12896
12899
13186
13204
13428
13430
13432
13462
13472
13482
13682
13750
13938
13977
14003
14149
14274
14317
