0.994297889143
0.991207255665
0.987771108839
0.985075481238
0.983257113791
0.981580111238
0.979869651869
0.977881811055
0.976313885774
0.974608021794
0.974434037529
0.972973183501
0.971513428465
0.97012420336
0.96922173908
0.969048236284
0.96811159081
0.967210063376
0.966066427228
0.965339008309
0.964196480471
0.963573564557
0.962397507839
0.961740605803
0.959495003253
0.958666523055
0.957700419753
0.956976157407
0.956321108561
0.955459546782
0.954736131821
0.953909712932
0.953186885673
0.952601939958
0.951810830454
0.951123175283
0.950057814815
0.949405138524
0.948787019904
0.948031816806
0.9473798388
0.946590901808
0.94590513586
0.945356701028
0.944808425857
0.944191806314
0.943609627648
0.942993399494
0.942308938171
0.941658930772
0.941043339399
0.940257048933
0.939573582854
0.939026986923
0.938651294475
0.93796841672
0.937217536903
0.936705741552
0.936091771642
0.935512097237
0.935000767823
0.934421431999
0.93387633763
0.933331402301
0.932650462226
0.932071857613
0.931323343517
0.930711144792
0.930201129944
0.929453365697
0.929011643036
0.928264360258
0.927517374438
0.927076112744
0.926668886872
0.926261750461
0.925786871048
0.9253121134
0.92466800353
0.92412576567
0.923448191529
0.922770870858
0.921890748604
0.921180180479
0.920571322217
0.919962667725
0.919557008025
0.91911764363
0.918779742463
0.918239231679
0.917901492036
0.917428761528
0.916989905938
0.916821143282
0.916348691094
0.91587636005
0.915269258684
0.914763496296
0.914291575277
0.913819778508
0.91344916354
0.913011260947
0.912607136357
0.912203101227
0.911630875613
0.911193409759
0.91078968836
0.910217908183
0.909747161948
0.90904127805
0.908604434068
0.907999749366
0.90763031788
0.907126668364
0.906723848399
0.906220452974
0.905750740501
0.905314688613
0.904845210971
0.904442898568
0.903973647684
0.903370506789
0.902968521785
0.902600114119
0.902064385099
0.901629221599
0.901227624255
0.900859571945
0.900424698569
0.900023369605
0.899755866663
0.89935468742
0.899020439826
0.898552597937
0.898185092327
0.897851061549
0.897383524694
0.896982874757
0.89658231428
0.896048375082
0.895347833937
0.894847605646
0.894480858583
0.894180848716
0.893814238949
0.893381069663
0.892981314326
0.892481750773
0.892048905159
0.891549599425
0.891083706398
0.890451624556
0.890085779548
0.889786507727
0.889487286227
0.888722866879
0.88825771314
0.887693051249
0.887394181998
0.887062164693
0.886730208891
0.886232400992
0.88586742387
0.885535691719
0.885137695763
0.884673482597
0.884408270826
0.884043671425
0.883745417212
0.883380953244
0.882950321765
0.882586021185
0.882188688104
0.881692151904
0.881328112871
0.880997232454
0.880633338793
0.880137240575
0.879773521485
0.879542102627
0.879178506545
0.878881074246
0.878550653554
0.878253327489
0.877724889462
0.87726262578
0.876932509501
0.876602455968
0.876107493395
0.875810581082
0.875447757215
0.875150956728
0.874953117692
0.874590472745
0.874194945017
0.8738654065
0.873502985824
0.873206515221
0.872877163079
0.87244909985
0.872119891217
0.8715274818
0.871231346672
0.870935261865
0.870606338386
0.869948700169
0.868765536968
0.868437022893
0.867878709559
0.867484702031
0.867123607103
0.866795404896
0.866204797105
0.865876768227
0.865516009396
0.865122539249
0.864827494415
0.864466953021
0.86404096104
0.863844381901
0.863615067838
0.863287529748
0.86292730954
0.862501694658
0.862207097125
0.861912549912
0.861585334251
0.861160048631
0.860865680339
0.860505965829
0.860113635056
0.859786761703
0.859492628243
0.859231219146
0.858871846324
0.858610531035
0.858316600724
0.857924773163
0.857728891066
0.857337197695
0.856782453445
0.856488835002
0.856195266259
0.855901747837
0.855640884818
0.855347461448
0.855054088398
0.854728179226
0.854369750705
0.854109121276
0.853848531608
0.853522851056
0.853229791738
0.852969336259
0.852643823445
0.852416001004
0.852155670397
0.851862845291
0.851602598552
0.851179784267
0.850822102488
0.850464493396
0.850139460187
0.849846983602
0.849652025926
0.849392117148
0.849197211656
0.84893737308
0.848515225396
0.848320420547
0.84806071616
0.847801050912
0.847541425424
0.847314286359
0.846957414691
0.846697918423
0.846308752919
0.845984513668
0.8456927509
0.845401038453
0.845109376327
0.844785368181
0.844558598139
0.844267082007
0.843846097925
0.843457588462
0.843166261811
0.842907347033
0.842551408484
0.842292588136
0.842001464013
0.841742728155
0.841516366896
0.841257705588
0.840805153291
0.840514285123
0.840223467277
0.839932700373
0.839738883312
0.839512791675
0.839254439129
0.838931554825
0.838673291739
0.83844734361
0.838124613997
0.83786647454
0.837608374843
0.837285806134
0.836995548655
0.836673098605
0.836350712543
0.836125077525
0.83593170031
0.835706122447
0.83544835574
0.835190628793
0.834932941606
0.834643091667
0.83435329205
0.834063542754
0.833806029517
0.83358073805
0.833323300606
0.83303373023
0.832776376033
0.832551223727
0.832197476327
0.831811657499
0.831650924504
0.831425924404
0.831265228684
0.831008147838
0.830654729079
0.830397742662
0.82994811894
0.829723349323
0.829434404546
0.829241802652
0.828985034915
0.828696219358
0.828407455365
0.82815081747
0.827926292005
0.82766972866
0.827413205075
0.827156720629
0.826932329354
0.826643871637
0.826419549942
0.826195258689
0.825970997876
0.825682707897
0.825458516665
0.825042251601
0.824786134934
0.824594073527
0.824338027062
0.824178017824
0.823922035348
0.823634103209
0.823250275489
0.822962460767
0.822738639178
0.822482880352
0.822163238975
0.821971483223
0.821747796446
0.821492193554
0.82130051608
0.820885294716
0.820693688064
0.82040632002
0.820023244634
0.819767908259
0.819608343214
0.819384978245
0.819097840064
0.818970238971
0.818651281591
0.818300500661
0.818045432665
0.817726659796
0.81747168126
0.817184877934
0.816929983888
0.816675129603
0.816388467921
0.816165542176
0.815942646871
0.815687946656
0.815305972747
0.815083194859
0.814764997267
0.814542293308
0.814351428429
0.81403337124
0.813810767303
0.813588193806
0.813238498201
0.812952438511
0.812634655293
0.812253398928
0.811999277097
0.811649926285
0.811427649125
0.811205401785
0.810951442722
0.810792738109
0.810538843034
0.810094632887
0.809713975407
0.809428537589
0.809143150091
0.808952918888
0.808635916582
0.808445745018
0.808128843976
0.807843685099
0.807558577785
0.807336860993
0.807146842257
0.806956845886
0.806798532662
0.806513611723
0.80629203844
0.805912273697
0.805754062978
0.805532594065
0.805311156214
0.805121376038
0.804931618849
0.804710263003
0.804362483334
0.804141205766
0.803825150245
0.803319605915
0.803003710677
0.802719458205
0.802466832344
0.802245815701
0.80177233348
0.801772301175
0.801582938479
0.801362044223
0.80104653416
0.800825713211
0.800604923324
0.800321095786
0.800100374859
0.799879684993
0.799659024948
0.799406881178
0.799091758775
0.798934219007
0.798650689048
0.798461695375
0.798209739223
0.797989309661
0.797737428059
0.797485585595
0.797265256676
0.797076427013
0.796887619715
0.796604450703
0.796415699318
0.796226970297
0.795881027044
0.795692361391
0.795409405468
0.795095070811
0.794875071776
0.794655103182
0.794435165651
0.794215258561
0.793995381291
0.793775534462
0.793587118552
0.793367328257
0.792896457773
0.792362972088
0.792111979494
0.791923761142
0.791672838129
0.791421955497
0.791233819149
0.790920309513
0.790606863244
0.790262143854
0.789635617853
0.78938505765
0.789040603534
0.788821444429
0.788633617465
0.788383218165
0.788132857384
0.787913823772
0.787538414615
0.787069289222
0.786787872136
0.786569025521
0.786381467557
0.786068920237
0.786006418104
0.785506505409
0.785287837713
0.785131664696
0.784881820794
0.784600796959
0.784382254756
0.784038899011
0.783758024276
0.783508399055
0.783290009058
0.783102842483
0.782790956794
0.78251030571
0.7823232317
0.782136180056
0.781886816381
0.78166865252
0.781481679774
0.781138957704
0.780889749963
0.780547160219
0.780360321042
0.78014237027
0.77995557955
0.779737685312
0.779519821514
0.779333105345
0.779115298081
0.778897521258
0.778648673221
0.778462062043
0.778244376545
0.778026721487
0.777809098114
0.777560425269
0.777405023223
0.777187485582
0.77693890841
0.776783567868
0.776535056549
0.776255529306
0.776007103098
0.775820808136
0.775603492282
0.775355169201
0.775137919199
0.774858643562
0.774579417005
0.774393293508
0.774238207679
0.773990103279
0.773742038638
0.773556016406
0.773339019252
0.773184039036
0.772998083277
0.772843137229
0.7725952571
0.772316444295
0.771975740046
0.771697034096
0.771511257257
0.771201682621
0.77107786867
0.770675546327
0.770304264757
0.770025860735
0.769871212887
0.769685655971
0.769531042292
0.769345526379
0.76916003283
0.768881834442
0.768603686996
0.768418282908
0.768171112868
0.767893093399
0.767676890825
0.767491598562
0.767213705829
0.766966729619
0.766658065114
0.766380321481
0.766164333859
0.765948375436
0.765701603618
0.765454870938
0.765300682816
0.765054015988
0.764869040563
0.764653264166
0.764468337198
0.764221803318
0.764006119488
0.763728856703
0.763051339096
0.762835819897
0.762620330518
0.762404872202
0.762220217342
0.762097126526
0.761820209156
0.761604863286
0.761420305341
0.761205016004
0.76089751448
0.760743786083
0.760590073217
0.760436375882
0.760251959582
0.759975378929
0.759698850462
0.759453088796
0.759268791776
0.759084517121
0.75890026483
0.758685332092
0.758439733815
0.758286253918
0.758132789552
0.757979340718
0.757825907415
0.757641807952
0.757488408817
0.75724300375
0.756782981538
0.756599008811
0.756384404093
0.756108530423
0.755832703347
0.755648846172
0.755434375023
0.755189302324
0.755005524048
0.754729898257
0.754301256022
0.753903337723
0.753719716001
0.753444330635
0.753168989998
0.752985457115
0.752771363686
0.752587879261
0.752404417201
0.752251549236
0.752006993417
0.751762478601
0.751579117184
0.751426333087
0.751151363337
0.75096807647
0.750754270058
0.750571031648
0.750357282392
0.750082507093
0.749807783358
0.749655179424
0.749441560008
0.749227971034
0.749044919
0.748892392722
0.748739881975
0.748526393023
0.748343426721
0.748129994923
0.747886111297
0.747733703057
0.74755083367
0.74739846022
0.747185163233
0.747002360941
0.746667282114
0.746514998124
0.746362730286
0.746180029258
0.745966906222
0.74578425303
0.745540752095
0.745266860835
0.745053868261
0.744475923416
0.744323863076
0.744111005314
0.7439285795
0.743715778271
0.743563795588
0.743047198593
0.742834522857
0.742591504012
0.742409265194
0.742105583738
0.741862683551
0.741650177417
0.741437702344
0.74128595263
0.741073529121
0.740891476678
0.740679110325
0.74040611553
0.740254471427
0.740072519006
0.739920909072
0.73976931467
0.739314638318
0.739041895129
0.738890390808
0.738617724033
0.738223965626
0.738011982584
0.737860583875
0.737709200698
0.737527561387
0.737345945062
0.737134087512
0.736952519024
0.7367709729
0.736589449141
0.736256721746
0.736075261355
0.735924061447
0.735712407668
0.735500784951
0.735289192676
0.734986976128
0.734805672292
0.734261943431
0.734110930519
0.733808954395
0.733627795931
0.733446659833
0.73326554672
0.733144816656
0.732993918054
0.732662005119
0.732480988922
0.732330158657
0.732058707048
0.731907920271
0.731726997261
0.731485802407
0.730822750614
0.730672091193
0.730431070289
0.730340697002
0.730129848363
0.729888916298
0.729708243031
0.729467379303
0.729256656778
0.729045964695
0.728895488543
0.728745027922
0.728534409768
0.728323822054
0.727962897349
0.727692253986
0.727541917616
0.727361535094
0.727181174315
0.726940729932
0.726790471218
0.726610181262
0.726490000383
0.726219631613
0.725949312543
0.725739098822
0.724778565651
0.724628530587
0.724388508654
0.72414852648
0.723998556648
0.723788625596
0.723638693038
0.723428815414
0.72315901633
0.722949207043
0.722769394208
0.722619567263
0.722379877077
0.722230090513
0.722050367759
0.721900615364
0.7217508785
0.721601157167
0.721391575258
0.721122157622
0.720972502142
0.720822861572
0.720553548928
0.720344119225
0.720164630682
0.719955256892
0.719775816806
0.719566498307
0.719417003731
0.719237630741
0.719088170334
0.718789302946
0.718610008855
0.71837098465
0.718132001447
0.717803466249
0.717624294544
0.717475001875
0.717266018851
0.717146613292
0.716997370323
0.716818299881
0.71666909108
0.716549735222
0.716370720072
0.716102243009
0.715923283772
0.715416365857
0.71514806523
0.715058642455
0.714939420787
0.71473080865
0.714492431166
0.714283883017
0.714105151778
0.713956225646
0.713688198369
0.713509541059
0.713360677052
0.71309276719
0.712914184431
0.712765382549
0.712348839164
0.712229843631
0.712110858038
0.711962140025
0.711843176797
0.711664750592
0.711486346753
0.711307965278
0.711040437486
0.710862111923
0.71035699315
0.710208458406
0.709941138732
0.709792647475
0.70964417175
0.70946602138
0.709317579823
0.709139471078
0.709020743925
0.708783321303
0.708605279652
0.708427259745
0.708278926907
0.7081306096
0.707922993327
0.707804368059
0.707685752732
0.707596797759
0.707448551896
0.707270677362
0.707092825813
0.706944632757
0.706766822211
0.706559404738
0.706381642029
0.706203901685
0.706055801816
0.705937333103
0.705730036774
0.705522771507
0.705374743082
0.705078736552
0.704930754721
0.70460525371
0.704309407463
0.704161506394
0.703984045613
0.703806607196
0.703658758933
0.703540491506
0.703244870773
0.703037970801
0.702831101271
0.702683355514
0.702506081108
0.702122070119
0.701974398912
0.701797213966
0.701620051385
0.701442911168
0.701147731523
0.701000162823
0.700764087072
0.700587055574
0.700439545893
0.70032154933
0.700144573124
0.699938131014
0.699761203886
0.69961378118
0.699466374005
0.699201083956
0.698965310754
0.698847438441
0.698611724258
0.69840550704
0.698317137285
0.697610455081
0.697492697078
0.697316079334
0.697080625454
0.696933486038
0.696756939115
0.696462745395
0.696256846257
0.696080385068
0.695933350643
0.695580544437
0.695433562819
0.695257205999
0.694963327252
0.694816410865
0.694698888937
0.694552000506
0.694405127607
0.694170165136
0.694023332618
0.693847154718
0.693641643241
0.693524220714
0.693406808126
0.693230707883
0.693083975386
0.69293725842
0.692673210251
0.692497203816
0.692350548976
0.692174584786
0.692027963493
0.691881357731
0.69170545256
0.691558880967
0.69155886792
0.691412311858
0.691295078191
0.690972741209
0.690650480019
0.690474730782
0.69029900391
0.690123299403
0.689976895547
0.689771956863
0.689771932634
0.689596294601
0.689420679554
0.689274350249
0.689098775583
0.688981738231
0.688747695211
0.688513690708
0.688367457696
0.688104279278
0.687928853712
0.687782682825
0.687607298262
0.687431936686
0.687227376343
0.687022846442
0.686847558794
0.686672294132
0.686526256814
0.686380235027
0.686146633095
0.686029846728
0.685883877748
0.685796303814
0.685650359684
0.685446065858
0.685183445943
0.685037567044
0.684833363299
0.684629191237
0.684483371357
0.684308408002
0.684104312976
0.683871099324
0.683608784444
0.683463073282
0.683317377652
0.683171698174
0.682996902556
0.682734753549
0.682589135575
0.682472652379
0.682210604014
0.682065041953
0.681832175581
0.681628451441
0.681541149615
0.681308373946
0.681162908178
0.681017457942
0.680639364362
0.68052304766
0.680348593109
0.680145090756
0.679999749238
0.679767235115
0.679534764479
0.679331383891
0.679215179015
0.679098984078
0.678895667478
0.678692383184
0.678547196979
0.678431059197
0.678285900949
0.678169785532
0.677937588247
0.677705429479
0.677589363762
0.677415283825
0.677299242959
0.67712520216
0.676980184314
0.676864180723
0.676690195837
0.676545223963
0.676371278837
0.676226341132
0.676139385964
0.675965492402
0.675820598185
0.675675719499
0.675559827732
0.675038478794
0.674893683976
0.674777859305
0.674633092444
0.674401499635
0.674227829723
0.673996306494
0.673880558858
0.673735888291
0.673533378074
0.673388744782
0.673244127642
0.673041688869
0.672897108383
0.672665813775
0.67252127367
0.67229004305
0.672174442029
0.672001059756
0.671856591095
0.671683249203
0.671538814711
0.671365513822
0.67104786293
0.670903496776
0.670701410252
0.670557081372
0.670412768024
0.670297328528
0.670124188543
0.670008773897
0.669864519567
0.669431868404
0.669287676199
0.669143500147
0.668999339005
0.66879754012
0.668682239784
0.668509308539
0.668394033053
0.668365215734
0.668221138461
0.668221121687
0.668077059946
0.667990630355
0.667846593464
0.667673769695
0.667472170231
0.667328189252
0.667184224425
0.667040274508
0.666723644952
0.666608524157
0.666464636366
0.666349537315
0.666148139757
0.665946770778
0.665716672697
0.665572881199
0.665457859183
0.665199098476
0.665084108765
0.664882902553
0.664595519599
0.664423117659
0.664279465942
0.664078380253
0.663877325005
0.663705016252
0.663504016916
0.663389173821
0.663159519313
0.663016004271
0.662815110548
0.662671632781
0.662470790622
0.66232735013
0.662183925791
0.662069197006
0.661954478781
0.661811094202
0.661639053208
0.661495702798
0.661237717411
0.661065751589
0.660893808131
0.660779191171
0.66057863665
0.660435401171
0.660177618312
0.66003442632
0.65989124986
0.659748088931
0.659604944155
0.659490439019
0.659375943824
0.65929007895
0.659175601149
0.658975289538
0.658860839072
0.658488956753
0.658317348771
0.658231552857
0.657945613068
0.657859841382
0.657431086079
0.657288192288
0.657145314028
0.657002451299
0.656773903859
0.656631081512
0.656516834816
0.656374040425
0.656202708278
0.655974301862
0.655831567111
0.655603229033
0.655431996907
0.655146665944
0.655004020653
0.65480434458
0.654661736564
0.654462113298
0.654348055462
0.654205497768
0.654091462918
0.653891926627
0.653777918492
0.653635422301
0.653378977615
0.653236524911
0.653037121567
0.652894706139
0.652638399991
0.65249602805
0.652353672262
0.652211331383
0.652097469863
0.651869777885
0.651613672402
0.651329171428
0.651215386943
0.651044729474
0.650930969839
0.650731915638
0.650618183338
0.650476031941
0.650362322006
0.65019177574
0.650049671558
0.649879166917
0.649793923294
0.649651861978
0.649509816193
0.649396190748
0.649310978187
0.649026979806
0.648913396606
0.648771431584
0.648629482093
0.648544319854
0.648430778898
0.648146979317
0.647891606909
0.647721385558
0.647494461445
0.647295934064
0.647154146099
0.646984021662
0.646842267865
0.6467005296
0.646530464804
0.646388760707
0.646275408612
0.646105399107
0.645992072483
0.645850427405
0.645623831313
0.645425591571
0.645312323966
0.645142441196
0.644972581412
0.644831048159
0.644689530438
0.644548028247
0.644406541588
0.643953917226
0.643784213376
0.643557978852
0.643416600911
0.64321869913
0.643105625355
0.642907770788
0.642794724348
0.642625173947
0.642512152358
0.642370889348
0.64217314785
0.642003679454
0.641834233423
0.641749518484
0.641608339343
0.641523639314
0.641382488751
0.641269577123
0.641128450789
0.64095912031
0.640761599355
0.640648742397
0.640423059542
0.640282026396
0.640169211061
0.640056405667
0.639915412901
0.639548926763
0.639436176038
0.639295252232
0.63912616342
0.638900747703
0.638590868654
0.63839371113
0.638281062291
0.638168423391
0.637971329856
0.637830566954
0.637633526846
0.637323950967
0.637155123701
0.63701445088
0.636901923805
0.636733152452
0.636564402843
0.636451915529
0.636002084929
0.635861539465
0.635692905408
0.63546809541
0.63529951416
0.635130954653
0.635046683287
0.634878157328
0.634737736113
0.634485023898
0.634372720474
0.634232355793
0.634120074733
0.633951672403
0.633811353695
0.63369910991
0.633502707206
0.63333438688
0.633222185341
0.633053902291
0.632885640984
0.632745440313
0.632577220009
0.632521151545
0.632352961061
0.631876555857
0.631764483538
0.631624407738
0.631456336534
0.631372309319
0.631288287695
0.631092260847
0.630980258108
0.630672305556
0.630560340091
0.630392412396
0.630252488803
0.630140560614
0.629972688831
0.629776866375
0.62960904305
0.629497172015
0.629357347201
0.628993882824
0.628742314332
0.628602573386
0.628518736274
0.628406962155
0.628239320235
0.628099635201
0.627959966321
0.627736529908
0.627568977448
0.627401447353
0.627233939002
0.627066453637
0.626926899066
0.626815266592
0.626703644058
0.626480432538
0.626173580841
0.626089905875
0.625922573338
0.625783147366
0.625532220004
0.62542071178
0.625225597549
0.62514198595
0.625002645711
0.624891184702
0.624807596089
0.624612578773
0.624473297553
0.624361883759
0.624194783569
0.624083394625
0.623944172424
0.623832805845
0.623721449206
0.623554434749
0.623387442035
0.623220472308
0.623081346401
0.622970056857
0.622775325937
0.622608436972
0.622525000566
0.622385952936
0.622274725517
0.622163508038
0.6220523005
0.621941102901
0.621718739387
0.621635362621
0.621468626484
0.62132969627
0.621024106954
0.620885227061
0.620774133833
0.620663050544
0.620607512627
0.620440914408
0.620329860939
0.620080030705
0.619830248929
0.619691501983
0.619552771191
0.619303096269
0.619164408343
0.619025735948
0.618914809214
0.618776164775
0.618637535867
0.618526644545
0.618360327131
0.618221744817
0.618083178656
0.617778395723
0.61763987864
0.617445982059
0.617362892311
0.617224421822
0.617058279601
0.616809114726
0.616670706362
0.616504637448
0.616366263253
0.616172567336
0.615895915861
0.615729951939
0.615674635187
0.615508700463
0.615342788104
0.61512160683
0.614928105985
0.614789908847
0.614651727861
0.614458299703
0.614320155992
0.613878203468
0.613574459266
0.613491630442
0.613353594829
0.613243177521
0.613132770152
0.612580920307
0.6124429872
0.612332651896
0.612222327154
0.612084435049
0.611863845205
0.611422813375
0.611202340326
0.611037009457
0.610871700332
0.610678869196
0.610568692933
0.610430987203
0.610375909011
0.610238224404
0.610128087901
0.609962902405
0.609742692766
0.609632600993
0.609467482592
0.609302386556
0.609192334543
0.609054783505
0.608944753856
0.608697236537
0.608504748331
0.608312291188
0.608119863864
0.60798243397
0.607845019607
0.607680143493
0.607515289745
0.607377928809
0.607130723358
0.606938483652
0.606801187326
0.606718816986
0.606608998563
0.606526641269
0.606416840241
0.606279602934
0.606169824892
0.605922862971
0.605730813989
0.605566224272
0.60520970858
0.605045190307
0.604908108934
0.604798454521
0.604661400483
0.604524361976
0.604387339001
0.604113348962
0.603948979789
0.603839412351
0.603620313508
0.603428631685
0.603291733581
0.603154850386
0.603045355014
0.602853763272
0.602662202592
0.602525391463
0.602279173179
0.602169757326
0.602005652806
0.601896261803
0.601650172738
0.60148613904
0.601376795253
0.601130812422
0.60110348362
0.600994174622
0.600666311617
0.600584358757
0.600447783703
0.600311223559
0.600201986626
0.600092759634
0.59984703835
0.599737843662
0.599601364902
0.599492192579
0.59913745677
0.598973766002
0.598728273338
0.598591908888
0.59848282851
0.598237439595
0.598128391522
0.597937582556
0.597855816071
0.597746802788
0.597610550163
0.597447071242
0.597310853407
0.59692954672
0.59676615788
0.59663001708
0.596493891811
0.596385002779
0.596221689731
0.596085611678
0.595922337769
0.59592232845
0.595759076906
0.595650254969
0.595514241525
0.595351045894
0.595323848797
0.595215066619
0.595106294382
0.594997532084
0.594888779727
0.594725671692
0.594589764482
0.594589755163
0.594399512156
0.594317987958
0.594127787196
0.59412777415
0.594019101312
0.593910438415
0.593693143683
0.593530198415
0.593448733858
0.593340123146
0.593231522373
0.593068640474
0.592932922124
0.592770081226
0.592634397667
0.592525861504
0.592417335282
0.592308819
0.592200312657
0.591874866317
0.591739284642
0.59160371912
0.591522386889
0.591359739822
0.591224217166
0.591088710662
0.590899029265
0.590628111931
0.590546846795
0.590411417948
0.590330167722
0.590167684665
0.589978150504
0.589842786267
0.589680370305
0.589572105008
0.589490912558
0.589382664656
0.589328544432
0.589193254745
0.589085034178
0.588949772447
0.588841574245
0.588652253173
0.588517041764
0.588381845264
0.588273699247
0.58816556317
0.588165535214
0.588057409077
0.587949292879
0.587868212255
0.587787137221
0.587679045874
0.587543945669
0.587381845923
0.587192759062
0.587111730623
0.587030707774
0.586895682119
0.586706673536
0.586598681589
0.586247785107
0.586139835405
0.586004912877
0.58589698554
0.585735113793
0.585627211306
0.585465376834
0.585357499197
0.585195701379
0.585033926548
0.584872174081
0.584521799449
0.584414008787
0.584198463496
0.584144581832
0.584036825961
0.583875211411
0.58376748039
0.583659759308
0.583525121933
0.583390500091
0.583255893779
0.583121302998
0.583013641557
0.582932901998
0.582717627572
0.582556195671
0.582475487796
0.58228719303
0.582152714696
0.582018251272
0.581883804
0.581776256868
0.581668719677
0.581561192425
0.581399920185
0.581184927185
0.581077444663
0.580969972081
0.580808782468
0.580728195737
0.580593897565
0.580486469714
0.580379051802
0.58027164383
0.580191094375
0.58011055051
0.580003167389
0.579868953086
0.579761592329
0.579627405361
0.57952006697
0.57935907802
0.579251764478
0.579144460877
0.579037167215
0.578956703492
0.578849427225
0.578742160899
0.57855447123
0.578447232238
0.578313197477
0.578018393067
0.577911203776
0.57777723176
0.577643274655
0.577536120154
0.577402191627
0.577214720639
0.577080829386
0.576946953043
0.576813092853
0.576732783822
0.576518657466
0.576438368936
0.576224296008
0.576117273211
0.575930007857
0.575823012395
0.57560905502
0.575475349521
0.575368396305
0.575261453028
0.575101057994
0.574994139567
0.574833781186
0.574646725814
0.574539849633
0.574432983392
0.574299414568
0.574165861897
0.574059030446
0.573952209555
0.573845397984
0.573765295829
0.573631804661
0.57352502291
0.57344494312
0.57336486892
0.57320473916
0.573097997168
0.572964583657
0.572857864031
0.57269780385
0.572511095136
0.572431086168
0.572324416242
0.57224442032
0.572111106209
0.571897838422
0.57171126017
0.571604657339
0.571391482118
0.571284909107
0.571151706821
0.571018520687
0.570885350085
0.570752195014
0.570645681643
0.570485930845
0.57029958432
0.570193113193
0.570086652007
0.569953589503
0.569847150682
0.569474711723
0.569341720662
0.569235338996
0.569128967269
0.568889669714
0.568703583493
0.568597262088
0.568384649719
0.568172077111
0.568065804785
0.567932978977
0.567853290574
0.56756115754
0.56742839013
0.567322187384
0.567242541847
0.567136356496
0.566977097728
0.566605607419
0.566499481708
0.566366838547
0.566181167942
0.566075081991
0.56596900598
0.565809912465
0.565544808792
0.565385773674
0.565200262109
0.565094268103
0.564988284037
0.564855818554
0.564723369845
0.564617420569
0.564484997952
0.564379071042
0.564273154071
0.56416724704
0.563876059549
0.563743724529
0.563717259264
0.563505561998
0.563505527829
0.563346779729
0.563240959673
0.562950015091
0.562712022161
0.562474077068
0.562315473719
0.562209750578
0.561786981023
0.56170772501
0.561522817922
0.561443580547
0.561337940033
0.561258715704
0.561073881302
0.560836287215
0.560598741585
0.56049317997
0.560414015281
0.560282086558
0.560150173367
0.559965522855
0.55986002088
0.559754529465
0.559543577699
0.559438115483
0.559332663208
0.559200861841
0.558858278931
0.558779229795
0.558673839644
0.55851577492
0.558436750013
0.558331392167
0.558226044261
0.55804171183
0.557936391259
0.557857407355
0.557699458182
0.557515212105
0.55738362507
0.557173121846
0.557067883281
0.55698896088
0.556857436591
0.556725927212
0.556594433986
0.55648925009
0.556357784199
0.556252622669
0.556200045631
0.55606861453
0.555937198339
0.555674414414
0.555411691372
0.555175299404
0.55507025032
0.554676413014
0.554571410523
0.554466417973
0.554361435363
0.554282704928
0.554151499962
0.553941605564
0.553836672653
0.553731749683
0.553626836653
0.553469485745
0.553364597564
0.553207284553
0.553076207564
0.552683108925
0.55252589345
0.552394897224
0.552237723372
0.552159143901
0.552028190542
0.551871067633
0.551766331037
0.551661604382
0.551556888288
0.551478357275
0.551373657955
0.551216629476
0.551111955005
0.551007290475
0.550876473791
0.550693358388
0.550588733618
0.550484118788
0.550353364229
0.550222627064
0.550118047024
0.549987335952
0.549882778277
0.549778230542
0.549673692746
0.549569164891
0.549438519672
0.549360139622
0.549203396918
0.548968330078
0.548759420983
0.548628871436
0.548550549784
0.548420025087
0.548237319089
0.548054642289
0.547924176611
0.547715464452
0.547454634981
0.547350318351
0.547193862665
0.547141715532
0.547063499493
0.546854956935
0.54675069746
0.546672509377
0.546490094124
0.546385869439
0.546307707449
0.546203500159
0.546047209725
0.545943027285
0.545864896978
0.545760731934
0.545578468887
0.545474331177
0.545370203407
0.545214032253
0.545161979551
0.545057881601
0.544927773142
0.544719641231
0.544563562022
0.544433513203
0.544355490994
0.544251470079
0.544095461072
0.544017463091
0.543913474482
0.543809495812
0.543731518333
0.543601568292
0.543419666192
0.543341716669
0.542952087092
0.542822230239
0.542744323582
0.542666422517
0.542536599833
0.542432753489
0.542328917086
0.542225090001
0.542121272856
0.542017465652
0.541783940133
0.541420787003
0.541317046893
0.541161456609
0.541057741349
0.540928111252
0.540824418358
0.54074665521
0.540617062389
0.540513399314
0.540306106712
0.540202473457
0.540072946489
0.539943435051
0.539839836586
0.539710352484
0.539606776384
0.539477320859
0.539399654626
0.539321993985
0.53921845516
0.539037286757
0.538907900811
0.538778528534
0.538649172409
0.538545698816
0.538545689497
0.538416361328
0.538364634161
0.538157752827
0.538080181645
0.537950909389
0.537821652664
0.53769241147
0.537563185187
0.537459815342
0.537382294482
0.537253106094
0.53714976607
0.537046435986
0.536917287979
0.536762331991
0.536659039182
0.536581576098
0.536504118605
0.536323409927
0.536220159363
0.536065302153
0.535962076439
0.535884663676
0.535575086555
0.535446114983
0.535317158944
0.535214005294
0.535162432197
0.535033510326
0.534904603986
0.534801490097
0.534724161203
0.534621064709
0.534543748861
0.534440669762
0.534311835487
0.534183016744
0.534002697589
0.533796659913
0.533693652879
0.533590655785
0.533513414487
0.533358948666
0.533153032755
0.533075823141
0.532998619739
0.532947153497
0.532869958794
0.532792769681
0.532689859562
0.532612683496
0.532458349379
0.532226894488
0.53212403966
0.532046904596
0.531918358582
0.53178982872
0.531687015515
0.531609912135
0.531507116326
0.531430025992
0.531301555149
0.531147411135
0.530941922645
0.530839191446
0.530736470186
0.530556735629
0.530428369777
0.530377027785
0.529940762808
0.529735505422
0.529632891639
0.529504638234
0.529017418925
0.528889239448
0.528786707049
0.528684185212
0.528581672693
0.528504794826
0.528402299702
0.528299814518
0.528222957154
0.52814610538
0.528043645046
0.527966806319
0.527659517262
0.527531503037
0.527403504966
0.527301116697
0.527096372464
0.526942840382
0.526763749439
0.5266870039
0.526584685211
0.526405653908
0.526252222469
0.526149946025
0.526073245215
0.525996549996
0.525894298403
0.52568982752
0.525613160258
0.525510945939
0.525306550849
0.52520436635
0.525076650326
0.524948949212
0.52482126425
0.524719126966
0.524591469961
0.524489355042
0.524361725372
0.524208590268
0.524132031104
0.52405547753
0.523953414797
0.523851362003
0.523749319149
0.523596273506
0.523443252092
0.523341248998
0.523239255844
0.522984322039
0.522907852334
0.522372735245
0.522270836522
0.522168947738
0.522067068894
0.521939734939
0.52178695457
0.521481467139
0.521405107396
0.521303303102
0.521201508749
0.521125169507
0.521023393169
0.520921626151
0.520743561514
0.520616389084
0.520438376632
0.520362093302
0.52015870091
0.519777456349
0.519701221477
0.519624992196
0.51949795582
0.519396337901
0.519269329481
0.519167733928
0.519066148935
0.518964573262
0.51888839803
0.518786839751
0.518659905882
0.518482227041
0.518380709144
0.518355331067
0.518279200565
0.518177701927
0.517974740683
0.517822542425
0.517695727214
0.517568927534
0.517467498476
0.517340726752
0.5172646708
0.517137923926
0.517036537113
0.516783122886
0.516707107936
0.516605763368
0.516529761465
0.516428434292
0.516301789924
0.516175161088
0.516124513654
0.515972586262
0.515871313758
0.515719423641
0.515643486969
0.515542246771
0.515441016512
0.515390405111
0.515213286017
0.514985613919
0.514859146608
0.514757983445
0.514429294177
0.514277618391
0.514176512383
0.514075416936
0.513949060829
0.513847987126
0.513721660838
0.513519574315
0.513418542856
0.513342775786
0.513241761723
0.513115509986
0.513014518287
0.512913536529
0.51278732331
0.512635888569
0.512534944086
0.512434010164
0.51235831578
0.512282626987
0.512181717293
0.51208081754
0.511954707448
0.51177818227
0.511702536343
0.511576472845
0.511450424878
0.51134959719
0.511248779442
0.511147971634
0.511072372301
0.510971581888
0.510845608471
0.510593716307
0.510492973109
0.510115297631
0.510014601648
0.509939086184
0.509863576311
0.509762905178
0.509637080861
0.509561593353
0.509385478821
0.509259700477
0.509184240925
0.509133937664
0.509033338596
0.508932749468
0.508807027657
0.508706460894
0.508605904071
0.508480222021
0.508254037196
0.508153525103
0.50805302295
0.50790228898
0.507826930071
0.507701344935
0.507525557181
0.507274482583
0.507148965163
0.507048562411
0.506923073569
0.506797600258
0.506647052663
0.506496529296
0.506396191153
0.506295862951
0.506195544688
0.506020015374
0.505944796246
0.505719181729
0.505669049933
0.505518671317
0.505393371336
0.505293142533
0.505217977454
0.505142817966
0.505042614014
0.504917373672
0.504817192084
0.504541750184
0.504316443186
0.504141237543
0.504066158197
0.503966061099
0.503865973941
0.503740879594
0.503640814801
0.503365694708
0.503265667812
0.502915672764
0.502815689976
0.502715717129
0.502615754221
0.502515801253
0.502390874022
0.502315925138
0.502091121353
0.501966246928
0.501866358571
0.501766480153
0.501666611675
0.50159171684
0.501516827597
0.501392025237
0.501267237787
0.501142466489
0.501067610793
0.500942863724
0.500843077252
0.500743300719
0.500643534127
0.500518841107
0.499721186729
0.499472046705
0.499372406847
0.499222965699
0.499098449114
0.498973947439
0.498899253889
0.498799671187
0.498650316392
0.498525871251
0.498476097294
0.498376556837
0.498177512576
0.49807800256
0.497854141212
0.497779531531
0.497605467746
0.497530876702
0.497431430675
0.497207722775
0.497108309674
0.497008906513
0.496884665764
0.496785284968
0.496785275649
0.496710746109
0.49663622216
0.496536865593
0.496437519587
0.496313350281
0.496238856153
0.495965765063
0.495891297027
0.49579201501
0.49571756002
0.495593481417
0.49549422922
0.495345370183
0.49527094874
0.495196532889
0.495097320452
0.494998117955
0.494675812656
0.494452725386
0.494304022904
0.494204899927
0.494105786889
0.494031458635
0.493932362993
0.493858047784
0.49373420215
0.493659901851
0.493511318649
0.493412275192
0.493288484849
0.493189463757
0.493090452605
0.492991452014
0.492892460742
0.492818223811
0.492818211386
0.492719237509
0.492719221356
0.492620257419
0.492521303422
0.492447094448
0.492372891064
0.492175044574
0.492076135307
0.491903069872
0.49180418794
0.491730033014
0.491631169098
0.491507602405
0.491408760233
0.491309928001
0.49118640231
0.491087592443
0.490988792516
0.490717145834
0.490643072913
0.490544317716
0.490396205422
0.49032215673
0.490223433838
0.490124720886
0.490075368138
0.489902655573
0.489828644156
0.48975463833
0.489508000702
0.489360044962
0.489261418986
0.4891134999
0.489014898774
0.488916307587
0.488743799413
0.488620596772
0.488522045346
0.48839887004
0.488300340978
0.488127941523
0.488029439797
0.487906327238
0.487807847876
0.487684763273
0.487635533532
0.487537081505
0.487438639418
0.487315601409
0.487217181688
0.487069571364
0.486971176492
0.486823603443
0.486725233422
0.486528529411
0.486405605712
0.486331858947
0.486258117774
0.486159805529
0.486061502602
0.485963209615
0.485815789394
0.485717521257
0.485545579664
0.485545570966
0.485422771517
0.485324543141
0.485201772269
0.485079016929
0.484931730898
0.484809009105
0.484735383485
0.484637224688
0.484514540792
0.484391873669
0.484269222078
0.484171110496
0.484097533333
0.483999439147
0.483852318989
0.483754249653
0.483656190256
0.483582652232
0.483460103147
0.483386580033
0.483264053934
0.483166044237
0.483092543488
0.482945559385
0.482847581993
0.482774105473
0.482676145476
0.48255371008
0.482406807981
0.482259927627
0.482137544415
0.481941767931
0.48186836037
0.481770492318
0.481672634207
0.481599247146
0.481501407051
0.481428033037
0.481330209715
0.481256848748
0.481159042821
0.481085694899
0.480939019557
0.480841245936
0.480743482255
0.480596856613
0.480499117781
0.480376958841
0.480205964033
0.480108264962
0.479986155722
0.479912897261
0.479668756437
0.479546702489
0.479424664071
0.479424644191
0.479302621305
0.479083025462
0.478961046063
0.478887865879
0.478741524149
0.478546443465
0.478448913374
0.478351393844
0.478205132876
0.478058895515
0.477839581098
0.477742123072
0.477547239324
0.477498523979
0.47732804046
0.477230634618
0.477060199557
0.476987164746
0.476889793694
0.476816771929
0.476670747036
0.476500412617
0.476354434939
0.476013918308
0.475868015801
0.475770759681
0.47567351288
0.475551968357
0.475454743921
0.475357530046
0.47526032549
0.475163130874
0.475090241435
0.474993064214
0.474871607287
0.474823028616
0.47472587873
0.474507340876
0.474410223295
0.474288840918
0.474167474073
0.473949057984
0.473851997558
0.473754947072
0.473657907147
0.47358513326
0.473488110109
0.473415349269
0.473245597583
0.473245582052
0.473100106966
0.473003134136
0.473003127923
0.472930404358
0.472833448302
0.472736502186
0.472663799123
0.472566870402
0.472421497822
0.472276148228
0.472179259267
0.472082380246
0.471985511165
0.471912865877
0.471840226181
0.471622346852
0.471501321694
0.471259322942
0.471162538351
0.471041571591
0.470944809365
0.470848057079
0.470630407613
0.470485335097
0.470388630026
0.470243591679
0.470146911458
0.47014688785
0.470074384208
0.469977722003
0.469905231407
0.469446260352
0.469373810758
0.469228928966
0.469156496146
0.468915100628
0.46891509193
0.468915085718
0.468842677127
0.468746141036
0.468746134823
0.468625479309
0.468553093083
0.468335974786
0.468335968574
0.468215365866
0.468143011323
0.468022433466
0.467901870518
0.467829540204
0.467733108484
0.467733099786
0.467636678006
0.467564368193
0.467492063972
0.46749205776
0.467395660829
0.467275178644
0.467154713854
0.467034263352
0.466913828382
0.466793408322
0.466721163741
0.466480398171
0.466360034644
0.466360022841
0.466263742705
0.465974970015
0.465710346568
0.465638185855
0.465566030734
0.465469832604
0.465421737266
0.465349598919
0.465253423153
0.465157257328
0.465085139482
0.464676613954
0.464604533383
0.464316274467
0.464244221852
0.464148161018
0.46402810004
0.463956069791
0.463956063578
0.463860032564
0.463764010869
0.463643997727
0.463476011635
0.463332044323
0.463260068122
0.463140120834
0.46297222358
0.462852313566
0.462756396241
0.462660488855
0.46256459141
0.462372830067
0.462300928416
0.462157143752
0.462085258875
0.461989421691
0.46191754986
0.461917541162
0.461797767824
0.461701959838
0.461606161793
0.461510373688
0.461438539132
0.461366710167
0.461294886794
0.461223069012
0.461055517795
0.460864072047
0.460744434762
0.460648736117
0.460553047411
0.460553041199
0.460361696093
0.460266037208
0.460146478201
0.46014642788
0.460002977448
0.459883451989
0.459787842803
0.459692243558
0.459620550647
0.459620534495
0.459524952645
0.45940548931
0.459286041507
0.459047201813
0.4590471956
0.458927794391
0.458784534062
0.458689039186
0.458593554251
0.45845034735
0.458354887265
0.458235576137
0.458140138416
0.45806856665
0.457973146324
0.457901587604
0.457782335494
0.457663099537
0.457543879112
0.457472353938
0.457210146534
0.457138647453
0.456995667929
0.456924185623
0.456828884578
0.456757415317
0.456709772249
0.456471602263
0.456304918311
0.456209681876
0.456090650932
0.455971636761
0.455876435116
0.455709858641
0.455567102767
0.455471943367
0.45540058034
0.455281655008
0.455210306892
0.45509140641
0.455020073203
0.454948745587
0.454758568433
0.454687261318
0.454615959795
0.454520899795
0.454425849736
0.454354568714
0.454188271801
0.454069504888
0.453974502664
0.453879509759
0.453808271604
0.45373703904
0.453665812067
0.453570851467
0.453475900807
0.453380960087
0.453167384159
0.453048750815
0.452953854825
0.452858969397
0.452787811383
0.452669227739
0.452574371509
0.452479525219
0.452408397025
0.452337274422
0.452218749175
0.452123940161
0.452052839923
0.451934351951
0.45172112206
0.451650053506
0.451531618962
0.451294802059
0.451129063028
0.450939683559
0.450868676509
0.450726681045
0.450561049492
0.450442759078
0.450324482953
0.450229872738
0.450135273084
0.450064329402
0.449875179174
0.449756977598
0.449686063736
0.449520623527
0.449331584503
0.449237079279
0.449142583375
0.44904809741
0.448953621386
0.44888277089
0.448788312882
0.448693864193
0.44857581793
0.448434182171
0.448386975221
0.448292568776
0.448198172272
0.448080191241
0.448009409704
0.447915043641
0.447844275151
0.447773512252
0.447537680652
0.447419786595
0.447278335347
0.447184045698
0.447113334984
0.447042629861
0.44697193033
0.446901236389
0.446830548041
0.446759865283
0.446665630303
0.446524298335
0.446406537227
0.446312339522
0.446241697767
0.446171061603
0.44607688937
0.446006266252
0.445935648726
0.445865036791
0.445817965274
0.445770896241
0.445676766253
0.445582646205
0.445488535476
0.445370912285
0.44532386686
0.44518274736
0.445112195065
0.445065163308
0.444947595408
0.44487706175
0.444830042418
0.444641993667
0.444406993921
0.44433650313
0.444242524105
0.44417204636
0.444078085352
0.443984133663
0.443913676419
0.443796260726
0.443702339478
0.443608427548
0.443514525559
0.443397162672
0.443209415848
0.443139020108
0.442927869542
0.442810584932
0.442716767433
0.442622959874
0.442482267794
0.442388485706
0.442318155197
0.442200950729
0.442036890938
0.441966588386
0.441849431754
0.441779144111
0.441685436573
0.441568315974
0.441451212148
0.441380956189
0.44126387535
0.441193634301
0.441076578312
0.441006352173
0.440912726019
0.440819109805
0.440725503531
0.440655305348
0.440561716469
0.440491531333
0.440444744348
0.440397959849
0.440327787759
0.440210848564
0.4401173069
0.439930255256
0.439836743412
0.439789991218
0.439719867585
0.439603007911
0.439509530857
0.439462796057
0.439322610296
0.439275885437
0.43915908416
0.438948887213
0.438855479739
0.438808779729
0.438715387165
0.438622004541
0.438528632479
0.438435269735
0.438318582147
0.438318575934
0.438225236176
0.438131905737
0.438038585238
0.437968601387
0.437851974682
0.4378053281
0.437408951744
0.437245785933
0.437175865449
0.437105950557
0.437059343735
0.436942838173
0.436826349385
0.43666329105
0.43631399553
0.436267430954
0.436174311118
0.436104476367
0.436034647208
0.435941550359
0.435871734245
0.435685589627
0.435639058597
0.435522742517
0.435406441346
0.435359925227
0.435313411593
0.435197139
0.435127382526
0.435011134784
0.434848419379
0.4347089698
0.434592777969
0.434546305337
0.43438367318
0.434337211731
0.434244296908
0.434174616849
0.4340817188
0.433965612081
0.433895954386
0.433803086779
0.433733442131
0.433501339896
0.433408513913
0.433315697869
0.433222891765
0.433083703111
0.432874966724
0.432712646434
0.432643089382
0.432480815065
0.432411276651
0.432318568083
0.432202695576
0.432017333111
0.431924666167
0.431832009785
0.431693044781
0.431646727462
0.431577256142
0.431507790414
0.43141517814
0.431253134307
0.431114263112
0.431021693084
0.430929132995
0.430859719452
0.4307903115
0.430628385083
0.430535867239
0.43046648538
0.430397109112
0.430281495044
0.430212133686
0.430096545711
0.429957859648
0.429888524383
0.429703660161
0.429588139281
0.429518833835
0.429426435893
0.429357143494
0.428503287083
0.42841099786
0.428272583283
0.428157254991
0.428065003043
0.427926647485
0.42785747623
0.427788310565
0.427719150492
0.42764999601
0.427557798732
0.427488657296
0.427373437723
0.427258230574
0.427143038336
0.427050895727
0.426958763059
0.426912700453
0.426820582694
0.426705450096
0.426567311355
0.426475230871
0.426429194357
0.426314115808
0.426245075015
0.425968981422
0.425830961961
0.425738960998
0.425669966799
0.425577983231
0.425486009602
0.425394045914
0.425279105903
0.425164180803
0.425049271233
0.424980332946
0.424911400251
0.424819499309
0.424773552255
0.424704636333
0.424635726003
0.424543854259
0.424451993078
0.424383103248
0.42431421901
0.424222382678
0.424153511487
0.42403874232
0.423969886038
0.423855138615
0.423763351362
0.423648631895
0.423556867007
0.423465112059
0.423396302371
0.423304564818
0.423212837205
0.423075266286
0.422983564144
0.422891871943
0.422823108849
0.42273143342
0.422685599434
0.422616853114
0.422456469261
0.422364833593
0.422296113366
0.422181592699
0.422089986851
0.421998391564
0.421792346433
0.421723672799
0.421655004756
0.421540572307
0.421471919174
0.421403271632
0.421311750274
0.421220239478
0.421174487496
0.421105864183
0.421037246462
0.42099150442
0.42087716081
0.420808561726
0.420717104978
0.42064851894
0.420579938493
0.420488507217
0.420351378629
0.420282822411
0.420282809986
0.420214259359
0.420100022604
0.420031486887
0.419985799516
0.419894432228
0.419825913285
0.419757399934
0.419574728726
0.419529066204
0.419437748616
0.419346440969
0.419209499998
0.419163857357
0.418890059906
0.418867246972
0.418776001449
0.41870757383
0.418639151802
0.418570735366
0.418433922994
0.418365523332
0.418228742644
0.418023620069
0.417932467113
0.417795756005
0.417750190399
0.417545180271
0.417431305704
0.417271910261
0.41720360565
0.41713530663
0.416998726606
0.416816654904
0.416680126444
0.416475384075
0.416407144695
0.416338910906
0.416270682708
0.416156983334
0.415975099872
0.415929633665
0.415838709329
0.415770522134
0.41570234053
0.415611440422
0.415497829887
0.415225230207
0.415066252866
0.414793805392
0.414725703929
0.414657608058
0.414521436817
0.414453357719
0.414385284213
0.414271841415
0.414203782819
0.414090366114
0.413908933058
0.413818229265
0.413750207944
0.413682192214
0.41352351183
0.41341018707
0.41329687722
0.413251557629
0.413160925902
0.413092958629
0.413024996948
0.412843799346
0.412775858787
0.412617353596
0.412549431054
0.412481514102
0.412390966865
0.412187275651
0.412096760719
0.411915766887
0.411847902121
0.411712189983
0.411621727236
0.411553886699
0.411486051752
0.411418222398
0.411327791955
0.411259975647
0.411192164929
0.411124359803
0.411079159492
0.411011363685
0.410943573468
0.410943557316
0.410898366945
0.410762811984
0.410672454228
0.41058210579
0.410469186086
0.41035628067
0.410288544502
0.410175663936
0.41013051581
0.410040227013
0.409995086342
0.409927379995
0.409791985937
0.409724296364
0.409588937718
0.409453599573
0.409340833939
0.40927318164
0.409182987273
0.409115348021
0.40904771436
0.408957544843
0.408889924228
0.408822309204
0.408754699772
0.40866456256
0.408596966174
0.408506846357
0.408371687132
0.408056432403
0.407988886339
0.407786286041
0.407696256305
0.407583732337
0.407538727098
0.407493724345
0.407448724076
0.407381228332
0.407268751579
0.407201270746
0.407201267018
0.407111301271
0.407111292574
0.407043824787
0.406953876434
0.406886421694
0.406818972544
0.406594189881
0.406526765582
0.406346997476
0.406257126159
0.406212194228
0.406122337821
0.406032491354
0.405965113027
0.405897740291
0.405807918674
0.405695656252
0.405628305881
0.405560961102
0.405493621913
0.405381402358
0.405314078079
0.405246759392
0.40515700984
0.405089704199
0.40502240415
0.404932680069
0.404708419878
0.404641151512
0.404439389281
0.40434972981
0.404237668674
0.404170439447
0.40403599963
0.403946384268
0.403834379044
0.40363281437
0.40354324436
0.403453683668
0.403364132916
0.403274592104
0.403185061853
0.403050785426
0.402938905073
0.402871783943
0.402782298423
0.402715190339
0.402558628419
0.40244681951
0.402446803358
0.402223231512
0.402089115988
0.401955022829
0.401709240663
0.401642222039
0.401552873194
0.401485867617
0.401307217762
0.401173254445
0.401106280551
0.401016990725
0.400883075865
0.4008161262
0.4007268693
0.400659932682
0.400593002276
0.400481464232
0.400414548115
0.400325335324
0.400191535395
0.400124643507
0.40003546302
0.399946293095
0.399879421708
0.399790269177
0.399701125966
0.39963427508
0.399567429786
0.399500590083
0.399411479176
0.399344652519
0.399277831454
0.399188746018
0.399121937999
0.399055135571
0.398988338734
0.398787994817
0.398609945712
0.39854318615
0.398431936366
0.398231723533
0.39818723766
0.39812051351
0.397987084467
0.397853676548
0.397764749531
0.397609152413
0.397431368581
0.397320271004
0.397209188957
0.397098122442
0.397031489616
0.396920449193
0.396787220815
0.396720614081
0.39663181442
0.396365491232
0.396254543997
0.396032694879
0.395899617464
0.395810909128
0.395744384399
0.395611352957
0.395456180152
0.395367521516
0.395145927731
0.395101614566
0.394968691842
0.394924388617
0.39468078766
0.394547934517
0.394437240752
0.394370831575
0.394370822878
0.394304419293
0.394238021298
0.394127371021
0.394060987937
0.393972485856
0.393839753856
0.393773395001
0.393662810576
0.393596466631
0.39355224044
0.393441686457
0.393375361149
0.393242727929
0.393154317792
0.393065918217
0.392999624593
0.39295543195
0.392889147645
0.392557814336
0.392425320276
0.392337002084
0.392248693833
0.392204543435
0.39202797042
0.391873502114
0.391807309132
0.391741121742
0.391696999922
0.39163082185
0.391542593119
0.391454374949
0.39134411606
0.391277967808
0.391211825148
0.391101600427
0.391035472677
0.390925272806
0.390859159966
0.390793052717
0.39072695106
0.390638824835
0.390572736223
0.390396529746
0.390286421199
0.390286410017
0.390198332871
0.39006623641
0.390000196878
0.389890143001
0.389780104655
0.389692084664
0.389648078396
0.389582073653
0.389472078795
0.389340108449
0.389208158604
0.389142191136
0.389032258403
0.388944323523
0.388856397962
0.388790460315
0.388702552149
0.388592681541
0.38850479574
0.388394952467
0.388329053958
0.38826316104
0.388131393843
0.387999650874
0.387911832789
0.387867927164
0.387802073385
0.387758173972
0.387692329512
0.387604546217
0.387560657987
0.387450948904
0.387363192323
0.387297381411
0.387165780087
0.387099985948
0.387056126295
0.386946489898
0.386858790473
0.386793022426
0.386661504971
0.38657383785
0.386573810515
0.386310883082
0.386135640164
0.386069933621
0.38593853731
0.385807163985
0.385741485399
0.385675812404
0.385610145001
0.385566369838
0.385369416084
0.3852818962
0.384910059232
0.38484445706
0.384647685333
0.384647676635
0.384560238756
0.384472810816
0.384407245919
0.384276134762
0.384166892859
0.384101354675
0.3840139783
0.383708261627
0.383664594562
0.383555437771
0.383446298374
0.383424471986
0.383358996549
0.38322806369
0.383118970888
0.383053521543
0.382944451726
0.382857207056
0.382748165817
0.382617336707
0.382551930229
0.382399340583
0.382290364576
0.382224986054
0.382137823388
0.382028885898
0.381941745597
0.381832834821
0.381723939576
0.381462672123
0.381375597054
0.381310296809
0.381266766419
0.381266760207
0.381157946967
0.381092665359
0.380983875106
0.380896854707
0.380744593081
0.380657599396
0.380592360655
0.380440160534
0.38037494043
0.380309725918
0.380244516997
0.380157581088
0.380092385213
0.379983738468
0.379896831758
0.379788212969
0.379614458567
0.379549309286
0.379484165597
0.379375606448
0.379310477668
0.37924535448
0.379180236883
0.379115124877
0.379006617913
0.378941520818
0.378876429934
0.378789649959
0.378724572122
0.378616121071
0.378529370915
0.378420947821
0.378355901046
0.378269180711
0.378182470315
0.378117444042
0.378052423981
0.37798740889
0.377879063452
0.377814063271
0.377727405682
0.377597438868
0.377489149342
0.377402528407
0.377402522194
0.377337563016
0.377250959476
0.377164365876
0.377077782837
0.377012851615
0.376926285971
0.376861367795
0.376774819546
0.376688280616
0.37638547885
0.376320607268
0.376126032282
0.376061183065
0.375953114083
0.375866669583
0.375758628557
0.375629000946
0.375391418041
0.375283446595
0.375175488817
0.375110721605
0.375002789298
0.374786975626
0.374635940349
0.374571219731
0.374506504704
0.374420226699
0.374355524719
0.37426926473
0.374183014681
0.374096774572
0.374032100548
0.37388121872
0.373773464712
0.373687271818
0.373493377101
0.373428755262
0.373342601507
0.373256458313
0.373148793144
0.373084201124
0.372847419011
0.372782853084
0.372567678058
0.372266541244
0.372008521688
0.37190103606
0.371729097572
0.371621653568
0.371557193875
0.371492739773
0.37134237234
0.37123498487
0.371149085206
0.371106138791
0.370998783626
0.370891445856
0.37082704953
0.370762658796
0.370676813802
0.370612436114
0.370548064018
0.370526607895
0.370440789615
0.370290632165
0.370226288024
0.370140504534
0.36996896986
0.369904653676
0.369754605565
0.369690308019
0.369583158487
0.369497449547
0.369433174366
0.36919755337
0.36911188916
0.368983413347
0.368876367564
0.368854959898
0.368790740629
0.36868372156
0.368512526088
0.36842694202
0.36834136727
0.368255803082
0.368170248212
0.368170239515
0.368084694585
0.368020542411
0.367956395828
0.367828120057
0.367742614888
0.367657119658
0.367614375771
0.367464795462
0.367336606666
0.367144369445
0.367080299276
0.366952178197
0.366888124802
0.366824076998
0.366781381568
0.366717343083
0.366653310188
0.366589282886
0.366503922467
0.366439908211
0.366311898335
0.36620523897
0.366055942573
0.365949321104
0.365864034615
0.365800076271
0.36567217822
0.365586924036
0.365096920904
0.364990440459
0.364926558529
0.364798812064
0.364692373864
0.364628518648
0.364564668401
0.364522104676
0.364436984682
0.364330599288
0.364224228805
0.36416041397
0.3640328048
0.363926479668
0.363820168824
0.363735130835
0.363628847327
0.363586338272
0.363522579349
0.363458826018
0.363395078278
0.363267600192
0.363182627434
0.363140144472
0.363055186624
0.362927769421
0.362864068275
0.36280037272
0.362715454011
0.362588096448
0.36250320321
0.362439539339
0.362375881058
0.362291012049
0.362206153601
0.362121305093
0.362036465904
0.361972843035
0.361909225757
0.361803210008
0.36173960764
0.361676010864
0.361591224481
0.361527640751
0.361464062612
0.361400490065
0.361358111472
0.361230991227
0.361167439181
0.361103892726
0.360997995014
0.360934463469
0.360870937515
0.360553411495
0.360489919089
0.36034179437
0.360278320601
0.360130239369
0.360066784238
0.360003334698
0.35993989075
0.359876452392
0.359813019626
0.359749592451
0.359665031582
0.359474819016
0.359390290452
0.359284643725
0.359221263143
0.359136764399
0.359094518755
0.359031154947
0.358904445349
0.358798870687
0.358714422264
0.358587769199
0.3584611385
0.358397830605
0.358334528301
0.358271231589
0.358271054532
0.358207763411
0.358165572437
0.358102290634
0.357996835252
0.357891394159
0.357891387947
0.357828130373
0.357764878391
0.357701632
0.357427656871
0.35740658406
0.357343369352
0.357280160236
0.357174824756
0.357111630549
0.357048441935
0.356985258911
0.356922081479
0.356879966297
0.356816798183
0.356690479972
0.356585231467
0.356522089446
0.356437909403
0.356374780428
0.356332697551
0.356248539874
0.356248524343
0.356185412141
0.356101271238
0.356017140274
0.355954048574
0.355785835725
0.355743787638
0.355659698919
0.35557562014
0.355512567579
0.355512558261
0.355428496877
0.355344445433
0.355239395728
0.355176372987
0.355071349374
0.355008341543
0.354777374333
0.354693399924
0.354546469248
0.354420556092
0.354378588768
0.354252701705
0.354168789421
0.353728508061
0.353644657902
0.353581776806
0.353497944043
0.353393167687
0.353309357289
0.353225557451
0.35316271363
0.353099875401
0.353037042762
0.352911396123
0.352848580259
0.352785769985
0.352702031652
0.352492740487
0.352429961898
0.352325345204
0.352262581524
0.35211615841
0.352053413368
0.352032499596
0.351969762009
0.351907030013
0.351823396671
0.351739773269
0.351447176161
0.351342704219
0.351259137971
0.351196469343
0.351071151345
0.351008499491
0.350924972382
0.350862333574
0.350737073974
0.350695325329
0.350507500228
0.350444898695
0.350444892483
0.350382296541
0.35031970619
0.350215401985
0.350131969928
0.350111113311
0.350027693058
0.349944283365
0.349881732153
0.349819186533
0.34971495812
0.349652427409
0.349548223226
0.349506545404
0.349444033331
0.349339859588
0.349277362425
0.349194041572
0.349110730658
0.349048253996
0.349006605995
0.348923317446
0.348860857558
0.348777586405
0.348652698933
0.34856945263
0.348486216888
0.348423796139
0.34836138098
0.348194974106
0.348049395892
0.347987014282
0.347862269698
0.347799904861
0.347737545615
0.347654408652
0.347529723087
0.347467388691
0.347384284033
0.347301189936
0.34719733738
0.347155799961
0.346968922267
0.346927398515
0.346844359088
0.346782085575
0.346699062922
0.346574549443
0.346450058329
0.346346331887
0.346284103104
0.346159662312
0.346055979357
0.345869401106
0.345807215189
0.345662138945
0.345599971666
0.345517091279
0.345454937046
0.345392788404
0.345330645354
0.345227086649
0.345185667268
0.345020016455
0.344937205027
0.344875102979
0.34483370472
0.344750915657
0.344688830382
0.344606058714
0.344543986486
0.344419860668
0.344337121926
0.344275073927
0.3442337117
0.344109640552
0.344006265116
0.343964919042
0.343902904591
0.343861564729
0.343737560676
0.343654903939
0.343551596841
0.3434276487
0.343365682706
0.343303722303
0.343241767491
0.343117875263
0.343055937225
0.342952720208
0.342808245335
0.342746335253
0.342684430763
0.342581269658
0.342519380078
0.342230647769
0.341921425381
0.341756561693
0.341674143516
0.341303418587
0.341241644559
0.341138702135
0.341056358508
0.340994606845
0.340932860774
0.340747658591
0.340685934885
0.340377441224
0.340315751065
0.340254067118
0.340192388142
0.340130714756
0.340048492895
0.339966280352
0.339904627468
0.339904609452
0.339863510635
0.339781320458
0.339678598577
0.339616971786
0.339514274755
0.339473199547
0.339411591393
0.33934998883
0.339349942857
0.339349915522
0.339349901855
0.339308836586
0.339226713503
0.339124075492
0.339041975395
0.338980407001
0.338898325542
0.338836770195
0.338754704888
0.3386726489
0.338611113433
0.338549583556
0.338426542441
0.338365029338
0.338303521827
0.338262519926
0.338221520509
0.338139529131
0.338057548315
0.337975576817
0.337750223847
0.337709255493
0.33762732624
0.337565885824
0.337483973966
0.337402072049
0.337320180692
0.337258768232
0.337197361363
0.337135960086
0.337095029007
0.337033637048
0.336849499068
0.336767674185
0.336706312047
0.336624504559
0.336542707011
0.336236089526
0.336154339194
0.336052165256
0.335950007471
0.335725319238
0.335582375126
0.335521121085
0.335439457727
0.335316983192
0.3350109385
0.334949736643
0.334888540378
0.334806954677
0.334745771458
0.334664203152
0.334582644165
0.334582632982
0.33446031376
0.334378779622
0.334256498918
0.33419536602
0.334113864188
0.33411386046
0.33405274123
0.3339508891
0.333889784159
0.333726871197
0.333563997995
0.333502928465
0.333238368385
0.333177329297
0.333116295178
0.333034925672
0.332973904599
0.332912889118
0.332831543841
0.332770541406
0.332709544562
0.332689213524
0.332546917375
0.332485941654
0.332424970903
0.332282729425
0.332221777311
0.331775072222
0.331714166703
0.331612669928
0.331572075567
0.331490894921
0.331430015493
0.331369141657
0.33128798524
0.331206839384
0.331145986049
0.331085138306
0.331024296154
0.330943181981
0.330882352875
0.330780984078
0.330699900347
0.330598559506
0.330497237303
0.3304364492
0.33033514874
0.330233863812
0.330173100558
0.330132594415
0.330031340549
0.329970595312
0.32980864156
0.329747916824
0.329646721977
0.329565777406
0.329505075035
0.329444378255
0.329343230002
0.329282548132
0.32920164767
0.329120757148
0.328918578679
0.32885793657
0.32879729943
0.328716459229
0.328696250577
0.328635628347
0.328575011709
0.328514400661
0.328413396538
0.328292211719
0.328231626764
0.328191239901
0.328130664265
0.327848068045
0.327747164565
0.327666452963
0.327626100889
0.327585751301
0.327464721173
0.327404212632
0.327263050266
0.327222723042
0.327121917719
0.327081599193
0.327041283152
0.32698081375
0.326960658525
0.326900196578
0.326839740222
0.326738992675
0.32667855123
0.326436856269
0.326376442779
0.326316034881
0.32631602929
0.326255626983
0.326154969517
0.32609458212
0.325933582609
0.325873215713
0.325812854409
0.325732381988
0.325631806528
0.325531244735
0.325450807104
0.325390484938
0.325330168364
0.325249754962
0.325189452055
0.325129154118
0.325048766188
0.324968387576
0.32490811014
0.324807662036
0.324385977184
0.324285608599
0.324205325039
0.324145118426
0.3240046618
0.323944473824
0.323784006103
0.323703784046
0.323583471462
0.323543371617
0.323483226507
0.32342308761
0.323342910905
0.323262743518
0.323202624501
0.323122475131
0.323002270645
0.322942175857
0.322741902141
0.322661809926
0.322581727029
0.32252167138
0.322441606499
0.322381563896
0.322321526884
0.322261495464
0.322201469635
0.3220214288
0.321961425336
0.321881430036
0.321821439618
0.321761454791
0.321701475555
0.321621513802
0.321561547613
0.321461618253
0.321361704424
0.321261806127
0.321181897801
0.32108202746
0.320882332129
0.320802471018
0.320742581243
0.32060286639
0.320523039448
0.320463175765
0.320323517446
0.320163945568
0.32012405819
0.320064231782
0.320024350616
0.319924660437
0.319864852667
0.319824983926
0.319665536298
0.319426463635
0.319366702458
0.319306946873
0.319227282078
0.319187453097
0.319127714285
0.319028162645
0.318849014548
0.318809209175
0.318729605883
0.318650012532
0.318590324042
0.318530641143
0.318470963835
0.318411292118
0.318331739148
0.318272080478
0.318212427398
0.318152779911
0.318073258624
0.318013624183
0.317953995332
0.317854626961
0.317755275364
0.317576487592
0.317477177618
0.317417599089
0.317358026151
0.317278604886
0.317219044995
0.317159491316
0.317099942606
0.316961019847
0.316841969023
0.316802289142
0.316762611747
0.316703100313
0.31664359447
0.316564262044
0.316524599558
0.316445282663
0.316385801049
0.316306501549
0.316247032981
0.316147931748
0.316108295355
0.316029030645
0.315949775875
0.315890340855
0.31581110348
0.315751681506
0.315632855574
0.315553650504
0.315514051386
0.315454657368
0.315355681628
0.315276510726
0.315217139074
0.315118199365
0.315058842623
0.314880815261
0.314821480883
0.314762152097
0.314683056367
0.314663283832
0.314584199906
0.314524893485
0.314485358977
0.3143865342
0.314307485064
0.314248204735
0.314188929997
0.314129660851
0.314070397295
0.314030891365
0.313932137411
0.313872892493
0.313695196879
0.313458343322
0.313379410981
0.313339948538
0.313221576119
0.313182123616
0.313063781638
0.312906032509
0.312807456232
0.312570941257
0.312511824938
0.312354211862
0.312275418681
0.312216330319
0.312157247547
0.312098170367
0.311999722689
0.31192097486
0.311684800329
0.311645444741
0.31152739413
0.311488048482
0.31142903467
0.311370026448
0.31133069074
0.311271691838
0.311212698527
0.311134049476
0.311075069211
0.31103575214
0.311035748413
0.310937468472
0.3108981601
0.310760606576
0.310662368881
0.310564146717
0.310544504023
0.310426663395
0.310308843267
0.310191048611
0.31011252878
0.30997514548
0.309857412327
0.309798553206
0.309720083696
0.309641623506
0.309543564109
0.309465126283
0.309327887734
0.309190677141
0.309112284045
0.309053495747
0.309053487049
0.308994704342
0.308935927226
0.308877155701
0.308798802986
0.308720459591
0.308602963756
0.30856380324
0.308465912824
0.308348466689
0.308250611063
0.30815277221
0.308152763513
0.308133197233
0.308074502122
0.307996251293
0.307957129295
0.307898450957
0.307820221872
0.307742002726
0.30768334489
0.307566049719
0.3074878635
0.307448773807
0.307351061068
0.307292440507
0.307194752618
0.307116612993
0.307038483928
0.306979893187
0.306921308038
0.306843203823
0.306765108928
0.306687023972
0.306628466779
0.306569915176
0.306511369165
0.306413805527
0.306335765301
0.306335761574
0.306277237928
0.306218719873
0.306082201974
0.305945715759
0.305789768255
0.30571180755
0.305692318927
0.305614371267
0.305400087114
0.305283228061
0.305224805679
0.305107978309
0.30504957208
0.304952242652
0.304893851333
0.304854926892
0.304835465604
0.304718712785
0.304640889376
0.304582527876
0.304485271756
0.304426925167
0.304388030546
0.304310248761
0.304251918945
0.304135277951
0.30413527236
0.304038087684
0.303882630347
0.303882626619
0.303824337806
0.303785481703
0.303688354182
0.303630084627
0.303552399757
0.303455308269
0.303377645763
0.303338818238
0.303261171264
0.303202942091
0.30312531189
0.30304769163
0.302950680904
0.30287308363
0.302756707289
0.302717919523
0.302717915796
0.302659738808
0.302601567411
0.302524014245
0.302388323852
0.302330178547
0.302252660172
0.302117028797
0.301981429727
0.301942691662
0.301768411061
0.301613530866
0.301497395569
0.301439335997
0.301381282017
0.301303885407
0.301226498736
0.301129779998
0.300897734919
0.300839733123
0.300743077752
0.300685090867
0.300627109572
0.300569133869
0.300530486507
0.300414563056
0.300375925634
0.30026003014
0.300182778281
0.300124845444
0.30004761098
0.29989317063
0.299815965365
0.29977736646
0.299719472762
0.299661584655
0.299584409831
0.299507244948
0.299468665923
0.299410802044
0.299352943757
0.299256527568
0.299198684191
0.299121568386
0.299063738056
0.298986639646
0.298967366596
0.29885174321
0.298793938972
0.298736140325
0.298601302287
0.298543522278
0.29848574786
0.298447234687
0.298389469588
0.29833171008
0.298293206847
0.298216207837
0.298139218767
0.298062240259
0.298004512434
0.297966030324
0.297889074181
0.297792892824
0.297735191092
0.297658264147
0.297562120065
0.297504440699
0.297446766923
0.297273788463
0.297196921158
0.297139277202
0.297004800111
0.296947174793
0.296851145642
0.296793535234
0.296735930418
0.296678331192
0.296620737558
0.296543955364
0.296486374776
0.296390420176
0.296313667181
0.296313663454
0.296313659726
0.296236916671
0.296160183557
0.296006753981
0.295853363544
0.295795850672
0.29573834277
0.295738334694
0.295680832384
0.295604171955
0.295565845158
0.295527520845
0.295374252795
0.295316785895
0.295259324587
0.295201868871
0.295201865143
0.295086971726
0.294991243882
0.294914672293
0.294857250123
0.29478069655
0.294723287427
0.294665883895
0.294589355172
0.294474581656
0.294417202353
0.294340705935
0.294225980255
0.294053941126
0.294015714971
0.293881946726
0.293786417682
0.293710002647
0.29357630274
0.293461727403
0.293385354613
0.293289903226
0.293213552801
0.293137212317
0.293079963476
0.293022720227
0.292984561167
0.292908251124
0.2928319504
0.292831944808
0.292793798174
0.292793791961
0.292793788234
0.292755644084
0.292717502419
0.292641226544
0.29256496061
0.292507767682
0.292298130482
0.292221909898
0.292126649235
0.292069499173
0.291993307789
0.291936170773
0.291859997405
0.291783833977
0.291726717463
0.291688642893
0.291555405196
0.291555401469
0.291384140144
0.291327062769
0.291289014292
0.291098816014
0.291041766595
0.290889668359
0.290832639441
0.290775616115
0.290642589643
0.290585584954
0.290585579363
0.29050958243
0.290452590787
0.290414599465
0.290357617141
0.29035761155
0.290300634817
0.290262653435
0.290167712715
0.290034822918
0.289977877869
0.289920938411
0.289864004545
0.28965530419
0.289598396416
0.289541494234
0.289541488642
0.289427704778
0.28935185943
0.289276024022
0.289219153523
0.289162288616
0.289029629303
0.288972783033
0.288915942354
0.288859107266
0.288859103539
0.28876439206
0.288707571882
0.288650757296
0.288575013212
0.288537144897
0.288499279067
0.288309993407
0.288272142487
0.288120770492
0.288064013682
0.287988346633
0.287912690145
0.287855953836
0.287761406368
0.2876857797
0.287629065756
0.287572357404
0.287477855908
0.287383370565
0.287307793597
0.287251116928
0.287118895596
0.287024470514
0.286930060964
0.286892300747
0.28683566508
0.286741286592
0.2867035388
0.286628051292
0.286571441718
0.286533705109
0.286458239345
0.286345059957
0.28628847834
0.286250760368
0.2861753325
0.286081061488
0.286005655364
0.285949107294
0.2858548748
0.28579834164
0.285722973412
0.285647615124
0.285515767164
0.285383945918
0.285308631739
0.285270978377
0.285176856465
0.2851392118
0.285082749463
0.285026292717
0.284969841562
0.284913395998
0.284838144566
0.28474409534
0.284687672141
0.284574844382
0.284443240573
0.284405644366
0.284368050644
0.284292870655
0.284255284388
0.284198909647
0.284198903435
0.284198897843
0.284161317789
0.284086165135
0.284048592535
0.283992238296
0.283935889647
0.28387954659
0.283823209124
0.283804431211
0.2837481012
0.28369177678
0.283635457952
0.283541607526
0.283466536877
0.28339147679
0.283316426021
0.283185114821
0.283128846314
0.283091337082
0.28297882616
0.282978805658
0.282922557652
0.28284756963
0.28279133467
0.282753847803
0.282716363421
0.282641402734
0.282528981272
0.2824915118
0.282435312251
0.282397848992
0.282322929928
0.282285474124
0.282285463562
0.282173114787
0.282116946922
0.282060784649
0.281985910936
0.281911046542
0.28185490477
0.281780059635
0.281705222576
0.281649101305
0.281574281642
0.281574277914
0.28144337177
0.281387276591
0.281256415798
0.281200339257
0.281144268307
0.281088202949
0.281032143182
0.281032134484
0.281032125787
0.28069595915
0.280695955423
0.280565253048
0.280509245466
0.280173324845
0.280080047212
0.279949488346
0.279874894818
0.27987489109
0.279781663779
0.279744376954
0.279688451377
0.279520709436
0.279483440007
0.279446173063
0.27937164725
0.279315758948
0.279315755221
0.279203999118
0.279129504989
0.279092261652
0.279055020801
0.278999164182
0.278961929543
0.278924697389
0.2788130177
0.278738575756
0.278682750822
0.278626931479
0.278478109095
0.278478105368
0.27847810164
0.278366510169
0.278254941683
0.278124807132
0.278069043701
0.278013285862
0.277920369175
0.27780889015
0.277808886423
0.27773457929
0.277660282098
0.277567425673
0.277567409521
0.277493134072
0.277307492045
0.27719613727
0.277121912143
0.277010594643
0.276973492951
0.276917845073
0.276880749594
0.276825111034
0.276732394391
0.2766026183
0.276547007697
0.276491402685
0.276454335784
0.276417271367
0.276361679401
0.276306093027
0.2761393718
0.276065288318
0.275954182043
0.275898636671
0.275806074097
0.275713527055
0.275528491368
0.27538050643
0.275288030832
0.275232552555
0.275158592081
0.275084639682
0.275029181907
0.274973729722
0.274918283129
0.274844363657
0.274770453504
0.274715028034
0.274715024306
0.274622660533
0.274622641895
0.274567230713
0.274511825123
0.274437960321
0.274382567777
0.274327180824
0.274271799462
0.274179510238
0.27406878479
0.274013429521
0.273939631193
0.273902735756
0.273755182587
0.27368141967
0.273644541629
0.273607666072
0.273607658617
0.273607653026
0.273349634712
0.273275927708
0.273239077001
0.273165383043
0.272999613572
0.27292595254
0.272870713445
0.272815479319
0.272778659675
0.27272343549
0.272649811112
0.272576196674
0.272576192946
0.27246579179
0.272392202202
0.272392198475
0.272392194747
0.272337009079
0.272281829003
0.272281823411
0.272281819684
0.272281814093
0.27217147444
0.27207953933
0.272079535602
0.272079531875
0.272005994472
0.271950847943
0.271877327935
0.271877319237
0.271877308055
0.271822174572
0.271822170844
0.271748668231
0.271693547795
0.271656803943
0.271601692825
0.271473124446
0.271436395504
0.271326224832
0.271326221105
0.271271143534
0.271142654675
0.271087595742
0.271087592014
0.271087586423
0.270995834581
0.270995826505
0.270940782482
0.270794028863
0.270794025135
0.270794021408
0.270720657955
0.2707206505
0.270647296987
0.270647293259
0.270647289532
0.270647265303
0.27057392173
0.270573913032
0.2705005794
0.27029897683
0.270207359799
0.270207321903
0.270097400974
0.270042448275
0.270042444547
0.269987497439
0.269987493712
0.269932552195
0.269859305537
0.269749456052
0.269712843905
0.26971283645
0.269639619613
0.269584713507
0.269529812993
0.26947491807
0.269401733538
0.269273687008
0.269273673341
0.269273655325
0.269182211623
0.269127352111
0.26912734652
0.269035927047
0.268962802776
0.268962799048
0.268907961902
0.268907958174
0.268834850676
0.268670401983
0.268670388316
0.268670384588
0.268670374027
0.268597298834
0.268597295107
0.268597288894
0.268597273984
0.268524208731
0.268432891765
0.26834159033
0.268250304426
0.268250300698
0.268195536238
0.268195530025
0.268195523813
0.268195516358
0.268195504554
0.268140745685
0.268140739473
0.268067736345
0.267994743157
0.267994715201
0.267994706503
0.267939968136
0.267939958817
0.267939955089
0.267866979297
0.267866964387
0.267775760488
0.267739282531
0.267575175526
0.267538711237
0.267447563251
0.267392880795
0.267392877068
0.267301752689
0.267265307038
0.267155986857
0.267064904102
0.266955629273
0.266900997139
0.266864578823
0.266773545768
0.266718932271
0.266627922824
0.266500538547
0.266464147566
0.266409565753
0.266354989532
0.266336798701
0.266227668623
0.266173111661
0.266173106069
0.266136737453
0.266082189188
0.266009466865
0.265954931647
0.265900402019
0.265882226719
0.265845877983
0.265809531732
0.265755017014
0.265718676975
0.265664171576
0.265609671769
0.26557334167
0.265500688928
0.265482527295
0.265409886977
0.2653372566
0.265300945139
0.26528279034
0.265173875836
0.265101278385
0.265028690252
0.264919827934
0.26486540454
0.264792848712
0.264756574526
0.26468403423
0.264611503252
0.264520853509
0.26441209556
0.264321480606
0.264267118716
0.264031649305
0.263977317235
0.263941098962
0.263868670491
0.263868664899
0.263832454081
0.263778142512
0.263723836534
0.263669536148
0.263615241353
0.26356095215
0.263506668537
0.263470482569
0.263470478841
0.263416204547
0.26334384752
0.263271500433
0.26321724664
0.263181080552
0.263090677444
0.262946066517
0.262891846272
0.262819561931
0.262765354732
0.262693087786
0.262620830159
0.262584705073
0.262476346588
0.262440231442
0.262404118781
0.262349954448
0.262259693607
0.26218749562
0.262097262735
0.261952928265
0.261898810526
0.261844698379
0.261772558168
0.261682396727
0.261628306944
0.261556195932
0.26148409486
0.261430025579
0.261430005699
0.261375942009
0.261285848284
0.261249815143
0.261195770091
0.261069689198
0.260979648901
0.260871624027
0.260817618114
0.260763617792
0.260709623061
0.260619647995
0.260619642404
0.260565662583
0.260511688353
0.260403758531
0.260313833165
0.260295849831
0.260241903558
0.260169983891
0.260169980163
0.260116046936
0.260080094557
0.260026170649
0.260026165058
0.259936304923
0.259864427501
0.259828492517
0.25966682392
0.259612942877
0.259541110185
0.259487242811
0.259415427514
0.259379523593
0.259343622156
0.25925388006
0.259074454263
0.25903857395
0.258913014907
0.258751632705
0.258644070042
0.258572372161
0.258572360979
0.258464834348
0.258375245079
0.258375241351
0.258375225199
0.258321478347
0.258231913306
0.258160271959
0.258160258292
0.258124441346
0.258106533805
0.257981204624
0.257909598689
0.257909594961
0.257909573839
0.257855875444
0.257802182641
0.257730600934
0.257480153177
0.25737285206
0.25728345103
0.257265572687
0.257176190294
0.256943874971
0.256765241269
0.256729521238
0.256640233896
0.256568814336
0.256515255723
0.256443853557
0.25639030799
0.256354614052
0.256265390699
0.256211863769
0.256140503227
0.256069153247
0.256015646818
0.255962145981
0.255926481863
0.255801683231
0.255659095716
0.255569994749
0.255534357966
0.25548090745
0.255427462526
0.255374023192
0.255320590072
0.255267161921
0.25523154626
0.255160323015
0.25507130778
0.255017905722
0.254964509255
0.254893322664
0.254822146012
0.254715400914
0.254644249113
0.254590891784
0.254377546341
0.254324216969
0.254217576862
0.254128727502
0.254093191361
0.254075424223
0.254039891809
0.253968835059
0.253933310101
0.253880027323
0.253808992937
0.253666956471
0.253595951906
0.25356045304
0.253524956659
0.253436227201
0.253400739517
0.253258819846
0.253205607891
0.253116934966
0.253081469647
0.253028276329
0.252957360603
0.252868730544
0.252780117259
0.252726955625
0.252673799582
0.252461246232
0.252372704391
0.252319585623
0.252284176217
0.252248769296
0.252142565308
0.252018692959
0.251965611466
0.251912535564
0.251859465254
0.251753343892
0.251700290355
0.251611882083
0.251576522377
0.25150581042
0.25147045817
0.251364420055
0.251276070801
0.251170073689
0.251099418888
0.250958142211
0.250869863159
0.250834555638
0.250799250602
0.250746297708
0.250640410557
0.250587474437
0.250534543907
0.250534521542
0.250481596605
0.250393402042
0.250358128069
0.250305221769
0.250269954008
0.250234688732
0.250181795478
0.250076029471
0.25000552874
0.249952659714
0.249917416804
0.249846939058
0.249811703603
0.249741240768
0.249706012767
0.249635564842
0.249600344296
0.24952991066
0.249529884567
0.249424256478
0.249424250887
0.249389045251
0.2493538421
0.249353838373
0.249318637707
0.249283439527
0.249265841368
0.249125084057
0.249089899544
0.249001950997
0.248896432868
0.248861264508
0.248773355099
0.248720616536
0.248562439987
0.248509723789
0.248474582763
0.248281373907
0.248176007985
0.248105776255
0.248070663807
0.247982895422
0.247912690406
0.24784249533
0.247491753539
0.24743915103
0.247386554112
0.247351492607
0.247298905008
0.247176226081
0.247088614873
0.24703605523
0.246983501179
0.246948468251
0.246895924139
0.246843384998
0.246790851448
0.246685804849
0.246668298635
0.24666828621
0.246598269433
0.246598265705
0.246493258245
0.246458260107
0.246405767559
0.246405759483
0.246335778738
0.246213341478
0.246213334023
0.246125893659
0.246090921613
0.245986024114
0.245881147116
0.245828716073
0.24577629062
0.245619049673
0.245566646586
0.2455317143
0.245479320531
0.245392011872
0.245357092011
0.245287260367
0.245217438041
0.245147626276
0.24511272381
0.245060374772
0.245008031324
0.244920805291
0.244851035771
0.244816154428
0.244763837073
0.244711525309
0.244624352082
0.244589486892
0.244519763966
0.244467478295
0.244415198836
0.244345501381
0.244310656071
0.244188718917
0.244119053768
0.243962345854
0.243857900625
0.243823090105
0.24375347714
0.243718674075
0.243683873494
0.243527310953
0.243422959533
0.243388180075
0.243283859096
0.243231705751
0.243196939961
0.243144795935
0.243040528383
0.242988401131
0.24293627947
0.2428841634
0.242832052921
0.242727850601
0.242641031487
0.242571586881
0.242484796344
0.242432728732
0.242380666711
0.242293909722
0.242241862611
0.242189821091
0.242103099513
0.242051072903
0.241999051884
0.241929699845
0.241791028071
0.241704377937
0.241652394193
0.241496489556
0.241375261249
0.241323312917
0.241254057792
0.241202122506
0.241167502088
0.241011747794
0.240907938725
0.24087333943
0.240821445146
0.240786852064
0.240752261466
0.24070038085
0.240665796464
0.240613924546
0.240544770685
0.240406497133
0.240320094256
0.240268259613
0.240199156073
0.240130062474
0.24004371054
0.240043707434
0.240009170264
0.239940103999
0.239853785613
0.23981926211
0.239698451284
0.239646683735
0.239594921778
0.239491415258
0.239439670075
0.239336198345
0.239249988057
0.239198269587
0.239146556087
0.2390948488
0.238956989621
0.238956980303
0.238939750546
0.238819163369
0.238767490872
0.238715823966
0.238629725502
0.238629721775
0.238612503821
0.238526423995
0.23845757082
0.23842314796
0.238354311558
0.238302689382
0.238251072797
0.238147860129
0.238113459634
0.23806186355
0.238044666098
0.238010273058
0.237941494433
0.237889916987
0.237821155757
0.237769591357
0.237752404466
0.237683663737
0.237614932948
0.237546212099
0.237494677519
0.237425973444
0.23737445191
0.237357279308
0.23730576523
0.237271425617
0.237219920858
0.237168421689
0.237116928112
0.237082602167
0.236979641105
0.23682524797
0.236670903293
0.236585174473
0.236550887045
0.236516602103
0.236482319645
0.236430900618
0.236379487182
0.236362350613
0.236310944632
0.236225281664
0.236191020329
0.236139632986
0.236071127089
0.236019752792
0.235968384087
0.235917020972
0.235865663449
0.235831428206
0.235745851593
0.235694512707
0.235643179412
0.235574743717
0.235506318583
0.23545500579
0.235369496893
0.235284004148
0.235215621259
0.235130156471
0.235078885301
0.235078874119
0.235027607919
0.235027598601
0.234976337992
0.234925082975
0.23487383355
0.234839670372
0.234788430265
0.2347542733
0.23472011882
0.234668891759
0.23460059833
0.234549384937
0.234446976167
0.234412844052
0.23431046448
0.234225165566
0.234173992554
0.234122825133
0.234105770569
0.234054610603
0.234003456229
0.233952307445
0.233901164253
0.233867071898
0.233798894643
0.233764809743
0.23369664802
0.23361146093
0.233441142664
0.233390055384
0.233338973696
0.233270873476
0.233236827094
0.233134704099
0.23296455357
0.232930529552
0.23289650802
0.232862488972
0.23282847241
0.232777452847
0.232692432252
0.23260742781
0.232556431855
0.232522437657
0.232488445945
0.232369496384
0.232318526521
0.232250575401
0.232216603569
0.232148667359
0.232131684859
0.232097721724
0.232063761075
0.232012824759
0.231961894035
0.231860051845
0.23182610859
0.231639475047
0.231554663193
0.23155465201
0.231486812715
0.231418983982
0.231351165188
0.23130030715
0.231198611575
0.231113881105
0.23107999252
0.231029164923
0.230995282551
0.230910589355
0.23087671568
0.230825909827
0.230792042365
0.230741245831
0.230673526437
0.230555046542
0.230436592739
0.230318171241
0.230267427513
0.230216688755
0.230132137826
0.230081413978
0.229929282194
0.229929256102
0.22982785997
0.229777169669
0.229709591921
0.229658914667
0.229591353692
0.229506917073
0.229439379084
0.229371850415
0.229304331685
0.229270576048
0.229219947251
0.229186197826
0.229135578348
0.229084964461
0.228983757189
0.228865707199
0.228815123133
0.228764544657
0.228697116009
0.228697112281
0.228646546852
0.228528583216
0.228494884734
0.228427495845
0.228376960236
0.22829274851
0.228191714567
0.22814120505
0.228090701125
0.228073867725
0.228040202791
0.227989710669
0.227956051947
0.227905568523
0.227888741957
0.22780461907
0.227754152419
0.227720511092
0.22768687225
0.227636418646
0.227585970633
0.22755234173
0.227518715313
0.227468280347
0.227417850971
0.227384234494
0.227350620502
0.227300204794
0.227216190625
0.227165789206
0.227115393378
0.227065003142
0.227064992581
0.226997814917
0.226947437727
0.226880276838
0.226813126509
0.226611751317
0.226544640128
0.226460766983
0.226393678158
0.226343368063
0.226293063559
0.226259530329
0.226225999584
0.226225995857
0.226091907047
0.225991361406
0.225941096041
0.225673112251
0.225488969922
0.225388560335
0.225355094201
0.225288170008
0.22523798292
0.225204527968
0.225171075501
0.225087457068
0.224953699384
0.224903549572
0.224519267096
0.224485865572
0.224435767944
0.224318901436
0.224252131313
0.223901816942
0.223651721434
0.22361838452
0.22358505009
0.223535053105
0.223501724888
0.22343507653
0.223385096319
0.223335121699
0.223268497569
0.223218535996
0.223185231386
0.223118630243
0.223068685443
0.222952171805
0.222852325693
0.222785775492
0.222719233368
0.222652701805
0.22260280919
0.222552922166
0.222519667257
0.222453164893
0.222370052779
0.222320191848
0.222286954333
0.222253719304
0.222237102721
0.22208759075
0.222021152996
0.221954725803
0.221821906207
0.22177210678
0.221672527183
0.221589560443
0.221556377598
0.221506607991
0.221440257833
0.221373917615
0.221291007408
0.221241267621
0.221208110869
0.221108656765
0.220976091261
0.220942954389
0.220843559925
0.220793870459
0.220694508922
0.220611724829
0.220545510104
0.220429658718
0.220380015846
0.220330378565
0.220247662809
0.220198040438
0.220115350775
0.220115347669
0.220082275407
0.220032671673
0.219850844123
0.219817791741
0.219784741844
0.219735171658
0.219669086774
0.219619529634
0.219536947448
0.219470893005
0.219437869201
0.219388338153
0.219355320561
0.219305798833
0.219206775877
0.219157270922
0.219107771559
0.219074775089
0.219074767634
0.219025277589
0.218975793136
0.218975783817
0.218860345564
0.218810879748
0.218777905643
0.218728449146
0.218613074881
0.218580115687
0.218530681554
0.218481253013
0.218382413326
0.218349471527
0.218300063487
0.218151882234
0.217987290654
0.217937924238
0.217905015986
0.217839207558
0.217756962089
0.217707621144
0.217608957893
0.217576074491
0.217576066414
0.217460998426
0.217411691029
0.217329526322
0.21726380487
0.21723094756
0.217165241018
0.217132391164
0.217083121663
0.21698460192
0.216918932031
0.216902516112
0.216820446457
0.216738393575
0.216689168183
0.216590735415
0.216541526797
0.216492324391
0.216459525479
0.216361147381
0.216311964855
0.216246397473
0.21616445331
0.216131679248
0.216082522815
0.21606613858
0.216033371973
0.215984226722
0.215918708418
0.215869576214
0.215804075927
0.2157713292
0.215705843822
0.215624002166
0.215558539154
0.215542174798
0.215525811064
0.21549308546
0.215378571627
0.215345857205
0.215296790232
0.215215024989
0.21519867368
0.215165972926
0.215116926454
0.215084231912
0.215018852147
0.214986165061
0.214904458837
0.214904445169
0.214855428517
0.2147900823
0.214724746023
0.214659419686
0.214626759934
0.214577774966
0.214479822424
0.214349256725
0.214267671645
0.214153487074
0.214023021396
0.213957803156
0.213843695621
0.213794800734
0.213713321267
0.213599281448
0.213550413896
0.213501551935
0.213338725948
0.213306166839
0.213241056696
0.213192230147
0.21315968222
0.21311086499
0.212980716149
0.212818091447
0.212688035173
0.212606766931
0.212574263734
0.212574260006
0.212509261068
0.212509257341
0.21246051466
0.212411777571
0.212249370927
0.212249365336
0.212087013984
0.212038319761
0.211940949952
0.211924723515
0.211859823976
0.211843600645
0.211827377935
0.211778713532
0.211600335163
0.211567909002
0.211535485325
0.211503064133
0.211405817332
0.211389611396
0.211357201387
0.211308591033
0.211276187236
0.211276183508
0.211227582473
0.211178987029
0.211146593172
0.210968474486
0.210806615786
0.210758068799
0.210709528025
0.210693348802
