44
754
40
159
6589
3154
36
8440
3245
762
2349
10348
2915
3
2847
634
652
10512
405
7
2839
176
753
6620
654
116
102
210
2868
9970
2261
629
650
2103
11630
833
948
17285
5215
2934
1877
1076
2836
424
1901
212
760
1891
651
5310
554
2809
9952
108
3063
15606
229
853
42
6991
6595
1168
2625
2971
927
4902
8385
42847
747
2966
80
349
646
10542
773
1082
3596
730
8379
1910
1898
8479
20349
568
4532
6050
1936
11799
6677
168
226
1430
9405
658
2344
7358
49
2903
6785
2876
4545
1866
7528
6365
13213
7441
2874
9530
6664
264
3256
3618
5699
8500
1505
1786
3124
1559
1895
1302
7778
10963
553
29
207
6640
7183
740
6191
7155
7307
149
7642
21854
30
680
3158
50183
385
2168
3384
7844
11558
123
324
2840
970
2130
4871
8917
1956
8428
9725
307
11948
14657
446
1771
13142
1100
1863
2180
4841
11140
37
7524
7648
28481
759
2009
3458
208
782
6948
16494
2885
7084
13599
1791
2007
5656
20050
8031
12583
22500
1864
237
1449
11208
5670
157
11277
8474
10877
26
2232
2283
37901
217
8308
6121
2207
4618
17050
697
7406
8947
17607
13589
3710
10969
14283
15159
2842
4840
9577
3427
13097
18980
1307
3362
10685
37365
55294
2218
3739
7546
9663
639
641
5655
145
1933
2318
3341
23322
223
746
1158
2843
3415
9416
493
3523
13438
47
109
27245
620
1451
1542
2176
6782
14207
16500
1777
3085
5684
9923
11931
16728
1914
2044
2157
8946
12
83
298
719
802
5668
8191
8483
1875
3056
5591
236
1867
5430
5819
7008
11378
29603
238
6615
10509
35
1843
8217
13403
13835
6316
10532
13826
250
433
4613
9982
636
878
2068
2810
2938
4786
5642
7148
12038
5575
9520
10554
11527
11692
13816
1083
1883
3180
11739
36027
180
317
1878
3160
8056
8231
220
1074
1622
1984
2920
3212
7256
7669
16265
25062
28859
2821
6205
7318
8493
16266
28956
3128
7260
22950
320
2001
3324
4023
6977
7572
8082
15128
8478
19451
75
195
1080
2901
3638
4090
7670
13429
2895
2910
5090
6223
6683
7227
7362
7521
8337
9954
10902
10991
11003
17
679
755
1143
1452
1998
2045
11856
31533
9580
10650
11
1854
1911
2201
3924
7527
303
1170
1876
2339
2962
9595
10346
13285
20930
449
2177
2386
3259
5146
5210
5902
16809
248
6957
7170
8941
9009
9111
10334
12620
20386
21776
173
436
661
876
3218
6256
6587
7112
7537
11204
15088
37699
170
736
1978
6598
6621
6687
7583
9911
11490
1142
1314
1431
6787
8013
8425
8696
11050
15543
27058
30377
9
1386
2034
6203
7560
9587
11017
11260
14039
29479
969
2189
2262
2944
6652
7114
7153
11987
13848
14294
15309
174
1578
1872
7411
11577
11584
13170
15034
15947
638
721
4985
6217
8906
13108
13596
14275
14942
15251
22948
32563
653
1955
1970
2871
3348
4960
8503
8521
12230
16722
18243
24822
28131
28350
42102
351
412
731
1093
1139
2278
2970
3007
4690
5408
5724
7758
9421
10551
15048
19109
20148
21591
44981
13
147
160
182
1798
2194
2389
3637
4249
5632
5708
5714
11177
20032
18
887
2175
2400
2841
5208
7206
7870
8933
35343
623
1521
2379
7607
9574
15946
20139
35375
191
888
2354
2392
2849
4622
6208
9749
10494
11051
13436
18647
31763
95
144
156
676
922
959
1847
1971
2279
2853
5206
5690
9109
18529
280
1770
2873
2879
3062
5270
8427
8902
11183
11568
11583
11946
13110
17830
20165
5
1159
1503
1513
2929
3778
4087
6896
8467
10588
10835
15220
16240
26250
23
467
1138
1931
2008
2077
3182
3662
5221
5605
6196
6629
6648
7549
8262
13442
14547
19700
112
214
219
301
474
2553
4181
4655
5665
6612
9154
9242
9402
16343
41309
42236
55578
1094
2222
5432
6318
7517
8473
8897
9041
10333
11261
11593
15726
22495
167
211
255
1146
1315
1699
3084
3089
3186
3337
7987
16028
17143
171
188
189
627
835
1109
1701
1718
1961
2051
5318
5598
7911
8820
10086
11559
14230
14814
32349
677
686
824
1067
2812
2865
3055
3122
3189
3885
4101
5592
6590
7632
8329
8821
12833
14912
14951
15271
17058
24580
25153
36940
209
269
647
2073
2428
2507
5663
9740
10238
11699
17991
22741
40988
10
152
2016
2198
3333
3422
4659
4846
5629
6908
7375
7518
8544
8565
13199
13202
23320
29477
47758
745
1447
2031
2517
3767
7671
8165
8819
10488
12094
12882
16317
22257
24722
28816
44901
370
655
901
1087
1721
1815
2022
3183
3801
4630
5154
6533
6776
6864
6984
7025
7824
9334
9949
10842
11618
17558
24032
24814
25106
148
977
1240
1720
1949
1987
2255
2352
3131
3350
4639
5211
6580
6923
7098
7686
8125
8255
12087
12089
13265
15714
18649
19137
41323
6
738
1393
2276
2403
2778
2806
2850
2924
2974
3099
6588
6915
8715
8923
9124
12037
23929
25688
27710
38517
42447
51628
4
45
387
2149
2217
2820
2896
2932
2980
3661
3761
3992
4041
5415
5841
6193
6204
6884
6901
7467
7865
8482
8951
9332
11951
12253
20323
22425
23273
24765
25400
25859
26557
39556
76
2813
5595
6711
6906
8834
9449
9571
10205
10564
10895
11967
13228
13340
13560
13636
14826
16565
17315
1097
1525
2024
3314
3835
4999
5639
6382
7000
8920
11511
11612
12287
12357
13105
13366
14265
15358
18811
20711
23842
28846
34646
19
21
150
967
1443
1805
2030
3376
3725
5623
5694
5791
6101
6195
7103
11139
13908
14077
15979
17291
17497
18316
29056
657
1780
2284
2987
3645
5308
6115
7179
7385
7438
8934
9562
9582
9785
11530
11730
11787
12053
12548
16430
18308
20324
21408
24438
32107
32699
36237
45168
200
666
1329
1531
2340
2905
2989
3344
6064
8617
8913
11533
14231
15200
15348
16730
21358
26358
27139
29791
32144
34477
362
854
1999
2215
2241
2394
2878
3006
3108
3109
3146
3439
3813
4423
4629
6145
6222
7347
7692
8214
11536
11755
12636
13096
14654
15895
17379
21023
21553
24211
31434
32245
37983
38908
582
1310
2032
2182
2235
2398
3216
3784
5285
5400
7122
7575
7729
8111
11217
11358
11431
11531
17225
18590
21606
29515
31020
38118
49417
1353
1550
1860
2134
2137
2221
2986
3379
5493
6880
7187
7379
7469
9018
11955
11968
12959
14237
18949
24168
30598
37773
39048
42618
43573
44688
65
268
419
886
1507
1557
1913
1974
3861
5155
5378
5715
6215
7125
7282
7296
8164
8894
10548
17314
18020
18340
18715
18769
22372
24036
25585
26371
28836
79
225
235
262
279
418
431
691
756
1069
1418
1533
1909
1994
2036
2542
2807
2946
3073
3381
5728
6904
7272
9221
10208
10872
11373
12632
16724
18654
18974
19036
21575
27980
30518
31921
49598
240
1110
1149
1714
2327
2774
3045
3135
3394
3503
4548
5226
6233
6340
6347
7445
7746
7755
7789
7937
8032
8075
8115
8781
10129
10173
10458
11198
11343
12071
12663
12774
13158
13453
19271
20147
20395
21619
22414
23796
24084
27979
29103
30268
31568
31901
32200
32209
50
183
413
417
2164
2264
2337
2837
2869
4234
4795
6106
6188
7033
7483
7696
8117
8465
8496
8541
9030
9575
13301
13909
15832
15904
16375
18322
27312
27337
27994
127
282
503
572
662
1889
1967
3846
4383
4627
4889
5760
6220
6905
7551
7683
7846
8002
8688
9027
9355
9552
10066
10339
11939
12577
13051
13821
14787
18140
19125
20078
20932
23151
25447
25862
32032
32149
33070
33747
34645
36410
546
621
648
908
1165
1543
2477
3847
5021
5472
5636
5823
6109
6756
8475
8900
10850
12553
13232
13264
14160
16198
16588
17309
18588
20036
21173
29627
56576
27
199
241
267
336
557
589
1645
1915
2085
5680
6329
7302
7515
7685
8240
8472
9240
10138
10196
11507
11765
12594
12659
14054
14120
14200
14345
17718
20044
20367
22563
22658
26718
32151
33875
36979
46275
344
1528
1693
2101
2161
2209
2303
2870
3024
3173
3401
4012
5095
5364
5646
5657
5662
5746
6277
6280
6727
6770
6933
7699
8052
8470
8509
8611
8706
9112
9189
9972
10281
11624
12120
12133
12167
12468
13546
15067
15850
16205
16454
16559
16777
18267
19400
21728
25689
26634
27407
28563
28815
29976
30689
32383
35212
42808
2
151
234
834
1079
1554
1625
1917
1945
2978
3025
3233
3330
3698
3864
4542
4617
4771
4774
5019
6117
6917
6918
7230
8243
8469
8889
10483
10586
10603
11268
11556
11720
12001
12328
12875
14151
15585
16137
17706
18250
19143
20167
21607
24824
25295
30951
34145
35243
44797
38
1077
1511
1590
1695
1950
2268
2410
2900
2933
3545
4843
5418
5532
5691
5754
5901
5982
6240
7162
7224
7315
7473
7485
7636
7662
7882
8039
8408
9026
10320
11334
11374
11674
11824
11899
12019
12525
12788
13727
14897
15046
15685
16769
17672
18007
18927
20697
20977
21418
21446
21775
22291
23452
28433
34622
38543
41873
101
295
490
1160
1264
1756
1986
2256
2365
2424
2805
3029
3081
3228
3417
3421
3815
4037
4567
4772
5437
5647
5815
6279
6663
6879
7126
7205
7223
8171
8915
8938
9135
9649
10024
10315
10412
11022
11864
11996
12317
13178
13415
13576
14611
15202
16849
17753
18263
19865
19902
22490
24391
25839
25853
28042
32809
33321
36363
41288
53014
53608
41
87
162
263
277
375
1568
2257
2366
2858
2922
2992
3103
3219
4283
4334
4559
4730
4988
7277
7457
7928
8030
8256
8985
8988
9497
9738
10254
10649
11698
12414
13356
13400
13539
16345
17063
17240
22071
23837
25592
25670
27274
27709
29161
31051
34971
38196
40490
42328
0
389
1092
1410
1586
2038
2375
2524
2701
2916
3175
4018
5041
5084
5444
6320
6605
7210
8041
8297
8495
8578
8757
9315
9463
10366
12732
15635
17695
18417
22142
23637
24206
26138
26713
28366
35680
42091
299
950
1164
1989
2887
3037
3215
3284
3309
3426
3518
3653
3678
3711
4862
5412
5518
5622
5734
6107
6110
6263
6792
7360
7735
8092
8799
8962
11122
11491
11732
12100
13335
16244
18645
19851
27309
28167
28457
28612
30302
32418
34413
37619
56
154
246
253
1785
1886
2288
2321
2358
2371
2884
2906
2990
3018
3147
3221
3425
3742
3788
3869
4612
5466
5638
5887
6253
6331
6503
6738
7111
7437
7503
7690
7797
7990
8222
8283
8622
8704
8959
9002
9208
9973
10638
10686
12069
12239
12437
12902
13647
13907
14549
14614
16696
18128
19787
19794
20644
22505
22675
23377
23893
24603
25330
27140
27592
27797
28623
33923
37696
15
61
99
289
656
896
1930
2089
2146
2246
2404
2822
2882
3048
3061
3227
3317
4034
5012
5548
5589
5617
5659
5732
6130
6825
6826
6961
7237
7428
7941
8025
8135
8873
8990
9001
9155
9290
9635
9721
9868
10495
11514
12352
13772
14068
14261
14559
15114
15570
15630
16202
16719
16751
17239
19903
21827
25991
26230
26405
27698
28574
29395
30616
31155
36012
38897
49484
53520
78
190
266
300
628
1782
1880
1902
2003
2174
2272
2356
2377
2506
2557
2872
2908
2965
3153
3519
3998
4570
4647
4987
5375
6303
6513
6791
7298
7545
9059
9148
9601
9619
10058
11192
11220
11549
11723
11842
11920
12043
12054
15409
15421
17983
18475
18774
20256
20881
21075
21382
23391
23512
23562
24826
27202
30757
32251
34813
35979
39512
42466
31
564
630
1155
1182
1530
1563
1658
1662
1900
2163
2917
2975
3118
3139
3311
4648
5599
6061
6120
6650
6847
6940
7603
7872
8548
8926
8978
9116
9390
9593
9975
10356
10423
10448
11227
12244
12395
12627
12898
13132
14083
14266
16218
18372
18418
18755
19366
20029
20790
24356
24454
25219
28006
28829
30997
31421
31963
32396
32926
32939
32977
34554
35213
40043
42848
45186
52144
43
66
576
818
892
1151
1239
1247
1446
1519
1725
1873
2014
2111
2281
2536
3204
3210
3237
3919
4764
5219
5414
5618
5626
5695
5718
6341
7419
7435
7684
8099
8306
8748
8844
10044
10271
10644
10658
10673
10947
10966
11034
11441
11566
11960
12248
12331
12838
13039
13209
13399
14164
14434
14468
14768
16595
18333
18587
19082
19749
21039
22595
24446
24721
25446
27320
32219
37368
48095
50859
14
34
460
626
668
673
722
883
945
993
1257
1318
1659
1861
2055
2573
3036
3372
3395
3950
4171
4582
5132
5199
5473
5726
5919
6286
6823
7695
7784
7873
8227
8270
8742
9214
9659
9847
10312
10378
10456
10912
10968
11001
11015
11265
11774
12203
13537
13717
13768
14527
15333
17996
18492
20572
20900
22295
22509
24599
25581
29869
31436
31795
32039
35319
37077
41409
42846
46825
47340
50435
124
161
254
386
511
570
603
624
670
716
963
1205
1501
2093
2160
2186
2195
2260
2449
2473
3071
3241
3939
4691
4916
5010
5083
5274
5422
5770
6018
7417
8152
8303
8506
8979
9013
9019
9134
10293
10347
13023
13099
18398
18494
18640
18897
18961
20051
22575
23237
24843
26295
27586
28331
29130
32258
37078
41152
41588
42627
44885
47101
24
77
163
232
491
590
667
1455
1459
1603
1795
1868
1973
2133
2253
2493
2594
2598
2606
2848
2976
3668
5377
5404
6174
6187
6604
6694
6907
7270
7649
7851
8234
8380
8507
8981
9159
9567
9615
10163
10630
10959
11532
12386
13446
13459
14092
14181
14193
15049
15428
15591
16170
16183
16197
17045
17245
17943
18036
19369
19719
20082
21490
21596
24314
24696
25798
26686
27812
33641
37105
37268
37761
37834
42700
43686
47213
47668
49030
58
88
218
297
947
1029
1099
1520
1587
1775
1881
1940
2141
2360
2454
2472
2825
2857
2911
3149
3434
3492
3690
4628
4666
4710
4915
6186
6197
6198
6306
7293
8163
8486
8537
8574
8601
8999
9165
9244
9300
9458
9542
10776
10911
10916
11035
11764
11808
11847
12293
12895
13031
13155
13478
13794
13935
16140
16273
16510
16655
17366
18999
19566
20423
21166
24595
24853
25457
25616
25759
28152
28332
28611
29183
29185
29585
29906
31160
31830
32164
32917
33763
38025
43818
54335
97
140
378
486
1120
1454
1558
1570
1703
1711
1906
1997
3251
3346
3358
3396
3511
3743
3946
4543
5018
5637
5798
6214
6290
6351
6870
7082
7848
8074
8112
8151
8583
8618
9062
9673
10363
11340
11599
11670
11682
11743
12138
12554
13379
13483
14067
14571
14615
15267
15375
17096
17104
18880
19498
20140
21668
22186
22440
23079
23502
24338
24918
25706
26669
27606
27728
32255
32476
33405
35967
37202
37490
39001
45030
45508
49295
51
644
674
749
915
1403
1553
1776
1946
2048
2132
2140
2236
2359
2969
3052
3106
3163
3232
3380
3398
3470
4533
4865
5761
6249
6992
7088
7152
7242
7331
7403
7434
7579
7602
7677
7906
8005
8011
8035
8058
8144
8289
8307
8490
8588
8590
8740
8768
8871
8918
8957
9104
9114
9532
10355
10418
10714
11300
11496
11994
12112
12878
13035
13580
13900
13951
14855
15253
17578
17642
18206
18597
18857
19046
20440
21176
21977
23895
25453
25488
26196
27996
31134
31829
32623
33633
40541
51146
60
62
169
327
415
537
614
752
1012
1190
1252
1290
1309
1709
2015
2050
2052
2219
2328
2421
2718
2883
2890
2902
3270
3351
3656
3672
3688
3706
4217
4681
4847
4886
4964
4991
5347
5700
5994
6053
6230
6368
6636
6644
6852
6909
6952
6959
7034
7143
7243
7262
7407
7536
7701
7703
7796
7931
8216
8295
8485
8909
9129
9149
9319
9632
9914
10103
10492
10600
11052
11523
11626
11641
11690
12078
12869
13481
13538
13725
13847
14186
14354
14484
15964
17069
17435
17743
18676
19827
21044
21321
21470
22087
22165
23933
24155
24783
26614
27348
30002
30207
31203
31289
32591
32732
32822
33928
35354
35649
36021
36555
36956
38739
40127
41474
43039
43646
45405
46125
47768
48780
49447
51103
53496
53774
54557
55523
55669
56693
243
717
794
1185
1794
1981
2618
2958
3020
3247
3338
3340
3407
3682
3719
3749
3908
4005
4312
4657
4678
5281
5438
5486
5628
5785
6104
6118
6269
6284
7190
7271
7493
7506
7570
8049
8180
8272
8419
8875
8969
8973
9235
9299
9488
9578
9611
9918
10206
10272
10354
10540
11321
11540
11836
11964
12528
12576
12675
12796
13123
13468
13837
13853
15133
15668
16095
16780
17209
17835
18482
18506
19044
19190
19981
21091
21213
21422
21984
22234
22423
22459
23666
23667
24667
24850
26111
28659
31009
31111
32805
32980
33536
34225
35162
36579
36970
38997
41158
43121
44434
44502
54154
105
158
484
597
995
1207
1444
1567
1667
1939
2000
2066
2248
2265
3134
3200
3406
3558
3844
4819
4913
5747
5842
6123
6213
6238
6618
7376
7604
7626
7841
7885
8292
8735
8843
8903
9087
9110
9167
9604
9741
9823
10131
10201
10372
10468
10552
10698
10852
11274
11335
11382
11603
11756
11775
12519
12572
12666
12767
13014
13019
13113
13401
14015
14316
14458
14574
14701
14725
14737
14778
15139
15722
16564
17089
17107
17313
17797
18317
18419
18844
19239
19809
20979
21121
22572
22635
22839
23222
23379
25249
25358
25852
26032
26717
27102
27466
27555
28298
28432
29561
29778
30289
31417
33150
39321
43822
46274
50279
527
981
1004
1179
1387
1491
1598
1696
1932
1992
1995
2092
2183
2240
2295
2455
2833
2888
2907
3177
3209
3290
3504
3544
3689
3695
3730
3790
3873
4665
4851
5049
5152
5317
5428
5767
5907
6057
6291
6418
6582
6860
6969
6994
7150
7349
7416
7587
7814
8004
8040
8212
8950
9017
9025
9223
9329
9563
9566
10392
10619
11092
11230
11436
11704
12109
12161
12179
12218
12631
12977
12990
13416
13431
13718
13795
13916
13921
13990
14105
15968
17300
17793
18228
18657
18797
20058
21948
22116
23530
24006
24245
24530
25539
25591
26114
26363
27622
29729
29749
30372
31658
33044
33327
34394
34603
34924
36079
38440
42940
43921
44286
1
98
146
193
560
633
836
973
1154
1192
1391
1497
1783
2062
2347
2636
3445
3763
3883
3889
4663
5434
5752
6310
7011
7454
7479
7594
7611
7614
7790
7900
7997
8134
8755
8895
9621
9748
10930
10934
10973
11042
11278
11377
11655
11988
12016
12076
12396
12429
13849
13971
14329
15244
15441
15445
16260
18302
18867
19155
20225
20893
21603
22044
22121
22294
22317
22362
22799
24289
24999
25026
26359
26561
27537
27707
28635
30129
30244
30747
32275
32894
33790
38060
40414
41947
42593
44869
46643
47820
54049
129
134
143
281
293
593
706
1288
1465
1545
1637
1664
1685
1948
2457
2717
2880
2923
2994
3289
3378
3443
3631
4631
4676
4736
5209
5402
5564
5719
5881
6225
6234
6381
6570
6614
6736
6943
6955
7123
7292
7576
7647
7986
8020
8054
8140
8458
8580
8754
9379
10091
10198
10337
10535
10599
10653
11199
11422
11519
12294
12569
12720
12778
12783
13466
13793
14238
14360
14557
14653
14971
15578
16498
16549
17205
18113
18664
18944
19486
19664
22558
22952
23460
24613
25100
25567
26962
28823
28917
28968
29173
30701
34105
34637
35289
36957
39817
42251
42360
43288
43711
45704
51218
51342
52550
213
275
355
562
577
768
1141
1148
1285
1518
1562
1571
1722
1982
2117
2263
2282
2332
2501
2519
2707
2818
2835
2968
3070
3074
3198
3409
3604
3632
3686
3923
4644
4961
5246
5271
5315
5452
5565
5596
5619
5661
5667
5687
5733
5927
6201
6335
6863
7116
7240
7304
7523
8027
8066
8274
8298
8311
8377
8454
8693
8709
8848
9373
9877
10076
11452
11462
11866
11875
12575
12665
12769
12808
12903
13020
13138
13287
13517
14418
14947
15619
16181
16645
17224
17290
17403
18179
18294
18646
19106
19219
19721
19929
20067
20527
20792
21391
22452
22573
22842
23035
23071
25532
25935
28138
28805
29057
29193
30428
30484
30663
32393
33645
33845
33852
36032
36108
37981
39172
40079
41469
42023
42977
43714
46035
51458
53
54
82
376
567
625
724
765
879
1253
1303
1398
1413
1500
1697
1870
1899
2023
2192
2299
2597
2827
2921
2925
2930
2943
2981
3014
3104
3828
3850
4649
4700
4825
4997
5000
5042
5697
6073
6074
6237
6275
6359
6703
7001
7171
7374
7519
7562
7675
8065
8150
8267
8553
8686
8767
8842
9064
9957
10221
10243
10353
10380
10435
10515
10809
10976
10990
11174
11255
11538
11703
12265
12299
12691
12785
12999
13474
13503
13929
13942
14170
14386
14411
14538
14735
15142
15721
15750
15824
16267
16497
17211
17294
17321
17375
17446
17633
18188
18214
18502
18584
19311
20134
20551
21666
21701
21963
22860
23049
23654
26448
26462
28639
28901
29136
29494
29563
29753
29931
30705
30781
31303
32328
32671
33228
33292
35391
37180
38786
39026
41997
49656
49918
50631
50648
52421
56654
16
242
249
880
1075
1122
1202
1226
1874
1935
2041
2072
2102
2128
2297
2623
2912
3206
3323
3486
3796
3876
4340
4535
4537
4581
4669
4718
4723
4776
4829
4990
5136
5227
5294
5312
5450
5496
5681
6168
6285
6314
6805
6954
6960
6964
6983
7108
7312
7462
7488
7747
7899
8015
8136
8446
8538
8604
8774
8942
9128
9366
9629
9677
9961
10183
11421
11977
12013
12337
12458
12490
12961
13045
13554
13661
13715
14477
14498
14575
14663
15326
16251
16340
17208
17246
17564
18123
19122
19246
19325
19329
19370
19754
20654
21602
21958
22545
22548
23361
23402
23454
23713
23949
24450
25423
26712
26716
27034
27179
27982
28219
28664
29779
30379
31473
31706
33626
34223
34767
42243
44317
44800
44920
46179
47882
47999
48218
50925
51856
132
230
354
468
714
905
1051
1118
1394
1634
1800
1925
1957
1983
1988
2011
2100
2305
2308
2483
2510
2682
2789
3038
3079
3098
3148
3354
3432
3479
3655
3762
3874
4165
4359
4945
5003
5094
5180
5530
5654
5712
5748
5753
5914
5966
6071
6209
6362
6642
6912
7048
7402
7510
7526
7734
7948
8118
8168
8466
8471
8609
8653
8922
8944
8953
9042
9141
9152
9274
9605
10139
10274
10414
10446
10560
10681
10880
10950
10970
11731
11783
11913
12257
12695
12973
13515
13618
13812
14012
14229
14274
14393
14570
14851
14935
15080
15337
15387
15503
16406
16503
16743
17556
17595
17628
17742
17790
18006
18670
18731
18736
19756
19788
19861
19884
20371
20525
21471
21687
21918
22770
23150
23246
23450
23621
23658
23923
25063
25275
25384
25415
25531
26529
28880
28995
29213
29827
31599
32060
32199
32470
32696
32709
33863
37775
38002
39163
41779
42434
43013
44799
46365
46519
46926
47710
184
265
291
305
689
1003
1499
1540
1546
1560
1584
1594
1671
1778
1799
1814
1908
1919
1924
2135
2312
2405
2413
2672
3065
3170
3331
3467
3898
4784
4994
5195
5273
5346
5367
5572
5808
5847
5955
6067
6192
6603
6628
6795
6816
6886
6921
7079
7501
7593
7646
7798
7836
8001
8448
8568
8912
9068
9388
9431
9719
9729
10186
10373
10374
10395
10442
11036
11672
11777
11888
12066
12162
12235
12333
12351
12910
12969
13116
13117
14040
14895
14986
15453
15673
15757
15913
16040
16467
16920
17201
17326
17327
17791
18411
18869
19113
19602
20129
22104
23629
23656
23896
23926
23928
24260
24659
24769
25976
26863
27526
28088
28841
29118
30342
30653
30936
31063
31299
31525
31693
31985
33575
34039
34736
34982
35070
35977
36345
36943
37945
38475
38616
40794
42329
42455
42911
43502
46289
53193
54437
72
136
352
465
563
703
865
912
1213
1249
1304
1313
1322
1345
1375
1480
1524
1888
1972
2002
2025
2345
2382
2407
2443
2528
2893
2918
3066
3072
3141
3231
3404
3452
3574
3583
3599
3692
3732
3884
3891
3996
4003
4370
4434
4512
4624
4673
4749
5288
5305
5582
5620
5913
5964
5983
6261
6832
6862
6985
7281
7397
7471
7558
7629
7981
8291
8352
8566
8772
9108
9121
9243
9528
9612
9782
9786
9935
10622
10993
11222
11249
11871
12011
12777
13204
13307
13654
13844
13920
14094
14183
14243
14362
14462
14489
14601
14710
15043
15245
15342
15723
15727
16053
16089
16182
16678
17215
17279
17518
17660
17731
17734
17817
18375
18489
19323
19347
19628
19795
20063
21109
21248
22125
22187
22471
23023
23172
23236
23262
23503
23601
23614
24120
24166
24743
24828
25052
26380
27303
28011
28498
28959
29483
29609
30866
31315
32951
34649
34868
35221
35483
36241
36866
37547
38090
38495
38876
38950
42066
45252
47864
52207
25
89
178
381
454
637
944
1005
1017
1270
1429
1893
2059
2346
2436
2712
2991
3023
3280
3451
3641
3674
3703
3735
3989
4693
4725
4793
5046
5648
5649
5731
6125
6241
6328
6734
6766
6833
6839
6881
6895
6973
7113
7191
7193
7337
7370
7392
7420
7465
7532
7674
8060
8223
8595
8734
8898
8929
9168
9305
9408
9489
9679
9723
9804
9992
10110
10344
10367
10415
10420
10424
10510
10614
10994
11215
11248
11622
11812
12093
12491
12738
12782
13005
13203
13972
13977
14033
14127
14172
14307
14946
15025
15032
15224
15279
15349
15469
15745
16195
16366
17369
18058
18360
18388
18414
18661
18716
19263
19340
19705
19759
19793
19855
20024
20070
20357
20475
20758
20966
21347
22442
22667
23213
23618
23735
23904
24091
24350
25227
25560
25890
26320
26954
27024
27394
28480
29192
30418
32225
32802
32869
33071
33376
34148
36602
39761
40033
42387
42542
42603
43483
44048
44100
47752
49796
50845
55525
32
125
215
227
228
315
342
430
447
501
595
727
758
1104
1106
1117
1316
1347
1350
1535
1538
1660
1698
1797
1810
1869
1959
1964
2057
2324
2420
2440
2441
2453
2832
2851
3114
3123
3142
3236
3321
3507
3564
3786
4051
4066
4093
4538
4830
5459
5883
5920
5962
6034
6076
6248
6534
6685
6861
6900
6916
7257
7322
7641
7672
7727
7817
7927
8145
8384
8582
8624
8741
8937
8945
9117
9139
9352
9445
9487
9548
9579
9803
9870
10081
10144
10394
10514
10662
10687
10798
10802
11107
11190
11456
11811
11817
12106
12513
12747
13227
13389
13660
14182
14320
14409
14487
14665
14736
15140
15184
15386
15564
15649
15655
15731
15769
16199
16231
16403
16448
16459
16530
16620
16729
17070
17105
17486
17792
18163
18822
18962
18992
19553
19685
20054
20190
20326
20450
20646
21184
21394
21698
21736
22172
22308
22441
22702
23729
23757
24355
24465
25610
26004
26476
26598
27199
27351
28022
28335
28778
29315
29351
29636
29716
29884
30248
30840
31050
32119
32635
32710
32725
33762
33894
34161
35228
36117
36294
37572
37974
38250
38572
39128
39162
40129
40943
42364
42405
42477
42502
42852
43171
45137
45641
46226
46427
48364
49443
49541
55137
175
364
379
383
489
960
1013
1081
1102
1123
1232
1380
2094
2162
2555
2556
2829
3022
3278
3302
3305
3388
3428
3433
3546
3789
3853
3875
4271
4352
4544
4547
4701
4712
4733
4839
5014
5075
5213
5344
5594
5641
5786
5792
5820
6032
6049
6134
6265
6658
6838
6885
6967
7105
7184
7194
7269
7372
7422
7484
7529
7691
7956
8051
8086
8121
8126
8252
8484
8539
8732
8855
8899
9553
9693
9772
10029
10030
10220
10257
10756
10889
10955
11014
11214
11407
11438
11801
11891
11927
12015
12187
12197
12205
12376
12391
12445
12698
12730
12756
12942
13021
13147
13252
13368
13373
13750
14009
14198
14226
14304
14346
14372
14812
15008
15150
15845
16085
16154
16505
17805
18307
19586
19691
19812
20269
20376
20832
21145
22503
22708
22728
23024
23582
23990
24559
24806
24832
24954
25078
25104
25177
25697
25830
25900
26572
27333
27527
27538
27591
27623
27689
28079
28675
30149
30424
30846
30999
31285
31940
32425
32996
33129
33348
33533
33769
33837
34199
34211
34842
35890
36047
37118
38023
38248
39059
39075
39818
40535
42781
43224
44170
44692
45089
45144
47015
47116
48841
51044
103
552
921
991
1411
1414
1748
1832
1842
1916
1951
2151
2181
2230
2462
2470
2561
2633
2642
2773
2891
2937
2963
2998
3019
3064
3091
3117
3191
3201
3389
3437
3476
3490
3897
3899
3927
4007
4082
4085
4615
4767
4809
5038
5163
5201
5338
5410
5433
5446
5603
5610
6190
6199
6298
6311
6356
6364
6380
6403
6512
6617
6849
6867
6872
6936
7032
7423
7507
7605
7738
7964
8017
8062
8076
8100
8108
8316
8356
8517
8776
9003
9170
9187
9220
9383
9417
9538
9540
9547
9913
10059
10085
10130
10135
10213
10349
10368
10482
10518
10846
11031
11119
11156
11288
11391
11518
11546
11781
11872
12459
12771
12982
13098
13361
13447
13482
13758
13797
13824
13897
13918
13939
14003
14301
14358
14391
14448
14459
14554
14577
14909
14953
15228
15288
15315
15400
15538
15716
15736
15960
15965
16071
16319
16631
16636
16647
16718
17061
17241
17247
17282
17384
17452
17944
18003
18158
18477
18746
18820
18821
18996
19453
19555
19897
20062
20454
20553
20648
20704
20987
21024
21212
21254
21360
21458
21645
21865
22173
22533
22633
22641
22893
22921
23038
23192
23366
23473
23986
24784
24815
24862
25503
25563
25698
26214
26344
26349
26451
26454
26545
26604
26709
26792
27145
27692
27753
27780
27984
28084
28883
29478
29509
29748
30003
30078
30084
30682
30770
30834
31046
31734
31810
31925
33229
33282
33308
33464
33528
33553
33612
34138
34481
34913
35123
35297
35383
35449
35502
35771
35878
35896
35964
36700
36752
37560
37687
38316
38577
39015
40322
41805
42468
43470
43620
43656
43732
44056
44083
44582
45090
45190
45201
45203
45565
45902
46119
46363
46781
46983
47437
48836
49734
50258
50850
50942
50978
51031
51058
51299
51318
51692
52064
52340
52622
52629
53057
53088
53090
53556
54014
55163
55514
55626
55751
56658
57768
57855
57893
115
334
529
569
632
828
1000
1180
1428
1599
1879
1921
1934
2042
2243
2408
2942
2996
3133
3450
3685
3744
3888
3935
3994
4016
4077
4467
4519
4541
4641
5224
5451
5576
5673
5707
5772
5884
6100
6281
6292
6321
6330
7022
7470
8080
8148
8726
8800
8802
9040
9080
9407
9658
9826
9903
9990
10397
10539
10704
10849
10886
11028
11087
11211
11242
11329
11445
11487
11564
12164
12343
12473
12517
12877
12972
13120
13259
13273
13509
13755
13789
14165
14325
14341
14359
14662
14817
15062
15301
15303
15377
15382
15388
15407
15660
15868
16048
16361
16676
17626
17868
18178
18356
18399
18689
18691
19060
19235
19257
19408
19709
20099
20189
20290
20355
20698
20849
20889
21353
21643
21702
21731
21741
21810
23146
23390
23490
23619
23635
23655
23805
24375
24466
24610
24677
24820
25329
25483
25658
25687
25707
25709
25718
26294
26762
26981
27847
28020
28461
28525
28565
28961
29525
29630
30071
30321
30412
31089
31628
31800
31875
31890
32848
33638
35404
37220
37383
39134
39251
40223
40640
40838
41363
41489
41861
43276
43960
44782
45191
46003
49159
51479
52584
56834
68
74
310
926
1128
1166
1208
1278
1331
1389
1574
1595
1773
1965
1976
2097
2104
2118
2166
2329
2383
2465
2819
2823
2826
3112
3140
3357
3366
3501
3728
3956
3976
4314
4436
4445
4662
4797
4956
4959
5216
5431
5743
5874
5946
6147
6232
6446
6811
7231
7239
7274
7384
7415
7424
7547
7613
7651
7794
7923
7992
8265
8965
9005
9044
9101
9103
9289
9494
9730
9883
10042
10440
10496
10531
10668
10752
10785
10931
10962
11112
11180
11253
11652
11702
11737
11845
11956
12081
12146
12172
12237
12268
12645
12763
12804
12842
13381
13467
13540
13562
13606
13640
13685
13728
13827
14252
14308
14410
14520
14763
14815
14944
15321
15345
15694
15747
16212
16516
16835
17120
17492
17781
17979
18001
18220
18561
18644
18724
19500
19532
20611
20612
20862
21157
21370
21648
21732
22433
22612
22769
22997
23485
23651
24656
24863
24867
25042
25595
25662
25756
25796
26002
27099
27489
27744
27785
28520
28953
29320
29584
29623
29868
30392
30516
30775
31544
32161
32220
32821
32890
33758
34233
34621
36486
37038
37979
38605
38932
39104
39240
39521
40404
41160
42320
43187
43456
43556
48051
50304
50529
51860
56752
177
179
221
332
358
471
584
659
695
936
1156
1669
1887
1905
2005
2012
2065
2147
2197
2211
2294
2302
2494
2669
3069
3093
3179
3244
3326
3360
3383
3570
3639
3715
3756
3809
3823
3843
4058
4091
4119
4414
4534
4553
4566
4632
4766
4787
4954
5001
5004
5031
5069
5161
5396
5625
5679
5832
6139
6304
6319
6408
6586
6840
6841
6843
7388
7584
7909
8016
8109
8608
8646
8840
8905
8928
9175
9363
9554
9793
9794
9864
9909
10132
10167
10430
10445
10722
11099
11138
11283
11482
11725
11753
11925
12084
12423
13297
13430
13433
13439
13513
13530
13543
14082
14086
14088
14140
14145
14204
14392
14464
14474
14509
14534
14556
15281
15306
15420
15510
15560
15748
15798
15816
16088
16091
16223
16492
16804
17214
17248
17257
17941
17962
18194
18348
18481
18514
18866
19222
19639
19708
19808
20186
20466
21028
22194
23239
23241
23311
23639
24315
24614
24707
24953
24957
25846
26548
26600
28035
28075
28148
28318
28865
28932
29070
29797
29812
29854
30420
31416
31790
31850
33314
33510
33658
33888
35211
35222
35445
35812
36133
36565
39060
39085
39537
39842
39935
41932
42069
45005
45529
45891
47986
48687
53265
54102
131
270
445
852
961
1072
1124
1181
1356
1382
1448
1450
1489
1739
2239
2323
2387
2448
2505
2566
2601
2724
2732
2814
2852
2859
2988
3050
3111
3167
3268
3385
3438
3447
3517
3624
3930
3938
4141
4261
4412
4643
4695
4704
4821
4860
4955
5033
5671
5683
5745
5802
5803
5941
5991
6000
6023
6271
6510
6581
6584
6632
6746
6804
6873
6962
6989
7250
7295
7396
7563
7596
7650
7855
8192
8233
8395
8556
8558
8629
8773
9011
9035
9051
9069
9126
9169
9247
9483
9560
9670
9702
9799
10165
10187
10670
11046
11126
11312
11676
11763
11816
11820
11838
11979
12150
12157
12261
12520
12555
12613
12731
13069
13115
13233
13311
13395
13432
13437
13448
13523
13561
13572
13678
14062
14310
14564
14613
14713
14781
15444
15461
15815
15973
16024
16279
16400
16576
16592
16766
17154
17249
17255
17373
17575
17579
17608
17882
17912
18269
18351
18432
18655
18813
18964
19061
19258
19508
19525
19609
19773
19836
19870
19908
20061
20068
20415
20473
20487
20528
20908
21187
21322
21377
21495
21814
22051
22786
22794
22895
22981
23189
23228
23410
24724
24742
24849
25098
25471
25623
25764
26599
26902
26982
27162
27399
28764
28779
28918
29031
29322
29413
29533
29648
30752
30996
31603
32038
32139
32327
32379
32517
32774
32876
33242
33305
33615
33802
34344
34885
34894
35124
35390
35460
37595
37797
37936
38123
39289
40109
40429
42185
42307
42515
42641
42927
43734
43743
45974
49662
50045
52000
54778
54931
55277
46
252
485
502
688
692
