44
754
40
159
3154
6589
36
8440
2349
3245
762
10348
2915
3
652
634
10512
2839
116
2847
405
753
7
176
629
102
9970
654
210
6620
650
2103
2868
17285
833
5310
760
2261
948
2934
11630
9952
1877
1076
212
5215
554
651
1891
6991
2836
229
4902
108
1901
15606
853
1168
424
927
6595
2809
3063
8385
10542
42847
2971
6050
2966
42
646
349
8379
747
1082
2625
80
3596
658
20349
49
6677
1898
730
4532
1910
2344
8479
168
1791
7358
568
3618
1430
4545
9405
773
1936
553
6785
226
3256
11799
5699
2876
7441
1559
1786
1505
13213
2903
7528
10963
6365
264
3124
324
6640
1302
2874
7778
6191
8500
1895
680
29
9530
2840
1866
740
7155
307
6664
7183
1956
2168
385
1863
28481
50183
970
7642
7307
8031
3384
14657
1771
7844
123
3158
237
6948
11558
2009
759
2007
21854
26
8428
149
4841
1100
11140
11948
8917
13142
1864
2130
2232
15159
7084
2180
4871
3458
3710
446
2885
5656
16494
207
157
5670
2283
17607
6121
8474
782
5591
1307
30
22500
12
37
13599
217
697
7524
3523
11208
18980
208
1449
7648
12583
3739
37901
2842
3415
7546
4618
9416
10969
1933
2938
20050
639
8947
13097
14283
3427
5668
5655
7406
746
620
11277
1451
2176
2207
55294
10877
636
9923
1542
6205
7008
6782
14207
17050
47
638
4840
8308
83
9577
9663
23322
37365
3085
75
1074
2218
35
493
2843
317
2920
6316
802
8337
3362
5684
11378
1883
8946
2386
1875
11739
13403
109
641
1777
2044
5819
4613
13589
433
2810
13826
27245
3212
719
3128
10902
11204
236
2318
29603
3056
5430
13438
1914
3341
7260
10532
16265
145
1158
13835
298
303
1083
1867
8483
17
173
10685
11931
13816
1843
1998
2177
238
5642
6977
7521
180
3180
9009
16500
8217
11692
2001
2901
878
12038
5575
10554
28956
7148
16266
36027
8493
1622
8056
28859
1093
10346
10509
25062
2157
16809
220
9725
11
4090
4786
5210
9982
7112
9595
13596
15309
320
7318
250
2962
3160
8231
31533
1911
1955
9954
2895
8082
11527
22950
223
13429
19451
1452
3638
7669
8478
1854
2068
2821
449
20386
3324
7362
6615
10991
1878
7411
7560
156
248
5090
7256
8013
11577
755
959
6223
6256
6957
7227
436
4023
6203
8191
9520
20930
647
676
1142
7572
9580
679
969
2910
3218
15088
15947
170
191
876
42102
9111
29479
7670
1143
30377
44981
195
8503
11003
11490
15251
2553
5208
15543
2279
5408
10334
182
1431
1872
6683
13848
16728
19109
3348
12620
14294
15034
112
2929
3007
15946
37699
1159
2034
2045
7114
7537
13
351
2201
2278
3637
160
2189
4960
6687
7206
8906
8941
35343
1314
7607
14942
1876
7527
7758
10494
1770
5902
6318
14275
14547
15048
27058
1798
2077
2262
6787
6896
15726
20032
661
721
5632
6217
9911
209
736
4985
11177
174
3885
12230
14039
21776
24822
301
1970
2944
3055
8425
11050
13108
15128
9
5724
6612
11568
11856
13170
888
1080
1971
3778
9402
28131
887
1984
5221
6621
7170
9109
9154
9587
10650
31763
2389
7153
8820
16722
22948
28350
189
1578
8467
10551
11584
5714
7583
11559
20148
32563
623
1139
2354
3924
5708
6587
20165
219
1978
2853
5432
9421
11017
11612
13285
18243
1170
1386
2194
2873
3259
5206
7518
8902
35375
5270
45
2392
95
147
1718
6629
8262
13110
14230
2051
2812
11051
11260
20139
2175
2879
12094
17830
474
1109
1521
1847
2339
2865
4659
6208
653
2400
3333
7632
11593
23
3182
16343
731
1315
1513
3186
4622
6648
26250
280
5598
7549
8255
13442
22495
1931
3767
144
2379
7375
18647
211
686
2871
13436
18529
25688
41309
42236
55578
738
8821
11183
11987
13228
36940
1067
1240
1699
2841
4655
4690
5146
7098
10086
10333
13202
11261
3661
5690
6652
11530
20323
2073
2428
2849
5595
9334
12087
23929
28816
5
76
2222
3089
7911
24580
2198
3189
19700
835
5592
8473
8696
9749
14912
824
3662
4087
6598
7987
13265
14951
22257
24211
5629
5639
8897
18649
32349
18
1138
1146
1961
2360
4181
5665
5791
7870
8951
9949
15220
17058
29477
370
922
1094
1987
2241
5211
5318
2896
4101
6533
6908
6984
8923
12882
16317
24438
42447
412
745
1949
12053
5605
13199
38517
655
1310
2182
3062
8819
11787
11946
13105
51628
467
3183
4630
8329
47758
152
677
2398
2806
5841
6864
7467
8715
9740
12037
16240
17315
25106
29791
10
262
691
1815
5154
6906
7517
10488
37983
39556
44901
171
269
1087
2970
6580
7692
8032
8544
12089
25400
167
188
2031
2980
3761
14814
29976
40988
3122
6884
8427
9242
9449
18308
23842
25859
28846
21
1550
1720
2276
2352
2987
3801
4999
6923
7025
16028
17558
23320
1443
2850
2905
3645
5694
6101
6109
7122
7671
11699
255
7385
9574
10588
15271
15979
1805
2217
2932
5415
10835
12577
14077
41323
387
901
2778
4846
8214
14265
24814
26358
1913
2008
2774
6382
7179
8913
10173
11618
12253
1503
2149
2235
13560
16565
17695
18590
22425
22741
26557
34646
1525
2022
2024
2215
3350
5663
9041
12959
25153
1097
1701
2507
2989
3084
6115
6193
8894
24765
2394
3337
6588
10205
12833
967
3422
5623
6222
11139
13096
15850
17143
21408
977
2924
4548
18316
22414
4
19
6277
6905
8521
9571
13909
15200
24032
36237
214
1507
2986
3109
6727
7000
7469
7686
7937
8934
9124
9315
9785
11730
2813
2946
3376
11217
11511
16430
21575
21619
27139
27312
45168
666
3108
3216
6590
9582
10842
15635
20147
344
621
1721
2517
3146
3725
4041
4629
4639
6711
7379
10458
11533
11951
15358
17991
18007
32245
38908
3379
3439
5285
8482
8565
14231
17497
20711
32107
1557
1909
2030
2137
2403
2820
8617
9221
10238
10895
18811
19137
27710
32144
627
1329
1393
1447
1780
3006
6145
6215
6347
8125
9562
11358
12659
14237
16730
32699
49417
1915
2978
3784
3835
6901
6915
8920
10129
11531
14160
21591
23273
582
3861
6064
6880
7729
8933
10686
11755
13908
14826
15348
17379
24168
27980
30598
32032
2134
3381
5308
5400
6776
8165
9332
11955
12287
20932
21606
24036
29056
43573
3503
6220
6340
7272
8578
8834
11507
12636
18949
21358
28836
2264
2284
3099
3344
10138
10564
11968
13636
18340
21023
22372
1149
1531
5378
7162
8111
15714
16375
19271
37773
648
1165
3417
3992
4383
4627
7824
16205
17314
20324
49598
418
3024
3045
3813
4889
5715
6195
6196
7755
7865
9973
10339
10872
14654
25585
25853
30518
417
886
1967
2085
2807
3131
3846
6204
7296
7551
7575
11431
13340
19125
657
1785
2016
3073
5636
7103
10208
12632
19036
21173
27407
30268
31901
199
240
362
1889
2974
5728
6106
8075
8240
11343
12553
13366
16198
18250
33747
44688
79
148
2174
3314
5021
6904
7483
9552
11967
13453
18974
31434
34477
41
183
282
908
2900
4542
4862
5823
6233
7033
8611
9575
11556
11842
13264
13301
17225
20395
26371
27709
27994
127
1446
2837
3233
4249
4423
5662
6663
7473
11765
13158
25689
31020
31921
38118
6
267
854
5437
7315
7789
8470
13821
16137
16724
18322
23151
29103
29515
33875
34645
431
1110
4037
4334
7187
11624
22563
32209
572
834
1418
1945
3421
5815
6263
7125
7438
8781
9018
9026
9593
11583
24084
27979
29627
42618
756
1986
2101
2524
2858
3029
3847
4795
7662
7696
8117
10066
11198
11899
12133
12774
13232
18020
18715
32200
56576
546
1586
2340
5155
7649
7735
8039
8496
9114
11373
12120
14549
17063
17291
24206
200
1069
2255
2327
7237
7282
8408
9189
11939
12663
14151
14345
17309
20044
32149
419
503
1693
2221
2922
3037
5647
6107
6279
6918
7683
8002
8164
8541
8985
12071
14787
17718
19400
20881
24722
25447
46275
2036
2878
3394
6825
7445
12525
14120
15046
16588
25592
32151
32383
36410
706
1590
2161
2164
2303
2870
4283
5646
7503
7873
10548
12357
13546
15895
15904
26138
27140
35212
65
1999
2209
6117
8465
10586
13356
14897
17672
22658
31568
33070
44797
46825
151
295
1151
1543
1860
2256
3401
5095
7224
7277
7302
7347
8509
9135
9972
10281
11514
12875
15832
16559
20036
28433
1164
1645
2003
5638
5746
7230
7846
8115
10196
17240
23796
24824
25839
30616
34145
42808
268
1756
1880
2365
2805
3135
5901
6280
8243
8688
12548
13576
14200
14261
16454
18140
18769
22071
42328
3153
5493
5760
9030
9497
9566
11374
14468
15067
19902
25862
26713
30951
41288
42091
279
1077
1511
2038
4730
5518
5691
6605
8475
9463
10320
11698
12167
20029
20697
22291
34413
235
1353
2268
2869
5887
6188
6917
7111
7545
8706
8844
9240
9601
10947
15630
18263
26634
50
413
662
950
1994
2257
2377
3864
4533
6636
7205
8052
8472
10638
11824
13907
16777
17706
18128
18417
20167
21553
21728
24391
26718
27592
30689
2
31
56
234
490
589
1264
1714
3025
4234
5418
6303
6329
7126
7515
7746
8222
8622
8799
11334
11864
12001
16751
16849
17753
18654
19865
21775
25295
33321
36363
39048
53014
53608
0
1528
1533
2542
3018
4567
5084
7457
9059
13132
13178
14266
20367
21418
277
557
630
1775
2032
2884
3103
3358
3815
4843
5732
8030
10850
11674
15585
20977
28457
38196
77
225
300
375
389
1568
1950
2477
2992
3426
4034
4988
6650
8889
8938
9721
10024
12414
13051
13415
18267
18588
32809
38543
40043
2375
3175
3317
4617
5617
7210
7223
8171
8962
8978
11268
12328
14611
15685
18645
34554
35243
35680
41873
336
1989
3545
5019
7685
9112
10315
10366
10412
11022
13727
18475
21607
22575
23893
36979
37696
241
299
1554
1782
2424
2573
2701
5041
5734
7699
8283
8900
9635
15202
15570
16345
23837
24338
26230
28042
30302
88
570
1257
1318
3048
3221
3237
3330
4612
6240
7419
8092
8704
9355
17366
21075
25670
28574
29395
31051
31155
37619
2132
2366
3215
3309
3425
3788
4559
5219
6738
8915
9167
9208
9390
9868
10254
11549
11720
12594
16202
17943
24603
24843
29161
61
716
1155
1695
3219
4691
5422
7298
8041
8548
9619
12069
12437
13647
14054
14434
14614
20900
28366
34
246
656
915
4012
4018
7603
7928
9738
10271
12902
13099
16197
20644
26405
30757
35319
27
263
892
1410
2908
3311
5364
6847
7872
8988
10483
12043
15114
17239
18774
22675
23637
24826
28623
32977
39512
576
624
2195
2253
2337
2917
3434
3678
3698
5226
6286
6792
7797
8135
10058
11670
11723
12054
12395
14571
14768
18333
21446
254
2404
3118
4570
4987
5548
6756
7428
7437
7941
8049
8227
8256
10378
19851
20790
21039
27337
32418
41152
48095
38
327
896
963
993
1902
2272
5657
6110
7152
7690
8873
11192
12468
13400
13717
16244
21827
28006
32396
34622
35979
38897
161
1092
1160
1886
2219
2358
2536
3210
4772
4774
5444
5466
6306
6381
6791
7647
7851
8289
8507
8990
9155
9290
10630
11960
12317
12838
16719
18587
27797
28167
32476
33641
34813
41409
14
154
1563
1658
1974
1997
2146
2906
3036
3061
3081
3998
5438
5718
6940
7882
8270
8495
10423
11536
12239
13539
15421
17107
18927
23377
27202
27320
28563
28815
34971
36012
40490
45186
43
626
947
1205
2246
2933
3519
3742
5532
6120
6174
6961
8025
8574
11122
11732
11764
12352
14068
15964
19143
19366
23237
25219
27274
42466
42848
53520
491
818
883
1625
2055
2186
2356
2421
2916
3147
4771
5472
5659
6197
8506
9673
9975
10356
10603
11035
12386
13039
13209
13335
24446
24454
25330
32917
24
58
386
1501
2410
3653
5012
5375
6826
8537
9027
10374
13772
19903
21382
22490
26295
30997
31830
1387
1603
2911
2965
3711
6230
6879
8212
8216
8486
9134
12244
12575
13537
16696
20572
23562
25991
32251
37490
218
460
1491
1530
1703
2093
2163
2230
2472
2882
3241
5695
5761
6341
8054
9002
10658
10673
11015
12019
12100
12627
12898
15139
17209
18755
19498
20423
29869
31963
32255
32258
32926
50859
52144
66
87
253
564
670
945
1182
2014
3204
5589
5599
5754
7434
8035
9001
10653
12732
13031
20051
20256
21490
21596
23079
28829
37368
38025
47101
49484
140
603
722
1079
1558
1725
1873
2473
2598
2872
2976
3284
3668
4648
4916
6770
7435
7485
7570
7636
7796
8740
8981
9116
10911
11321
14559
18999
19246
22635
23391
31203
32219
47340
62
150
1029
1247
3149
3395
3950
5622
6604
6933
7011
7990
8757
8979
9148
9319
10044
10852
10959
11265
13399
14354
15333
15409
18398
18418
20082
22142
22440
28331
36555
41588
378
1099
2160
2454
2493
2907
3372
3869
4915
5994
6253
6351
6513
8926
9823
10552
11220
11441
12519
14855
16510
17983
18494
19082
19719
21470
21666
22509
33923
36957
37077
1881
1973
2089
5414
5618
5982
7931
8419
8735
8748
9649
10456
11641
12788
13768
13900
14164
14411
14458
19787
28152
31795
44885
47213
47668
97
628
1003
1794
2062
2557
2857
2887
4710
4819
5010
5637
6073
6852
7684
8618
9104
9847
10163
10495
11052
11274
11996
12576
13935
14193
14329
15428
16170
22595
23512
28612
37078
37268
43818
49030
1012
1239
1520
1776
2141
2449
2991
3228
3672
3790
3796
5083
5680
5726
7417
7677
8112
8490
8909
11626
12572
13155
13459
13990
14527
17104
18036
19370
21422
24599
25457
27698
29585
31436
32164
43686
50435
55523
51
1519
1587
2321
3173
3470
3511
3518
3743
4681
5473
5767
6907
7271
7493
8004
8074
8588
8601
8843
9615
10347
11227
12331
13035
13379
13416
14316
16595
17996
18372
18857
18897
26669
31289
35213
37105
43822
45030
190
1917
1992
2048
2347
3227
3270
5281
6053
6870
8466
8469
9532
9542
10293
10337
10912
11847
12179
13023
13481
15591
16655
17642
18492
19369
20078
22044
30002
54335
78
415
1403
2606
3763
4582
6130
6187
7262
7331
8099
10622
10649
10776
10916
13951
14181
15267
18961
24696
24783
24853
26196
28611
37202
1192
1465
1570
1930
2015
2111
3232
3558
3749
4628
5209
5667
5770
6018
6269
6886
7360
7536
8768
9062
10468
11001
12203
15049
18676
19566
19749
19794
21176
23222
25453
25532
27586
27707
27728
29185
32623
32980
33763
36579
45508
49447
16
289
590
644
668
674
1120
1455
1906
2183
2260
2501
2883
3479
4005
5271
5377
5626
5747
6186
6582
7604
8306
8742
10448
11808
13446
13794
13847
14067
14092
15253
16140
16769
23452
25616
29729
31160
15
232
281
486
1454
2000
3052
3106
4712
5596
6214
6275
6320
7034
7082
7407
7479
7506
7848
8144
8272
8454
8485
11532
11566
14701
19046
20140
22165
25249
25706
28432
33633
49295
51146
124
243
1252
1290
1518
1659
1932
2236
2359
2718
2969
3492
4847
5274
6823
6943
6952
7143
7885
8307
9019
9329
9748
11436
11774
12138
14484
15133
16780
17578
18640
19044
20440
22423
22573
25275
27309
27466
27537
32275
33044
33928
43121
297
1459
1667
2455
2594
2848
2890
2994
3251
3396
3939
4991
6694
7270
7523
8292
9165
9659
9719
10698
11496
11682
11690
11743
11920
12554
12869
13718
17279
17835
24721
24999
25446
25488
25581
25935
27606
31829
32039
33405
35354
36021
37834
44502
101
193
230
252
614
625
667
749
752
1709
2328
2510
2833
2958
3504
3656
3688
4217
5347
6198
6290
6644
6992
7108
7701
8446
9013
9632
10392
10968
11034
12078
12895
14238
14778
16183
17069
17245
18419
19827
20979
21166
21213
22087
23049
27812
29561
29906
32732
35649
35967
40127
41474
42700
43039
45405
46125
47768
48780
51103
53496
53774
54557
55669
56693
99
266
1154
1185
1413
1448
1662
2133
2822
3247
3891
4663
4851
4964
5628
6248
6614
8274
8311
9458
11300
11491
12112
13014
13478
22234
22362
24356
25358
25759
26004
27996
29563
30129
36956
38739
40079
42846
44869
143
158
163
293
537
567
981
2288
2825
3290
3844
6225
6503
7088
7171
7587
8152
8590
9488
9918
10600
11092
11462
11994
12769
13113
13853
13916
14737
18206
18482
21668
22505
23713
24155
28659
36079
38786
39001
41469
1005
1567
1795
1874
2248
2281
4647
6201
6234
7242
7579
8151
9244
10477
11655
11964
12265
12666
12675
13468
13837
14360
17045
18317
23379
23621
24850
25852
29183
39172
98
484
794
1637
2050
2265
3730
3923
4764
5042
5594
5719
7190
7734
8040
9605
10492
13123
13725
14183
14186
17743
19329
19981
22116
22186
23667
26114
26716
26717
27348
31421
38440
43288
44286
552
562
633
1868
2066
2100
2902
3070
3690
4171
4657
4886
5785
5798
7906
8234
8303
8380
8875
10312
10363
10714
11042
11977
11988
12293
13019
13431
18006
18506
18844
20893
21044
21091
22121
22295
22952
23460
23933
24667
32591
32805
47820
54154
880
1207
1444
2052
2240
2990
3139
4825
5881
6249
6321
6603
6909
7123
7240
7703
8583
8871
9149
9159
10535
10540
11875
12569
12783
13401
13795
15441
15722
16040
16564
21958
24289
24595
24613
24918
27555
30372
30484
32393
33536
33790
35162
37761
162
447
836
1919
2818
3134
3946
4312
5018
5049
6057
6284
6570
7790
8011
8180
9110
9129
9223
9417
10446
11603
12631
12720
13483
14015
14418
17313
20225
21121
22799
22839
24530
28639
29136
30289
30747
36970
38997
39321
46643
511
1500
1545
1685
1697
2005
2140
3074
3340
3346
3398
3604
3686
3703
3706
3719
3919
5199
5294
6368
6860
7376
7403
7695
8295
8918
9578
9741
9804
10206
10272
10354
10435
11676
11703
11775
12218
12299
14971
15668
16743
18113
18414
18736
21321
22452
23896
26111
30244
31658
43921
51342
54049
973
1870
1946
1982
2457
2893
3163
3407
3631
3632
3850
4665
5132
5367
6335
6805
6959
6960
7416
8066
9068
9567
10085
10372
10930
14663
17089
17797
18880
20058
20792
22187
25100
26032
28917
29193
31303
32671
32822
32894
33327
34394
40541
43711
44434
49656
50279
51218
125
275
717
1075
1179
1900
1948
2166
2968
3200
3351
3889
5412
5428
5434
5919
6209
7349
7576
7594
8163
8568
9299
9627
9729
10687
11278
11538
11599
11836
12491
13448
13538
14538
14665
15721
16260
16273
17096
17321
18597
22558
22842
25423
26561
28332
30428
30701
32199
36108
38060
39817
42251
527
1004
1148
1288
1584
1660
1924
2975
3209
3302
3695
4581
4644
5152
5315
5619
5731
5753
5913
6237
6291
6827
7001
7402
8297
8458
8686
8950
8973
9017
9064
10644
11335
11340
12990
13466
13580
14094
14170
14615
14725
14947
17300
17793
18214
18657
18664
19486
20758
22572
23071
23666
25026
26614
26863
29173
29494
36345
54
383
560
1190
1213
1553
1972
2094
2483
2618
3148
3198
3378
3443
4543
4631
4997
5402
5681
6969
6994
7614
7814
7841
9528
9621
10131
10243
10950
11452
12076
12691
13517
13971
14575
15619
17105
17205
17435
18797
28635
28805
28823
31473
34105
41158
46274
56654
1202
1497
1696
1957
2059
2092
2263
2436
2682
3177
3206
3338
3406
3544
3682
4666
5227
5404
6118
6863
8058
8693
8942
9379
10091
11866
12248
12969
12973
13474
15375
16218
18179
18867
20355
23895
24006
25798
29057
30705
34924
42627
129
169
1959
2443
3079
3445
4865
5733
6104
6213
7243
7562
7611
7626
8999
10414
10809
11421
11422
13020
13116
15142
15824
17294
18944
19190
22459
23502
23926
26363
26686
28298
29931
30663
31134
34603
40414
46365
47882
51458
52421
134
184
593
597
1524
1711
1783
2002
2636
2707
2717
2835
2912
3098
5213
5317
5927
6618
6628
6736
7048
7507
8005
8755
9025
9087
9914
10201
10221
10990
11199
11519
12011
12109
12162
12235
12396
12528
12665
12910
13287
14083
16620
16920
18123
18228
18375
19106
19553
19929
20371
22533
27622
28932
34225
44800
1309
2042
2192
2519
2597
3020
3231
3289
3762
3828
3883
4340
4676
4784
5246
5820
7281
8580
8653
9604
9961
10110
10355
12429
12778
12903
13715
14653
16645
17369
19219
20134
25415
31417
32939
33645
46179
49796
50648
1
105
355
1117
1226
1546
1814
2282
2751
3451
3467
5486
5752
5966
6067
6074
6310
7747
7899
8145
8772
8953
9128
9407
9782
10076
10934
10973
12066
12423
12738
12796
12808
12961
13540
13793
14613
14946
17742
18360
18670
18731
19721
19809
21984
23450
29192
30207
33150
39026
41170
41947
42023
42911
54437
146
663
768
1249
1345
1391
1560
2297
2789
2880
2918
3380
3908
4370
4678
4718
4736
5802
5983
6362
7488
7519
7558
8027
8267
8471
8754
8898
8957
9877
10418
10681
11230
11523
11731
12257
12767
12785
13929
14386
14487
14710
15244
15453
16251
17327
20654
21963
21977
22702
23601
23923
24828
26962
27102
27303
29749
29753
29779
33228
36032
37981
42360
43646
46519
175
1394
2011
2041
2135
2162
2305
2345
2930
5094
5273
5955
6032
6061
6238
6311
6314
6359
6703
7032
7116
7454
7470
7997
8121
8134
8377
8842
9003
9366
10380
10970
11756
11913
13204
13252
13389
14040
15326
15445
17403
17446
18502
19347
19884
22545
23150
25976
29213
30653
31299
31706
33852
33863
35289
42781
44799
46035
52550
315
1122
1562
1722
1983
2506
3065
3071
3166
3170
3323
4749
5038
5312
5620
5687
5964
6192
6833
6921
7150
9300
10619
11222
11540
12161
13921
14105
14393
14498
15032
15578
15673
16181
16406
19122
19664
21603
21701
22317
23614
26448
26712
28161
28219
29609
31693
31890
32328
34637
35070
38090
40794
42243
43714
44100
45704
72
305
352
673
905
995
1156
1253
1540
1964
2888
3104
3141
3674
4359
4829
5450
5842
5907
6168
6816
7986
8140
8291
8448
8709
9235
10139
10186
10353
10397
10614
12695
12877
15968
16549
18646
19155
19325
19340
22104
24450
27179
28138
28880
31009
31111
34767
37945
38475
42593
42852
47710
47999
48218
50925
51856
376
987
1303
1316
1634
1664
1778
1940
2128
3354
3654
4945
5014
6071
6881
6983
7312
7322
7448
8060
8136
8922
9214
9274
9935
10030
10059
10976
11255
11871
12343
13515
13543
14477
14735
15388
15503
15723
17633
19239
19323
19756
20450
21109
21391
21687
22471
22548
25384
26545
27526
28968
31599
32470
32802
39163
228
242
1285
1398
1480
1800
1988
2023
2118
2405
4093
4776
4913
5346
5564
5649
6832
7191
7465
7646
7900
7981
8001
8604
8767
9548
9889
10966
11672
11783
11888
12294
12999
14127
14557
14570
15387
16095
17290
17628
17791
17944
18489
19705
20475
22294
23023
23236
25227
28020
28841
32951
33292
35483
43013
132
724
727
1538
1551
1698
2295
3114
3409
4535
4649
4701
4961
5003
5582
6125
6642
6912
7443
7462
8298
8969
9152
10662
11174
12013
12337
12878
13098
13513
13618
13750
15245
15750
17208
17241
17246
17308
17564
18302
18716
19754
19861
20357
20376
22860
23656
24375
25567
26476
28480
29778
29827
30379
30840
31315
33626
34842
36602
37974
42977
249
265
1017
1573
1797
1925
1935
2332
2827
2921
4434
4733
5195
5697
6285
6380
6418
6955
6964
7526
7675
7798
8903
8912
8937
9141
9373
9487
9677
9803
10198
10367
10442
10515
11190
11243
11456
11777
12333
12842
13844
14229
14341
14601
15080
15279
17201
17282
17805
19628
20070
20525
22612
23735
24260
26598
27034
28088
30846
32725
34039
34148
35391
36047
41997
42405
529
1141
1429
1916
2294
2299
2623
2943
3236
3305
3517
4066
4078
4085
4537
4994
5496
5576
5648
6261
6319
6331
6356
6584
6838
6973
7956
8352
8609
8944
9629
10144
11036
11215
11622
12197
12351
13554
13640
14243
14986
15745
15757
16053
17384
21645
21648
23629
23654
23658
24832
26709
30418
31525
32988
33845
36700
40129
42502
43483
49918
50631
354
381
1331
1995
2072
2312
2923
3388
3490
3874
4003
4352
5046
5305
5641
5654
5661
5914
6795
7269
7370
7374
7501
7948
8741
8959
10510
11704
12367
13138
14459
14851
14895
15043
15224
16279
16467
18388
20067
20068
24245
28901
28918
30248
30866
32996
33533
34223
35221
36866
38002
38023
38495
38616
38876
42387
44317
89
563
577
714
1571
1594
1861
2102
2117
2441
3133
3142
3574
3599
3853
4165
4990
5452
5565
6895
7274
7420
7641
7691
8517
8553
9352
9388
9611
10514
10560
11248
11927
12106
12490
13045
13368
13654
13824
13849
14012
14736
15008
15469
16195
16403
17211
17250
17326
17734
17817
17979
18822
19586
20024
23035
23618
23978
24314
25539
28995
29868
31985
32696
33575
35977
37547
39761
40943
42603
43224
46226
47116
468
703
1270
1380
2371
2382
2413
2556
2712
2859
2925
3014
3112
3385
3507
5000
5745
6190
6199
7510
7593
8020
8774
8879
9431
9723
9870
10187
10599
10880
11214
12016
12458
13920
14812
15342
16503
19311
21918
22173
23038
23361
23949
24166
24465
24954
25609
28959
30781
33658
34982
38248
40033
41779
44048
46289
47752
50845
60
865
1893
2025
2346
2407
3023
3331
3404
3564
3789
4624
4723
5712
6241
6867
6935
7392
7397
7532
7674
7784
7817
7836
8899
8945
9108
9121
9445
9538
9579
9683
10373
10395
10424
10955
12782
13942
16512
17518
17868
18058
19113
19793
19855
20054
20612
20646
20832
22308
23928
24120
25052
26344
26359
26380
26462
26572
27489
28022
28079
28498
28778
29636
31050
33553
34736
36117
37976
43502
46427
49443
55525
960
1118
1304
1810
1899
1981
2528
2954
3093
3123
3280
3641
3753
3876
3989
4519
4538
4809
5288
5700
5808
6985
7304
7396
7471
7629
7672
7927
8108
8109
8566
8582
9220
9408
9563
10029
11119
11817
12084
12187
12473
12777
13021
13812
13972
14935
15140
15288
15337
15655
16530
16678
16803
17224
17373
18348
21736
21948
22893
23757
24659
27982
29884
30697
31940
33282
34649
36241
36943
38250
45252
53
430
454
689
879
1313
1411
1428
2453
2494
3022
3689
3996
4725
5459
5461
6147
6364
7113
7193
7293
7372
8086
8848
9117
9243
9305
9620
9992
10482
11812
12942
13307
13897
14033
14250
14304
14410
14448
15386
16154
16448
17375
18188
18294
18746
20551
20889
20908
21184
21347
21353
23986
24656
24743
24842
24960
25329
25756
27024
27394
27785
28335
31063
31285
35228
36294
42434
45137
46926
48841
185
1180
1322
2097
2181
2329
2633
2832
3452
3897
3994
4172
5033
5216
5748
5792
5883
6076
6292
6328
6512
6862
7250
7529
7650
8065
8118
8252
8928
9042
12645
13395
13661
13728
13797
14009
14307
14320
14409
14554
15025
15184
15727
15913
17067
17215
17731
18411
18962
20129
22125
23241
23246
23454
25697
26320
26988
27351
27527
27692
28664
28675
29509
30682
30775
32635
37775
39128
39818
44782
178
215
1013
1106
1869
1905
1908
1939
2672
3888
5180
5572
5679
5962
6219
6658
6928
7079
7231
7602
8384
9168
9170
9786
9913
10344
10420
10798
11156
11518
11811
12015
13147
13561
14088
14391
14489
14574
14583
14944
16231
16718
17660
17792
18584
18866
20269
20527
20648
22633
23024
23655
24350
24355
25531
25890
27689
29118
30149
32710
33837
34199
38950
39521
42066
42364
42940
43171
45641
47864
52207
53193
68
136
379
489
569
692
912
1104
1450
1832
2238
2308
2378
3728
3899
4467
4541
4669
4956
5431
5610
6861
6872
6885
6936
7105
7184
7292
7424
8150
8908
9553
9569
9957
10167
10213
10415
10550
11031
11389
11407
12081
12172
12513
12772
12791
12972
16024
17486
18821
19257
20062
20189
20190
20794
20987
22921
24806
25595
25707
25900
26294
26529
27538
32709
33376
34211
37118
39162
42069
42320
50850
51044
55137
342
445
595
1051
1748
2773
2851
2937
2942
3201
3732
3875
5075
5338
6265
6298
6954
7194
7422
7466
7484
8459
8732
8855
8929
9540
9612
9772
9826
10081
10368
10846
10932
11438
11872
12064
12146
12621
13467
13606
13678
14140
15769
15798
16085
16089
16319
16516
19263
19555
19685
20313
20704
21157
22667
23146
23402
24815
25177
25563
26792
28084
29320
29716
30003
30424
31734
31810
32038
32119
32161
34531
35502
39015
39059
39104
41363
42329
42455
45089
52622
358
364
921
1375
1598
1842
1888
1934
2420
2561
2995
3066
3117
3476
3546
3624
3809
3927
4051
4082
4091
5344
5410
5446
5603
5625
5786
6855
7964
8051
8062
8076
8484
8776
9187
10130
10220
10257
10670
10756
10974
12747
13227
13259
13447
13789
13918
13939
13975
14532
14577
14909
15150
15649
15960
16022
16267
16647
17061
17452
17595
18477
18514
18689
18992
18996
19788
19795
21024
21145
21394
22172
22503
23239
23473
25104
25503
25610
25698
26214
26349
26451
26604
27753
27780
27984
28883
29748
30071
30770
30999
31089
31925
32060
33308
33348
34481
34868
34913
35222
35297
35449
35878
35896
35964
36752
37560
37572
37687
38137
38577
42468
42477
43470
43960
44056
44083
45144
45190
45203
45565
45902
46003
46119
46363
46983
47437
48836
49159
49541
49734
50258
50942
50978
51031
51058
51299
51318
51692
52064
52340
52629
53057
53088
53265
53556
54014
55163
55514
55626
55751
56658
57768
57855
57893
32
115
222
291
334
465
637
1951
2642
3019
3064
3072
3432
3433
3570
3715
5706
5707
6049
6100
6304
6446
6534
6685
6843
6900
7337
7727
8015
8265
8646
8726
8802
9765
9883
10886
10889
10982
12205
14182
14362
14372
14763
15301
15564
15731
15736
15845
15868
16459
16631
17092
17766
17962
18208
19476
19897
21211
21248
21254
21865
22441
22765
23172
23262
23651
23990
24724
25709
27145
28011
29130
29478
29525
29584
30321
30516
33247
33612
33758
34909
35383
37599
39060
39251
40640
41160
43620
44170
44582
45191
51860
82
283
1414
1489
1499
1535
1574
2029
2105
2334
3111
3321
3786
3884
4615
4673
4693
5772
7280
7738
8233
8800
9258
10539
10876
10898
10918
11319
12093
13509
13660
14003
14172
14252
15228
15815
15973
16729
17781
17912
18601
19041
19154
20415
20772
20954
21377
22442
22456
23213
23366
23635
24235
24466
24820
24867
27744
28525
28764
29351
29483
30078
30936
33229
34161
36565
37763
38316
38605
40404
40838
40843
41861
42542
43734
43743
45201
45529
46781
47015
48364
51479
52584
56834
74
103
501
575
920
1123
1669
1921
2065
2104
2302
2829
3278
3428
3437
3685
3830
4119
4576
4704
4959
5683
6034
6377
8356
9126
9483
10014
10132
10668
10785
10931
10994
11107
11801
11873
12237
12276
13433
14713
15349
15716
15965
16091
16223
16835
17247
17575
17941
19709
21212
21360
21702
21741
22433
22769
23390
23467
24769
25591
27099
30412
31207
31800
32220
33762
34014
34674
36719
37714
41489
42641
43276
227
404
584
678
1072
1965
2012
2324
2826
3091
3639
3692
4007
4445
5193
5433
5920
6383
6899
6962
7852
8148
8539
8895
9005
9289
10274
10413
11014
11029
11180
11283
11377
11384
11891
12221
12445
12804
12977
13117
13120
13373
13462
13503
13562
13755
13941
14226
14953
15394
15400
15510
16032
16048
16071
17608
19525
19602
19691
20061
20099
20326
20454
20553
21236
21471
21862
22728
23189
23649
23939
24610
24957
25483
25623
25830
26600
27162
28953
29623
29630
30084
34138
35771
36486
40669
41991
43187
45090
53090
471
1536
2208
2515
3003
3047
3167
3627
3823
3945
4271
4436
4982
5451
5530
5771
5884
6123
6139
6281
6840
7388
7651
8016
8126
8734
8972
9080
9318
9481
9547
9658
9909
10430
11046
11099
11152
11288
11482
11546
11788
11845
11905
11979
13273
13482
14062
14086
14308
14359
14817
14933
15315
15321
15538
16361
17120
17626
18178
18194
18278
18307
18644
18724
18869
19513
19908
20528
21146
21643
22194
22390
24515
24677
25687
25718
25961
26454
26762
27883
28333
30945
32425
32848
34621
35890
37383
42605
45005
47986
49309
25
213
221
632
1347
2165
2231
2852
3069
3307
3531
3735
3756
4244
4566
4793
6523
6746
6916
7022
7239
7384
7596
7605
8395
9031
9051
9164
9415
9640
10332
10964
10972
11112
11510
11838
11925
12164
12555
13233
13432
14198
14242
14274
14301
14556
15377
15748
16366
16400
17070
17987
18163
19870
20063
20186
20673
20698
21370
21458
21698
23639
24335
28035
29854
31537
32212
32225
32327
33129
33528
33769
35107
37797
37979
38123
39134
39240
39289
43556
43656
44692
45793
45891
48687
56752
659
828
936
1128
1772
2043
2197
2243
3486
3576
3583
3655
3873
4547
4695
4954
5136
5174
5381
5671
5673
5727
5874
6811
7584
8100
8316
8624
8891
8992
9035
9534
9760
10183
10190
10394
10431
10496
10962
10986
11504
11956
12111
12140
12391
13069
13297
13641
14165
14292
14534
14939
15164
15306
15319
15335
15407
15660
16505
16821
17257
18356
18399
18662
18691
19500
20966
21882
22997
23142
23490
23659
23729
24559
25662
26902
26998
27591
27847
28520
29315
29413
29533
29811
30834
32869
33071
35812
37437
40223
71
330
944
1071
1166
1350
1539
1730
1773
2465
2601
3038
3179
3191
3397
3501
4297
4787
5201
5612
6408
6737
6865
7513
7858
8168
9257
9494
9767
10042
10103
10251
10408
11253
11329
11391
12698
13115
13203
13827
14392
14474
14555
15195
15320
15558
16492
17161
17204
17999
18158
18627
18667
19293
19532
19812
20919
22455
23530
23862
24091
24282
24369
25042
25658
27199
27623
27774
28565
30307
32792
32821
33894
35123
37180
37892
38932
43732
44918
50304
485
660
1124
1140
1389
1544
1671
1887
2151
2819
3164
4641
4914
5004
5224
5503
5554
6647
7068
7547
7921
8021
8226
8556
9432
9489
9511
9554
9977
10802
11445
11576
11725
12103
12771
13419
15303
15618
16088
16498
17471
18166
18432
18611
18661
19235
19808
19829
20025
21061
22122
22641
22981
25078
25846
26954
28075
28832
29073
29322
29330
29648
30420
31416
31923
34041
34171
34344
34752
35211
35445
38572
39537
43252
44949
46650
54118
54778
92
118
270
332
414
1015
1278
1741
1862
1979
1985
2269
2292
2998
3120
3548
4077
4306
4626
4777
4797
4860
5070
5161
5442
5941
5993
6099
6271
6403
6617
6741
7157
7992
8080
8629
8756
8896
8905
9222
9406
9560
9679
10500
10704
10993
11242
11929
12281
13381
13530
13758
13783
13977
14204
14286
14852
16035
16373
16576
16795
17121
18053
19061
19776
20160
21602
23333
23483
23691
23891
24578
25098
25560
26194
26664
26874
27399
27739
28779
28865
30752
31544
32735
33204
33510
33615
35404
35460
37837
38294
39075
40535
45933
50045
52137
54931
179
631
926
984
1458
1859
2049
2823
3004
3366
3447
3898
3938
3976
4008
4141
4512
5112
5163
5257
5396
5465
5743
6766
6801
7540
7693
7774
7794
8012
8067
8435
9069
9730
9893
10349
11087
11753
11759
12139
12885
13080
13361
14346
14358
14564
14788
17556
18351
19060
19274
19421
19562
19648
19759
20518
20611
20849
