44
754
40
159
3154
6589
36
3245
2349
8440
762
10348
2915
3
634
652
10512
405
753
2847
7
2839
116
9970
176
2261
2868
629
654
102
6620
210
17285
2103
11630
948
2934
833
5310
1877
212
650
760
1891
3063
554
229
2836
9952
42847
1901
424
1076
5215
651
6991
108
2809
1168
853
15606
6595
8385
927
747
4902
10542
42
2971
646
2966
1082
6050
49
2625
80
3596
568
6677
730
168
1898
349
680
2344
4532
11799
1430
7358
9405
1302
1910
2874
7441
1791
8379
1559
1936
7528
658
1786
20349
3618
773
1505
8479
4545
8500
2876
10963
6365
226
13213
5699
1866
1895
3256
264
3124
7778
2903
324
553
740
6191
6664
9530
28481
29
8917
2168
6785
11558
2840
7183
385
6640
21854
7155
7307
7844
970
14657
3384
15159
1863
4871
6121
50183
446
1956
123
759
1771
2009
6948
30
1100
16494
18980
2007
149
2180
3158
4841
237
7084
7642
8031
26
307
7648
8428
217
636
2232
3523
2283
5656
157
12583
13142
7524
8474
3458
11948
2842
3710
11277
3739
9416
9923
11140
782
1449
1933
2176
17607
37
2130
2885
5668
5670
10969
22500
208
4840
13599
14283
2207
55294
4618
20050
1307
1542
37901
697
1883
1914
1864
7546
8947
3085
620
35
207
9577
10877
3341
47
2938
13097
13589
11739
37365
3362
746
1074
5655
2157
8308
17050
12
638
2318
7008
11208
3415
9663
13438
3128
5684
14207
639
1451
3160
8337
10902
13826
878
6782
145
433
641
2044
8946
1777
2843
317
1452
1843
6205
1875
3427
5642
7406
13835
5819
7148
16265
75
5430
6316
36027
13403
20386
27245
23322
2821
3180
8217
10554
16728
493
719
5591
236
5575
8483
29603
2218
3056
4613
11931
109
2920
83
220
1867
12038
28859
2901
3212
10509
15309
180
1083
1622
13816
3007
6977
7670
5408
10685
11378
298
1158
1998
2045
2386
736
6203
7260
7521
9595
11577
16266
16500
661
2810
11204
11527
8082
10532
4090
16809
7227
7669
9009
9520
22950
17
7362
3218
5210
8478
11692
28956
11
755
1854
1955
3324
10346
19451
1984
2001
2895
8056
13429
35343
156
223
13596
248
1093
2068
3638
7112
8493
11856
25062
238
1142
876
6615
15034
4023
7572
16722
182
303
320
436
449
6621
6957
8013
9580
9587
9749
20930
31533
1876
6256
8231
9982
13285
1911
4786
6683
9954
21776
37699
1978
5090
7560
10991
11050
15128
30377
969
2339
6687
9725
15088
250
7411
8906
9111
14294
280
802
2201
2910
5632
11003
12620
14942
15543
31763
1431
1878
2177
2879
5208
8191
11017
29479
173
1143
1798
8467
8941
15251
13
412
1170
1314
2222
3259
7318
7537
11559
2962
12230
42102
44981
195
676
2278
7256
7527
8503
14275
9
174
209
959
1931
1970
3348
7206
9402
11987
15946
1159
1872
2034
2262
4960
5270
11490
13848
14039
15048
19109
2189
13108
13170
24822
27058
191
351
1971
6223
6587
7870
9421
14547
20139
32563
189
679
888
1847
2873
4985
5708
6787
7153
7170
7583
7607
10494
22948
23
160
2929
3637
5206
7098
219
2392
6208
8329
10895
17830
20032
2354
3924
5714
5902
6217
8544
11584
18243
22495
112
1139
2944
8262
10551
887
1718
2812
9740
10650
1386
5598
6598
7114
10333
11593
11612
20148
28350
35375
1080
1578
2853
2871
15947
18529
18647
47758
1315
1699
1961
2279
7375
7758
11177
11260
13436
16343
20165
26250
18
147
370
1094
2553
3885
5432
6652
6908
10588
25153
28131
653
731
824
2051
3062
3662
9109
9949
11051
15220
170
1521
1805
3333
4659
5592
5841
8696
10334
11183
13265
14814
1067
5690
38517
95
2865
3182
4622
7911
8255
8923
12833
13110
16240
41309
42236
55578
301
721
1513
1987
2400
2849
2970
5639
6648
7632
8897
10238
11568
13442
29477
32349
835
1146
2077
2194
3089
4690
5724
8820
10086
686
2841
3778
7518
8821
8913
19700
211
623
5595
5605
6629
8425
9334
11530
12087
12094
13366
24580
474
5146
5221
6612
6711
6880
9911
11261
13199
21591
28846
922
1815
1999
2022
7467
7549
13105
17695
24814
1770
3189
3350
3379
6896
8473
8715
11946
14912
28816
76
188
467
1525
2073
2379
2428
3183
5318
5665
14951
22257
24438
51628
5
152
647
655
1109
1310
2198
2806
4101
4655
5154
5629
8902
10488
11533
24032
24765
26358
745
1720
2896
3761
9154
15895
18308
23929
26557
44901
1240
1701
1889
2241
2276
2284
2778
2932
3661
3767
7103
7824
7987
8427
12053
36940
40988
10
148
167
2182
4087
5663
6318
6906
7671
8819
9041
12037
12882
14077
39556
2008
2215
2217
5211
5415
6533
7517
9574
11699
29791
269
738
977
2352
2389
3099
4249
6884
6984
16317
17058
18649
20711
25400
25862
262
677
1087
2031
2980
3422
3645
3801
6580
6923
14230
14265
22425
25106
37983
621
1503
2850
4041
4630
5694
7025
8214
8565
17497
23320
25859
21
45
234
6727
8482
8933
11618
11951
13202
19137
25688
375
657
6193
6864
6915
7385
10835
15850
15979
17558
21408
21619
34646
36237
418
1780
2989
6382
7686
7755
9242
9785
13096
13228
14826
20323
22741
27312
32245
214
417
627
691
1721
3055
4334
4548
4846
6905
9315
9449
11139
13560
14231
15726
39048
144
666
1097
1949
2833
3314
6588
8115
8165
11531
12287
24084
32699
413
901
3122
3835
4423
5623
6101
7179
9582
10129
10842
11955
17315
20324
21575
4
171
967
1909
2517
2986
3146
4627
4639
5400
7692
8617
9221
9571
10458
15271
16430
17143
18322
24036
27139
38118
43573
45168
2137
2394
3073
4181
6145
6901
9562
10173
10686
11358
12577
13909
15358
6
2024
2175
2987
3998
5285
5791
8951
9124
10205
11511
12253
13453
18811
21606
24211
1138
3186
3216
3725
8496
8920
10564
11343
13301
16565
25585
27980
240
886
1393
1443
1447
1507
1785
2398
2807
6195
6222
7469
7603
11787
12875
13636
15200
17991
18007
23842
32107
19
183
255
834
2149
2924
2974
3024
3108
3131
3381
3864
4283
4629
6115
6277
7296
7302
7729
8075
11198
11730
11755
12089
12636
17291
21023
27407
30268
79
854
2477
3029
4730
4772
4889
5021
5155
6109
7272
7347
8032
8111
8578
12548
13908
14160
15348
18316
18949
19125
19271
20147
22372
28836
37773
49417
49598
387
908
2235
2264
2774
3006
3439
7122
7696
7865
11842
16375
18340
18974
27994
32032
41323
44688
1155
1557
1986
2085
2820
3084
5378
6904
7473
8117
8297
8688
12659
13264
17225
17314
22414
23273
24168
24206
27979
30598
46275
225
1860
2221
2524
3376
5308
5646
5901
6220
6340
6347
6590
7033
10339
10872
11583
11939
11968
12632
15714
16198
29056
32209
42447
241
546
1110
1915
5823
6215
7162
7379
7483
8470
8834
8894
8934
9601
11431
11899
12167
13340
18128
20395
24824
29976
31434
31921
32151
38908
1149
1165
1913
1967
2340
2837
2905
2978
3846
3847
4542
5019
7937
8541
8988
11374
16724
17240
19036
40043
1079
1329
1645
2327
2507
2813
2946
3045
3317
3421
3992
6188
6663
7485
7551
11217
11373
12120
12663
12774
14787
16730
17063
28815
30689
582
1069
1531
2016
2164
6064
6196
6776
7575
7789
8164
9575
9635
12001
12553
16028
17379
32144
33747
42618
200
1590
1974
2032
2256
3109
3503
4037
5815
7515
7735
8408
9332
12959
13821
20932
25447
2
503
1756
1994
2134
2360
3344
3784
3861
6106
6233
7111
8125
8509
10208
10281
10548
10586
12071
12328
13158
14151
14237
14468
16137
16454
21418
27709
29627
30518
31020
56
127
151
572
656
1353
2161
2403
2906
4617
5444
6204
6756
6918
7000
7315
7438
7683
8781
9018
9552
10850
11022
13232
16588
18590
24722
25839
27140
31901
34477
150
267
344
419
589
648
1586
2303
3233
3337
4795
5728
5746
6117
6279
7685
7873
8039
9026
9030
9135
9240
9972
10138
10412
11507
11674
12019
12525
14120
17309
18417
18645
18654
20036
20881
21358
22575
32200
32383
33875
34645
35212
36410
56576
41
154
1511
1880
2900
3048
3813
7187
7230
7277
7846
8799
9112
10066
10968
11514
11556
13400
14261
14345
14897
15635
20044
22490
22675
37619
42808
50
235
362
415
431
662
1543
2038
2230
2870
2933
3394
3401
3426
3518
4383
4862
6329
7662
8706
8978
10196
11996
13546
15832
15904
17672
18774
19400
20697
21446
23151
25853
26634
26713
30951
31568
31
892
1530
1533
2030
4533
4567
5226
5638
7125
8900
9189
10315
11720
11765
15067
17706
17718
22071
27710
35243
44797
46825
34
268
282
336
950
1550
1568
1693
2209
2365
2922
2992
3434
5437
5636
5691
6303
7570
14654
16559
18715
20167
20367
21607
22291
23796
25219
28042
28433
29515
41288
190
246
277
490
2101
3425
4234
5084
5095
5472
6110
6240
7445
7699
8507
8521
8926
10024
10911
11268
11624
11824
12437
12519
12594
13051
13178
14200
15570
18140
20977
22563
24391
34413
42091
42328
88
199
300
1247
1418
2869
3237
6107
6269
6280
7126
7223
7746
9721
11864
13576
14768
15585
16849
17753
18020
18263
19865
19902
22658
24338
25670
27337
32149
34145
36363
41873
53014
53608
61
279
1945
1989
2884
2965
3037
3103
3284
4612
5364
5493
5647
7282
7437
8222
8243
8303
8938
9002
9566
9868
9973
10320
12239
12414
18250
20900
21075
25689
27592
29161
34622
36979
0
295
570
722
1318
1917
2255
3135
3147
3417
4999
5518
6825
7152
7210
7237
7298
7457
7545
8041
8475
8985
9027
9463
9497
11967
12357
12468
15685
16777
19851
20790
24454
26371
28457
28563
32809
33070
33321
35680
37834
38196
42466
43
993
1257
1775
2036
2573
2878
4771
4988
5274
6650
8486
8844
8873
9059
12043
12902
21173
21553
21596
21827
23637
24843
27202
29585
30616
37696
163
756
1410
2404
3815
4034
6961
7224
7503
7649
7941
7990
8025
8622
10366
10947
14614
15630
18588
18769
23837
24603
25592
29395
34971
38
253
299
963
1554
1950
2132
2268
2449
2805
2882
3175
3742
4012
5548
5622
5659
5732
6286
7797
8472
8490
8957
11732
12100
14611
15421
16205
17239
20029
26718
28331
28366
31155
31421
31963
32396
40490
14
389
557
576
883
1695
2377
2701
3215
4774
4843
5418
5599
5734
6605
7796
7872
8002
8962
9208
9355
9619
9975
11035
11670
13415
14054
16197
16345
16719
18492
19787
29103
32251
33641
1182
1873
2133
2174
2887
3118
3311
5617
5657
6263
6341
6513
6847
7082
7428
8092
8256
8465
8601
8915
9001
9593
11334
13537
13907
16595
16751
17366
17943
23079
27320
38543
41152
263
327
818
1264
1528
1625
1714
1782
1997
2003
2858
2917
3219
3221
3358
3519
4915
5404
5422
5662
5715
5761
5887
6130
6738
7684
7690
7928
8574
8704
8969
9738
10254
10423
10649
12386
13039
13647
13717
14354
14549
15139
15202
15409
18267
18755
18927
21039
21382
22142
22595
25295
26405
27797
28574
28623
29183
36012
50859
218
243
1092
1148
1160
1164
2246
2375
2536
2598
3672
4691
4987
5041
5219
6104
6120
6351
6636
6917
7419
8171
8990
9847
10483
10630
11122
11641
11723
12069
13209
14181
16244
22440
23893
24599
26138
28006
34554
34813
48095
66
146
670
1239
1446
2272
2337
2421
2872
3061
3153
3698
6791
6792
7417
7506
7636
8283
8588
8979
9155
10776
12732
12838
13132
14559
15046
16202
16696
20082
21490
21775
23377
23391
24595
30757
32418
32476
35319
24
77
624
674
947
1003
1075
1902
2000
2093
2195
2257
2358
3545
5718
6320
8052
8454
9116
9390
9673
11220
11549
12054
12331
12627
13335
13399
13727
14434
14615
17983
18333
19046
19749
21728
25991
28829
31051
32258
35979
38897
39512
45186
53520
87
896
1563
1603
1881
2356
2557
2907
3025
3081
3204
3210
3330
5414
5438
5473
5589
5726
6870
8030
8611
9148
10271
10638
10959
11626
11960
12317
13099
13772
18587
18676
18961
19498
19794
20078
20644
24446
26230
33790
36555
37077
47668
484
590
915
945
1491
1658
2141
2163
2253
2542
2911
3796
4171
4628
4647
5012
5375
5532
5695
6826
6940
6943
7434
7587
8035
8748
8889
9114
9244
9290
9615
10456
11001
11682
12138
12395
12575
12631
13155
15114
16769
19143
19366
25330
26295
28152
28612
32977
37105
49484
50435
140
232
289
630
1519
1900
3479
3788
5680
5754
5767
5798
5982
6174
6694
7034
7360
7435
8270
8548
8735
8981
9025
11274
13035
14068
14855
15333
18398
18999
22509
24826
30302
32926
37078
37368
37490
43686
43818
47213
47340
62
143
161
297
491
564
1520
1776
2281
2288
2473
2908
4559
4570
4681
4916
5994
6331
6852
8054
8150
8240
8289
8306
8618
9104
10356
10363
10378
10495
10673
11603
13113
13356
13416
13795
14238
14266
15375
17835
18036
20225
20423
21470
23222
23895
27309
41409
54335
15
27
65
716
1012
1077
1930
1992
2186
2321
2857
2916
2958
3149
3653
3869
5010
5626
5760
6053
6197
6805
7271
7851
7882
8074
8216
8227
8506
8740
8768
9214
9319
9649
10347
11532
12133
12244
12352
13379
13459
13900
14527
17642
19082
22505
25275
26196
29906
32039
32219
32917
33923
41588
49030
52144
78
386
603
633
880
1099
1120
1205
1501
2055
2140
2160
2236
2359
2493
2976
2991
3018
3036
3139
3241
4991
5434
5466
5618
7647
8495
8843
9019
9563
10446
11034
11265
11920
13031
13768
14193
14316
14971
17089
17107
18597
19719
19903
20572
23452
23562
25616
26359
27622
29869
31795
32275
35213
47101
230
626
1403
1497
1874
2014
2089
2111
2260
3052
3395
5209
6018
6335
8144
9134
9542
10058
10698
10912
11015
11321
11847
12203
13481
14015
15428
15591
16183
16655
17104
17205
18857
20051
20140
20355
21668
23713
24721
25453
25457
25581
28167
28611
28659
38025
42700
673
1455
1662
2048
2454
2893
2969
2994
3232
3950
4648
4764
5083
5377
5770
6230
6275
6310
7171
7604
7848
8134
8485
9013
9165
9167
9578
11964
12112
12576
13023
14725
15049
16510
17797
17996
18372
18418
18475
18844
19369
19566
23237
25446
25706
27274
29563
30002
32164
33405
35967
44885
51
706
1584
1794
1973
2146
2424
2825
3173
3227
3228
3511
3749
5637
6827
6907
6959
7262
7677
8469
8757
10293
10414
10552
10916
11192
11436
11491
11774
11994
12869
12898
13539
13847
13990
14571
15267
16140
16170
18897
20792
22044
22423
31160
31436
31829
32255
33763
45030
50279
486
644
836
1290
1391
1558
1570
1697
2050
2219
2328
2410
2990
3106
3719
3743
5576
6073
6214
6368
6823
7143
7205
8099
8272
8742
9003
9159
10163
10206
10337
10392
11676
11698
12293
13794
14458
15133
15964
16780
18482
19246
20440
21091
21918
22165
22187
22295
23512
23667
24783
25759
26114
26686
27466
27606
28432
31289
32591
33633
33928
35162
35354
37202
43121
43822
44869
158
266
511
1213
1309
1567
1703
2366
2472
2718
2822
2902
2918
3470
3682
3790
4663
6253
6503
7011
7479
7536
8152
8307
9329
10372
10374
10603
11052
11441
11731
11764
11808
12491
12990
13725
14083
14411
14489
14947
17209
18494
18506
19809
19827
21176
22234
22573
24667
24696
26669
27555
27812
29185
30484
30997
32805
32980
42848
44286
49295
49656
16
169
447
537
614
752
981
1444
1454
1709
2052
2265
2890
3270
3558
3668
3688
3939
4005
4217
4582
4665
4710
4847
5347
5628
5667
5785
6061
6234
6249
6306
6582
6644
6770
6886
7304
7493
7523
7701
7703
7885
8537
9632
9823
10540
11227
11690
11743
11988
12078
12179
12569
12895
13929
14067
14360
15253
16620
17069
17096
18657
18736
21213
22087
24853
25026
25249
25852
27586
27728
27996
28332
29561
30701
30747
31134
32623
32732
34225
35649
36021
38739
40127
41474
43039
45405
46125
47768
48780
51103
51146
53774
54557
55669
56693
124
628
1151
1154
1252
1413
1587
2100
2594
2827
3134
3251
3309
3730
3850
4543
5271
6057
6225
6879
6952
6964
7088
7376
7906
8004
8049
8135
8380
8909
9068
10468
11087
11496
11977
12235
13014
13446
13478
13483
13921
13935
13971
16564
17245
18206
18419
18664
19323
20979
21666
23049
24999
25488
26716
30663
31203
36970
39001
43921
45508
54154
281
527
794
1005
1207
1906
2818
3678
3762
3891
4819
4886
5428
5913
6291
6994
7240
7243
7416
7784
8112
8212
8755
9417
9741
10131
10990
11340
11566
11775
12265
12337
13718
14092
14186
14737
15441
18006
18214
19329
21044
32671
32939
34603
37761
38440
44502
97
101
378
460
597
1190
1932
2455
2510
3071
3396
3656
3690
4865
5018
5281
5450
5594
5747
5881
6186
6198
6201
6381
6992
7242
7374
7488
8066
8163
8295
8903
8973
9129
9621
9918
10044
10091
10492
10600
11092
11875
12666
12788
12796
13019
13123
13951
14012
14170
14329
14409
14701
18867
20058
21321
21422
21977
22116
22186
22362
22459
24155
24356
24530
27348
27698
27707
31658
31830
33044
36079
36579
39172
39817
44434
47820
49447
254
293
383
567
625
717
1192
1387
1659
1795
1870
1939
1946
2066
2263
2501
2717
2888
3231
3247
3604
3695
3711
3844
4678
5042
6321
6614
7293
7331
8234
8377
8590
9110
9128
9379
9729
10243
10353
10535
10852
11174
11335
11536
11655
12197
12429
12778
12783
13580
14484
17045
17313
19981
20893
22121
22799
24850
25358
25423
26614
27537
29729
33150
33645
35289
36345
36957
38997
39321
40079
43288
54
129
275
560
749
1004
1029
1398
1524
2092
2094
2248
2297
2606
3070
3074
3200
3290
3340
3372
3406
3504
3544
3908
4312
5227
5842
6187
6248
6604
6860
7190
7403
7790
8151
8871
8875
8942
9064
9223
9659
9719
10186
10619
11278
11300
11421
11462
11519
11599
12076
13287
13431
13466
13468
13916
14653
16040
17743
18123
18640
18880
20376
21166
22839
24006
24613
25532
25798
29193
32470
32822
34394
36956
41158
42251
42360
42846
43711
53496
105
184
1465
1660
1886
1957
2162
2240
2332
2457
2483
2618
3065
3209
3346
3380
3873
5315
5412
6237
6290
6736
6909
6933
7407
7454
7997
8027
8180
9062
9149
9300
9458
9488
9532
9567
10435
10448
11783
12161
12554
12691
12769
13116
14164
14418
15326
15721
15722
15968
16260
16743
17321
17446
18228
18797
19044
19190
19628
21121
22572
22635
23460
23621
25227
26004
26561
30129
30705
32894
41947
42627
46274
51218
51342
98
563
667
905
1122
1179
1459
1637
1868
1919
2002
2102
2128
3079
3407
4676
4964
5820
6209
6213
6238
6570
7402
7594
7611
7695
8040
8292
8298
8693
8918
8950
9235
9782
10198
10272
10622
11523
11913
12299
12720
14663
14778
15619
17224
17327
18317
18731
18944
19370
19486
19664
20256
23666
24245
26032
27102
28084
28298
28841
29130
33327
34637
34924
36108
40541
46179
47882
58
376
668
1560
2347
2519
2848
3492
3919
3946
4581
4666
4736
4825
4851
5049
5246
5294
5317
5596
6973
7032
7108
7123
7270
7349
7626
7734
8267
8686
8842
8953
10355
10397
10644
10687
10970
11704
12248
12490
12675
13661
13837
13853
15244
15824
17300
19106
20070
21109
21643
22294
22452
22860
23379
25935
27034
29213
29753
30207
30244
30379
31299
31417
33228
42911
43646
46365
46643
54049
1
249
445
485
552
1051
1185
1285
1394
1553
1667
1685
1711
1725
2023
2183
2305
2921
2925
3098
3104
3114
3378
3706
4370
4631
4657
5094
5199
5620
5731
5964
6362
6603
6969
7001
7579
7841
8005
8568
8754
8895
8999
9017
9087
9274
9604
9611
9961
10221
10653
10714
11538
11836
11888
12218
12528
12572
12910
13448
14094
14105
17375
17403
20067
20357
20551
22558
23933
24918
25100
26712
27689
28968
29494
31303
38786
41469
46035
47999
50925
51458
52550
55523
193
355
995
1545
1573
1814
1948
1988
2042
2059
2436
2835
2883
2930
3177
3289
3302
3445
3631
4997
5565
5654
5719
5753
5927
6118
6863
7116
7281
7576
8311
8471
8709
9366
9629
9877
10085
10930
11214
11215
11456
12011
12999
13020
13515
13517
13538
13618
13715
15503
16181
16498
17435
17578
18360
18489
19219
20450
20527
20654
21391
22317
22533
22952
23491
23654
23923
23926
26363
26962
29057
30418
30846
32161
32199
32393
34842
38060
40838
45704
51856
162
291
454
724
1288
1489
1518
1540
1546
1959
1972
2072
2117
2345
2823
2912
3020
3451
3632
3654
3674
3889
4093
4352
4467
4784
5003
5367
5697
6261
6284
6628
7048
7337
7602
7614
7899
7986
8001
8011
8020
8136
8352
9431
9748
9914
10103
10380
10950
10966
11042
11230
11703
12109
12665
12767
12961
14386
14393
14498
14538
14557
14575
14735
15469
16095
16195
16273
16549
17246
17294
18992
19929
22104
22545
23236
24289
24450
26111
26448
26762
28639
29173
33536
33863
36700
39026
40414
40794
42593
44800
55525
134
242
265
354
678
1249
1345
1562
1797
1800
2062
2282
2295
2299
2443
2597
2636
2707
2789
2880
3133
3198
3398
3686
3703
4018
4434
4712
4725
5132
5338
5530
5564
5582
5619
5733
5907
6071
6359
6618
6912
6955
7150
7510
7747
8058
8121
8604
8922
9141
9723
10201
10367
10515
10658
10809
11156
11199
11255
11452
11540
12396
12878
12973
13543
13554
13812
13849
15386
16516
17369
17373
17384
17805
18113
18502
19155
19721
19754
20134
21984
22471
22548
22893
23502
23658
23896
24659
26863
27179
29320
29931
30372
30428
31111
31473
31525
31706
32328
36032
40129
42243
42405
47710
48218
50648
52421
213
305
714
1072
1696
2041
2166
2923
2968
3338
3443
4994
5312
5712
6190
6314
6833
7269
7322
7519
7931
8274
8291
8580
8855
10076
10934
11622
11866
11979
12162
12333
12969
13252
13474
14570
14935
15142
16645
18670
19553
19884
22442
22769
23614
25052
25415
25976
26380
27199
27527
28138
28219
29609
29779
30289
31693
31985
32951
33292
33575
34105
35483
36047
36866
38002
38090
41170
42977
49796
50850
178
593
727
973
1017
1202
1253
1304
1316
1499
1634
1722
1778
1783
1924
2192
2405
2682
2712
2975
3351
3354
3389
3404
3467
3507
4723
5195
5486
5700
5748
5919
6983
7079
7462
7465
7650
7691
7900
8945
9730
9870
10354
10681
12808
12842
13401
14183
14243
15245
15388
16218
16406
17211
17486
17791
18375
18646
18716
19705
20068
21701
21958
21963
22194
24260
24828
25384
25539
27847
28088
28635
28880
29778
30653
30697
30781
30840
32709
32802
33852
37981
38475
39163
44799
125
501
577
1141
1303
1925
1965
1982
2015
2231
3014
3148
3170
3206
3236
3323
3574
3763
3883
3923
4007
4340
4718
4809
4961
5152
5288
5752
6032
6067
6168
6328
6881
6921
7397
7501
7798
7956
8448
8609
8898
8928
8959
9487
9677
9679
10029
10042
10144
11190
11812
11927
12066
12294
12423
12785
13467
13482
13540
13793
13920
13942
14229
14307
14362
14851
15228
15288
15349
15453
15723
17628
17633
17817
18194
20525
21157
21603
21645
23150
23601
24314
24375
24610
26717
27526
28161
28805
31628
32735
33626
34211
34674
34767
37547
38495
40033
41779
42387
43714
46926
49443
49918
60
89
315
342
1270
1500
1571
1594
1934
1935
2751
3753
3876
4644
4945
5014
5046
5346
5681
5955
6703
7191
7448
7562
7948
8140
8145
8517
8553
9373
9388
9612
10030
10139
10395
10442
11407
11871
12013
12257
12391
12473
12977
13138
13307
13972
14477
14665
14986
15224
15445
17564
17731
17792
17793
18294
18302
19795
20313
22842
25595
26572
28498
29136
29749
30078
30999
32988
33282
33553
33837
34649
35070
35977
36602
38023
40943
41997
42455
43483
43502
46519
54437
56654
99
132
215
227
228
1117
1180
1380
1429
1810
1905
1951
2413
2528
3019
3179
3280
3331
3517
3828
4003
4066
4535
4537
4553
4649
5180
5213
5224
5305
5496
5648
5649
5661
6192
6311
6832
7184
7292
7370
7372
7558
7641
7817
8458
8741
8912
9117
9121
9152
9803
9935
10344
10418
10614
10973
10976
11422
11777
12730
13045
13204
13897
14448
14601
15668
15731
16231
16467
17279
17326
17742
17979
18188
18411
18414
19311
19691
19756
19793
19861
20475
21648
23071
23450
23454
23618
23735
23986
24120
24832
25591
26709
28335
28664
29623
29884
30866
31315
32725
34982
36943
39761
42023
42781
45252
46226
50845
32
72
379
381
1123
1887
1888
2011
2029
2135
2294
2308
2382
2453
3278
3486
4165
4359
4829
4954
5136
5273
5641
5743
5792
5920
5983
6285
6292
6356
6380
6960
7250
7312
7646
7651
7675
7981
8419
8466
8583
8726
8767
8896
9408
9489
9548
9579
9804
9992
11036
11119
12645
12695
12747
12772
12777
13797
14895
15008
15025
15043
15080
15184
15727
15750
16089
16530
16920
17067
17201
17241
17250
17290
17518
18179
18746
19325
19340
19586
20612
20646
23024
23146
23530
23757
23928
24166
24350
24369
24954
25707
26294
26462
27024
27303
28480
28764
28917
29509
29636
31810
33376
35228
37945
37974
38876
42603
43013
44920
45144
46289
49541
50631
352
358
430
569
865
912
1106
1411
1480
1538
1664
1698
1983
1995
2312
2420
2448
2829
2942
3409
3564
3641
3853
3874
4673
4749
4990
5402
5966
6199
6265
6816
7113
7420
7422
7471
7526
7593
7672
8118
8732
8848
9220
9627
10110
10394
10415
12015
12093
12172
12782
12880
12903
13273
13361
13368
13654
13660
14040
14127
14320
14487
14583
14613
14710
14736
14933
14946
15321
15337
15387
15649
15716
16053
16223
16251
16448
17208
17282
17734
18058
18388
19113
19122
19855
20189
20190
20371
20966
22308
24559
24656
24769
26545
28079
28823
28901
28995
29827
31050
31285
32710
33845
34223
36241
36294
37775
39128
39818
42477
42502
42605
42940
52207
252
768
879
921
1322
1448
1940
1964
2118
2346
2633
3141
3166
3689
3875
3897
3989
3996
4119
4541
5000
5802
6076
6125
6319
6418
6642
6895
6954
7194
7231
7396
7814
8051
8060
8484
8566
8929
8944
9108
9445
9553
9560
9913
9957
10550
10880
11031
11756
12205
12351
12445
12458
13021
13120
13227
13373
14009
14088
14140
14459
15032
15913
16071
16088
16182
17215
17660
19497
20648
20758
21061
21236
21347
21948
22612
23023
23241
23659
24091
24355
24465
24724
24806
24842
28778
29192
29868
30149
32696
32996
34199
36117
37180
37268
37572
38616
39015
42329
42364
45641
47752
49159
175
575
663
689
960
1013
1039
1081
1295
1598
1773
2302
2441
2556
3003
3066
3142
3570
3599
3655
3728
3732
3888
4271
4519
4538
4624
4626
4776
4956
5459
5610
5946
6147
6241
6364
6610
6658
6746
6862
6935
7532
7836
8086
8108
8126
8356
8545
8653
9028
9170
9305
9538
9620
9786
10059
10349
10482
10510
10670
10798
10846
10849
10889
11222
11389
11438
11737
11811
11817
12084
12187
12942
13203
13503
13523
14033
14292
14391
14554
15140
15578
15960
17575
17944
17962
18348
18822
18962
19347
19453
19685
19759
20024
20054
21184
21471
21687
22173
22921
23213
23635
23949
25177
25471
25709
25756
25830
25890
26420
26792
26988
27394
27538
28229
29483
29641
30424
30682
31599
33348
33762
35221
38250
39059
41861
42069
42320
42434
44317
44582
45090
45137
47116
51044
53193
53
420
465
468
632
765
1104
1313
1450
2025
2197
2494
2672
2832
3022
3432
3546
4078
4913
4949
5033
5174
5603
5707
5808
5914
6000
6232
6534
6795
6811
6867
6872
6885
6928
7193
7484
7507
7927
8109
8249
8384
8582
8629
8899
9168
9352
9765
10014
10167
10368
10514
10662
10668
10785
10955
10994
11243
11283
11377
11391
11801
11838
12106
12513
12771
12972
13572
13641
13918
14198
14341
14509
15150
15279
15377
15655
15673
15868
15973
16024
16207
16319
17070
17105
17790
17941
18667
18689
19257
19476
19555
20099
20129
20269
21145
21322
21736
22125
22172
22356
22633
23246
23311
23629
23651
23978
24482
24677
24815
25610
27351
27489
27623
28011
28675
29478
30248
30390
31009
31063
31940
32220
32767
32869
33894
34039
34148
34868
37118
38248
38950
40843
42066
43224
44692
45891
47864
48051
136
404
489
595
1166
1832
1842
2184
2324
2334
2773
2937
2943
2954
3117
3163
3244
3321
3366
3433
3476
3627
3809
3899
3927
4051
4082
4701
5001
5075
5216
5410
5446
5554
5572
6074
6100
6123
6219
6512
6838
6861
6985
7105
7443
7466
7470
7529
7596
7629
7858
7964
7992
8062
8223
8252
8265
8446
9187
9481
10023
10130
10213
10257
10373
10931
11180
11248
11518
11845
12146
13147
13389
13447
13844
13939
13975
14346
14359
14909
14953
15303
15461
15736
15748
15769
15815
16403
16576
16647
17061
17097
17452
17556
18158
18477
19222
19897
20062
20186
20987
21024
21212
21248
21370
21458
21865
22503
22728
23035
23038
23366
23390
23656
23943
24743
24820
24863
25104
25329
25503
25567
25658
25698
26214
26320
26344
26349
26451
26454
26476
26604
27692
27753
27780
27785
27984
28883
29315
29533
29584
29716
29748
30770
31207
31537
31790
31925
32635
32821
33308
33533
33612
34161
34481
34621
34913
35297
35383
35449
35878
35896
35964
36752
37437
37560
37687
38316
38572
38577
39162
39521
42468
42542
43171
43470
44056
44083
45089
45190
45201
45203
45565
45902
46003
46119
46363
46781
46983
47437
48836
49734
50258
50942
50978
51031
51058
51299
51318
51692
52064
52340
52629
53057
53088
53556
54014
55138
55163
55514
55626
55751
56658
57768
57855
57893
92
221
562
758
1118
1356
1428
1535
1551
1730
1748
1869
1893
2005
2065
2170
2371
2642
2826
2859
3038
3164
3428
3437
3789
4091
4704
5038
5103
5431
5503
5683
5771
5786
6169
6271
6510
6766
6839
6841
6910
7388
7540
7727
8316
8776
8879
8937
9299
9383
9772
10081
10220
10312
10704
10802
10964
11319
11672
11820
11891
12016
12150
12237
12343
12367
13728
13758
14003
14274
14308
14574
14763
15564
15757
16085
16199
16512
16729
17161
17781
17868
17987
18866
18996
19274
19525
19812
20704
20889
21377
21741
22667
23262
23402
23473
23639
24784
25042
25098
25531
25687
25900
26529
26598
26796
27145
28911
29118
30412
30945
31089
31734
31800
32327
33229
35123
35391
35771
39060
39134
41363
42852
43620
44100
44170
45191
53090
53265
56834
330
529
991
1140
1156
1539
1669
2181
2191
2561
2851
2981
3023
3091
3123
3167
3201
3388
3452
3490
3583
3811
3884
3898
4085
4172
4547
5433
5706
5874
6298
6377
6843
7392
7674
7921
8100
8148
8556
8646
9258
9407
9826
9883
9889
9989
10420
10477
10752
11029
11046
11242
11288
11510
11546
11753
11806
11872
12081
12520
12738
12740
13509
13755
13789
13824
13941
14156
14172
14182
14226
14556
14812
15306
15385
15798
15845
16091
16154
16459
16821
17120
17121
17595
18001
18643
19154
19235
20454
20698
21254
22433
22997
23142
23655
24141
24162
24466
25697
27162
27399
27744
27794
28779
28953
29525
30003
30071
30084
30321
30752
32038
33658
33758
35222
35502
35812
37328
37383
37797
39104
39289
40404
40535
40640
40669
41160
41489
43734
43960
48364
48511
51479
52584
52622
56752
82
334
659
692
1124
1226
1331
1347
1350
1599
1861
2239
2323
2515
2601
2998
3692
3756
3786
4261
4693
4733
4860
5451
5625
5673
5687
5941
5962
6281
6916
7157
7280
7477
7738
8065
8226
8538
8624
8772
8773
9005
9243
9289
9540
9658
9683
10187
10332
10932
10993
11014
11099
11112
11482
12268
12276
12791
13259
13395
13433
14062
14250
14325
14372
14914
15301
15315
15394
15560
15745
16279
16366
16503
16678
16803
17092
18003
18399
18584
18611
18661
20326
20487
20908
21353
21360
21394
21702
21810
22390
22702
22981
23361
23410
23939
24033
24235
24957
25231
25796
27333
27774
28176
28333
28525
28918
28932
28959
28996
29351
29413
29630
29854
30395
30834
31890
32119
33528
33769
34138
34736
34909
36486
36565
37714
38123
38605
38836
43187
43276
43732
43743
44955
45529
48841
54931
25
68
69
74
115
185
613
881
1371
2081
2104
2105
2165
2178
2407
2940
3093
3305
3357
3531
3548
3624
3639
3685
3823
4669
4767
4777
4959
5161
5344
5445
5634
6049
6143
6446
6647
6737
6936
7022
7239
7592
7605
7852
8076
8233
8539
8734
8828
9031
9035
9554
10251
10424
10430
10560
10756
10876
10886
10974
11312
11548
11894
12111
12313
13098
13117
13233
13562
13640
14286
14304
14532
14713
14944
14950
15062
15407
15558
15816
16048
16267
16492
16636
16804
17186
18166
18208
18278
18300
19041
19508
20191
20673
20832
21060
21602
21726
22441
22456
23650
23729
23862
23891
23990
24250
24282
24605
25609
25846
26954
27099
27591
27982
28020
28035
28482
28832
29548
29675
29811
30375
30516
31416
32503
32848
33129
33951
35404
38294
38611
39075
39240
39251
42641
42927
51860
52000
71
224
622
631
926
1000
1232
1389
1414
1741
1899
1916
2057
2465
2999
3004
3041
3047
3072
3397
3447
3843
3922
4077
4134
4166
4305
4402
4436
4445
4566
4633
4640
5004
5320
5461
5536
5847
5993
6865
6962
7274
7311
7398
7923
8459
8654
8794
8905
8908
9056
9080
9126
9318
9415
9432
9456
9483
9541
10132
10496
10599
10781
11469
11956
12164
12261
12555
12698
12804
13297
13430
13750
13827
14082
14204
14301
14577
15070
15342
15400
15660
15965
16032
16631
16795
17257
17308
17471
18307
18356
18869
19061
19263
19562
19709
19747
19788
19808
19829
20553
22752
23485
23490
23619
23649
23691
24735
24742
24867
25662
27772
28520
28565
30420
32225
32425
33242
33615
33888
34014
37595
38932
39935
43252
43556
45005
67
471
828
928
936
944
1071
1271
1375
1574
1626
1772
2373
2555
3642
3804
4244
4297
4573
4760
4787
4793
4982
5160
5163
5452
5607
5671
5679
6408
7228
7295
8015
8017
8048
8168
8608
8774
8984
9042
9101
9602
9605
9693
9977
10445
10982
11152
11725
11925
11929
12048
12064
12221
12281
12506
12745
12834
12896
13080
13311
13419
13547
13561
13716
14165
14392
14464
14817
15164
15195
15510
15538
16153
16400
16497
16505
16544
16718
17214
17247
17810
18087
18178
18644
18691
19669
19776
19870
20025
20415
20518
20611
20794
21801
21862
21882
21968
21980
22051
22446
22455
23192
23333
23467
23503
24515
24685
24862
25483
25560
25563
25623
25718
26600
26902
27389
28022
28075
28865
29184
30775
30978
31923
33071
34459
35211
36648
37936
37979
38594
45974
48687
54778
104
177
637
703
984
1128
1306
1458
1494
1907
1981
2043
2119
2238
2367
2383
2399
2425
2720
2945
2959
3050
3064
3213
3501
3576
3830
3881
4296
4414
4450
4534
4641
4766
4914
5070
5399
5425
5686
5763
5797
5811
5989
6034
6383
6523
6525
6584
6586
6741
6899
6900
6967
7404
7496
7547
7613
8067
8192
