44
754
40
159
3154
6589
36
3245
2349
8440
762
10348
2915
3
634
652
10512
405
7
2847
116
2839
760
654
753
176
629
2868
102
9970
2261
6620
210
2934
948
833
2103
17285
650
1877
11630
5215
212
5310
9952
1891
554
1076
2836
651
853
1901
6991
6595
229
15606
108
927
2809
1168
3063
8385
42847
2971
4902
42
349
747
2966
1082
6050
646
2625
10542
49
80
4532
8479
568
20349
3596
424
1430
1559
730
1910
1786
1898
6677
2344
9405
1936
773
8379
658
168
7358
3618
4545
1791
3256
1505
7441
1895
2876
226
6365
553
11799
264
6640
8500
3124
10963
6664
13213
2903
5699
2874
970
7778
680
7528
1302
6785
1866
6191
9530
740
29
2009
2168
3158
28481
50183
2840
324
7183
385
1956
13142
307
14657
4871
15159
123
149
1863
3384
759
7155
7524
21854
30
8917
7844
446
1100
8031
7307
11558
4841
7642
2130
8428
1771
237
6948
26
207
1864
3458
2885
2283
5670
7084
11140
16494
11948
10877
5656
6121
3710
2180
2007
8474
13599
37
17607
37901
7648
18980
2842
11277
1933
3427
1449
13097
157
5668
3523
1307
2232
782
3415
217
4618
636
7546
10969
12583
639
20050
3739
5591
22500
9663
8947
697
23322
2207
208
9416
55294
7406
620
746
2176
37365
17050
1451
8337
2157
14207
13589
719
878
5655
9577
10902
1074
2843
12
3362
7008
9923
8308
1542
493
3128
4840
2920
6782
14283
4613
47
75
1878
11378
35
236
13403
1158
1914
11204
13438
13429
802
3341
5430
641
2938
9725
11208
433
1854
13835
1843
2044
5684
7148
10509
16265
6316
36027
145
3212
27245
1777
13826
83
1875
2218
238
1452
303
3180
11692
11739
2318
8946
5642
10532
2810
10346
1867
180
220
7260
8217
11931
1083
25062
298
969
6977
28859
959
5575
20386
29603
17
1883
3056
8493
5819
12038
109
22950
250
10991
2386
6205
13816
9954
16500
317
16266
1998
3085
4786
9982
10554
16809
8483
173
876
9595
11527
449
1911
8082
4090
8056
9009
638
5090
2901
6687
7521
1622
9520
3218
7362
2068
2910
6223
11577
19451
31533
6957
10685
223
2895
28956
755
1955
2001
2821
7670
8231
8467
9580
7560
2177
3160
6615
320
3638
7572
27058
248
676
8941
15088
4023
7411
8191
1872
3007
9111
11
2262
11050
8013
436
679
1314
2201
7170
14294
15309
20930
35343
2962
6256
30377
1142
3324
11003
209
661
1080
7227
7669
37699
2189
2045
7112
7114
8478
12620
44981
6203
15034
13
6621
13596
736
2034
5210
15543
16728
7607
195
623
11490
15128
182
412
15048
1159
3637
13848
20032
42102
1847
1978
5632
7527
15251
3348
7256
11987
156
18243
22948
11559
29479
6587
8906
10650
16722
21776
31763
191
351
1970
5902
8425
11856
12230
13170
1143
6208
15947
160
11260
13285
888
1093
2278
7583
301
5708
5724
7153
9587
13108
14039
4985
7318
20148
18
280
6683
7537
14275
19109
721
2194
10494
11584
15946
1984
2944
5270
8696
2873
6318
9911
1431
1876
2879
4960
24822
32563
95
112
887
1386
2354
7911
9
1578
3062
6896
8262
174
1139
1798
6217
14942
2392
3259
3924
7206
10551
2279
2841
6652
6787
7758
1170
4690
5208
5221
9421
10334
653
6598
8503
20165
1931
1971
5206
28350
147
2849
7870
11017
35375
170
4659
11177
16343
731
2853
3778
5408
5432
9749
10333
2929
8820
11051
17830
29477
2400
7098
9402
11612
13442
14547
22495
28131
1513
2175
3182
7549
28816
3885
4087
8544
9949
26250
922
2051
2222
20139
738
1699
1770
8821
8902
11593
13110
2339
2553
3662
6629
6648
9109
18647
219
647
5598
6612
12577
23
1315
1521
1718
5146
474
18529
32349
41309
42236
55578
2077
3767
8427
11946
189
2379
4655
8923
467
1087
2871
3761
7375
10238
17558
5605
11568
12037
1146
2389
9154
5
2865
4630
12087
13265
14912
16240
19700
144
4101
7987
10086
13436
214
5841
29791
45
2812
5690
8329
8473
24580
7517
12089
15220
47758
3186
4622
9334
10842
14951
15271
16317
18649
211
627
824
977
1987
3183
5714
7103
13199
22257
24814
1805
2924
5639
8255
11183
23929
677
686
835
3089
13202
40988
2073
2241
5592
5629
8819
10835
11530
26557
4334
7518
12882
15726
1067
1525
7692
10
1109
2198
12833
25106
51628
745
1701
2016
5595
9740
15714
76
1310
1720
2778
6580
6884
8897
11618
12053
5665
6984
11261
1949
2970
3055
3661
7671
14230
152
2896
5211
7467
8715
12253
13105
23320
370
901
1961
2276
5154
7632
19137
167
2806
3189
5663
6906
44901
1815
2428
2980
3084
3131
3333
3379
5318
5415
9041
13560
39556
188
255
655
1094
1393
2352
2517
6101
6711
8214
9242
12094
23842
25859
27710
1240
6727
6908
9571
13366
21591
22741
28846
1503
2215
3422
6588
8913
10488
11951
2987
6533
6864
14077
37983
269
2774
3801
4181
8482
8951
13228
20323
25153
26358
21
6193
8617
9449
11699
14814
15979
20324
621
691
2394
2932
5694
7122
7686
7937
14826
967
1138
2031
2149
2217
4846
8834
8933
11730
16028
22425
25688
8165
10895
17991
24765
25400
38517
268
2022
11511
17315
27312
171
3645
7385
11787
18308
34646
1443
1999
2507
7025
20711
21408
2024
6590
9785
10205
1447
3109
3122
6915
7824
17497
32699
36940
38908
2182
3992
4041
6109
24211
27139
1507
16565
387
2946
2989
6904
8565
13096
16430
17143
29976
45168
2008
3835
4423
4639
6222
7865
10588
11139
18590
20147
2264
2284
3073
3350
3439
4383
5308
6905
9582
15200
18316
4
1550
2360
2807
3376
3725
5400
6382
9124
10458
11955
13340
21606
24036
31020
262
1557
1913
2986
3146
3216
5285
7179
11358
12659
24438
29056
2235
5623
6145
8521
12287
15358
6
79
1097
4548
6115
6880
7473
8111
8115
8125
8920
11531
12636
18974
32107
36237
3006
6106
7755
9562
10173
10564
16730
27407
43573
417
1721
2850
4627
6188
8240
10208
13908
14265
18949
854
3024
4249
5378
6347
7729
13636
17695
18007
22372
27980
28836
31434
32245
1329
1780
2221
2974
4542
5901
7272
9315
13158
17058
24032
24168
28167
32032
19
648
1915
4795
6220
7469
11533
18811
23273
148
183
362
6340
11556
15895
32144
41323
44688
666
2137
3108
3233
3381
3861
5155
11198
11755
15832
16724
37773
49598
234
834
6923
9221
11343
11968
12632
19125
20932
21619
21775
31901
582
1531
2900
2978
5636
6064
6901
7575
11431
11720
14160
21023
33747
657
1909
2398
2837
3317
4629
4730
7033
7483
10339
10872
12959
17225
17314
18020
267
2030
2036
2164
6204
6776
7696
7746
9018
9552
10129
16375
34477
503
1756
1889
2134
2813
3344
8032
8781
9332
11899
13453
21358
23151
25862
30268
42618
1149
3314
3337
7379
8164
10686
11939
12071
13909
14237
29515
42447
49417
418
419
3099
3421
3846
4283
5715
5728
6195
7551
8915
9114
9574
12120
12553
13301
14654
14897
21575
24084
27994
38118
56576
1511
2340
2403
3847
11217
12548
12875
13821
14231
18250
24824
240
3029
4999
5437
7282
8541
9972
12357
19036
27979
127
282
2477
3417
3784
4012
4772
5646
7873
16198
25585
25853
32209
39048
46275
2085
7438
8985
10066
31921
375
1860
3045
7162
7296
7347
12663
12774
16137
24722
30598
1880
5021
5823
6279
7277
8075
8243
8470
11765
13232
16205
17379
22291
34645
36410
1693
2161
5791
6663
7789
11514
13264
18417
18654
20036
25447
344
1110
2101
2524
6196
6233
11374
11583
14151
19271
235
886
7302
8799
11373
11967
12167
15850
20395
23796
31568
200
546
756
3025
3503
4234
6280
7125
9026
14549
16588
17291
29627
32151
431
589
1974
1986
3401
4889
5444
6277
8117
8688
9135
9973
12001
12525
14345
17672
17706
21553
22658
33875
199
241
892
1967
3813
5095
6215
6240
7237
7685
7846
8408
11507
14787
15067
15904
18322
20044
30518
32383
35212
662
1353
1590
2256
3330
3394
4037
4862
7683
8889
8934
10138
10586
15348
24206
26634
46825
277
2303
2327
2820
2878
3219
3284
6918
7187
8472
9240
10196
10850
14120
20697
27592
28457
32200
34413
2
1528
4567
5691
7662
8002
13051
15635
18715
20881
22490
25592
28433
36979
295
413
1418
1543
2032
5019
5638
7126
7515
8222
8578
10548
11624
14261
17063
22414
34
151
1533
1785
1945
2255
7230
7735
8039
8509
11996
13546
17309
18340
30616
35243
44797
1079
2366
2870
2905
3358
3864
8611
8894
9463
9721
10315
17718
18140
19400
21446
26371
27140
41873
77
2882
7699
12328
13356
16559
18774
22563
24826
25295
34145
263
490
572
1714
2003
2869
3153
3815
5493
5746
5815
6605
11268
11674
14200
14614
25689
25839
41
557
1568
2209
2884
3698
5226
6303
7437
7457
8979
10024
10412
18588
18645
27709
29103
30951
32149
41288
42091
2536
7298
7545
8052
9112
9601
11001
11824
15585
20367
24391
26230
28959
30689
42808
1069
1695
2272
5518
7210
8465
8988
9390
9593
11864
13178
15421
16777
16849
17239
17753
18263
18769
19865
19902
21418
22071
33070
36363
37619
53014
53608
88
656
5647
6263
7223
8938
9189
10254
13132
14468
16202
22675
26718
27274
28042
42328
56
1155
1886
2805
2992
3118
5662
5887
6756
7315
8706
8748
11022
11842
12594
13576
13727
15046
17240
21075
27337
38196
50
336
950
1917
1950
2337
3103
3175
3237
3426
5472
6107
8622
9738
14266
16345
22575
26713
29161
389
1164
1645
2038
4018
4617
7111
7445
8496
8844
12043
12414
15685
21607
25219
225
626
1151
1554
1994
2375
2906
3425
3788
7872
8466
8507
9030
9355
9497
19851
20977
21173
22142
26138
35979
37696
299
1165
2365
3037
3221
4843
5422
7224
8548
8962
10638
10947
12437
18128
24446
28815
30757
43
2908
3434
5041
5364
5418
5754
6130
6636
6650
6738
7000
9002
9059
9635
10320
10366
12468
15630
16197
16719
21728
23637
25670
41152
300
722
1586
2174
2257
2377
7603
7928
8475
14768
16454
20029
21596
570
2701
2933
3135
4570
5734
5761
6329
7205
7882
8990
9566
10281
10483
11192
13400
20167
20900
21382
24454
24603
24843
246
576
1182
1902
1989
2132
2573
2922
4612
6117
7503
7690
8041
9868
9975
11334
12133
13415
13537
14193
30302
32418
32809
33321
42466
31
1264
1318
2358
3018
5084
5274
8092
10378
14068
15114
20790
27202
34813
38
1603
2268
2542
3545
4647
5599
5732
10374
10630
11549
14181
20140
21827
23895
26405
29395
624
1782
2424
2917
3048
3998
6110
8025
8486
8704
10058
15139
20644
23893
28563
32396
38543
15
66
630
1410
2965
3173
3668
4533
4678
4774
4988
6331
6917
6961
7636
7990
10363
10911
13907
14611
17366
23837
28331
28623
31963
53520
154
5012
5760
6120
6825
8757
9649
12386
12732
12838
16751
19903
20572
31155
35319
65
564
1563
2146
2195
2246
4691
5532
7419
7649
7796
7797
13399
22440
34554
34971
36957
37834
993
1873
2055
2833
3061
3215
5657
6018
6791
8926
11641
11670
12352
13099
13647
18475
21039
28006
28574
28829
24
1003
1519
1530
2014
2858
3147
5637
6286
6792
6847
8256
8574
9290
10968
12239
13039
17983
18927
23391
24599
30997
33641
35680
963
1997
3518
5219
6269
7428
7941
8289
14054
16696
16769
17245
18267
18587
20078
20082
27797
28366
37077
41588
289
947
1257
1387
2872
3081
4771
7417
8978
9619
10355
11723
13539
15428
15570
18036
32258
34622
48095
61
161
279
883
1501
2404
2449
5375
5548
6351
7684
8227
8495
9575
10044
12100
12519
12627
23452
32980
47668
49484
14
232
633
945
1239
2160
2163
2421
2976
3210
3311
6879
8283
8900
9001
9155
9673
11015
11122
12019
12244
14434
15202
16595
18419
18961
25991
31795
32219
40490
87
716
2410
2958
4987
5466
5617
5994
6186
6381
8537
10356
12054
12069
12395
12575
12902
13772
17107
18398
19366
22509
26295
37078
43686
45186
50859
0
190
818
896
908
1092
1120
2093
2253
2473
2557
3653
4559
8270
8873
8981
10423
10446
11698
11732
13209
16244
18333
19749
25330
32977
47340
327
1658
1881
2133
2230
2916
4916
5718
6341
6513
7851
8035
8601
9167
11227
11626
11764
12898
13035
14559
19369
20440
27320
32926
33763
36012
39512
42846
1077
3470
3558
5695
6940
8171
9148
9208
13335
14092
18676
18755
19566
20256
23377
23562
25457
31051
36555
37368
40043
41409
44885
50435
243
1625
1930
2111
2141
2186
2219
3711
3742
3869
3946
4034
5618
6852
6907
7270
10673
11321
12317
13717
15333
18418
21490
23237
23512
29585
37490
52144
386
460
1558
1587
2907
3395
3519
3672
3790
5589
7434
7435
8297
8506
9019
9567
9615
11035
11220
11731
11847
12331
13768
19498
22505
28611
28805
29729
29869
32251
32275
32476
33923
163
254
491
603
706
1205
1725
3372
4628
4915
5414
5473
5622
5770
5919
6826
8490
8618
8740
9578
10163
13155
31830
35213
38025
38897
47101
143
2356
3232
3309
5659
5726
6306
6870
7082
7485
9013
9027
9104
9244
10271
10347
10912
17104
17835
18492
26196
30002
47213
54335
281
1491
1703
1776
3204
6604
7479
8030
8735
10337
10852
17209
18999
25759
31289
32039
27
140
218
1520
2472
2598
2911
3149
3241
4582
5083
5619
6053
8074
8144
8909
9116
10959
13847
14238
19787
21470
22573
25706
37105
49030
62
511
749
3919
4543
4648
4825
5680
6770
7360
8303
10456
10468
10495
11052
13023
13900
14329
14855
15409
15591
16510
17996
21176
22595
28152
32939
16
297
1290
1775
2048
2089
2991
3270
3479
5767
7647
8054
8216
11034
11603
12576
19082
22116
24338
25616
26669
27728
28612
32255
78
158
486
644
1465
1973
2594
2606
2990
3036
3228
6320
6805
7376
7579
8004
10698
11265
11491
11532
13481
15964
20979
22044
24721
25446
31436
33790
51
1099
2041
2052
2183
2260
2822
5719
7331
7677
7885
8469
9823
9847
10658
10714
11920
11960
13031
14458
14484
14527
17642
18372
18494
19794
31160
51146
378
668
670
2454
3844
3873
4819
5626
6174
6197
6230
6886
6943
7570
9165
10206
10293
10603
11496
13483
14015
14354
14411
16140
18206
21166
22234
23222
24530
24595
25453
25488
29185
32164
37761
41469
42848
44869
97
162
915
1012
1900
2236
2968
3052
4657
6225
6253
6275
6827
7587
8135
8152
8272
8380
8768
11743
12554
13459
14083
14701
16170
18317
20051
23079
24356
24696
24783
27606
27996
43121
43921
1247
1403
2050
2825
3227
3743
3950
5377
7034
7088
7407
7506
7536
7604
8112
8180
9025
9134
10776
10916
11274
11300
11436
13446
13951
14615
14725
15267
16218
19046
19143
19719
22362
25581
33405
35354
45508
49295
415
703
1567
2281
2359
2883
3380
4681
4710
6992
8058
8307
8485
9329
9417
9458
11690
12112
12293
12572
17943
18844
22165
26114
27466
27537
27698
31421
31829
35967
37202
39172
49447
58
577
590
1454
1455
1795
1992
2455
2493
2887
2969
3504
3690
6214
7171
7262
7493
8234
8292
8590
11994
12869
12895
14067
15049
18857
19044
21044
23621
23713
26686
27812
28659
33633
44502
101
560
717
1148
2321
4005
4847
5347
6198
8011
8267
9542
9632
10448
11441
12218
12769
13468
13580
13795
14971
17069
17089
18506
19190
19827
20423
21091
21422
21666
25275
32623
32671
36021
36579
36956
46125
266
614
673
752
836
1252
1874
2288
2510
2890
3688
3719
3749
4217
5982
6061
6503
6644
7701
7848
8099
11421
11536
12078
14186
14571
16260
22087
22295
22533
28332
28432
29561
30289
32732
33928
35162
35649
38739
40127
41474
43039
45405
47768
48780
50279
51103
53774
54557
55669
56693
253
597
794
1005
1459
1868
2265
2857
2912
5315
6290
6694
6959
8163
8588
8871
9214
10622
11566
11875
12631
13014
13379
14737
17743
18482
21668
23667
24155
24667
25249
25358
27707
32591
42700
43818
99
150
537
1553
1570
1709
2062
2994
3796
4663
5628
6073
6284
7143
7454
8686
9532
9563
10552
11092
11964
12179
15133
15253
16040
16780
17205
17578
18657
21213
26717
30701
32805
33044
563
1160
1932
2457
2918
3071
3492
5010
6368
6582
6614
6933
7123
7243
7271
7488
9319
10540
10644
12138
12203
12778
13123
13478
13718
13935
14164
14778
18214
27555
29193
29563
34603
43288
54154
484
628
674
1029
1794
1948
2015
2140
2328
3200
3340
3407
3939
4913
5281
5317
5596
5802
7011
7152
7519
8311
8742
8969
8999
9918
10492
11977
11988
13538
13725
19809
24850
26614
27586
28298
31203
33536
36079
36345
37268
39817
40079
41158
44286
663
667
981
1696
1906
2000
3106
5438
5798
6291
7240
7349
7841
7906
8049
13794
14360
16564
17096
18640
18880
20792
22459
23379
24853
25852
27309
29906
32917
34394
36970
47820
1004
1185
1667
2902
3134
3511
3656
3850
5209
5434
5747
8754
9741
10392
10397
10600
11599
11774
13113
14094
14947
17797
18867
20225
22186
22952
26032
31658
34225
38440
42627
43822
49656
53496
169
1870
2066
2880
3074
3346
3891
4171
5018
5042
6187
6249
6860
7108
7242
8005
8875
10950
10990
11703
12767
13287
13416
14316
18736
20058
21958
25026
27348
28841
30747
43711
44434
230
293
880
1192
1662
1722
3396
3632
5404
5913
6067
6234
7402
7416
8212
8755
9110
9877
11422
14663
16183
17313
20450
22423
23666
25532
29749
193
383
1446
1697
3406
3631
3706
6603
6952
7594
8027
9719
11199
11682
12161
13853
18414
18597
18664
18944
20355
22452
22839
24999
25935
30129
30663
32894
36108
38997
43646
46643
275
1213
1309
1518
1545
1637
2263
2501
2682
3070
3198
3351
3678
3703
3730
3889
4676
4964
5132
6213
7190
7281
7523
7734
7997
8040
8454
9017
11808
12666
13019
13916
14170
15441
15722
16655
17403
17793
18302
19370
19981
22187
22799
28880
29173
29183
39001
105
124
625
1524
2618
3079
3139
3148
3289
3409
4665
4764
4784
4991
5227
5246
5785
6618
6736
6823
7403
7462
7576
7703
7790
8604
8950
8973
9062
9149
9366
9488
10243
10435
11783
12429
12783
14653
15375
16095
16743
17300
17435
18006
18897
19239
21701
23502
24918
26716
28084
30705
31473
35289
54
215
447
1179
1207
1500
2636
2848
3251
5367
5428
6994
8020
8306
8843
8957
9748
11836
12109
12491
12675
12788
13020
13837
15619
18731
19106
21121
22121
26111
26380
30484
33150
38060
38786
42023
42251
42360
45030
51218
51342
1664
2921
3290
3654
6057
6201
6209
8066
8121
8140
8145
9159
9407
9729
11523
12197
12257
12299
12720
13466
13474
19486
19754
20893
21321
22317
23049
23933
26561
28664
33645
40414
41947
134
527
567
973
995
1413
1444
1584
1660
1919
2092
3338
3378
4631
4749
5620
5667
6074
6237
6359
6362
7899
8151
8446
8928
9659
10653
11215
11335
11452
11655
12796
16549
17294
19329
19553
22635
23150
24289
25100
25798
28639
29136
30244
33327
2128
2717
3247
3695
3763
3923
5294
6321
7465
8377
9621
10372
11538
12961
13431
14538
16273
18113
18646
18670
19246
22545
22558
24006
25227
26448
29494
32822
46179
52550
376
593
1154
1398
2282
2707
2818
2930
4865
5049
5271
5753
5927
6955
7001
7150
7611
7986
8295
8653
8922
9003
10131
12842
13990
14386
15503
17327
19122
22572
23601
24613
28138
28635
29057
31134
32393
39321
46274
51458
125
1190
1288
1957
2002
2135
2443
3020
3762
4666
5152
5180
5681
6335
6863
6909
8580
8895
9068
9129
9914
10354
10930
11540
11871
12011
13971
15326
15824
17518
19664
21391
24314
26004
26363
26762
26863
28219
28335
30207
47882
54049
55523
129
1659
1711
1814
1946
2059
2347
2405
2718
2815
3177
3445
3604
5412
5847
6118
6310
7116
7191
7626
7836
8568
8693
9300
13252
13975
16181
16920
18123
18179
18797
19323
19884
23236
25567
29753
30379
46365
51856
1
146
184
252
354
1685
1800
1924
2192
2295
2827
3141
3398
3467
3686
3908
4581
4644
5450
5594
5654
5733
6125
6969
7032
7048
7695
9223
9299
9604
9605
10272
10353
10414
10619
11775
11913
12076
12248
12265
12990
13116
13448
14557
15244
17446
19347
24450
25539
31303
32199
33533
34105
34637
34924
42243
46519
52421
98
1285
1562
2023
2117
2506
3231
3302
4340
5003
7931
8150
8419
8448
8583
8709
8879
8918
8942
9373
9379
10091
10649
10970
11042
12473
12808
13045
13824
14409
16645
18375
18489
23896
29931
30428
32328
39163
40541
42593
1925
2240
3023
3114
3443
4244
4886
5402
5486
5881
7397
8274
9087
9235
9961
10103
10934
11278
11812
11866
12066
12999
13389
13517
13929
15142
15968
17246
17279
20134
23923
24260
26962
31417
39026
48218
50648
905
1540
1560
2305
2494
2597
2751
3451
3674
4712
5094
5199
5582
6248
7507
7900
8291
10420
10681
11519
11676
12235
12294
13715
14418
17045
17321
18228
18360
20376
21109
22104
22471
23460
23926
26359
33228
33852
40794
40838
45704
49796
552
1051
1202
1303
1380
1497
2166
2835
3098
4997
5312
5964
6192
6314
6895
7312
7562
7747
8903
8953
9128
10535
10976
11156
11190
13401
15386
15469
16406
17369
17944
22893
24245
27102
29779
31050
32725
44799
50925
562
1122
1391
1988
2248
2436
2483
3163
3209
3323
3354
3404
4352
4736
4851
5195
5564
5955
6912
7526
7614
8136
8352
10198
10221
10380
11230
11340
11462
13021
13921
14105
14487
14710
15453
16498
19219
21963
22860
23071
24832
25415
28088
28823
29778
32470
33626
33658
36032
38002
42405
46035
178
265
305
352
355
1118
1253
1546
1887
2094
2519
2789
3166
5683
5907
6032
6168
6570
6983
7641
8060
8471
10076
11036
11255
12396
12785
14012
14183
14498
17564
17628
20371
22842
23450
26476
27622
29213
32951
40129
42434
242
249
1983
2005
2829
3170
3574
3753
4649
4669
6285
6292
6328
6628
7370
7646
7784
7798
8741
8912
9108
9243
9782
9803
10442
10973
11248
12013
12569
13920
14895
15445
15578
15668
15673
17633
17817
18502
19113
19325
20654
22125
22194
23023
25976
27034
28995
30372
31693
32802
33575
41997
46289
47710
56654
72
714
727
879
1316
1778
1972
1982
2072
2345
2893
3544
3732
4093
4718
4990
5496
6238
6261
6418
6642
6832
7293
7304
7322
7501
7956
7981
8134
8553
9870
10085
10802
11214
12910
13793
14946
15288
19721
21948
22294
23735
27526
31315
32988
34148
34767
35977
37547
38495
42387
44317
44800
54437
315
724
1797
1995
2011
2100
2162
2299
2332
2441
3142
3236
4003
4066
4370
4434
4723
4809
5966
6795
6833
7292
7510
7814
7817
9117
9274
9388
9431
9487
9677
10186
10614
12333
12665
13515
13543
13618
13844
14040
15245
15388
16053
16251
17791
18294
19705
20068
20070
20475
23928
25384
25531
25595
28778
28917
29192
29320
30418
31111
31706
36943
37945
37981
42940
47999
89
132
291
1075
1180
1249
1571
1634
1888
1981
3452
3564
3828
5748
6838
8609
9141
10312
10367
10966
12106
12695
12969
13138
13204
15748
16467
16512
17201
17211
17805
18388
19756
19793
21603
21918
22173
22548
23614
29609
30840
31599
32161
32735
37974
38090
38475
38876
43714
49918
50631
55277
1270
1783
1959
2371
2556
3883
4312
4537
4945
5305
5648
5983
6104
6954
7269
7420
7629
7948
8767
9548
9560
9579
9804
10139
10144
10418
10477
10974
11777
12162
12337
12490
12691
12878
14448
14477
14570
14935
14986
17224
17595
18716
19155
19586
19861
20129
21736
23658
27623
31009
33292
40943
42603
46226
60
569
865
1141
1480
1598
2029
2102
2297
2923
3065
3104
3682
4776
5576
5661
5731
5920
6071
6265
6380
6867
6881
6985
7593
7675
8298
9168
9352
9445
9765
9935
11888
12977
13098
14459
14665
16530
17384
19628
23402
23654
23978
24659
24743
26712
29118
30781
35070
35483
39761
632
987
1104
1429
1594
1940
2294
2312
2346
2528
2633
3897
3996
4359
5273
5649
5697
5752
7484
7602
8898
9611
10059
10373
11704
12015
12528
14127
15757
16448
16503
17373
17731
17742
19929
21347
21687
25756
25890
29636
33282
35221
36602
42329
42911
42977
175
454
1156
1499
2382
2832
3599
3853
5338
5842
6199
6241
6311
6862
7470
8855
9528
9627
9683
9723
10756
11456
11622
11672
12343
12351
12423
14393
15080
17215
19340
19709
20190
20525
20758
23024
23454
23618
23656
24465
26572
28968
29130
29868
33837
34199
34982
35228
41170
42502
43502
52622
55525
164
468
1017
1394
1538
1939
2042
2302
2712
5014
6703
6973
7466
8459
8944
8959
9152
10029
10515
10662
10781
10809
10880
10955
11817
12187
12645
12973
13307
13368
13554
13942
14229
14243
14601
15043
15736
17241
20794
21984
22667
24355
25052
25423
26954
27179
28079
28932
29509
30248
30653
32709
33863
34223
34736
36294
36866
38023
38616
41779
43483
47116
136
185
213
381
960
1013
1106
1861
2888
3133
3206
3641
3655
3875
4829
5346
5641
5786
5820
6356
7396
7563
9121
9629
10110
10395
10445
13503
13661
13812
14307
14320
14735
16024
16267
17105
17282
17290
17575
18411
20357
20612
20889
22769
24120
27527
27785
29630
29884
31285
31810
31985
34039
37180
44100
45137
50850
52207
32
430
1448
1698
1810
1951
2025
2118
3014
3112
3388
4994
5565
6281
6377
6861
7193
7443
7691
8118
8772
9730
9992
10344
10510
10668
11222
11407
11756
12458
12777
12877
12903
13361
13373
13972
14009
15224
15342
15745
16195
16718
17660
17734
18822
19311
21184
21248
23035
24166
29827
30682
32635
32696
42781
44048
44920
45641
53265
465
501
529
637
1166
1304
1934
2453
2954
3305
3432
3507
3874
4538
5216
5288
5625
6190
6928
7422
8566
8726
9305
10415
10482
10560
11174
11518
11927
12747
14851
15140
15321
15721
15750
15973
16340
16403
19795
20313
20551
20646
21353
21741
21862
23213
23241
23757
24375
27303
27489
28498
29483
31063
31299
32996
34649
36117
37599
37976
39128
39818
43013
43224
46003
53193
1226
1893
2197
2669
2981
3038
3066
3331
3389
3989
4119
4541
4725
4733
5046
5914
6049
6111
6964
7113
7231
7650
7738
8252
8802
8896
8945
9064
9538
10798
11087
11119
11811
12081
13918
14304
15032
15150
15337
15649
15727
16085
16516
16636
16678
18058
18992
19855
20024
20527
21643
22308
23491
23949
23990
24559
24828
25104
25177
25707
25900
26709
27024
27351
30149
31525
31890
32710
33376
33845
34211
35391
49443
227
595
1350
1935
3022
3357
3692
3786
4961
5431
5459
5712
6076
6586
6921
7558
8001
10514
11028
12172
13259
13561
14088
14172
14182
15008
15228
15279
15913
16459
17208
19685
20553
20648
21145
21645
21698
22921
23246
24806
25042
25329
25830
26462
27394
27692
27982
30866
31940
33348
37118
39059
40033
42364
46926
68
74
82
177
689
912
1117
1313
1322
1331
1345
1450
1669
1748
1869
2943
3490
3689
3876
3888
4165
4445
5603
6319
6584
6899
6960
7079
7384
7672
8065
8384
8582
8842
10539
10550
10994
11283
12237
12513
12730
12738
13433
13728
13797
13827
13849
13897
14953
15025
15731
15845
16821
17067
17868
17979
18188
18962
20062
21977
23311
23530
23635
24954
25563
26344
26529
26792
28675
30003
33762
33951
36241
37572
38248
38250
40843
42455
47752
48841
489
1140
2308
2407
2561
2672
2859
2925
3201
3280
3437
3486
4085
4519
4535
4673
4793
5000
5161
5442
5554
5572
5687
5962
6147
6658
6935
7105
7529
7532
8086
8848
9170
9913
11546
12205
12367
12972
13147
13233
14033
14341
14372
14489
15387
15960
16071
17486
18689
20326
20704
22456
22702
23038
23629
26988
27689
29716
30846
32119
35107
36047
37775
38950
39251
43171
44582
45089
1535
1832
2329
2937
3019
3899
4051
4624
5530
5700
5772
6936
7274
7374
7448
8108
8458
9511
9612
9693
9786
10030
10394
10889
11099
12093
12391
12445
12782
13654
14198
14554
14575
14736
15184
15655
15798
16154
17790
17792
18158
19525
20528
22728
23146
23986
24369
24466
24820
25709
27145
28011
28020
28161
28918
29584
30945
30999
32060
33071
38572
42066
45144
45252
364
1411
1489
1842
1916
2413
2623
2773
3117
3476
3927
4082
4701
5410
5446
5792
6512
6534
6885
7184
7674
7964
8062
8126
8484
8908
9187
9553
9679
10014
10130
10167
10213
10846
10962
11029
11319
11438
11872
12016
12064
12084
12459
13120
13203
13447
13939
14140
14346
14583
14909
15769
16089
16182
16231
16319
16647
16729
17061
17161
17375
17452
17962
18194
18477
18584
19257
19602
19897
21024
21360
22172
22503
23473
23655
24656
24677
24815
25503
25698
26214
26320
26349
26451
26604
27538
27744
27753
27780
27984
28883
29623
29748
30321
30424
30770
31089
31628
31790
31925
32225
32848
33229
33308
34481
34913
35297
35449
35878
35896
35964
36752
37560
37687
38316
38577
39162
42468
43252
43470
43743
44056
44083
44170
45203
45565
45902
46119
46363
46983
47437
48836
49734
50258
50845
50942
50978
51031
51058
51299
51318
51692
52064
52340
52629
53057
53556
54014
55163
55514
55626
55751
56658
57768
57855
57893
115
334
921
1375
1536
2181
3789
4693
5612
5743
5884
6232
6967
8015
8051
8624
9408
9423
10135
10257
10496
12276
13467
13640
13750
14003
14226
14391
14574
14812
14939
14944
19154
20186
21377
22633
23390
24350
24842
25483
25662
27099
27333
28333
29478
30071
30412
30697
31734
33612
34868
35383
35502
36700
39104
44692
45529
47015
53088
584
1072
1389
2104
2851
2942
3064
3546
3898
4467
4956
5075
5136
5174
5344
5808
6364
6446
7392
7471
7477
8100
8109
8646
8929
9126
9258
9483
9540
9889
10042
10687
10932
11801
12164
12791
12942
14204
14359
14410
14613
15560
15723
15965
16366
16631
18307
18348
19497
20054
21322
22433
23262
23361
23659
24610
26598
27774
30888
32821
33528
37979
38208
39060
39075
39149
41861
42852
43620
43960
46781
47864
51479
765
768
1859
2097
2826
3385
3428
3728
4007
4890
4959
5038
5452
5610
5679
5706
5883
6100
6816
7547
7852
8265
8629
9826
9957
10201
10368
10931
11242
11288
12698
12855
13273
13311
13660
15377
16279
17250
17608
17626
17941
18163
18514
18691
18996
19691
19808
20025
20908
21212
21602
21810
23650
23943
24742
24769
25591
25687
25697
28525
28996
32869
33758
34842
35771
37797
40404
40640
41160
48364
49541
51860
56834
404
1123
1905
3003
3072
3091
3111
3123
3433
3756
3884
4982
5033
5634
6746
6841
7022
7194
7239
7250
8048
8539
8937
8965
9051
10023
10081
10220
10886
11031
11046
11163
12111
12146
13227
13755
14286
14474
14933
15301
15618
15815
15868
16361
16400
16620
17120
18746
19555
20518
20595
21471
21865
22455
23172
23366
23582
24867
26545
28480
30952
35222
35404
36486
41363
41489
42320
43187
43656
44782
45190
51044
52584
53
358
622
936
984
1414
1671
1773
1899
2383
2823
2998
3179
5433
5477
5993
6868
6989
7605
7651
7858
7927
8233
8608
8800
9406
9772
10424
11112
11389
11894
12221
13482
13540
13758
14156
15407
15564
15816
16091
17247
18603
20067
20212
20698
21254
21648
22122
24141
27162
28953
29330
29797
30307
30516
30775
30834
32327
32425
33553
33894
34138
35812
36565
38605
42542
45201
45891
45974
25
659
1128
1232
1551
2324
2334
2420
2448
2975
3093
3809
3830
4091
4547
4695
4954
5103
5163
5451
5989
7992
8395
9005
9554
10132
10599
10876
11014
11788
11979
12684
13509
14242
14301
14532
14713
15315
17912
18662
19263
20189
20454
20987
21157
21211
21236
23410
25610
26998
28565
28901
29533
30084
32792
34621
35123
36719
37437
38123
39134
39240
42069
42641
45191
49309
56752
245
420
920
1124
1371
2057
2373
2996
3164
3244
3639
3823
4078
5991
6298
6839
7228
7596
8076
8556
8776
9289
9415
9602
9883
10250
10274
10785
11329
11845
11891
11956
12281
12771
12885
13080
13117
13523
13606
13789
14252
14564
14577
16153
16576
17326
18178
18432
18866
19669
19812
19908
20673
20832
22441
22981
24957
26454
27847
29525
30420
31416
34014
34161
34909
35211
35445
37536
39015
39521
42477
45005
49159
54118
55137
828
1574
1964
2065
3501
3583
3624
4151
4271
4643
4949
5193
5257
6865
6900
7337
7372
8899
8992
9489
9760
10176
10187
11138
11211
13381
13432
13530
13678
14062
15394
15716
16032
16048
16492
19041
19532
20611
21394
21702
23619
24515
25609
25623
25658
26420
27399
27591
28764
28865
30752
30936
31537
37383
37595
43276
43556
45090
46650
47987
50304
221
692
1081
1347
1907
1921
1952
2165
2202
2555
3278
3715
3922
3976
4141
4436
4544
4626
4860
5201
5326
6034
6123
6143
6169
7584
7727
7921
8080
8557
8595
9031
9257
9432
9620
11180
11253
11445
12772
13005
13109
13297
14250
15349
15385
15461
16035
16795
17999
18351
18644
18667
19061
19235
20415
20954
21458
22612
23239
23639
24578
25718
29675
31800
32503
33769
37038
40535
43732
43734
48511
55138
379
445
575
758
928
1382
1672
2012
2940
3321
3804
4172
4203
4450
4566
4615
5031
5070
6383
6840
7151
7415
7424
7909
8732
8905
8972
9363
11725
11759
12555
12740
13115
13641
14082
14556
15089
15465
15660
15747
16223
17257
17987
18001
18220
18356
18821
18869
19476
19759
20269
20862
21146
21882
22708
24315
25078
25764
26600
26796
27983
28075
28235
29163
29648
29685
29811
30078
33638
33888
34674
37714
37837
39289
47986
52000
54778
783
1278
1539
1730
2243
2819
3050
3140
3167
3447
3576
3685
3956
3994
4553
4914
5213
5224
5461
6264
6271
6304
6510
6811
6916
8067
8226
8249
8356
8984
9035
9990
10849
11482
11753
11925
12139
12157
12261
12982
13069
13562
14399
14534
16803
16835
17070
17121
17766
17982
19513
19562
22697
23142
23467
24282
24335
24724
24960
25045
25677
28435
28779
29351
32727
33204
34233
36133
37763
39537
40223
40322
46321
342
631
1544
1879
2119
2292
2465
2988
3383
3928
4261
4402
4414
4777
4787
5004
5745
6403
7257
7924
8021
8223
8828
8840
9014
9338
10670
10993
11032
11216
11391
11510
11781
12756
12804
14362
15303
15306
15420
16544
17492
17556
18278
18643
19870
21370
22895
22997
23189
23483
23691
23729
23939
24235
24250
24482
24784
26194
26369
27995
28776
29643
31923
32220
33242
34171
35390
36648
38932
39377
40429
42927
46427
50045
53090
54931
228
270
688
926
1271
1356
1965
2170
2425
2995
3047
3069
3366
3438
3548
4016
4077
4633
4641
5771
5874
6219
6408
6873
7388
7513
7700
8687
8734
9130
9220
10332
10408
10752
10982
11382
11504
11737
12068
12763
13977
14308
14358
14509
15117
15313
15664
16414
16446
19274
19508
20088
20961
21187
21424
21732
22690
23503
23862
23891
25796
26357
27794
28485
28907
28910
29031
29315
