0.994297889143
0.991207255665
0.987771108839
0.985075481238
0.983257113791
0.981580111238
0.979590535272
0.979416106814
0.977707533561
0.97613974806
0.974434037529
0.972973183501
0.971513428465
0.97012420336
0.969187037899
0.968285009737
0.96738340154
0.966759456835
0.965616087204
0.964473395356
0.963296789453
0.962570414234
0.961706041297
0.960876606859
0.959909390277
0.959253338112
0.958666533616
0.957941905974
0.957217552304
0.956390059894
0.955666292684
0.95501169238
0.954460623447
0.95428844702
0.953221314746
0.952601954868
0.951810845985
0.951157567702
0.950470148607
0.949817332535
0.949130398636
0.948443718829
0.947654338264
0.946899586193
0.944671387971
0.944054813159
0.943506915708
0.94289072048
0.942240512416
0.941624731562
0.94094076724
0.940325410699
0.939744425455
0.939163621617
0.938480556865
0.937934279014
0.937763599801
0.937388160203
0.936637512733
0.936057669347
0.934830357612
0.934148867109
0.933365462972
0.932820680471
0.93231008786
0.93179963441
0.931221290102
0.930711134852
0.930303111915
0.929691248666
0.929147535957
0.928400195403
0.927653157397
0.927177921387
0.926567083821
0.926126047642
0.925447757821
0.924769704074
0.924024126007
0.923346589141
0.92294018332
0.922059980303
0.921653857772
0.921180161841
0.920638945316
0.920165509689
0.919421794131
0.918881095108
0.918205451191
0.917732641785
0.917226199127
0.916753642569
0.9161462517
0.915640247024
0.915168102355
0.914763500644
0.914291579625
0.913583934483
0.913247052166
0.912876554614
0.912337785816
0.911933810326
0.911428967388
0.911025193183
0.91058787208
0.910217913153
0.909780786502
0.909310152092
0.908839640691
0.908369250433
0.907798230665
0.907361686126
0.906925245957
0.906556031908
0.9061533393
0.905549470921
0.905079933018
0.904610515638
0.904040676868
0.903437513608
0.902968523027
0.902466168818
0.902097863658
0.901696161945
0.901160701304
0.900759208331
0.90045814793
0.900056812132
0.899688999003
0.899388116901
0.898686271131
0.898251923332
0.897784280865
0.897350154232
0.89694951175
0.896615711456
0.896281973287
0.895914932372
0.895514610455
0.895147726717
0.894614214939
0.894214183767
0.89371427542
0.893214503749
0.892781479835
0.892182092535
0.891416515798
0.891050473232
0.89071777193
0.890218838946
0.88975329382
0.889321109836
0.888855799542
0.888457058708
0.887958761263
0.887593428787
0.887261373585
0.88696257702
0.886597449556
0.886265581351
0.885867420764
0.885502518814
0.885071370455
0.884706632516
0.884275676744
0.883811688471
0.883347824448
0.883049687651
0.882652250821
0.882288012366
0.881791446968
0.881129582384
0.880831820201
0.88033567104
0.87993884552
0.879740465997
0.87940988378
0.879112412342
0.878715862036
0.878451544865
0.877989088596
0.877691857582
0.877361661161
0.877031526244
0.876701453452
0.876404440497
0.876008502123
0.875645638495
0.87534880446
0.875052020747
0.874722320084
0.874425642604
0.874096061221
0.873733592709
0.873371202474
0.873173564724
0.872844218795
0.872580786285
0.872218632125
0.871922379581
0.871560363339
0.871132626887
0.870737880691
0.870507653391
0.870178810675
0.869587051086
0.869291245842
0.868864062924
0.868502680978
0.868207060245
0.867845814975
0.86751747485
0.867222021855
0.866828164048
0.866532828469
0.866204737465
0.865679937481
0.865286432544
0.864893017067
0.864532462006
0.864335826954
0.863909862929
0.863582270169
0.8632219897
0.862796300268
0.86246891749
0.862076140037
0.861650735138
0.861356282977
0.86080023907
0.860505934146
0.860178985622
0.859917471533
0.859655997204
0.859394562634
0.859100497512
0.858741152026
0.858447197486
0.858218600968
0.857663571563
0.857304527382
0.857010818858
0.856717160655
0.856456174007
0.856129996455
0.855803881028
0.855510430322
0.855217029317
0.854858498911
0.854662967199
0.85427197522
0.853913642992
0.853653083144
0.853392563676
0.853099526724
0.852806539471
0.852546149224
0.852253257022
0.851895347866
0.851570040686
0.851244795009
0.850919611457
0.850626998818
0.85036694094
0.850106922822
0.849814449964
0.849522028049
0.849229655834
0.848580143571
0.848320398803
0.848028233465
0.847573863389
0.847216938294
0.846957402266
0.846406038238
0.846081781592
0.845822419514
0.845498272829
0.845109383161
0.844752979294
0.844461429615
0.844202316037
0.843910860788
0.8436518317
0.843328101874
0.843004434173
0.842648475122
0.842389639864
0.842130844367
0.841807406528
0.841387036242
0.841096067431
0.840805149564
0.840481966438
0.840191154804
0.839932697888
0.839512798509
0.839222154612
0.838996132555
0.838770140939
0.838544179765
0.838253704849
0.838027813254
0.837737426555
0.837479346738
0.837221307302
0.836963307626
0.836737590603
0.8365119034
0.836286246638
0.836060620317
0.83580279894
0.835545017323
0.835255061151
0.834965155921
0.834739707899
0.834417695831
0.834095744023
0.833870413418
0.833645113253
0.833387664627
0.833098083689
0.832744220116
0.832486910649
0.832229640942
0.831908110964
0.831650931338
0.831425931238
0.831168825541
0.830943891293
0.830718986866
0.830526235871
0.830237151934
0.829980230127
0.829659135645
0.829466507658
0.829177607611
0.828920849815
0.828471626177
0.828311216232
0.828054592626
0.827637667794
0.827349086448
0.827060556046
0.826836177817
0.826483647446
0.82622730713
0.826035077985
0.825778807249
0.825554602971
0.825298407406
0.825010234843
0.824530080393
0.824338048806
0.82408204148
0.823794081385
0.823506172854
0.823282277337
0.823122370605
0.822802603735
0.82241896736
0.822227181788
0.821971502482
0.821715863557
0.821460263771
0.821268590024
0.82101306044
0.820629843409
0.820406339279
0.820182865591
0.819927505608
0.819704097151
0.819512628417
0.81922546725
0.818970255124
0.81874697713
0.818491840175
0.818268627412
0.817981686168
0.817758542985
0.817503560101
0.817280482149
0.817025573193
0.816770704619
0.816515875184
0.8163247792
0.816070019344
0.815878975545
0.815592452402
0.815242326892
0.814987736638
0.814765002237
0.81447867541
0.81406518547
0.813810779106
0.81358820561
0.813270297521
0.813047798575
0.812857108888
0.812634666476
0.812444025247
0.812189871732
0.811935757977
0.811713441057
0.811554661894
0.811237152027
0.810951444585
0.810665788708
0.810443645738
0.810253262328
0.810062900662
0.80984084094
0.809491956687
0.809206557386
0.808984614459
0.808731003295
0.808509125599
0.808287278345
0.808065461531
0.80774863566
0.807526892776
0.807210172517
0.807020168691
0.806766865668
0.806418639941
0.806133783613
0.805880619749
0.805659133441
0.805311148759
0.805121368583
0.804805119233
0.804425704254
0.804046379356
0.804046347051
0.803856715975
0.803603909952
0.803382736754
0.803224774536
0.802972067913
0.802656242255
0.802435199519
0.802087914986
0.801866950528
0.801614457616
0.801362004463
0.800983402079
0.800667969051
0.800384131574
0.800068815341
0.799722040855
0.799343828617
0.799154752939
0.798965699626
0.798713663953
0.798493164811
0.798335684062
0.798052259095
0.797642958868
0.797517040121
0.797170819169
0.796887600456
0.796667353543
0.796415680059
0.79591247163
0.795472288428
0.795189371643
0.795000787995
0.794717955079
0.794498008851
0.794278092442
0.793932573503
0.793681334273
0.793461530932
0.793241758032
0.792990628142
0.792739538013
0.792519865134
0.79223747517
0.792017871871
0.791798299014
0.791610117936
0.791359245244
0.791139763711
0.790763584825
0.790544185918
0.790230817926
0.790011492948
0.789854850887
0.789572940527
0.789385024724
0.789134504902
0.788915332751
0.788633583917
0.788414481968
0.788132823215
0.787913789603
0.787663504614
0.787381980672
0.787194325794
0.786725291104
0.786225149788
0.78581889431
0.785568941068
0.785319028829
0.785006692734
0.784788094619
0.784538305387
0.784319771882
0.784038849311
0.783820385386
0.783633154821
0.783477146435
0.783258762651
0.78310279154
0.782822084543
0.78260379084
0.782354348888
0.782136119795
0.781949090515
0.781793249867
0.781543937135
0.7812635097
0.780951982473
0.780702805173
0.780515947359
0.780360249598
0.78008003401
0.779862122376
0.779706489847
0.779519751313
0.779239689173
0.779053006552
0.778773025796
0.778524197639
0.77833760075
0.778088840309
0.777902295605
0.777684688384
0.777436031692
0.777249565886
0.777063121825
0.776876700128
0.776690301418
0.776441804387
0.776255457241
0.775913880135
0.775665506733
0.775479252774
0.775355095894
0.77519991377
0.774982684891
0.774765486452
0.774548318455
0.774362198686
0.774145087223
0.773959015912
0.773741960982
0.773524937115
0.773338940354
0.773059988389
0.77287404754
0.772657144817
0.772316362911
0.772099538465
0.771851777616
0.771542135263
0.771294463253
0.771015882796
0.770799241619
0.770520748758
0.770335113564
0.770087636005
0.769902052997
0.769716492353
0.769561875568
0.768943612197
0.768634550713
0.768418243769
0.768232862045
0.767676899523
0.767398971378
0.767244587562
0.767059347484
0.76687412977
0.766719799382
0.766534622671
0.766318611442
0.766133483188
0.765979226728
0.7658249858
0.76557823324
0.765023198244
0.764345152574
0.764191076277
0.763975396174
0.763759745891
0.763574927021
0.76342092838
0.763236150511
0.762959027507
0.762805090991
0.762558825492
0.762374151994
0.762097185545
0.761851035598
0.761604925411
0.761358856848
0.761143577452
0.760897579711
0.760620883506
0.760436444841
0.760221294665
0.760067634605
0.759791088121
0.759330303015
0.7590538901
0.758838936239
0.758624012819
0.758347732852
0.758102188003
0.757825998738
0.757580540243
0.7573964706
0.757243096316
0.757059067676
0.756967061742
0.756844395862
0.756599095165
0.756415144802
0.756169914306
0.755955369227
0.755771497763
0.755495733434
0.755373186834
0.755128125318
0.754944353875
0.754760604798
0.754638117838
0.754546259141
0.754270717219
0.753842205446
0.753597391188
0.753383211405
0.753230244039
0.75301611582
0.752496244836
0.752098803035
0.751915400616
0.751640342648
0.751487552339
0.751243121391
0.751059823342
0.750907092051
0.750693294337
0.75038792805
0.74992999324
0.749777376881
0.749624776053
0.749441675561
0.749228087208
0.749045035174
0.748892508896
0.748678998821
0.748465519187
0.748160606412
0.74797768484
0.747764304606
0.747581431492
0.747398580742
0.747215752979
0.74703294696
0.746728321824
0.746484665576
0.746301949638
0.746088809207
0.745906141726
0.745753935392
0.745540873238
0.745327841526
0.745145266612
0.744810604643
0.744536847574
0.744384781021
0.744171914561
0.743959078543
0.743715874565
0.743563891881
0.743381533162
0.743199196808
0.742986499949
0.742773833532
0.742105678168
0.741741347147
0.741559212078
0.741407449938
0.741134319088
0.741012942924
0.74073988911
0.7405275445
0.740254575176
0.739769446375
0.739284460461
0.73913293129
0.738981417651
0.738799622405
0.738587556116
0.738466388692
0.73831494339
0.738133230149
0.737921258911
0.737709318736
0.737376336628
0.73719473832
0.736922386518
0.736710589852
0.736468573704
0.736287087221
0.736075381878
0.735924181969
0.735742763202
0.735561366178
0.735259088748
0.735077751985
0.734926654583
0.734654718398
0.734503664484
0.734171408618
0.733929810573
0.733718444432
0.733446734383
0.733235439065
0.733054351424
0.732933638755
0.73266207532
0.732511226418
0.732269902344
0.732058776006
0.731847678867
0.731636614034
0.731335147335
0.731124154566
0.730973464083
0.730852922879
0.730611870913
0.730220252092
0.729979305738
0.729648071208
0.729497532931
0.729286806057
0.729106206719
0.728985819585
0.728835349646
0.728564546622
0.728353953938
0.728143392317
0.727872717892
0.727662227093
0.727391640885
0.727181218424
0.726820577009
0.726640283326
0.726520099962
0.726369885357
0.726129577027
0.725799222188
0.725619055239
0.725528980152
0.725438910656
0.725288807255
0.725138719385
0.7248686016
0.724688550204
0.724448518331
0.724298517435
0.724088542896
0.723848610422
0.723668686383
0.72342882349
0.723189000356
0.723039129924
0.722529702158
0.722319984816
0.722200159293
0.722050391366
0.721870690356
0.721691011711
0.721481415513
0.721301785325
0.721122177502
0.720852809566
0.720643336376
0.720553570671
0.720403973589
0.720254392038
0.720104826018
0.719925367295
0.719775835444
0.719596417724
0.719417022369
0.719207756055
0.719028409157
0.718908857605
0.718669784942
0.718520383553
0.718370997696
0.71804241342
0.717863211895
0.717713894375
0.717445165706
0.717116787685
0.716967547821
0.716878011358
0.716639276655
0.716311082524
0.71616192653
0.716012786066
0.715863661134
0.715714551733
0.715535641574
0.715386566342
0.715237506641
0.715088462472
0.714760624938
0.714492449803
0.714283902897
0.713896686256
0.713718002854
0.713539341817
0.713450019685
0.713241623742
0.713003494137
0.71273564578
0.712616617942
0.712408345007
0.712021634064
0.711872925369
0.711664759911
0.711367438816
0.711099897977
0.710862129318
0.710654111718
0.710446123937
0.710238167218
0.710089644899
0.709911439238
0.709644173613
0.709436334311
0.709287895861
0.709169156283
0.709020745789
0.70881299781
0.708694297992
0.70845693004
0.708278928771
0.708130611464
0.70798231031
0.707804368681
0.707656101695
0.707359614939
0.707152111734
0.707033551076
0.706855728727
0.706529783522
0.706233533462
0.706085430487
0.705937343664
0.705759659232
0.705522783311
0.705345151064
0.705167541804
0.704930765282
0.704753207585
0.704575672254
0.704457327791
0.704309411191
0.704161510122
0.703599653797
0.703451827278
0.703244897486
0.702890239333
0.702683390926
0.702565205503
0.702387946007
0.702240246844
0.701974429975
0.7018267743
0.701620082447
0.701383902326
0.701295344332
0.701118245739
0.700941169512
0.700793622555
0.700469074543
0.700174099289
0.700026633095
0.699849694164
0.699613812243
0.699436926118
0.699348491131
0.699201111913
0.699024277973
0.698759072414
0.698582293765
0.698434995309
0.698287712384
0.69814044499
0.697993193128
0.697551559306
0.697404369569
0.697316063181
0.69713946718
0.69699232093
0.696756921099
0.696609815231
0.696521559164
0.696345064427
0.696198002046
0.696021548311
0.695874520099
0.695727508039
0.69543353859
0.695257181149
0.695051459068
0.694904533362
0.694757623187
0.694551975656
0.694375730041
0.694199507411
0.694023307146
0.693788409286
0.693582905264
0.693436135491
0.693289380629
0.693113295917
0.692849212337
0.692673182916
0.692438513675
0.692262537061
0.692086582811
0.691939970837
0.691793374393
0.691617479784
0.691470917509
0.691265757039
0.69097272692
0.690796936681
0.690621168185
0.690416133207
0.69024041379
0.690035435967
0.689859765008
0.689859751961
0.689713376683
0.689508477138
0.689508452909
0.689332848424
0.689128006654
0.688981708411
0.688835425699
0.68868915914
0.688542907491
0.688367426013
0.688221208532
0.688075006583
0.68781188594
0.687694957928
0.687519584548
0.687373457149
0.687139686857
0.687052032783
0.686876742029
0.686672264312
0.686497022016
0.686321801463
0.686117407615
0.685913044209
0.685708711865
0.685533593818
0.685387677644
0.685212599358
0.68500836952
0.684658344031
0.684541684399
0.68436671421
0.684191767629
0.683900245906
0.6837253571
0.683492207438
0.683346508702
0.683142556563
0.682909506922
0.68279299639
0.682560007011
0.682385289671
0.682094148153
0.681919490453
0.681773960075
0.681628444607
0.681453846547
0.681279270852
0.681162899481
0.680988361061
0.680842929462
0.680552116585
0.680261363349
0.680028806359
0.679883477267
0.679767225175
0.679563808554
0.679418529162
0.6792732653
0.679011831974
0.678895654432
0.678779486831
0.678518152283
0.678372984715
0.678169776213
0.678053670737
0.677821490225
0.677676397208
0.677560333976
0.677415268915
0.677357247239
0.677154194671
0.676922170093
0.67677717337
0.676603199666
0.676458237111
0.67608142952
0.675878566433
0.675617786041
0.675443960195
0.67529912189
0.675125338289
0.674980534153
0.674806790312
0.674575167062
0.674227809222
0.674054162296
0.673909473091
0.673706936161
0.673562284231
0.673359798244
0.672926020132
0.672781452071
0.672636899541
0.672492362543
0.672347841076
0.67220333514
0.672029949139
0.671827694878
0.671654356714
0.671509925328
0.671394391401
0.671249987972
0.671047849884
0.67084574348
0.670672532051
0.670470480317
0.670239603189
0.670124178603
0.669979911848
0.669835660625
0.669691424933
0.669518363225
0.669403000764
0.669258811666
0.669114638099
0.668970480063
0.668768685527
0.668566922053
0.668422823036
0.668278739551
0.668134671596
0.668019428415
0.667875388417
0.667760167601
0.667644956725
0.66747215967
0.667299384979
0.667155422638
0.66698268895
0.666666071819
0.666550955373
0.666320752923
0.666176896193
0.666033055617
0.665831704653
0.665659141809
0.665515356524
0.665342835304
0.665199084187
0.665084094476
0.664969114705
0.664854144874
0.664767924024
0.664624235033
0.664250729387
0.664164547675
0.664020923915
0.663877315686
0.663561439707
0.663446591641
0.663303045537
0.663159514964
0.663044701688
0.662614281435
0.662470825412
0.662241334293
0.662126600537
0.661925841625
0.661811135205
0.661667766157
0.661553082101
0.661352410164
0.661237753444
0.66097981465
0.660836535684
0.660693272248
0.660550024966
0.660406792593
0.660292217877
0.660120375063
0.659919919942
0.659776755907
0.659662235861
0.659461851563
0.659290116846
0.659147021149
0.659003941604
0.658889488653
0.658717828486
0.65848898471
0.658288778711
0.658117196821
0.657888457415
0.657745513924
0.657631170313
0.657402514155
0.65725962347
0.657002461239
0.656859614663
0.656688219148
0.65654540612
0.656374051608
0.656202719461
0.655945766592
0.655774490357
0.65560323773
0.655432006226
0.65534639855
0.65523226368
0.655061080633
0.654889919951
0.654462126344
0.654291043318
0.654148491836
0.654005955264
0.653777931538
0.65346446601
0.65326502477
0.653122584492
0.653008643452
0.652837750529
0.652752312454
0.652638403719
0.652496031778
0.652353675368
0.652125938039
0.651926699948
0.65175594867
0.651613673023
0.65132917205
0.651215387565
0.651130055724
0.651016289255
0.65093097046
0.650760349645
0.650589751816
0.650447603525
0.650305470766
0.650106512237
0.649879169402
0.649708687125
0.649538227214
0.649453005956
0.64919737635
0.649055380265
0.64894179458
0.648828218835
0.64871465303
0.648487553104
0.648374017118
0.648260491073
0.648118597495
0.647976720069
0.647863228814
0.647721378724
0.647579544164
0.647466087699
0.647352641174
0.647239204589
0.64706906897
0.646955657235
0.64658716011
0.646332095221
0.646247083945
0.646105410911
0.645935423771
0.645737134329
0.645595517207
0.645425597783
0.64522738724
0.645085826031
0.64477445536
0.644604644033
0.644406559604
0.644293381459
0.644151922756
0.644010479585
0.643840768901
0.643699359898
0.643557966427
0.643444862832
0.643190419814
0.643020817228
0.642907760848
0.642653422822
0.642540398747
0.642257888881
0.642060165398
0.641551885703
0.641438958544
0.641297813572
0.641156684132
0.640959130872
0.640818038706
0.640648749231
0.640507691855
0.640394856641
0.640282031366
0.640141013751
0.640028210841
0.639915417871
0.639774440637
0.639605289079
0.639464346014
0.639295234837
0.639154325941
0.639013432575
0.638788037981
0.638619016886
0.638309206174
0.638083937072
0.637830556392
0.63766166141
0.637464647396
0.637323940406
0.637211385996
0.637126976712
0.637014439697
0.636901912623
0.63681752384
0.636705014161
0.636508148003
0.636367546626
0.636226961401
0.636086391707
0.635945836923
0.635833404279
0.635552372989
0.635439975135
0.635271397612
0.635159024607
0.635074751998
0.634850054447
0.634400791049
0.634260422641
0.634176209051
0.634007799265
0.633867474344
0.633699105561
0.633530758522
0.633390486408
0.633278279898
0.63313803574
0.632997807112
0.632829553261
0.632689358802
0.632549179875
0.632437047916
0.632296896945
0.63210071292
0.631988620721
0.631876538462
0.63159638562
0.631484338151
0.631344293414
0.631232268309
0.631064249912
0.630924251768
0.630756273752
0.630616309156
0.630476360091
0.630140551295
0.630000655037
0.629804828231
0.629636999315
0.629189605881
0.629049815235
0.628910040121
0.628742331727
0.628602590781
0.628490809207
0.628379037573
0.628211399381
0.628071717454
0.627848259918
0.627736545439
0.627652766103
0.627513146922
0.627401462884
0.627261871038
0.627038562603
0.62689901176
0.62675947769
0.626564154098
0.626452553929
0.6263409637
0.626229383411
0.626089922027
0.625922590112
0.625783162897
0.625643751214
0.625504355062
0.625392849323
0.625225611216
0.62494693695
0.624835480911
0.624696174841
0.624529028678
0.624361905503
0.624250501649
0.624139107735
0.623999879321
0.623888507772
0.623749307935
0.623554455871
0.62341529331
0.623276145658
0.623109188977
0.622775351408
0.622608462444
0.622469404873
0.622330362834
0.622219140385
0.622080126302
0.621857736696
0.621802145352
0.621663177863
0.621496437377
0.621329719878
0.621190805195
0.62110746384
0.620968574629
0.620885248184
0.620746383201
0.620690841557
0.619636085832
0.618942631911
0.618637629676
0.618499016921
0.618332701371
0.618221836762
0.618083270601
0.617972428357
0.617806185493
0.617639963751
0.6175014622
0.617307589848
0.617169125572
0.617058365333
0.616892244234
0.616753826552
0.616698463827
0.616532390565
0.616394013263
0.616227981624
0.616117306497
0.615840667447
0.61573002711
0.61559173989
0.615453468823
0.615259916415
0.615094037603
0.614928181157
0.614762347075
0.614624168574
0.614430745386
0.614264979642
0.614126857054
0.613850660955
0.613712584961
0.613546914268
0.61338126594
0.613132836005
0.612967244211
0.61288445639
0.612691308416
0.612332700975
0.612194795824
0.612084482886
0.611946605691
0.611808744027
0.611560635899
0.611395256573
0.6112850157
0.611147228587
0.611064563774
0.610926802131
0.610733962298
0.610513613499
0.61037591336
0.610238228753
0.610100560298
0.609880322703
0.609687648743
0.60957756194
0.609467485077
0.609329903597
0.609164826199
0.608697239644
0.608532247357
0.60839477149
0.608229820205
0.608037405928
0.607899985973
0.607762580929
0.60759771724
0.607487819297
0.607350461468
0.607185652449
0.606965944781
0.60682864597
0.6066364541
0.606499191944
0.606361945318
0.6062521592
0.606032618648
0.605895425449
0.605730813989
0.605429092577
0.605209701747
0.605100019999
0.604962932413
0.604825859737
0.60471621278
0.604606575762
0.604469544089
0.60414073989
0.604031155057
0.603866796445
0.60370246082
0.603538147559
0.603373857906
0.603182213979
0.603045343831
0.602881121273
0.602662192652
0.602525380902
0.602388584683
0.602361227303
0.602224449721
0.602060337746
0.601950941773
0.601868901316
0.601622819707
0.6014314541
0.601212787647
0.60110346871
0.600939509562
0.600830215474
0.600693611842
0.600611657119
0.600475078958
0.60028389662
0.600174662173
0.599956225582
0.599792424232
0.599683234514
0.599328444035
0.599110159651
0.598973751713
0.598837359307
0.598673709542
0.598537351304
0.59837374192
0.598264681422
0.598128369779
0.597992074287
0.597855793706
0.597610532147
0.597419805186
0.597229109908
0.59714739188
0.597038443208
0.596902271967
0.596657206101
0.596493855779
0.596384966746
0.596276087654
0.596140002766
0.596031146039
0.595840670684
0.595650228255
0.595514214811
0.595351019802
0.595242235139
0.595133460417
0.594589773801
0.594453881501
0.594345178843
0.5942093145
0.594073465687
0.593937632406
0.593801815278
0.593421630569
0.593285871838
0.593150128638
0.592987257921
0.59279727149
0.592688720418
0.592525912447
0.592525903128
0.592363117522
0.59225460621
0.592118981048
0.591983372038
0.591983362719
0.59179353595
0.591793522903
0.591712177626
0.591603725954
0.591468175963
0.591251329773
0.591034524586
0.590871943993
0.590763569356
0.590573939522
0.59046559222
0.590303090526
0.590194768073
0.590059378986
0.58986986222
0.589734510408
0.589599174749
0.589517980435
0.589382669004
0.589247373105
0.589139147568
0.589030931971
0.588922726313
0.588814530596
0.588652259386
0.588544088519
0.588435927591
0.588354813419
0.588246669887
0.588057444488
0.587949328291
0.587841222034
0.587679081286
0.587570999878
0.58719281249
0.587030761823
0.586868734764
0.586760727907
0.58659873688
0.586436768218
0.586328801121
0.5862748213
0.586166869113
0.586058926866
0.585950994559
0.585843072192
0.585708183833
0.585600283831
0.585519365353
0.585411482746
0.585249679337
0.585222713965
0.585007015225
0.584845265865
0.584656587166
0.58438709995
0.584279321713
0.584144612895
0.584009920229
0.583902176783
0.583740582113
0.583579008567
0.58347130488
0.583390533638
0.58320208915
0.583094420254
0.582986761297
0.5828522022
0.582744565608
0.58252932473
0.582421717958
0.582287223471
0.582179639064
0.582045172534
0.581910722156
0.5819106942
0.581803144583
0.581695604906
0.581614956672
0.581426799823
0.581319294936
0.581238672795
0.581131185303
0.580889379138
0.580781924573
0.580647619568
0.580540186746
0.580298501104
0.580191100587
0.58008371001
0.579976329374
0.579868958677
0.57976159792
0.579600576665
0.57949324138
0.579198136285
0.579090837653
0.578956728342
0.578849452075
0.578688558176
0.578474069011
0.578313226055
0.578179206825
0.577991607859
0.577804039334
0.577696869922
0.577482564647
0.577080876601
0.576518714621
0.57638490351
0.576170839901
0.576037069792
0.575689347278
0.575582374181
0.575475411025
0.575368457808
0.575208047243
0.575101118876
0.574914019395
0.574807118364
0.574726949114
0.574620065477
0.57445975866
0.57432618673
0.574219340369
0.574005681815
0.573925568477
0.573818759391
0.573738659099
0.573578475289
0.573391626173
0.573204805633
0.573071380319
0.572937969914
0.572857931126
0.57275122144
0.572644521693
0.572537832508
0.572431152642
0.572351149265
0.572137843582
0.571951226191
0.571844600995
0.571737985739
0.57155143358
0.571444845658
0.571284983035
0.571125143398
0.57099195975
0.570858792254
0.570752268943
0.570645755572
0.570512627836
0.570273041399
0.570113342786
0.569953665917
0.569767406366
0.56966098494
0.569554573454
0.569394975484
0.569315184575
0.569022675685
0.568942910868
0.568809982554
0.568650490196
0.568517595429
0.568305002319
0.567933077134
0.567826827173
0.567614359556
0.567508139415
0.567428480832
0.567269180441
0.567162992605
0.567003731352
0.566844491222
0.566711808301
0.566579140912
0.566473017686
0.5663669044
0.566287325958
0.566128186471
0.565995587419
0.565889518863
0.565783460247
0.565677411571
0.565438840878
0.56522681994
0.565041334468
0.564935355372
0.564802896101
0.564723427621
0.564617478345
0.564432094758
0.564326172817
0.564220260816
0.563982000749
0.563849652682
0.563717320147
0.563611465301
0.563505621016
0.563399786051
0.563293961025
0.56318814656
0.563029444433
0.562844320528
0.56271210603
0.562579907685
0.56244772425
0.562368421643
0.562262693533
0.562130547372
0.562024841626
0.561866301645
0.56176062075
0.561654949794
0.561522875077
0.561417226487
0.561285179726
0.560862758071
0.560598814893
0.560493253277
0.560387701602
0.560282159866
0.56017662807
0.560071106215
0.559991971346
0.559886466885
0.559780972365
0.559622749842
0.559517280172
0.559306376863
0.559121865511
0.558990088995
0.558752936617
0.558673894936
0.558568514725
0.55843680344
0.558331445595
0.558226097689
0.558120759723
0.558015431698
0.557883785644
0.557778479984
0.557620540751
0.557515259941
0.557436305856
0.557304728761
0.557252102023
0.557067928632
0.556962700006
0.556831178203
0.556725971942
0.556620775622
0.5564367066
0.556305246922
0.556226378569
0.556121229464
0.555884682805
0.555779566004
0.555674459144
0.555621909441
0.555516817491
0.55541173548
0.555254131102
0.555149073942
0.554755239121
0.554571480103
0.554518982586
0.554309023578
0.554177816126
0.554046624207
0.553994151539
0.553889213659
0.553758055908
0.553653140392
0.553522009976
0.553443339182
0.553338453486
0.553233578352
0.553050073426
0.552840387768
0.552709353646
0.552604537531
0.552421133868
0.55221157246
0.552106805424
0.551975858898
0.551844927282
0.551740193172
0.551609289512
0.551530754771
0.551373705791
0.551216676069
0.551112001599
0.551007337069
0.550902682479
0.550771878219
0.550641090112
0.550431864179
0.550327264259
0.550196528958
0.55011809486
0.55001352476
0.5499089646
0.549673741825
0.549595345002
0.549490824602
0.549412440825
0.54930793782
0.549203444755
0.549125081479
0.548994488445
0.5488900252
0.548785571894
0.548681128529
0.548524483983
0.548420065468
0.548315656893
0.548002503854
0.547898135039
0.547715514773
0.547611173915
0.547506842375
0.547402520775
0.547272133374
0.547011409515
0.54690713513
0.546698625499
0.546594380934
0.546490146309
0.546385922246
0.546255655989
0.546125405263
0.545995170069
0.545890992599
0.545760785361
0.545552487576
0.545448352351
0.545344227066
0.545266139626
0.545083958584
0.545005889781
0.544901806741
0.544797733641
0.544589623474
0.544511590083
0.544251524749
0.544147513774
0.54399151595
0.543887529825
0.54378355364
0.543679587395
0.54349767287
0.54339373396
0.543185888446
0.543081979356
0.542978080206
0.542822251983
0.542718378304
0.542614513944
0.542536622198
0.542432775233
0.542354896533
0.542199157148
0.54204344075
0.541939641
0.54183585119
0.541758015356
0.541654242941
0.541498603578
0.541394856013
0.541031836452
0.540928133617
0.540824440723
0.540772598003
0.54066892064
0.540487509327
0.540357947568
0.540254309344
0.540176587198
0.539891657562
0.539762167247
0.539632692463
0.539529123819
0.539399676991
0.539270246316
0.539140831172
0.539063189168
0.538907923798
0.538700939336
0.538519858529
0.538416396739
0.53831294489
0.538157786374
0.538080215193
0.537976795648
0.537873386044
0.537537407646
0.537459881195
0.53735652129
0.537279007885
0.537175665375
0.536839884535
0.536736584271
0.536504199368
0.536375115972
0.536271860437
0.536271826269
0.536142770829
0.536039537659
0.535858904773
0.535781499466
0.535652503666
0.535549317712
0.535420349247
0.535317185657
0.535239819489
0.535110888299
0.534904633185
0.534801519296
0.53464686772
0.534543778681
0.534414931981
0.534311865307
0.534208808573
0.534131522545
0.533951213952
0.533770934558
0.533719431041
0.533642180424
0.533513442443
0.533436206737
0.533204542484
0.533075856688
0.532972919234
0.532844262016
0.53263844302
0.532535547811
0.532432662541
0.532304069933
0.532226921823
0.532124066374
0.532021220865
0.531892679199
0.531738448831
0.531609940092
0.531507144282
0.53137866412
0.531070381063
0.530941953707
0.530839222508
0.530736501249
0.530608114274
0.530454071525
0.530377057605
0.530171720699
0.530017740695
0.529838127903
0.529761158713
0.529709849026
0.529607237107
0.529478986186
0.529402043088
0.529017425138
0.528940515588
0.528709826698
0.528632939513
0.52842793684
0.528274212792
0.528197357291
0.528120507381
0.527966825577
0.527710746186
0.527429127194
0.52732673644
0.527326727121
0.527249940579
0.527198752657
0.527070797451
0.526968441487
0.526866095463
0.526738176911
0.526661433235
0.526559117032
0.526380089457
0.526226660502
0.526124386543
0.526022122524
0.525945431033
0.525587623762
0.525459861144
0.525357662357
0.525255472888
0.52517883731
0.525076665236
0.524846823732
0.524770217973
0.524693617806
0.52461702323
0.524463850852
0.52431070146
0.524208613876
0.52402998825
0.523876903468
0.523800368532
0.523621811244
0.523443284397
0.523341281303
0.523239288771
0.523086320162
0.522958861336
0.522805931867
0.522729475208
0.522627541695
0.522500139402
0.522398228253
0.522296327045
0.522219907661
0.522118023848
0.522016149974
0.521837894613
0.521710587993
0.521659669694
0.521227006105
0.521074331349
0.52097255936
0.520769051415
0.520667309247
0.520438431923
0.520336722059
0.520260446185
0.520158754338
0.52003165273
0.519777505427
0.519548818828
0.519447195939
0.519345582991
0.519218580783
0.5191169902
0.519015409556
0.51888844773
0.518685344841
0.51860919011
0.51853304097
0.518456897422
0.518304628963
0.518152382248
0.518101637899
0.518025526034
0.517847957155
0.517721138838
0.51754362028
0.517467549418
0.5173661303
0.517188671382
0.517061933827
0.516935211803
0.516859185672
0.516783165131
0.516707150181
0.516605805613
0.516504470985
0.516327161167
0.516225853874
0.516149879927
0.516048590029
0.515921992255
0.515719468992
0.515567603103
0.515415758337
0.51528923822
0.515188032812
0.515086837343
0.514960356986
0.51480860168
0.514732732103
0.514479875759
0.514353469952
0.514302911978
0.514201803484
0.513923828746
0.513822757528
0.513645910542
0.513544866659
0.513443833337
0.513317554886
0.513216543308
0.513039799449
0.51283784463
0.512711641351
0.512610689412
0.512509747414
0.512434047439
0.512080877802
0.51200520951
0.511879108737
0.511803455355
0.511677379432
0.511576529379
0.511475689266
0.511400066325
0.511148037486
0.511047239618
0.510921256883
0.510795289678
0.5106945266
0.510467847881
0.510316755449
0.510190862795
0.510115334285
0.510064985051
0.509762959848
0.509662298655
0.509536486763
0.509360379065
0.509209451885
0.509133996061
0.509033396993
0.508957954215
0.508882517029
0.508756801431
0.508505428632
0.508379759007
0.508279234489
0.508178719911
0.508078215273
0.507977720575
0.507852116181
0.507801878772
0.507600957714
0.50752562117
0.507425181142
0.507299645706
0.507174125802
0.507023521673
0.506898035316
0.506797657413
0.506697290072
0.506546758008
0.506471500362
0.506346082965
0.506220681098
0.506070220478
0.506070208053
0.505869628061
0.505769352043
0.505618957275
0.505518706107
0.505368347993
0.505293177323
0.505117802079
0.505017600611
0.504917409083
0.504842271961
0.504767140429
0.504692014489
0.504641933635
0.504516742994
0.504416601166
0.504341501318
0.504241376886
0.503916069084
0.503815986896
0.503565829263
0.503490792783
0.503390752841
0.503265717512
0.503165699934
0.503040693804
0.502940698591
0.502815719175
0.50259080108
0.502490850597
0.502365927093
0.502365910941
0.502241002968
0.502166065267
0.501966263081
0.501841406051
0.5016915965
0.501491890608
0.501417008819
0.501342132622
0.501142492582
0.501067636885
0.500967837988
0.50086804903
0.500693443515
0.500618621367
0.500543804809
0.50049393021
0.500394188468
0.500269525889
0.500219664958
0.500194735424
0.500070097695
0.499945475498
0.499845788426
0.499771029644
0.499696276454
0.499596614853
0.499496962571
0.499422229882
0.499297687826
0.499198065364
0.49912335504
0.499048650308
0.498874362251
0.498799676157
0.498700103394
0.498575652041
0.498500988311
0.498426330172
0.49827703129
0.498152632742
0.49805312459
0.497978499999
0.497854138727
0.497729792986
0.497580599095
0.497481148097
0.49738170704
0.49730713277
0.497207709108
0.497033745344
0.496909501488
0.496710749836
0.496586546983
0.496338194704
0.496263698711
0.496114724743
0.496015420361
0.495916125918
0.495816841416
0.495767202893
0.495692749767
0.495568674269
0.495469424557
0.495345378259
0.495246151533
0.495122131948
0.495022927587
0.494923732545
0.494849342787
0.49475016514
0.494551843393
0.494452695566
0.494229658616
0.494155321043
0.493858032874
0.493758954627
0.49365988632
0.493560827953
0.493437018972
0.49333798297
0.493238956908
0.493164693884
0.493065685217
0.492966687112
0.492892444589
0.492719236266
0.492669753055
0.49257079471
0.492496582007
0.492397641057
0.492298710046
0.492199788354
0.492100876602
0.491977251511
0.491878362124
0.49175476499
0.491631184629
0.491532330032
0.491458195608
0.491359359027
0.491285237649
0.491211121861
0.491137011666
0.491038206769
0.490964109619
0.490840627416
0.490717160744
0.490470279586
0.490371542405
0.490272815164
0.490198775791
0.490124742009
0.490026038997
0.489952018261
0.489803994185
0.489705323478
0.489581999072
0.489434034015
0.489335401204
0.489162817859
0.489039565518
0.488940971847
0.488842388115
0.488719173049
0.488423526224
0.488374259208
0.488275732631
0.488177216616
0.488078709919
0.487980213162
0.487857106815
0.48778325009
0.487684783153
0.487537103249
0.48738944571
0.487291018533
0.487118796135
0.487069594971
0.4869712001
0.486799035477
0.486602312208
0.486405628698
0.486307300921
0.486208983084
0.486110675188
0.486036950788
0.485938660287
0.485864948934
0.485766676448
0.485594726157
0.485496480386
0.48537368777
0.485152708402
0.485079056689
0.48480906129
0.484710895039
0.484612738727
0.484465523519
0.48439192399
0.484293799984
0.484122108754
0.484024012083
0.483827851045
0.483705269655
0.483631727903
0.483533680931
0.4834356439
0.483264104255
0.483141593688
0.483019099273
0.482945609706
0.48287212573
0.482749665484
0.482651707973
0.482553760401
0.482480306246
0.48238237669
0.482284456454
0.482186546157
0.482064172886
0.481990756006
0.48181947418
0.481721611099
0.481599296846
0.481379182259
0.481305817563
0.481208006667
0.481134655018
0.48106130896
0.480987968493
0.480914633618
0.480816863103
0.480719101906
0.480670225035
0.480572478749
0.480425879821
0.480328158384
0.480230446888
0.480132745332
0.480035053715
0.479937372039
0.479815284543
0.479693212578
0.479619976482
0.479497929367
0.479375899026
0.479302687158
0.479253882352
0.479253862472
0.47913186133
0.479009875719
0.478717187288
0.478619639802
0.47844895624
0.478327058847
0.478180801606
0.478058937139
0.477985825913
0.477839620858
0.477766526406
0.477644714745
0.477571635204
0.477425494758
0.477328079598
0.477230674378
0.477108931676
0.476889839046
0.476792478556
0.476719464245
0.476622120529
0.476524786753
0.476524780541
0.476451786732
0.476281492073
0.476086906526
0.476013946264
0.475600629654
0.475503400248
0.475406180782
0.475284670427
0.475187473326
0.475114582023
0.474993108944
0.474895941663
0.474798784322
0.474701636921
0.474628782893
0.474531652887
0.474458811906
0.474288873845
0.47419177925
0.473973355706
0.473852029241
0.473730717687
0.473633679626
0.473536651505
0.473439633945
0.473366876833
0.473221380002
0.473100149211
0.472930454058
0.472712319396
0.472542695687
0.472494236297
0.472397324971
0.472300423585
0.47222775469
0.472082433673
0.471912920548
0.471767649231
0.471622399659
0.471549782327
0.471428766488
0.471331964502
0.471210977862
0.471138392214
0.471065812158
0.470944858444
0.470775552194
0.470703000094
0.470630453586
0.470557912668
0.470437023564
0.470340323463
0.47019529195
0.470146953082
0.470074449439
0.470074433908
0.470001935857
0.469929443397
0.469639536925
0.46954291945
0.469349715564
0.469277273425
0.469228981772
0.469156548952
0.469035840632
0.468939284661
0.46884273863
0.46877033563
0.468673807616
0.46857728892
0.468504906422
0.468456654529
0.468239561703
0.468143087737
0.468046623712
0.467998395426
0.467757304942
0.467684985811
0.467612672271
0.467540364323
0.46749216213
0.467323476509
0.467251190926
0.467154818845
0.467058456704
0.466938019249
0.466841680095
0.466841671397
0.466769423089
0.466769416876
0.466697174159
0.466576782676
0.466504554869
0.466504548657
0.466432326441
0.46633603885
0.466239761199
0.466239754987
0.466167553272
0.46602316848
0.465926923756
0.46585474627
0.465854737572
0.46585473136
0.465734447975
0.46563823307
0.4654217938
0.465325610579
0.465229437299
0.465109235298
0.465037121179
0.465037109375
0.46482080678
0.464652602628
0.464580523921
0.464436384523
0.46443637831
0.464316278194
0.464172179177
0.464028103768
0.463932064678
0.463836035527
0.463740016317
0.463668008432
0.463572006617
0.463571997919
0.463452009628
0.463356030178
0.463236070464
0.46311612566
0.462852307354
0.462636514183
0.462540619223
0.462420764501
0.462324891905
0.462205065761
0.462061294764
0.462013375861
0.462013352254
0.462013346041
0.461797747944
0.461677990136
0.461677939815
0.461534250823
0.461414526564
0.461318758338
0.461318742186
0.461222983901
0.461103300022
0.460983631675
0.46088790818
0.460648652248
0.460648646035
0.46064863361
0.460505104901
0.460409431106
0.46014638315
0.459979026384
0.459883407259
0.459763897951
0.459692199449
0.459596610144
0.459405467566
0.459286021627
0.459166589976
0.459071055341
0.458999410888
0.458880017754
0.458784512939
0.458665145898
0.458569663448
0.458426460274
0.458307140449
0.458211695273
0.45811626066
0.458044690756
0.457973126444
0.457901567724
0.457901558405
0.457830005276
0.4577346098
0.457663069717
0.45754384867
0.457448483015
0.457329290546
0.457257782146
0.457162446311
0.456995638731
0.456900330852
0.456828856
0.456733564895
0.456423965408
0.456328717169
0.456185863138
0.456090639128
0.456019227644
0.455900221549
0.455828824975
0.45573363824
0.455638462066
0.455519505672
0.455424351863
0.455352992564
0.455281638856
0.455162728434
0.455067611279
0.454948729435
0.454853634645
0.454758549795
0.454639708332
0.454544645847
0.454449593924
0.454354551319
0.454259519275
0.45416449655
0.454069483765
0.453950733626
0.453831997776
0.453760763348
0.453523359984
0.453452149785
0.453380945177
0.453286014397
0.453191093557
0.453048732178
0.452906393784
0.452835232043
0.452740358418
0.452645494733
0.452574353493
0.452455797183
0.452384670853
0.452171327894
0.452147625951
0.452052824391
0.451981729745
0.45188694558
0.45181586398
0.45174478797
0.451673717552
0.451602652726
0.451413177584
0.451318453059
0.451247416189
0.451058018082
0.45089232813
0.450821324808
0.450726662408
0.450632009948
0.450513708973
0.45022984913
0.450135248856
0.450040659142
0.449969722914
0.449898792278
0.449662404659
0.449544230419
0.449449702209
0.449378812575
0.449237051944
0.44914255604
0.449024450137
0.44890636163
0.448835514862
0.448741061202
0.448646617483
0.448552184324
0.448481365513
0.448386949128
0.448316143363
0.448221744374
0.448150951655
0.44805657006
0.447938607666
0.447867837312
0.447797072549
0.44770272823
0.447608393851
0.447537649589
0.447419755533
0.447325450973
0.447254729077
0.447136872296
0.447019031046
0.446948333378
0.446877641301
0.446830516357
0.446759833599
0.446477168421
0.446359414146
0.446241674781
0.446123950947
0.446029783063
0.445935625119
0.445794410567
0.445700277473
0.445629684175
0.445535568476
0.445441463337
0.445370890541
0.445300323336
0.445112175185
0.445041628481
0.444924063066
0.444806513182
0.444712484458
0.444430464138
0.444148541354
0.443913668964
0.443749291094
0.44356146972
0.442599786615
0.442505991481
0.442341874535
0.442013753712
0.441943453023
0.441873157926
0.441802868419
0.44156861231
0.441451508485
0.441357835737
0.441287587233
0.441147107621
0.441006651616
0.440889620476
0.440796007368
0.440702403579
0.440445051246
0.440351484732
0.440234541189
0.440164382145
0.439907186367
0.439813677629
0.43972017821
0.439322953226
0.439252866869
0.438949230764
0.438832473596
0.438785774829
0.43869238475
0.438599005232
0.438482294658
0.438365600857
0.438295590914
0.438225586562
0.4381555878
0.437992281587
0.437922301463
0.437759039979
0.437689078493
0.437595805831
0.437525857391
0.437455914542
0.437385977285
0.437339355553
0.437269427615
0.437199505267
0.437106284168
0.437036374867
0.436873278636
0.436803387973
0.436710209119
0.436617040205
0.436477306093
0.436407447113
0.436337593725
0.436267745927
0.436197903721
0.436104789478
0.436034960318
0.43591859081
0.43584877656
0.435755699591
0.435685898388
0.435592838814
0.435476530189
0.43540675135
0.435336978103
0.435243955804
0.435150943446
0.4350811907
0.434964950412
0.434686040692
0.434686034479
0.434616319008
0.434151717561
0.434082044957
0.434012377943
0.433965936374
0.433896278679
0.433826626576
0.433826614151
0.433733753377
0.433594484582
0.433524856707
0.433408823295
0.433339210331
0.433269602957
0.433223201148
0.433107207497
0.433037618761
0.432921650581
0.432828886722
0.432689761435
0.432573839228
0.432481113265
0.432342043891
0.432226170141
0.43199447172
0.431809154606
0.431716510028
0.431623875389
0.431531250691
0.43146178869
0.43139233228
0.431299732432
0.431207142523
0.431137706615
0.431068276298
0.430952573392
0.430813751896
0.430721214794
0.430536171031
0.430466789171
0.430397412903
0.430281798214
0.430189318267
0.42998128265
0.429634664098
0.429565354925
0.429449853925
0.429403657128
0.429334366592
0.429288176008
0.429195802916
0.429126529154
0.428964914605
0.42889565948
0.428757167869
0.428641775588
0.428549471455
0.428411035756
0.428318756473
0.428249553533
0.428203421346
0.42804198199
0.427949742467
0.427857512883
0.427788347219
0.427696135031
0.427603932782
0.42746564929
0.427373471891
0.427258264743
0.427166110331
0.427073965238
0.42695879847
0.426820618727
0.42672851153
0.426636413652
0.426429232875
0.426199091307
0.426130059832
0.426038027185
0.425946003857
0.42585399109
0.425784987572
0.425692991579
0.425624001107
0.425532022509
0.425440053851
0.425256152567
0.425164213729
0.424980371464
0.424911438768
0.424658742706
0.424543901474
0.424429075774
0.424360187808
0.424291305434
0.424222428651
0.424107647059
0.423924034035
0.423740458287
0.423671626234
0.423579858861
0.423488101428
0.423419289876
0.423327549838
0.423327543625
0.423121177929
0.42300654668
0.422891929719
0.422800247457
0.422731491818
0.422616912132
0.422479436887
0.42236489137
0.422319077263
0.422250360763
0.422181649854
0.422090044006
0.421906868342
0.421838185389
0.421746616816
0.421655058183
0.421517740735
0.421426206952
0.421357563138
0.421220296011
0.421151668971
0.421105920717
0.421037302995
0.420945822019
0.420854350361
0.420762888643
0.420648576095
0.42064854876
0.420557109407
0.420419970879
0.42035140907
0.420122912573
0.420031530375
0.419848797663
0.41966610906
0.419574777183
0.419529114662
0.419323667795
0.419255195446
0.419095450239
0.41904981381
0.418935734231
0.418867294187
0.418867285489
0.41875323076
0.418502381055
0.418456776931
0.418297185794
0.418206002396
0.418114828938
0.418092037127
0.418023665421
0.417955299306
0.417864153183
0.417773017621
0.417681892
0.417636332606
0.417567998175
0.417476894297
0.417408572912
0.417317486429
0.41715811273
0.417089817437
0.417021527736
0.416953243626
0.416884965107
0.416793935779
0.416702916392
0.416634658374
0.416566405948
0.416543656381
0.41642991849
0.416361682837
0.416316195508
0.416179752159
0.416066063968
0.415793282261
0.415702372214
0.415566027644
0.415452423321
0.415361550548
0.415293402492
0.415157125017
0.415043576607
0.414952748564
0.414884634056
0.414793823408
0.414657627938
0.414589537658
0.414498759937
0.41438530285
0.414271860053
0.414203801457
0.414113065359
0.414045019809
0.413886270467
0.413818243554
0.413750222233
0.413523532953
0.413478200937
0.413410208193
0.41331955907
0.413228920509
0.413138291888
0.413025019934
0.412866466907
0.412775877425
0.412640013702
0.41254944907
0.412413622622
0.412232555483
0.41214203558
0.412051525618
0.411870542347
0.411780062204
0.411599135467
0.411486074739
0.411373029541
0.411079201116
0.411011405308
0.411011389156
0.41094359894
0.410875814315
0.410830627671
0.41067249523
0.410582147414
0.410491808917
0.410446643396
0.410356319809
0.410288583641
0.410220853065
0.410130554328
0.409995128587
0.40992742224
0.409837156429
0.409746899936
0.40967921409
0.409611533836
0.409498746457
0.409431081112
0.40934086935
0.409273217052
0.409205570344
0.409025212672
0.408889967715
0.408822352692
0.408709674032
0.40861954179
0.408529420109
0.408461834906
0.408394255293
0.408281635031
0.40821407095
0.408101475538
0.408033925746
0.407808809472
0.407741283908
0.407673763936
0.407606249555
0.407561243074
0.407493738012
0.407403740581
0.407246270393
0.407178791423
0.407111318045
0.407021362238
0.406953901906
0.406863963494
0.406751555078
0.406639162193
0.406481837999
0.406391951772
0.406302075485
0.406144818386
0.405942675328
0.405897760792
0.405763032716
0.405695676753
0.405538535828
0.405471198504
0.405381424102
0.405314099823
0.405246781136
0.40517946804
0.405067292593
0.405022426515
0.404932702434
0.404865415431
0.404798134019
0.404686011378
0.404551485829
0.404461813933
0.404394566069
0.404327323796
0.404237676129
0.404192856023
0.403991209344
0.403834400166
0.403767204487
0.403700014399
0.403588043964
0.403520868786
0.403453699199
0.403453695472
0.403341759206
0.403274604529
0.403207455443
0.403117932026
0.40302841855
0.402961289965
0.402827051434
0.402759939623
0.40264809903
0.402581002129
0.402491548914
0.402424465059
0.402357386796
0.402267957809
0.401977387842
0.401910346853
0.401731602569
0.401664582082
0.401575230751
0.401441223325
0.401374227067
0.401262579061
0.401173272461
0.401061654276
0.400860781054
0.400771518562
0.400682266632
0.400570715541
0.400503791969
0.400459179361
0.400347659333
0.400236154837
0.400191557139
0.40012466525
0.400035484764
0.399968605922
0.399857154232
0.399768004186
0.39970114771
0.399589733294
0.399456059479
0.399366953543
0.399322404302
0.399277857546
0.39916650215
0.399055162906
0.398988366069
0.398899312318
0.398832528527
0.398832510511
0.398765732311
0.398654448359
0.398565432504
0.398365191093
0.398276206922
0.398209475316
0.398209469104
0.398142743089
0.397987074527
0.397898132601
0.397809200614
0.397742508147
0.397653593556
0.397498019424
0.397409132167
0.397298037075
0.39716474595
0.397053685648
0.396964848091
0.396898226447
0.396742801415
0.396653998649
0.396587403097
0.39645423001
0.396321079288
0.396254511692
0.396187949688
0.395966119828
0.395877404037
0.395810873717
0.395700004138
0.395566980772
0.395411816665
0.395323162999
0.395234519273
0.395168043001
0.395079417291
0.394968648976
0.394835747375
0.394769304651
0.394658579824
0.394570011269
0.394481452654
0.394437176763
0.394370767587
0.394304364001
0.394260098051
0.394171574226
0.394038806815
0.393950307219
0.393861817562
0.393773338467
0.393706985203
0.393618522882
0.393485848659
0.393308987384
0.393198467569
0.393021670904
0.392955381008
0.392889096702
0.392756546729
0.392690279198
0.392491523197
0.392403197551
0.392336959839
0.392226579806
0.392160357005
0.392072068633
0.392072059936
0.392005850181
0.391895514877
0.391829320032
0.391763130778
0.391674887137
0.391564596564
0.391476375288
0.391366113292
0.391255866206
0.391101546378
0.39105746059
0.390991336568
0.390925218136
0.390837068925
0.39077096354
0.390572686523
0.390484577072
0.390440526074
0.390330410072
0.390264347553
0.390198290626
0.390066194165
0.389978142491
0.389912109792
0.389912093639
0.389846066532
0.389802051566
0.389692025645
0.389450031863
0.389318061517
0.38925208473
0.389098164367
0.389032206218
0.388922290259
0.38885634702
0.388746454668
0.388702501827
0.388658551472
0.388570658216
0.388438838212
0.388350969806
0.38826311134
0.388131344143
0.388043511148
0.387977642459
0.387845921855
0.387780070562
0.387714224238
0.387582552091
0.387472839902
0.387341206895
0.387275397846
0.387209594388
0.387099935005
0.387034146458
0.386968363502
0.386902586137
0.386792971484
0.386727209029
0.386661452165
0.386573785044
0.386529955211
0.386442303622
0.386376570987
0.386288936792
0.38613560351
0.386091798527
0.385960399731
0.385916604688
0.385829022679
0.385763342229
0.385675776993
0.38556633629
0.385522563612
0.385259997746
0.385150614199
0.385063118543
0.384910028791
0.384844426619
0.384713240911
0.384385418288
0.384254310237
0.38412322393
0.383882969027
0.383817454451
0.383730111002
0.383686442694
0.383620944892
0.383555452681
0.383446312042
0.383359010216
0.38327171833
0.383206255939
0.38314079914
0.383009902935
0.382922650809
0.382835408624
0.382769983508
0.382682758717
0.382573742328
0.382508339577
0.382442942417
0.382377550849
0.382312164872
0.382246784486
0.382159619956
0.382007107346
0.381963537196
0.38187640435
0.381811061239
0.381658619451
0.381615069181
0.381527976717
0.381419124338
0.381201469281
0.381070906687
0.380983876348
0.380896855328
0.380809844869
0.380744593081
0.380679346885
0.380614106281
0.380505384986
0.380440159291
0.380418418635
0.38028798899
0.380201047489
0.380048926267
0.37991856061
0.379853385236
0.379809938094
0.379809761037
0.37976631638
0.379701154052
0.379614279647
0.379570846172
0.379505700619
0.379397137742
0.379288593504
0.379223472179
0.379136652444
0.379049842649
0.378854561301
0.37885454577
0.378767768279
0.378659310395
0.378594243119
0.378464127204
0.378377394444
0.378290671624
0.378182282698
0.377748915233
0.377662264477
0.377553965633
0.377445681698
0.377359065733
0.377272460329
0.377229161044
0.37714257055
0.376861232362
0.376796319778
0.376666513246
0.376536730943
0.376428593624
0.376363718314
0.376298848596
0.376212364336
0.376125890016
0.376082656583
0.376039425636
0.375974583874
0.375866527316
0.375693671864
0.375628859922
0.375564053571
0.375499252812
0.375261715258
0.375175350278
0.375110583687
0.374981066658
0.374894734605
0.374765254851
0.374635799326
0.374571078707
0.374441655487
0.374376951643
0.37431225339
0.374269124327
0.374182873657
0.374118192178
0.374031959524
0.373924181908
0.373859523415
0.37377331996
0.373708673892
0.373622487832
0.373428609889
0.37332091987
0.37325631294
0.373191711602
0.373084055752
0.373019469324
0.372976414811
0.372804225339
0.372761183251
0.372675106531
0.372567525231
0.372459960083
0.372395427703
0.37226638034
0.372201864734
0.372115852624
0.372029850454
0.371943858224
0.371857875935
0.371728923001
0.371599994296
0.371514052388
0.37147108485
0.371406638825
0.371277764169
0.371170384774
0.370998614646
0.370912741696
0.370869808949
0.370698112128
0.370612273968
0.370547901871
0.370462081107
0.370397722056
0.370333368597
0.370247572682
0.37014034363
0.370011687033
0.369947367122
0.369861615937
0.369625873797
0.36951873669
0.369411613251
0.369218836164
0.36913317009
0.36909034047
0.368961868385
0.368854825708
0.368747797942
0.368683587991
0.368597983422
0.368448201207
0.368341231216
0.368277056677
0.368170113401
0.368105953772
0.368041799734
0.367956269714
0.367806619825
0.367699743023
0.367635624396
0.367571511361
0.367464669348
0.367400571223
0.367315115753
0.367251030674
0.367208310394
0.367144234634
0.367058809606
0.366930691633
0.366845290833
0.366781246757
0.366717208271
0.366631832322
0.366567806883
0.366482448949
0.366311767873
0.36624777039
0.366119794062
0.366034488314
0.36597051506
0.365906547397
0.365863905395
0.365693363478
0.365586794194
0.365458932798
0.365395009865
0.365331092523
0.365267180773
0.365181973804
0.364990301299
0.364947712725
0.364883834522
0.364798672283
0.364713520604
0.364543250174
0.364479407383
0.364394292358
0.364309187895
0.364224092751
0.364139007546
0.36403266564
0.363926339265
0.36390507573
0.363820027801
0.363713733731
0.363649963626
0.363586199112
0.363522440189
0.363479937347
0.363416187743
0.36335244373
0.363288705309
0.362948909949
0.362863974466
0.362736592675
0.362694135805
0.36263045516
0.362524333798
0.362418229209
0.362354572793
0.36226970689
0.36220606352
0.362100005525
0.362057585931
0.361993961198
0.361760725803
0.361675928859
0.361612337674
0.361527558746
0.361421598909
0.361358030089
0.361252098208
0.361103818176
0.361040277312
0.36097674204
0.360913212359
0.360849688269
0.360743827831
0.360680318651
0.360616815063
0.360553317065
0.360468661766
0.360384016407
0.360299381609
0.360235911568
0.360172447118
0.360108988259
0.360024385145
0.359960939332
0.359897499111
0.359812920847
0.35968607271
0.359453589649
0.359390194158
0.359326804258
0.359263419949
0.359178916856
0.359136668727
0.359052179923
0.358967701059
0.358883232135
0.358798773151
0.358735435436
0.358566569031
0.358503251818
0.358418837564
0.358334433871
0.358271137159
0.358228942457
0.358165655063
0.357975830778
0.357807142673
0.357743892554
0.357680648027
0.357596331309
0.357533099828
0.357469873938
0.357343440796
0.357301300764
0.357132766729
0.357048514
0.356922155408
0.356816872112
0.35675370959
0.356669501591
0.356627401319
0.356248624985
0.356122408038
0.356059307019
0.355996211592
0.355849011915
0.355764911392
0.355638780178
0.355512671328
0.355449624358
0.355365571051
0.355239509416
0.355176486675
0.355113469526
0.355029455978
0.354966451875
0.354903453362
0.354567560076
0.35435771165
0.354252807939
0.354168895655
0.354084993933
0.354001101529
0.353896250624
0.353833347163
0.3537494852
0.353644672812
0.353560832594
0.353497958953
0.35349795274
0.353393176385
0.353330317654
0.353204617587
0.35314177563
0.353037053324
0.353037042141
0.352995156822
0.352911393638
0.35274390144
0.352681100485
0.352618305122
0.352513659229
0.3524299532
0.352346257112
0.352304412795
0.352220731616
0.352157977255
0.352116144121
0.351948842646
0.351886112514
0.351802481657
0.351739764571
0.351697956287
0.351614347173
0.351572546344
0.351530748
0.35148895214
0.351426263011
0.351342686824
0.35128001074
0.351196451327
0.35113378829
0.351071130844
0.351071121525
0.350987586962
0.350862305618
0.350820549518
0.350653551835
0.350590937256
0.350423993
0.350361398921
0.350257088504
0.35011108287
0.35000681097
0.349923403763
0.349860854414
0.349694087215
0.349610717283
0.349548195891
0.34948568009
0.349423169881
0.349339831632
0.349277334469
0.349194013616
0.349131529499
0.349069050973
0.348964933143
0.348902469527
0.348860830223
0.348798375926
0.348735927221
0.348590239045
0.348423775637
0.348361360479
0.348278148966
0.347675309999
0.347529841125
0.347467506108
0.347322081964
0.347259765584
0.347197454796
0.3471351496
0.347052085323
0.346927507855
0.346865226887
0.346823709348
0.346761437699
0.346699171641
0.346616158927
0.346533156154
0.346470910597
0.346408670632
0.346346436257
0.346242726589
0.346180507125
0.346118293252
0.34605608497
0.345973149292
0.345890223553
0.345828035773
0.345765853584
0.345662229648
0.345600062368
0.345517181982
0.345455027749
0.345413594699
0.345289312326
0.345227178594
0.345165050454
0.345082221631
0.345020106536
0.344957997033
0.344916593804
0.34485449362
0.344792399027
0.344730310025
0.344626842645
0.344564768553
0.344378589765
0.344275173948
0.34419245198
0.344130417027
0.344047712454
0.343985691169
0.343903003991
0.343820327374
0.343696332018
0.343572359027
0.343510379987
0.343407094632
0.343324477655
0.3432212215
0.343138626267
0.343056041595
0.343014752676
0.342911541872
0.342663903409
0.342581375892
0.342519486312
0.342457602323
0.342375099656
0.342292606929
0.342210123521
0.342086417668
0.342024572818
0.341942122336
0.341880290532
0.341880286805
0.341797853718
0.34173603496
0.341509423336
0.34142703498
0.341365249769
0.341221107886
0.341118167326
0.340994659651
0.340912332799
0.34078886302
0.340583132863
0.340480288597
0.340418589119
0.34037745924
0.340295206937
0.340110181811
0.340027962435
0.33996630396
0.339884101978
0.33982245717
0.339719727835
0.339658097316
0.339596472388
0.339493778464
0.339452704498
0.339350032317
0.339267904886
0.339206315369
0.339165258798
0.3391036786
0.339021580368
0.338918973419
0.338816380758
0.338734317937
0.338672777499
0.338570223356
0.338508697829
0.338447177271
0.338406166672
0.338365158558
0.338324152929
0.338283149786
0.338242149127
0.338160155885
0.338098667011
0.338016691165
0.337934724637
0.337832281077
0.337770822023
0.337668404556
0.337606960412
0.337504566552
0.337320304942
0.33721795457
0.337136085578
0.337074689892
0.337013299797
0.336931455034
0.336808710255
0.336645086583
0.336583735626
0.33650194367
0.33644060576
0.336358830578
0.336317946714
0.336236186441
0.336154436109
0.336072696337
0.335990966506
0.335990962779
0.335929671462
0.335827532936
0.335745832925
0.335704986336
0.335623301235
0.335480377002
0.33541913228
0.335357893148
0.335255840976
0.335194616755
0.335031383848
0.334970180128
0.334725434829
0.334684650365
0.334582700699
0.334501152272
0.334419613786
0.334256567876
0.334154684063
0.334073187822
0.334012071698
0.333950961165
0.333889856224
0.333808391667
0.333706575569
0.333645492993
0.333584416008
0.333502988726
0.333441924787
0.33338086644
0.333319813684
0.333238418706
0.333177378997
0.333136688963
0.333034976614
0.332973955542
0.332892603431
0.332831595405
0.33277059297
0.332526655917
0.332445358476
0.332384391452
0.332343749876
0.332242160535
0.332201527656
0.332160897263
0.33207964393
0.331998400538
0.331835947922
0.331795339894
0.33173443251
0.331653231363
0.331369111837
0.33128795542
0.331186524498
0.331105391067
0.330902603773
0.330821504511
0.330760686587
0.33067960472
0.330618799843
0.330558000557
0.330476943539
0.330355378515
0.330233835855
0.330233824673
0.330173060798
0.330112302515
0.330031300789
0.329869332127
0.3298086018
0.329666923174
0.329525277475
0.329464578831
0.329221853838
0.329181406092
0.329120739132
0.329019641821
0.328898343934
0.328817491309
0.328756857896
0.328696230075
0.328635607846
0.328574991207
0.32849417772
0.328332583051
0.328231606884
0.328090267461
0.328029701144
0.327868222028
0.327767316062
0.327686602596
0.327323548866
0.327323540169
0.327263044674
0.327242880752
0.327182392712
0.327081593602
0.327021120472
0.326960652934
0.326839735873
0.326779285109
0.326718839936
0.326597966984
0.326456977946
0.326356288797
0.326295882762
0.326235482319
0.326154957092
0.326114698206
0.326074441805
0.326034187889
0.325973811675
0.325873200803
0.32581284012
0.325651910189
0.325611682365
0.325571457027
0.325531234174
0.325450796543
0.325390474377
0.325350262706
0.325269847441
0.325149244112
0.325088949902
0.32500856632
0.324948285157
0.32486791897
0.324807650853
0.324767475215
0.324707216417
0.324546559836
0.324426090076
0.324325715279
0.324325709067
0.324325695399
0.32412499737
0.323984545092
0.32392435898
0.323884238012
0.323763893744
0.323703728134
0.323423070215
0.323362936288
0.323182577995
0.323102430489
0.323062360463
0.323002260083
0.322922135563
0.322641810013
0.322421630195
0.322341577118
0.322261534603
0.322161495281
0.322101478771
0.32206147087
0.322001463678
0.321861471126
0.321801482572
0.321701514694
0.321661531643
0.321581573618
0.321521611156
0.321421686766
0.32138172111
0.321301797875
0.321221883958
0.321161955044
0.321062086567
0.321002172562
0.320942264149
0.32066276859
0.320562979011
0.32048315704
0.320423297084
0.32036344272
0.320303593947
0.320203859038
0.320044317602
0.320004437679
0.319904750606
0.319844944699
0.319765212809
0.319446389619
0.319386626578
0.319326869129
0.319227286426
0.319167543887
0.319107806939
0.319028166994
0.318968443093
0.318769414984
0.318689816663
0.318570441546
0.318451087551
0.318291982853
0.318232327911
0.318172678559
0.318033520346
0.317973889632
0.317894390711
0.317854644977
0.317795031037
0.317735422688
0.317636089728
0.317556633673
0.317477186937
0.317397750762
0.317338179688
0.317278614205
0.317219054313
0.317179350825
0.317119800252
0.317020562344
0.316980871281
0.316921339346
0.316861813001
0.316742778951
0.316703105283
0.316603932606
0.316524605149
0.316425460428
0.316346155959
0.316346150367
0.316286678072
0.316227211368
0.31612811262
0.316068660826
0.315969587548
0.315910150664
0.315830910805
0.315771486967
0.31571206872
0.315652656065
0.315613050734
0.31549425338
0.315395270184
0.315316094313
0.315256718933
0.315137988674
0.315078630067
0.315039060769
0.314999493956
0.314999487744
0.314920362194
0.314861024089
0.314781915313
0.314702817098
0.314643499494
0.314603957531
0.31452488106
0.314386521775
0.314327233991
0.314287711908
0.314228433443
0.31414940605
0.314090140631
0.313912382271
0.313833392775
0.313774157176
0.313695185696
0.313635963144
0.313576746182
0.313497799552
0.313497795825
0.313399125739
0.313300471806
0.313241286528
0.313201832783
0.313142656824
0.313063764243
0.312984881602
0.312827148004
0.312748295183
0.312630038317
0.312590623089
0.312511800709
0.312393586709
0.312275393831
0.312039080141
0.312039071443
0.311980005446
0.31192094504
0.311783165381
0.311743803581
0.311665088056
0.311586382471
0.31152735934
0.31142899988
0.311310990892
0.311193004891
0.311114358946
0.311016066581
0.31093744238
0.310898134007
0.310839176107
0.310603428376
0.310544498432
0.310465935735
0.310387381736
0.310249936931
0.310191040535
0.31013214973
0.310053637354
0.30997513554
0.309896643044
0.309837780195
0.309778922938
0.309778904921
0.309739669856
0.309700437276
0.309641593064
0.309582754445
0.309523921416
0.309465093978
0.309386666714
0.309327852323
0.309249442453
0.309190641108
0.309131845355
0.309073055192
0.309033864857
0.308955492263
0.308916309382
0.308877128987
0.308837951077
0.308661686823
0.308583360822
0.308524622845
0.30846589108
0.308387590551
0.308289731818
0.308211453654
0.308152751088
0.308094054113
0.307996238868
0.307917997357
0.307839765786
0.307722439553
0.307722419052
0.307624664068
0.307566017414
0.307487830574
0.307429196966
0.30737056895
0.307370565223
0.307311943419
0.307311932858
0.307097038637
0.306999381811
0.30682365059
0.30674555818
0.306608924107
0.306472320475
0.306433295392
0.306394272795
0.306335743557
0.306238207875
0.306179693548
0.306121184812
0.306043181861
0.305984686171
0.305906701237
0.305809235135
0.305711784563
0.305536413047
0.305361094336
0.305244242738
0.305185823462
0.305146880385
0.305088470427
0.304991134788
0.30493273974
0.304893812815
0.304835427087
0.304660312768
0.304563043602
0.304563039874
0.304504685829
0.304446337376
0.304446328057
0.304271320593
0.304096372148
0.304038062834
0.303999193063
0.303921461599
0.303824311092
0.303746601993
0.30370775086
0.3035912161
0.303552374907
0.303494117777
0.303416450923
0.30335820684
0.30324173669
0.303164101519
0.303125287662
0.303067071535
0.303008860999
0.302931255648
0.302931251921
0.302873054431
0.302795466476
0.302698497374
0.302640322249
0.302427083661
0.302368934629
0.302310791188
0.302252653338
0.30219452108
0.302155769347
0.302039530923
0.301962050444
0.301903946142
0.301826482437
0.301787754312
0.30167158671
0.301574796528
0.301516729501
0.301516725774
0.301400610979
0.301284518548
0.301226479478
0.30118778987
0.301110419974
0.301052397677
0.300955706895
0.300878365576
0.300839698333
0.300743042962
0.300704384417
0.300704378205
0.300588419343
0.300530447368
0.300453160098
0.300395201168
0.300298617241
0.300240673222
0.300008956163
0.299835225368
0.299796625221
0.299719433002
0.299661544895
0.299661541168
0.299622952203
0.299565073414
0.299487911016
0.299333621008
0.299333612311
0.299217917481
0.298870970908
0.298755366159
0.298601265012
0.298543485003
0.298485710584
0.298447197412
0.298389432313
0.298312421499
0.298273919509
0.298216171183
0.298158428449
0.298100691306
0.298023717767
0.297965993671
0.297869801131
0.297812091944
0.29777362226
0.297446740209
0.297408294132
0.297350629675
0.29727375243
0.297177671716
0.297100817457
0.297043182821
0.296947137518
0.296870312458
0.296812700186
0.296812691489
0.296774286414
0.296716683461
0.296659086099
0.296582298935
0.296467139623
0.296428756913
0.296390376688
0.296256071683
0.296083437395
0.296006724161
0.295949195758
0.295910846595
0.295853328132
0.295814985182
0.295661642582
0.295584984017
0.295470016671
0.295412540453
0.295393382956
0.295316759182
0.295201844021
0.295163543316
0.295106096918
0.295048656111
0.294972077688
0.294857229001
0.294761538432
0.294589335913
0.294531945428
0.294474560534
0.294417181231
0.294340684191
0.294264197092
0.294225957269
0.294168602195
0.294073023451
0.294015683287
0.293958348714
0.293901019733
0.293843696342
0.293805483855
0.293633564626
0.293576267329
0.293499879629
0.293442595377
0.293366225694
0.293232605307
0.293194432579
0.293079929929
0.29302268668
0.29292729369
0.292774703423
0.292736560516
0.292679350814
0.292622146704
0.292564948185
0.292507755257
0.292431506718
0.292393386175
0.292317152546
0.292259983847
0.292221874487
0.292107563182
0.292050414984
0.291974226706
0.291898047746
0.291859961994
0.291802838025
0.291783797944
0.29172668143
0.291669570508
0.291612465176
0.291555365436
0.29146021287
0.29140312804
0.291346049422
0.291288975774
0.291193867317
0.291174847116
0.291117790242
0.291022709741
0.290927643529
0.290775575112
0.290718557377
0.290661545233
0.290604538681
0.290509542048
0.290319604696
0.290167691592
0.290072766404
0.289996835944
0.289939894623
0.289901936848
0.289826029375
0.289769104828
0.28969321475
0.289617334612
0.289617330884
0.289522495777
0.289446637382
0.28938975011
0.289294951035
0.289200168734
0.28914330569
0.289086448238
0.289048546376
0.289010646998
0.288934855699
0.28885907434
0.288726483364
0.288707543926
0.288669666914
0.288631792387
0.288593920344
0.288537116941
0.288461387766
0.288366740898
0.288291034089
0.288234260505
0.288139650912
0.288082892238
0.288007222704
0.287912650385
0.287893737661
0.287761368472
0.287685741183
0.287591222913
0.287534518288
0.287477819254
0.287421125812
0.28738333329
0.287307755701
0.287288862856
0.287232188051
0.287156630342
0.286986668674
0.286948904729
0.286892263472
0.286816752356
0.286778999594
0.286439411111
0.286420546844
0.28621308899
0.286156520419
0.286118811144
0.286062251892
0.28600569823
0.285892611409
0.28577954509
0.285779539498
0.285779526452
0.285685320671
0.285609966732
0.28557229349
0.285534622733
0.285478121257
0.285383965176
0.28532747861
0.285214524116
0.28510159385
0.285101590122
0.285045131512
0.284969862684
0.284913417121
0.284875789851
0.284800542767
0.284744113978
0.2846876914
0.284631273793
0.284537257494
0.284499655074
0.284443256104
0.284368066797
0.284255301783
0.284198927042
0.284029843821
0.283973491445
0.283898365505
0.283842026175
0.283729368017
0.28371059321
0.283654272518
0.283560418986
0.283485345853
0.28341028328
0.283260193546
0.283166404003
0.283072629991
0.283016372667
0.282960120933
0.282922622884
0.28286638109
0.282828889253
0.282772656157
0.282716428652
0.282660206739
0.282603990417
0.282603984826
0.282510305244
0.282454103832
0.282397908011
0.282322989568
0.282098298229
0.281929843093
0.281892413381
0.281817561412
0.281686598112
0.281630478705
0.281574364889
0.281518256665
0.281443455017
0.281387359839
0.281331270252
0.281256492833
0.281200416292
0.281144345342
0.281106967815
0.281050906185
0.280994850145
0.280957482558
0.280882755461
0.280826716195
0.280733330464
0.280677306109
0.28050927218
0.280415938635
0.280378609565
0.280285299628
0.280173345967
0.27987493085
0.279837637813
0.279837634086
0.279763055467
0.279725769885
0.279632567424
0.279539381115
0.279483476039
0.279427576555
0.279371682661
0.279371673964
0.279278530521
0.279278526794
0.279148154925
0.279073668251
0.279017809769
0.278961957499
0.2789061102
0.278850268492
0.278775822199
0.27873860247
0.278738596879
0.278664164875
0.278664161148
0.278626948874
0.278589739084
0.27853392906
0.278533923468
0.278533919741
0.27844091608
0.278385120965
0.278329331442
0.27825495473
0.278199178253
0.278143407367
0.278013300772
0.278013297044
0.278013293317
0.277957541068
0.277753166479
0.277753162752
0.27771601136
0.277678862453
0.277474597826
0.277474589128
0.277381762523
0.277307511925
0.277270390353
0.277159043033
0.277029166922
0.276973513452
0.276917865574
0.276880770095
0.276825131535
0.276750955487
0.276621175048
0.276528492573
0.276398762455
0.276343172354
0.276287587843
0.27617643808
0.276102349007
0.276065308198
0.275991234035
0.275824612829
0.275750570971
0.275676539674
0.275621022258
0.275510006064
0.275417508722
0.275325026911
0.275251052769
0.27519557822
0.275084652107
0.275029194332
0.274955259329
0.274918295554
0.274881334265
0.274844375461
0.274844371734
0.274733510231
0.274733506504
0.274733487866
0.274678066123
0.274678017666
0.274678009589
0.274641064453
0.274585651407
0.274511776044
0.274437911242
0.274327133609
0.27417946613
0.274161010025
0.274105645437
0.27405028644
0.273976483142
0.273921137191
0.273810463928
0.273810458336
0.273755129781
0.273644488822
0.273589176419
0.273515435867
0.27351543214
0.27338641149
0.273312698273
0.273312692061
0.273312688333
0.273238984435
0.273202136214
0.273146868541
0.273091606459
0.272981102797
0.272981099069
0.272907439901
0.272907436174
0.272907432446
0.272907426855
0.272760139581
0.272760135854
0.272760130262
0.272668095752
0.272668092024
0.272668088297
0.272612874673
0.272539265204
0.272502464198
0.272447267347
0.27244725865
0.272447247467
0.27244724374
0.272373656637
0.272318472833
0.272300079474
0.27226329462
0.272263290892
0.272263287165
0.272226504796
0.272152948134
0.272152940058
0.272005858418
0.27200585469
0.272005850963
0.2719323235
0.271932316045
0.271932312317
0.27193230859
0.271932284361
0.271877145287
0.27187714156
0.271877132862
0.271803622794
0.271748497387
0.271748481235
0.271748443339
0.271748439611
0.271638205572
0.271638191904
0.27158308265
0.271583078922
0.271509608614
0.271436148246
0.271436140791
0.271362690363
0.271234178518
0.27123416485
0.271234146834
0.271179078582
0.271179072991
0.271087305618
0.27108730189
0.271087298163
0.271050595314
0.270977197071
0.270922154912
0.270922141244
0.270922137517
0.27064704538
0.270647034819
0.270573691246
0.270573687519
0.270573681306
0.270482016439
0.270408695231
0.270317058321
0.270225436942
0.270225433214
0.270225427002
0.270225420789
0.270225413334
0.270133807486
0.27007885106
0.270078844847
0.270005578309
0.269932321711
0.269932293755
0.269932285058
0.26993228133
0.269859034672
0.269859019762
0.269767477282
0.26971255813
0.26965764457
0.269456349519
0.269401462051
0.269364873512
0.269273413658
0.269236833817
0.269181968714
0.269127109203
0.269090539301
0.269035689108
0.268999125419
0.268944284546
0.268852897378
0.268816346114
0.268761523877
0.268651896799
0.268615359203
0.268560557468
0.268505761945
0.268450971392
0.268396186431
0.26835966623
0.268323148513
0.268231866958
0.268177104361
0.268104096885
0.26799460524
0.267958112373
0.267793934545
0.267648038872
0.267429267428
0.267356361215
0.267265244291
0.267210580474
0.267137704081
0.26704662319
0.266991981737
0.266973769162
0.266900925696
0.266828092169
0.266773473082
0.266718859585
0.266591459156
0.266536864297
0.266500470831
0.26646407985
0.266391305342
0.266318541396
0.266227601528
0.266173043944
0.266082127063
0.266027584389
0.265991225713
0.26582765174
0.265609646919
0.26550066532
0.265464342676
0.26537354756
0.265319077572
0.265246460241
0.265119404606
0.265064960711
0.264974233932
0.264974230205
0.26491980122
0.264865377826
0.264810960024
0.264720277354
0.264720268035
0.264665865142
0.264538949289
0.264502692497
0.264430186991
0.264375813919
0.264230850121
0.26415838189
0.264049699113
0.263977255732
0.263977229639
0.263868584137
0.263796165606
0.263723757014
0.263506598336
0.263470412367
0.263416138074
0.263325693964
0.26327143458
0.263217180788
0.263126772089
0.263000227122
0.26263891165
0.262548602352
0.262440250701
0.262386082641
0.262277767022
0.262223615736
0.262169470041
0.262115329938
0.262043152452
0.262007067126
0.261952943796
0.261862751292
0.261790607975
0.26173650701
0.261700442807
0.261700427275
0.261646335629
0.261646326311
0.261448060476
0.261339936824
0.261285882453
0.261069734549
0.260961687311
0.260925676535
0.260835661088
0.260799659009
0.260691670168
0.260637682892
0.260601694481
0.260547716524
0.260457766308
0.260403803882
0.26022397303
0.260044208653
0.259990288472
0.259918404216
0.259882465505
0.259828562098
0.259774664282
0.259720772678
0.25963096535
0.259469359498
0.259271908123
0.259218068084
0.259128348352
0.25903864353
0.258984827719
0.258948953618
0.258895147126
0.258859279237
0.258823413834
0.258769620388
0.258715832533
0.25866205027
0.258572427453
0.258500739512
0.258446979614
0.258393225306
0.258357392208
0.258249909686
0.258178266475
0.258178262748
0.258124536397
0.258070815637
0.258017100469
0.257981293463
0.257927587614
0.257855989133
0.257802296329
0.257677038593
0.257623364427
0.25753392053
0.257480261274
0.25742660761
0.257426585245
0.257355055723
0.257319294689
0.257283536141
0.257229902978
0.257194150642
0.257140526797
0.257140490143
0.257069001003
0.256997521181
0.25692605192
0.256890320707
0.256890315116
0.256836722955
0.256729559134
0.256711700051
0.256640269929
0.256604558596
0.256533143384
0.256354661888
0.256318970434
0.256265437914
0.25614055417
0.256087040287
0.25596220003
0.25583738773
0.255837375305
0.255837371578
0.255766063221
0.255659121187
0.255498754109
0.255463122295
0.255409679234
0.255320620513
0.255231577323
0.255178158491
0.255089141393
0.254875565465
0.25480439192
0.254751017818
0.254679861667
0.25455536372
0.254519797759
0.254466454098
0.254413115408
0.254359782308
0.254324230015
0.254288680207
0.254217588045
0.254128737442
0.253915580237
0.253862299323
0.253773512088
0.253720246083
0.253649234063
0.253524989586
0.253471749674
0.253400772443
0.253347545578
0.253258848424
0.253205636468
0.253099233059
0.253046037877
0.252975120286
0.252886488364
0.252851039198
0.252762428398
0.252673832508
0.252549829697
0.252514404139
0.252478981065
0.252408142995
0.252372727377
0.252372721786
0.252337308652
0.252266490462
0.252142587673
0.252089493133
0.252018709733
0.251947935651
0.251894861613
0.251859482028
0.251771045799
0.251717990398
0.251682623238
0.251523504873
0.251452800992
0.25132909576
0.251276086954
0.251187751989
0.251152422103
0.251011131759
0.2509581565
0.250905187453
0.250763969174
0.250711020007
0.250658077053
0.25058749618
0.250534565651
0.250411084691
0.250340536744
0.250252367032
0.250199471914
0.250146583009
0.250005572848
0.249935082678
0.249882221108
0.249846983167
0.249794130916
0.249776514741
0.249741284255
0.249688443186
0.249617998989
0.249582779685
0.24952995539
0.249477136686
0.249406720445
0.249318714742
0.249265918403
0.249195531982
0.24914274931
0.249072382148
0.249019611901
0.24894926027
0.248791014761
0.248755853856
0.248667964327
0.248615236947
0.248597662396
0.248562515158
0.248562509567
0.248492222546
0.248421946086
0.248369244798
0.248316549101
0.248211178209
0.248140941509
0.248070715992
0.248000498551
0.248000494823
0.248000473701
0.247947817143
0.247912715877
0.247860068638
0.247649546156
0.247579388355
0.247491706945
0.247439104436
0.247404039203
0.247333916192
0.247281330457
0.247228750313
0.24717617576
0.24712360742
0.247018489998
0.246983454585
0.246930906125
0.246878363256
0.246825825978
0.246738278138
0.24668575577
0.246650743964
0.246598230915
0.246563225322
0.246563216625
0.246510712895
0.246423220345
0.246335742706
0.246265771901
0.246195810415
0.246160833399
0.246055918505
0.24598598746
0.245916066356
0.245863631584
0.245758780679
0.245566613659
0.245514216163
0.245479287605
0.245322146058
0.245287231168
0.245199955435
0.245130145534
0.245095244311
0.245060345573
0.24502544932
0.245025446214
0.245025436895
0.244973097175
0.244868435751
0.244763797313
0.244728922183
0.244694049537
0.244624311701
0.244537154627
0.244484867092
0.244328047353
0.244258362323
0.244240942464
0.244153853106
0.244101606573
0.243997131524
0.243840465234
0.243788252249
0.243736044855
0.243736039264
0.243701237441
0.243649039366
0.243562055621
0.243527266223
0.243475086785
0.243422912939
0.243388133481
0.243335968954
0.243301195708
0.243249040499
0.243214273467
0.243109989142
0.242988352052
0.242936230391
0.242884114321
0.242762535629
0.242710438196
0.242658346355
0.242554181931
0.242502106864
0.242397975367
0.242328565551
0.242328554368
0.24227650353
0.242207111109
0.242155073317
0.242068356709
0.242016333826
0.241981655011
0.241946978681
0.241842966463
0.241738976611
0.241635010987
0.241375199124
0.241305936545
0.241202062245
0.241167441827
0.24111551586
0.241063595484
0.240977075812
0.240925170346
0.24082137743
0.240769488738
0.240700312512
0.240648436866
0.240596566811
0.240544702348
0.240492843475
0.240389144368
0.240354582348
0.240285465762
0.240250911197
0.240199084008
0.240129990409
0.240026369579
0.239922771115
0.239888242642
0.239836454592
0.239784672134
0.239560380259
0.239525877879
0.239439633421
0.239387893829
0.239336160449
0.23918100504
0.239112058056
0.239025889391
0.238991425528
0.238888051335
0.238750256145
0.238543639464
0.238474783803
0.238423148581
0.23837151895
0.238302688761
0.238251072176
0.238216664226
0.23816505696
0.238027468025
0.237993076228
0.237958686915
0.237907107605
0.237821155135
0.237769590736
0.237718031927
0.237597755997
0.237494681868
0.237425977792
0.237374456259
0.237340111676
0.237305769579
0.237271429966
0.237271426239
0.237219921479
0.237185588079
0.237099767314
0.237031121015
0.236979642348
0.236928169272
0.236859547823
0.236790936314
0.236739483739
0.236533744263
0.236482319645
0.236430900618
0.236396624373
0.236328079337
0.236276677084
0.236276673978
0.236191017223
0.23613962988
0.236071122119
0.236036871967
0.235951259321
0.23589989807
0.235865660343
0.23581430841
0.235780076895
0.235728734282
0.235660286783
0.235574741232
0.235574723216
0.235523402968
0.235454985289
0.235352380203
0.235318182236
0.23523269881
0.235130139076
0.235044689819
0.234976341099
0.234771361412
0.234668903563
0.234600610134
0.234566466836
0.234515256549
0.234429919117
0.23437872374
0.234293411158
0.234242230691
0.234191056437
0.234139887153
0.234088723459
0.234054617437
0.234020513899
0.233850034729
0.233850029138
0.233781854368
0.233662574923
0.233594428109
0.233543324678
0.233492226216
0.233441133345
0.233407074537
0.233287892008
0.233202778226
0.233083646018
0.232998569511
0.232930519612
0.232879488245
0.23281145512
0.232709426555
0.232658419417
0.23260741787
0.232556421915
0.23245444802
0.232335511506
0.232301533461
0.232216601084
0.232182631736
0.232097721103
0.232063760453
0.232029802288
0.231944919612
0.231893996342
0.231843078664
0.231775198988
0.231656433939
0.231605542353
0.231554656359
0.231435946601
0.231435926721
0.231368106685
0.231317246783
0.231266393094
0.231198596665
0.231130810177
0.231079976367
0.230995267641
0.230927510972
0.230927502896
0.230910565126
0.230910553944
0.230808942238
0.230808940374
0.230690420719
0.23058885747
0.230538083301
0.230487314723
0.230419632605
0.230250486638
0.230233573718
0.230182838688
0.230132109249
0.23004757323
0.229996859322
0.229963052742
0.229946150384
0.229912347531
0.229861648533
0.229760267311
0.229726478126
0.229709584466
0.229557578796
0.229473148389
0.229422497228
0.229388732893
0.229354971043
0.229287454798
0.229236824138
0.229034375425
0.228983772721
0.228933176229
0.228899447927
0.228764568886
0.228764563295
0.228713990411
0.228680278261
0.228646568596
0.228579156721
0.228545454512
0.228461211723
0.228393827183
0.228292775224
0.228259094136
0.228040237581
0.228006575131
0.227939257686
0.227855126101
0.22780465386
0.227754187209
0.227686907661
0.227636454057
0.227586006044
0.227552377142
0.227485127413
0.227401079076
0.227367463841
0.227333851091
0.227317045648
0.227115456746
0.227048271628
0.226997888846
0.226964303431
0.22691393059
0.226880351388
0.226813200438
0.226762843749
0.226678930223
0.226561476633
0.226494372899
0.226444051621
0.226360195871
0.226326657671
0.226293121956
0.226159007675
0.226091963581
0.226008173062
0.225974660955
0.225924397453
0.225874139543
0.225807139557
0.225656428573
0.225555981711
0.225505764804
0.225455553487
0.225371881006
0.225304954328
0.225221309803
0.225171130171
0.224987192233
0.224937038693
0.224886890744
0.224853461884
0.224803323254
0.224719771917
0.224652942154
0.22460282651
0.224552715836
0.224502610753
0.224452511262
0.224402417362
0.224318941196
0.224285554581
0.224202099538
0.224135346188
0.224101973241
0.224035234802
0.223985187496
0.223985183768
0.223935142053
0.223935136462
0.223885100338
0.223801721087
0.223751699873
0.223701684251
0.223668343609
0.223585004739
0.223535007754
0.223468354426
0.223418370487
0.223418366759
0.223351730827
0.223318416277
0.223268449112
0.223218487538
0.223185182928
0.223151880804
0.223118581164
0.223051989961
0.222952122105
0.222752462185
0.222669293538
0.222636029931
0.222552882406
0.222503000974
0.222453125132
0.222370011777
0.222320150845
0.222237063582
0.222187217561
0.222070935649
0.222021108266
0.222021097704
0.222021093977
0.221987878827
0.221921456604
0.221871645994
0.221805241167
0.221738846279
0.221622684269
0.221539726225
0.221473371097
0.221373859839
0.221290949632
0.221257789152
0.221224631158
0.221174898825
0.221141747043
0.22100916725
0.220843502149
0.220694454873
0.220661339124
0.220595115701
0.220479253755
0.220446154158
0.220346874004
0.220313784347
0.219999631095
0.21995003668
0.219867393611
0.219850866488
0.219817814106
0.219751716797
0.21971867187
0.219669109139
0.219619551999
0.219603034195
0.21950394166
0.219454403157
0.219388360518
0.21928931644
0.219239802166
0.219173792454
0.219140791014
0.219091293515
0.218992316531
0.218959328759
0.218909851761
0.218843891748
0.218777941054
0.218613112777
0.218563674918
0.21849776709
0.218415397371
0.218398924918
0.218349511287
0.218267168282
0.218135456996
0.218069613779
0.218036695587
0.217921505212
0.21787214563
0.217839242348
0.217576130403
0.217543249486
0.217510371054
0.217461058066
0.217428185847
0.217395316112
0.217263867616
0.217198156104
0.21708318503
0.217083179439
0.217033914908
0.217001074994
0.216968237564
0.21691898608
0.216853326752
0.216804088314
0.216754855467
0.216722036675
0.216541583331
0.216508780691
0.216459581392
0.216410387683
0.216361199566
0.216328410594
0.21616451295
0.216049817091
0.216000669976
0.215967908339
0.215918771165
0.21588601574
0.215820512968
0.215771391946
0.215722276515
0.215689536001
0.215640429889
0.215591329368
0.215476785094
0.21542770321
0.215378626918
0.215345912496
0.21531320056
0.215198732078
0.215149681878
0.215149676287
0.21511697926
0.215100631679
0.214986219731
0.214953535129
0.214888174002
0.214839159213
0.21483915735
0.214839148031
0.214773805541
0.214724803799
0.21467580827
0.214643147275
0.214528859577
0.214235110672
0.214137236408
0.214120926101
0.213957864039
0.213876353509
0.213778562493
0.213664501551
0.213615626544
0.213599336118
0.213550468566
0.213517893304
0.213485320527
0.21342018305
0.213371335999
0.213338774405
0.213306215296
0.213273658672
0.213224828395
0.213159730057
0.213094642279
0.213029564442
0.212980762122
0.212931965392
0.212915701058
0.212915680557
0.212883153753
0.212834368206
0.212801847614
0.212736814507
0.21267179134
0.212623030022
0.212493034009
0.21246053951
0.212379314755
0.212330586985
0.212233150081
0.212168203949
0.212119500407
0.212038340883
0.212005881174
0.21195719627
0.211924742773
0.211843621767
0.211794955501
0.211648995839
0.21161656595
0.21153550272
0.211503081528
0.211405835349
0.211373424097
0.211324811879
0.211276205252
0.211227604217
0.211227600489
0.211179005045
0.211065641146
0.211033255987
0.210984682908
0.210952303961
0.210887553523
0.210806630075
0.210741902623
0.210644832878
0.210596304529
