44
754
40
159
6589
3154
36
3245
2349
8440
762
10348
2915
3
652
634
10512
753
405
7
2839
116
2847
760
654
176
629
102
210
6620
9970
833
948
2261
5310
2868
17285
650
2103
2934
1877
11630
212
1076
5215
9952
554
3063
1891
2836
1901
6991
229
15606
6595
2809
651
927
108
1168
8385
853
4902
747
2971
646
1082
349
10542
42
2625
2966
42847
6050
424
8479
3596
80
1430
4532
20349
8379
6677
49
730
1898
658
568
168
7358
680
2903
9405
1910
10963
2344
1559
1786
8500
773
6664
226
1936
2876
7441
553
3618
1505
3256
264
1791
6365
1302
13213
6785
11799
4545
3124
2874
1895
7778
5699
9530
1866
740
6191
324
6640
970
2168
7528
28481
29
2840
50183
307
1956
7155
7183
385
30
8031
1863
7844
446
3384
14657
123
1771
2180
37
7307
7642
2009
1100
4871
8917
157
149
3158
13142
8428
11558
15159
11948
5670
6121
759
21854
26
4841
2232
8474
5656
7084
782
217
6948
16494
2130
2283
3458
237
3523
11140
7648
1864
11277
37901
2842
18980
12583
1449
3710
10877
207
1307
13097
2007
10969
14283
2885
4618
55294
13599
17607
7524
636
697
7546
208
3739
5591
22500
3362
9416
8947
17050
12
1933
23322
746
2207
5668
9923
47
9577
620
639
1074
1914
2176
6782
14207
37365
7406
8308
9663
1451
3427
4840
20050
3415
5655
13589
2843
2938
7008
2218
1542
236
5684
493
2318
8946
220
6316
3128
5430
11208
1777
2044
145
719
10902
13826
1875
11378
13438
2920
13403
27245
35
11739
11931
3056
878
3341
7260
433
9725
1083
13835
28859
6205
10532
2810
3212
5819
638
3085
6977
109
180
2157
8217
9982
1843
6615
16265
83
156
298
8493
11204
4613
7148
13429
317
641
13816
3180
8483
20386
4786
5642
9009
223
12038
1867
1883
75
16266
1158
449
5575
10346
2386
8191
9520
16500
7572
1452
11577
1998
4023
7362
25062
8231
2895
1911
7560
802
29603
36027
238
876
2901
9595
10509
7227
3160
8082
31533
4090
17
320
969
10685
11527
19451
7112
10554
173
755
1080
6687
6957
7521
11692
16809
11017
11050
676
7206
736
8337
22950
28956
2821
15034
9954
1622
6203
9111
1876
2068
8056
248
3218
15128
11
5090
6256
9580
15088
16728
1143
191
8941
10991
250
303
1878
27058
661
1142
1872
2001
2962
3638
5210
436
1314
1093
647
1955
7607
8503
13596
44981
209
2910
5714
280
1170
3324
8013
9587
20930
2034
8478
14294
15947
5208
6223
7411
15543
30377
7583
42102
7170
37699
195
959
2045
2077
3007
8467
11490
2189
12620
21776
31763
160
1578
1854
2177
5408
9740
15309
3348
7256
7669
7670
11003
15251
5902
8906
13285
13848
7527
14942
24822
182
6787
13170
679
13
1431
1847
6587
7114
11856
174
2279
2339
6683
16722
29479
4985
5632
7537
2871
14275
15048
1970
6621
8820
12230
412
731
1978
9402
18243
19109
112
351
653
2354
5146
5221
7870
22948
623
887
1159
2278
9421
14039
5270
10494
10650
12094
9
219
3924
7318
9949
13108
6896
10334
11177
23
721
1971
5708
6208
20148
2201
2553
2194
2392
10551
11559
13110
20139
1139
3062
6217
14547
2262
5432
7153
4960
9749
20165
1315
3637
4659
6318
8425
35375
1798
11260
1386
1521
1931
3767
8902
170
11593
189
301
2400
2849
2879
3778
2853
3182
7911
15946
18647
1984
2222
2873
147
9109
28131
28350
3885
8262
8696
9911
888
3259
5206
5690
7518
10333
2812
2944
3333
5605
6648
6652
8473
16343
1699
7375
28816
32563
18
2379
2929
26250
211
2970
7549
7758
9242
11987
1513
11261
13436
14912
1770
2841
6612
11051
13442
14814
15220
17830
41309
42236
55578
25688
4690
13202
13265
35343
4622
7987
10086
18529
691
824
1109
5841
11183
15726
16240
20032
95
4655
6629
7098
8913
11584
29477
2073
11946
14230
467
1094
1146
4087
4181
11612
655
686
2051
22495
1067
1961
6580
11568
28846
32349
677
3084
3122
9154
25153
47758
262
474
2865
3089
5592
5629
6533
16317
22257
24580
5
214
2778
5665
5724
6588
24765
738
1815
2182
2276
5598
7385
8427
1987
6864
8544
12037
13105
835
7467
19700
2389
7632
8923
14951
977
2198
3761
3784
5639
6906
10835
12833
627
745
4041
5154
5211
8329
8715
8821
29791
152
9041
10488
11530
11618
13228
19137
76
10238
24814
1240
2031
3186
3662
6915
8521
10588
25106
1718
2175
3183
4630
7692
11699
20323
269
2850
3337
4101
8897
17558
1310
1525
8255
8951
10205
17058
36940
44901
51628
1720
2806
2980
3992
6884
8214
12087
12882
22425
26557
39556
1087
5595
10458
23320
23929
40988
10
21
370
2352
3661
6984
7686
13560
21619
25859
6101
16028
148
1138
2008
2241
2900
3189
5318
6711
7671
13199
1097
1503
2217
2398
3422
4334
2360
2896
4846
5400
7103
12053
21591
167
188
2235
2924
3645
6598
6908
7517
8819
18308
29056
37983
255
2149
3216
4548
12253
17315
25400
901
1701
1805
6923
10842
14077
2932
7937
9571
10895
11511
15979
24036
2774
6590
8920
15271
41323
171
2022
2428
3109
3801
9449
17379
23842
34646
144
2016
2986
3055
5791
6193
7824
17991
24032
6
7025
9334
11730
16565
21173
21408
3379
5415
11951
234
2215
12659
14826
15895
20324
22741
854
3350
13096
32699
38517
12959
922
1949
2905
3131
5694
6196
6347
9562
15200
17143
18590
24438
27139
29976
4
45
79
2024
2284
2507
6727
6880
9785
11955
12089
13908
16430
38908
45168
2403
2517
3439
4999
5285
6115
6233
7469
7729
8032
10129
10339
11787
666
1393
1447
2807
2987
6220
7122
7473
8165
9124
9574
11139
17695
18649
21606
418
9582
21575
32032
36237
1531
2878
3725
4423
7302
8482
11358
12577
24211
37773
834
2264
2974
3029
4629
6204
8565
11514
11842
14265
14654
20932
27710
42447
240
967
2989
3024
3146
3344
3376
6901
8834
12636
20711
31020
32107
32144
39048
43573
1780
3006
5662
7033
7755
8075
11531
15348
15358
18007
27312
417
1507
1756
1999
6277
6905
8115
11968
12632
26358
27980
28836
30268
49417
1721
1909
2394
3317
4383
6145
8117
9332
10564
11343
15714
18020
24168
31434
2137
8617
9221
10872
12357
20147
22372
32245
1165
5623
7162
7179
8894
8933
12287
13909
14160
19125
21358
49598
19
2085
4249
6215
6776
8111
11533
21023
1329
1913
2813
2946
3503
4627
5155
7379
10208
11431
13340
886
1443
1785
2134
2340
2978
3073
3381
4639
5663
6222
9315
621
657
1557
3108
5728
6109
6340
9114
11755
13158
13636
16730
17497
18316
18322
18811
22414
22490
23273
32209
38118
648
1915
5308
5378
5901
13301
15832
17225
17314
18250
362
2030
3835
6106
11217
387
3421
6382
7272
13453
18949
24084
27994
908
1889
11899
13366
30598
33747
199
2036
6195
7282
7551
10548
10686
16375
2327
5437
7696
10173
11507
183
2524
2820
3401
5021
7437
7865
9018
14897
16198
18340
27407
31568
31901
235
582
1693
3099
4542
5823
7873
11939
12553
31921
44797
46825
268
431
1511
1917
1986
7125
7483
8164
10066
11556
23151
419
2303
3861
4889
5646
6303
7789
13821
25689
27979
34645
36410
1149
2032
2161
2837
3233
3284
4730
7438
8688
8934
12167
12328
12774
15850
16724
18974
32149
44688
413
756
1550
3846
4862
7662
10138
12663
25585
25592
25853
589
1860
6279
7515
11373
11374
11624
12120
12548
12875
20167
25862
30518
46275
1586
1880
3045
3864
6904
8408
10196
13051
16588
17291
21775
34477
127
4617
4795
6064
6280
7735
8025
8578
14611
14787
17672
32200
32383
35212
42618
56576
282
1353
2101
2922
3314
3394
3813
3847
6188
6663
8470
8541
9026
9552
12525
20029
20044
27709
267
572
1418
7187
10850
14120
22563
32151
1967
3426
4234
5095
5418
6918
7277
7846
8240
9030
10586
11583
13264
14151
17309
20395
25447
26718
29627
1079
1543
3175
3417
8781
14231
19036
24206
30689
33875
546
2221
5815
7296
12468
13232
14237
17240
29515
200
1110
1590
2209
2255
5636
5691
6240
7457
7683
8243
8985
9112
9135
9972
11765
13546
18140
18417
22291
42328
41
1974
2477
5746
7603
8039
8496
9355
14345
15046
15635
20036
21553
25295
0
1069
1528
1645
2337
2992
3025
6636
7445
8283
8289
10281
13400
14549
15904
16244
24824
26138
28433
31830
35243
42808
1994
2884
6605
7575
8465
8472
9463
11198
14261
16137
19271
19400
336
3153
5444
5647
6825
7230
7347
9566
12071
20697
24391
27337
2
50
56
503
2833
4037
5226
8509
9059
9601
13727
17718
21827
24722
25839
26371
26634
28042
28457
33070
490
1446
2164
4283
5638
7315
7685
7746
8002
8475
8611
9868
11824
13576
15585
22658
2858
2906
4774
8125
8799
8889
9240
13356
14468
15067
16559
18769
33321
41288
31
77
279
300
662
2268
2869
6107
7223
7649
8222
9497
10412
12001
13178
13907
18263
18715
20977
21418
21728
23796
34413
626
1945
2257
2701
4843
5019
5084
7000
10852
10947
11674
11864
16849
17753
19865
19902
26713
28815
36363
53014
53608
88
1410
2870
3998
4012
4559
5680
5715
11720
12594
13415
18654
20881
21075
61
151
190
246
722
1568
2908
3545
6263
6756
7699
8052
8844
8988
9635
9738
10024
11967
12133
17063
25670
34145
37619
716
2365
3219
4988
5493
5617
7210
7503
8622
8706
9593
9973
12317
15685
16454
16777
23837
27592
30951
41873
225
2256
2805
3135
3425
3815
7111
9390
11764
14054
14200
14768
16595
18774
20900
21382
22071
23637
32809
37696
38196
42091
154
241
963
1264
1533
1554
1886
1989
3037
4612
5041
5518
5732
6329
7126
7545
7690
8303
11022
11732
16205
20367
22142
30616
35680
36979
161
299
1695
5754
8704
9189
9721
16751
17239
18645
35979
656
2038
2933
3215
4567
5364
5532
5734
6269
8092
8915
8938
10911
11001
12069
12414
13537
15202
17706
19749
21446
22575
27140
28623
29161
277
1714
2174
2272
3018
3103
4772
10254
10483
11268
11670
12043
13647
24603
28563
30757
295
327
375
557
570
1247
1318
1530
2358
3221
3358
3788
7928
11334
15570
24
389
993
2542
3519
4691
6110
7224
10315
11536
14266
15630
16197
16345
21607
24843
28167
29103
30302
34971
344
1077
1155
1874
5548
5887
6351
9002
10630
11996
12239
12352
12902
13099
14068
18492
18588
26405
27274
29395
31963
32418
33641
43
1782
1950
2133
2404
4570
5422
5760
7237
7796
7941
8900
10423
11192
20790
21039
22675
45186
1459
2003
2377
2882
3698
4771
4987
6117
6650
7360
7485
8297
8962
8990
9575
10366
15114
35319
38543
42466
42846
65
630
950
1873
2195
3061
3237
5012
6186
8574
8735
11227
12386
15421
19851
19903
24338
27202
37490
48095
27
7882
8041
8757
10058
11122
20644
34813
2536
2573
5637
5767
5994
6174
6917
10356
12838
23893
24454
34554
50859
66
624
915
1003
1603
2014
2917
3048
3869
4018
5657
6943
7797
9975
11641
12437
13209
14571
15139
16202
18128
18587
18676
24446
28574
53520
1257
2424
3081
3653
4991
6130
6791
7205
8506
9208
12019
12627
14614
17366
24826
27797
31155
40490
41409
38
163
1160
2246
3147
3330
6120
7872
8486
8873
9823
11698
11960
12100
13772
18333
19369
26230
28366
37077
14
15
896
945
1151
2163
5473
5695
6792
7419
8150
9148
13399
14559
18927
22595
32396
33923
36012
36555
218
386
576
947
1092
1164
1563
2089
2253
2825
3118
6738
6961
7435
8490
8495
8601
9290
10446
10638
12054
12732
13132
13335
16719
20078
20355
22509
32476
43686
34
150
1120
1776
2093
3311
6513
6847
10968
11220
11549
12179
12244
12331
13113
15409
15964
25219
27320
28006
30997
41152
263
818
883
892
1182
1658
2472
2598
2872
3241
3668
3790
4628
5466
5761
6826
6933
7298
8171
9155
10374
15428
16696
16769
21470
23377
32926
47340
49484
486
1881
1930
2356
3149
5472
5659
7428
8227
8748
9167
9619
10378
24721
25991
28331
34622
491
628
1501
2965
3210
3518
5219
5589
7636
8548
9673
10271
11015
12572
14434
14615
19366
20572
22440
28612
29869
32219
32251
32258
37078
38897
39512
289
1012
3036
5375
6286
6907
7684
10456
11265
18267
18372
18418
23562
47213
87
253
564
670
1205
1703
3309
4034
5414
5718
6870
7171
7271
8969
10959
11723
13039
13539
44885
47668
50435
52144
603
1520
1997
2055
2132
2219
3372
4916
7851
8256
8978
10320
12898
13023
14193
16510
17107
17983
18398
19143
19794
24599
25446
28829
35213
40043
836
2146
2421
3173
4533
4582
6253
6306
6341
7647
8507
8618
9001
10163
10448
10495
11035
11321
12395
13717
18755
20051
20082
23391
37834
266
1775
2160
2186
3395
3742
5599
5618
6197
8030
8979
9027
10673
10912
12519
13155
13768
14181
15049
18999
20423
25567
28959
32164
42700
706
1099
1491
1519
1558
1587
1973
2015
2366
2410
2857
3434
3672
4647
4648
4915
6275
6823
8004
9104
9116
9244
10776
11092
18961
19787
25330
28611
31051
31795
32275
38025
101
633
1455
1625
2449
4543
6230
6770
7242
7570
7990
8054
9615
12576
13847
14527
16170
17996
21596
23452
25457
31436
32977
99
447
2062
2907
2911
2916
6604
6852
8163
8216
8270
8272
8274
8537
8740
9134
10552
11436
11994
13035
13379
14855
15333
17104
21091
21490
28152
37105
41588
62
668
1387
2557
2976
3228
5083
5982
6320
6940
8035
8469
8768
10347
10653
13031
13900
14458
16183
17642
17943
18494
19044
24356
26196
27698
28298
31289
31421
47101
254
460
749
1667
2375
2958
3232
3711
3919
3939
6018
7082
9165
10337
10603
12554
18857
19082
26295
49030
54335
51
297
1794
2111
2473
3204
4681
4710
5726
6053
7108
7270
7417
7931
8212
12112
14092
14238
16655
19498
20058
20140
20440
23237
25759
27707
30002
33763
143
527
590
2321
2606
3396
6959
7011
7143
8074
8099
8152
8234
9847
10044
11491
13459
13468
13795
15133
15253
15267
15591
17835
37368
43921
625
1454
1932
2887
3071
3678
5622
6214
6886
8742
8926
9329
9659
10293
11274
11566
13481
14316
16780
18419
22044
22165
27812
29585
32939
43818
51146
644
667
2048
2050
2230
2359
2594
2969
3270
5377
6805
7506
8292
8306
8588
8981
11626
11847
13446
14411
19566
20256
21422
24696
25488
25581
27728
28805
55523
140
1403
1570
2000
2236
2822
2990
3052
3470
5770
6331
7088
7536
8049
8112
8590
9013
9649
10535
11690
12138
12869
14067
14164
14701
18657
18867
22362
23512
25453
27606
28659
29185
39001
43822
78
378
511
1567
2991
3227
5594
5628
7331
7587
7677
7906
8151
8307
8843
10698
10916
11743
12293
17209
18640
20376
21668
23079
24783
31160
32671
33405
35967
49295
1004
1252
1290
2260
2281
3743
3946
5438
5626
6503
7848
8058
8380
11532
12575
12895
14354
18036
18475
20979
22234
22573
25616
29183
29563
32255
32822
44869
614
794
1795
1900
1902
2183
3106
3632
3850
3873
3950
4535
5018
5347
6248
6694
9019
10363
13580
13990
17797
19246
19719
23713
25275
31829
35354
36021
36579
43121
158
2141
2265
2328
3139
3200
3719
3749
3844
4678
6381
6879
7034
7434
8686
8909
10644
11052
11496
11603
11964
14947
19827
21176
22116
30484
33633
37202
162
415
752
1029
2890
3688
4171
4217
4825
4847
5274
6644
6863
7262
7701
8485
9578
9632
10468
12078
12203
14015
14484
17069
18482
22087
23379
24999
25358
25706
26032
26669
28432
32732
32917
35162
35649
36956
37761
38739
40127
41474
43039
45405
46125
47768
48780
51103
53774
54557
55669
56693
484
1662
2493
3656
3690
5367
5596
5620
5747
6992
7885
10243
10392
10540
14329
14737
18206
18844
19046
26716
27466
27555
27586
27996
32039
32591
43288
45508
97
537
1239
1709
1861
2263
2347
2968
3763
4005
4657
5428
6234
6614
7479
8871
9542
9563
9567
11278
12569
13123
13951
14186
16140
21213
23895
24155
28332
33928
37268
42848
51218
58
674
2457
3351
5619
5785
6061
6290
7403
7703
7734
9110
12299
12691
13431
13725
13794
17045
22459
25249
31203
32623
34603
243
717
1524
1697
2510
2902
5010
5271
6213
6284
6618
8454
9458
10649
11300
11340
11731
13019
13483
13853
13971
17743
22839
25852
26614
26686
28639
32805
33044
36957
49447
230
281
597
1213
1309
1553
3209
3340
4819
5042
5294
5315
7493
7594
8875
11034
11441
11836
14418
17096
18506
19329
22635
23666
23667
24667
24853
34394
44286
44502
47820
53496
54154
98
232
981
2052
3074
3134
3558
3730
6073
6225
7190
7240
7243
7376
8144
9062
9532
9604
12675
14538
14725
15441
15968
18897
19239
20792
21044
22186
22558
23502
27309
30289
30701
32980
34225
36970
39817
105
1148
1185
2718
3378
3479
4631
4886
4964
5209
5719
6057
6237
6310
6368
7150
7349
8918
8999
9319
10206
12218
12265
12666
12778
13478
19809
19981
20225
21121
25532
32393
40079
45030
193
577
973
1005
1075
1179
1465
2912
3198
3695
3703
3706
4663
6249
7152
7604
8005
8377
9918
10622
11655
11988
12109
12429
12878
14663
17245
18664
19106
19486
21666
22295
24006
24595
24918
25935
29561
33536
36079
38440
40541
54049
1285
1906
2707
2818
3020
3346
4676
6291
6582
6736
6860
6952
7281
7402
7997
8011
8066
8583
8973
9017
9417
11462
11920
12769
12783
14778
21166
24850
29130
29906
30705
31303
31658
44434
46643
49656
54
1398
1444
1868
2066
2827
2848
3251
3504
3511
5132
5199
6147
6187
6209
7116
7576
8140
8180
9025
9129
10681
10990
11335
11775
11875
11977
12491
12528
12631
12720
12788
13935
16564
22423
27348
30379
33790
38786
43711
50279
293
1500
1545
1659
1992
2454
3206
3290
3445
3492
3908
4784
4851
4865
5281
5434
5667
5842
6201
6969
7488
8419
8950
10492
10600
11199
11599
13014
13020
13837
17313
18317
19190
19664
22121
22505
25026
27537
29173
29213
30129
31134
124
1288
2117
2135
2994
3406
4312
4581
6104
7001
7407
7602
8134
8942
9128
9621
10355
11538
11808
11871
15375
15721
17578
18006
18123
18731
19370
21603
22799
23049
25798
29136
30244
32894
41158
42023
42627
51342
51458
169
1814
1959
2092
2288
2455
2501
2835
3070
3231
3398
3407
3631
4764
5317
6994
7032
7416
7454
7695
7790
8311
8755
8957
9149
9741
10272
13416
13474
13916
13921
14170
18597
19553
23460
25423
30747
42251
995
1122
1249
1304
1725
2059
2248
3302
3796
5049
6628
7048
7123
7986
8121
9300
10372
10687
11042
11421
11866
13116
13517
14971
17300
21918
22572
24530
26962
29729
33327
34924
38060
39172
41469
46274
47882
275
567
1316
1584
1637
1870
2883
3289
3682
3883
4665
4712
5227
5913
6335
6570
7611
7784
7841
8466
8693
8953
9068
10131
10353
10354
10714
10809
11703
12011
15142
16040
18797
25100
28635
29057
29749
34637
36108
355
880
1190
1722
1946
1981
2140
2636
2930
5152
5246
5733
6198
8580
10312
11774
11783
11913
13467
13929
14012
14360
16218
16260
17205
18736
18880
23222
26863
29494
29753
30207
35289
129
265
376
560
905
1207
2002
2282
2597
3148
6321
6362
8517
8903
8922
9159
9379
10930
12333
12877
12990
13466
14653
16181
17089
17105
17241
18113
22194
22452
29931
33150
39163
39321
315
383
593
1518
1800
1919
2332
2682
3247
4736
5753
6895
8020
8267
9235
9748
9782
10091
10435
11676
13538
13543
14094
17435
19323
20893
21977
23926
28917
29779
30663
31473
34105
48218
52550
1
184
354
552
1540
1685
1711
2042
2162
2436
2618
3079
3889
4340
5881
6603
6912
7370
8295
8568
8754
8898
9605
10380
12235
14127
16743
17321
17403
19754
22893
26359
26363
26448
26476
31417
33533
33645
33852
40414
42243
42360
42364
45704
49796
1546
2297
2299
2443
3112
3544
3604
4352
4997
5402
5798
5927
6074
6909
7462
7626
7691
7981
8471
9223
10198
10414
10658
10976
11682
12796
13287
13718
14487
14735
14946
17327
17446
18214
18414
18944
19219
21963
22952
26004
26114
27102
28138
28841
28995
30428
38090
56654
1428
1562
1988
3177
3354
3467
3923
4644
5564
5565
5654
6964
6983
7501
7526
8448
9719
9914
10201
10973
11422
14105
14386
15244
18375
21958
24613
26111
29193
32161
36345
38997
42593
42977
46035
46365
46519
562
673
1924
2166
2305
2483
3098
3380
5094
5312
5648
5907
5955
6838
7191
7614
7899
8145
10139
10186
12808
13252
13515
15245
15386
15619
17633
19122
20525
22317
23450
23923
25415
26380
26561
26598
28664
28880
29827
30653
31299
34894
37945
37981
40129
41947
46179
46289
16
134
291
632
1253
1497
1783
1925
2023
2094
2519
3014
3023
3443
3686
4733
5003
5273
5486
5649
7465
7798
7836
8895
9373
9528
9611
9803
9961
10076
12161
12197
12961
12999
15326
18228
21109
21391
23896
24659
31599
31693
32199
32802
33228
34842
36032
43714
50925
72
1154
1660
1696
1957
2041
2240
2405
2506
2717
2975
3114
4666
5404
5681
5964
7747
8027
8912
8945
8972
10221
10966
11255
11452
11523
12248
12294
13021
13401
15722
15736
16645
17294
17518
21948
22294
22842
23236
23933
27526
28219
28823
30372
30418
32328
32725
38475
1413
1448
1778
1983
2072
2312
3141
3689
4359
4718
5919
5966
6238
6833
7523
7558
8566
9274
9388
9487
9488
10103
10397
10619
10934
10950
11519
12665
13554
14183
14229
15469
15578
15824
16406
17375
17979
18179
18360
18502
19113
19628
20068
22533
25227
31706
32470
40794
44800
51856
1117
2371
2921
3338
4093
4649
5213
5412
5731
6067
6314
7397
7814
8458
8709
9299
9366
9677
9804
10085
11215
11230
11888
11927
12767
12785
12842
13715
13942
15445
16273
16503
17279
19705
19721
20070
20450
21321
22187
22545
24289
24450
35483
38495
52421
1156
2011
2295
2789
2880
2923
3654
4370
6832
7293
7519
7948
8553
8604
8767
10560
11672
13618
14362
14498
14574
14575
16195
16920
17201
17211
17369
18302
18489
18646
18716
19155
19756
19929
20134
20357
22104
22548
23024
23150
23601
24466
26717
28901
30840
31050
31111
50648
242
305
1202
1270
1303
1634
1698
1948
1982
1995
2102
2128
3104
5000
5046
5346
5661
5683
5697
6118
6292
6359
6642
6955
7420
7579
8291
8653
9141
9352
9729
9935
12351
13448
13812
14083
14710
15080
16095
17628
17793
19793
19884
20475
20758
21701
21984
22471
23614
23658
24260
26462
28088
38002
43646
47710
468
1345
1972
2893
3574
3762
4913
5687
6071
6125
6418
7292
7646
7817
8135
8136
9534
10614
11704
12013
12016
13045
13138
13920
14665
14895
14986
16549
17564
17805
19340
21248
22860
23023
23621
26344
27622
28498
29868
32709
36602
36943
37775
39026
42387
42405
43483
132
727
1480
2192
4701
4945
5305
5452
5496
5983
6285
6861
7443
7956
8609
9108
9243
10030
11214
11622
12066
12076
12257
13793
20269
20612
20646
23071
25595
27034
27982
28020
28084
28335
29609
29778
31315
32996
33282
33863
34767
35070
35977
49918
89
381
879
1072
1192
1669
2888
3163
3170
3236
3828
3853
3875
4434
4949
5582
5802
6261
6862
6954
6960
7532
7562
8842
9214
10144
10515
11456
11812
12777
13824
14736
15388
15503
17791
20654
23454
25384
25539
28968
29192
30781
31009
34649
37974
38616
41997
42603
47999
50631
178
404
714
1141
1394
1429
1560
1940
1964
2100
2712
2918
3323
3786
4165
4809
5338
5808
6168
6199
6795
7079
7322
7507
8298
8352
8772
9087
10373
10395
10420
11407
12730
12910
12969
15224
16053
16251
16467
17224
17246
17595
18294
18388
18992
19347
19795
20054
20371
23618
24166
24245
26712
32951
33575
34223
36117
36866
38876
46226
54437
32
637
1391
1538
1594
1598
1664
2029
2345
3065
3166
3404
3599
3728
4537
4776
4793
5195
5530
5712
5820
6032
6703
7641
8040
8168
8741
9548
9723
10059
11036
11190
12162
12695
12903
13307
14393
14409
14557
14570
15723
15748
16530
16678
17742
18058
18822
19586
21741
22125
22390
24314
28480
33292
34982
38250
39818
40943
41779
42502
43502
44799
125
465
865
1935
3409
3507
3674
3874
4994
5180
6380
6843
6881
6921
7312
7510
7593
7992
8855
10187
11156
11174
12396
13368
15032
16403
16620
17208
17660
17944
18188
20190
20553
22456
23402
23654
23735
24832
27303
27527
27692
30936
31940
31985
33894
35107
35228
37547
724
1106
1499
1810
1905
3133
3432
3451
3564
4519
4669
4990
5576
5641
6192
6298
6985
7269
7470
7496
7675
7900
9064
9117
9152
9627
9870
9877
9957
11248
11756
11891
13204
13482
14304
14320
14341
14601
14851
15377
15453
15973
16498
16512
16718
18670
19861
20794
21687
24375
24769
26545
26988
30078
34148
36241
39128
42911
43013
43224
44100
44782
47752
1013
1017
1051
2346
2413
3331
3891
4003
4723
4725
4829
4890
5450
6311
6328
7484
8118
9170
9431
10394
10756
12977
13503
13939
13972
14448
14459
14554
15387
15560
16448
16505
17384
17731
18194
18514
19325
23213
23262
24120
24743
24828
25052
26572
30412
31063
32119
33658
34736
35221
36047
39761
40033
42434
42455
42940
249
352
563
765
1180
1939
2308
2382
2453
2751
2859
3142
4749
5748
7927
8086
8265
8992
9003
9445
9765
9992
10029
11242
12205
12973
13389
13975
14477
14935
15043
15279
15716
15745
15757
15845
16516
17215
17282
17962
18411
20966
21643
22702
23311
24350
25890
25976
28778
29636
34211
42329
42781
44170
44317
45641
104
175
213
703
912
1571
1797
1893
1916
2065
2623
2851
3093
3388
3897
4066
4271
5014
5216
6241
6356
8060
8356
8582
8899
9042
9579
10344
10418
10514
10955
10964
10970
11119
11540
11777
12106
12972
13654
14243
14812
15337
17734
18662
18869
20024
21736
23629
23928
23978
24954
30682
30866
30945
31285
31810
33626
33762
33845
38023
40838
136
430
454
689
921
1104
1166
1908
2005
2118
2181
2942
3280
3305
3570
4085
4626
5038
5745
6190
7184
7629
7858
8848
8879
8928
8929
8944
9305
9612
10274
11222
12093
12172
12187
12367
12445
12490
13661
13849
16089
17373
21157
23757
23949
23986
24355
25177
25830
26954
30248
32696
36294
39104
47864
48841
49443
228
663
2302
2556
2829
2832
2925
3022
3066
3111
3627
3641
3732
3888
3996
4961
5288
5326
6364
7231
7337
7596
8051
8108
8459
8484
8726
8959
9538
10367
10415
10880
12423
12513
13513
13728
14182
15727
15750
15798
16085
17575
17792
18746
19855
20648
21184
21471
23639
24842
25531
25707
27489
27591
28675
28953
29509
29630
32635
32710
45137
45252
46926
47015
52207
52622
82
215
659
1985
2170
2633
2943
3321
3753
3876
5752
5786
5920
6512
6973
7250
7374
7422
7466
9168
10081
10408
10442
10662
11817
12084
13844
14009
14346
14391
15184
15228
15301
15655
15913
15960
16024
17326
17941
21862
23246
25697
26762
27689
28161
29478
29716
29884
38248
39059
42066
43171
50845
53
332
489
595
1313
1322
1951
2528
3486
3692
5603
5625
6076
6584
6658
6827
7113
7193
7672
8109
8732
8896
8965
9121
9407
9511
9553
10110
10213
10510
10798
11087
11438
12747
12791
12942
13660
14172
14308
14372
14613
15140
15731
16154
17247
19257
20129
20889
21353
23530
25329
25609
26709
27145
27179
27394
27538
27785
28932
29320
30999
32425
34199
37572
38950
53193
569
960
1411
1869
2672
4119
4544
4673
5554
5700
5792
6377
6534
7304
7592
7674
7738
8048
8252
8937
9408
9913
10781
10785
11518
11872
12064
12458
12738
13259
13395
13797
13918
14062
14140
15008
15025
15288
15668
15673
15769
15815
17608
17868
20212
20527
21347
21602
21810
22633
23146
23635
23990
24033
24465
24677
25104
25610
25756
25900
27162
27351
29118
33376
34868
36700
39162
39251
40640
44048
44582
44920
45089
51044
55138
164
631
928
1350
1535
1934
2324
2773
3437
3899
3989
4693
5344
5743
5771
6049
6265
6816
6840
7105
7372
7852
8015
8384
8774
9540
9786
10424
10802
11243
11737
11811
13147
13381
14033
14086
15420
16231
17290
17817
18158
18962
19311
19513
19685
19812
20062
20186
20454
21145
22442
22503
22612
22921
23366
23651
23656
24806
24815
26294
30424
31525
31537
31734
32735
33348
33553
34674
37118
37180
42320
584
768
1118
1226
1331
1380
1536
1730
1748
1832
1842
2448
2642
2937
2981
3117
3476
3546
3789
3898
3927
4082
5410
5431
5446
6169
6928
7194
7529
7964
8062
8776
9187
9489
9730
9772
9889
10130
11445
12015
12337
13447
13509
14489
14909
14939
15385
15649
16319
16459
16647
17061
17452
19555
19709
20067
21024
21061
22172
22308
22667
23038
23361
23473
25503
25698
26214
26320
26349
26451
26604
27623
27753
27780
27984
28022
28883
29315
29648
29748
30770
31790
31925
32060
32225
33308
33612
34481
34913
35222
35297
35449
35502
35878
35896
35964
36752
37560
37599
37687
38577
39015
40404
41489
42069
42468
43470
43620
43743
44056
44083
44692
45144
45203
45565
45902
46119
46363
46781
46983
47437
48836
49734
50258
50942
50978
51031
51058
51299
51318
51692
52064
52340
52629
53057
53088
53556
54014
55163
55514
55626
55751
56658
57768
57855
57893
92
987
1124
1888
2441
2494
3072
3213
3501
3976
4573
5433
6586
7547
8067
9383
9494
10477
10846
11031
11211
12221
12343
13540
13640
13789
14040
14474
15342
15868
16636
17486
18477
20611
21212
21236
21322
21360
21702
22173
22433
22728
23035
23655
26529
27024
29483
30071
31089
31207
32869
34039
35383
38316
39060
41363
43656
46003
48364
52584
227
358
575
660
2561
3038
3385
4091
4414
4541
4547
5193
5459
7022
7392
8065
9258
9541
9547
9883
10368
10496
10668
10889
11014
13273
13361
13373
14301
15394
16267
16835
18001
18689
18996
19263
19897
20063
20313
20415
20704
20954
21865
24784
25718
26792
28011
30003
30149
34138
42542
43960
45190
45191
45891
47116
56834
60
342
364
445
1295
1450
1671
2104
2823
3019
3123
3452
4914
5075
5461
5572
6100
6143
7396
7423
7471
7563
7605
8001
8446
8646
9005
9560
9629
9679
10220
10932
11283
12081
12771
13115
13120
13755
18208
19041
19154
20099
21377
22455
24610
25042
25563
28764
29584
29623
30321
30516
33229
33837
34161
35812
36486
36719
37976
41861
42477
43276
45201
49159
50850
252
529
1140
1208
1887
3433
3823
4436
4695
5671
5884
6281
6383
6766
6885
6916
6936
7650
8608
8624
10132
10257
10670
10931
11249
11319
11504
11979
12146
12459
14250
14307
14556
14564
14953
16400
16729
18178
19222
19602
20189
20698
21254
21648
21698
24482
24515
24559
24957
25687
25709
27099
27883
30084
30752
31875
33769
34621
37437
39075
46427
49541
55525
68
177
334
678
1458
1899
2025
2329
2940
2954
3064
3278
3756
3870
4051
4261
4445
4512
4538
4641
4982
5033
5103
5136
5679
5993
6446
6872
7274
7448
9051
9554
9826
10135
10167
10430
10482
10986
11288
12237
12782
13098
13203
13227
13561
14204
14226
14310
14359
14410
14944
15062
15315
15564
16071
16821
17161
17626
18584
19508
19691
19788
19829
20987
23390
23410
23491
23943
25483
26548
26998
28525
29533
29675
32848
32988
33071
33528
35404
35771
39521
43256
46650
51479
51860
53090
25
501
1271
1375
2407
2555
2826
3397
4141
4839
4954
4956
5070
5161
6219
6424
7257
8100
8249
8539
8828
9289
9415
9683
10886
11391
11801
12698
12740
13117
13419
13476
13606
13641
14003
14532
15538
16182
16366
16631
20326
20832
21394
21645
23351
23659
23729
24291
24369
24656
24820
26796
27399
28079
28996
29525
29811
30775
31800
33758
35123
36565
37979
38605
39134
39537
41160
41170
43187
146
1128
1209
1347
1921
1965
2105
3201
3416
3517
3685
4244
5174
5914
6000
6142
6737
6868
7424
7727
7921
8126
8316
8538
8734
9035
10704
11046
11107
11180
11759
11905
12473
13433
13897
14252
14286
16048
16279
17308
17471
17912
17987
18691
18866
22051
22441
24724
24867
25471
25591
26454
27333
27739
27744
27774
27794
28333
28865
29351
30420
30952
31628
31890
32038
32327
35211
39240
40843
42641
43734
45090
56752
118
622
1071
1081
1389
2097
2147
3091
3357
3548
3830
3994
5004
5616
5706
6123
6811
7384
8076
9126
9658
10413
10599
10918
11482
11546
11838
12391
12621
12804
13069
13080
13297
13678
13827
14242
14325
14577
15150
16091
16223
16492
17092
17120
17781
19061
19525
19908
20551
21187
24863
25078
25098
25623
25662
26357
27847
28492
30978
31923
32220
34014
35391
35445
38123
43252
47987
54778
54931
74
115
485
758
828
920
936
984
1489
2314
2334
2465
2953
2995
3447
3490
3624
3922
4007
4624
5445
6617
6746
8233
9080
9760
10250
10550
10876
10993
11382
11510
11925
12164
12645
13562
14088
14198
14462
15407
17255
17257
17790
18351
19453
19497
20673
21458
23503
24141
28235
28779
28918
29073
30307
37714
41479
45529
48051
52232
330
1278
1595
1976
3389
3428
3438
3655
3809
3884
4553
4615
4957
5597
5673
6111
6849
7477
7909
8226
8556
8800
9031
9483
10974
11028
11389
11788
12111
12150
13758
14713
15089
16035
16088
16212
18603
18661
19293
19870
20452
22752
22981
24250
24997
27389
28775
30834
30846
31416
32727
32821
34909
35890
37595
40322
40535
45974
54118
28
185
379
471
1574
1773
2119
2208
2231
2732
2945
2998
3041
3531
3956
4402
5163
5224
5396
5612
6867
6873
7239
9220
9481
9620
10042
10165
11318
11329
11820
12028
12756
13233
14145
14374
15306
15965
16795
18220
19235
19808
20757
20862
20908
21370
21424
22356
22446
22708
22770
22895
23142
23490
23582
24578
28229
28776
29854
30824
32379
33247
35460
38572
41805
43556
45005
50304
53265
103
153
783
1123
1631
1865
2367
2420
2815
2988
3004
3366
4077
4151
4566
5707
5717
6408
6899
6989
8558
8802
8867
8908
9169
9246
9640
9977
10332
10431
10752
10994
11099
11253
11725
11845
12139
12157
12261
13432
14534
15132
15465
15747
15816
16544
17121
17492
18300
18307
18724
18820
19274
20528
20849
22122
24614
24953
24960
25796
26369
26902
28075
28148
28565
37936
38208
43732
44955
45400
45933
48687
50045
55137
692
1859
1862
1990
2165
2202
2462
3639
3935
3938
3945
4058
5257
5451
5503
5883
5989
6082
6330
7613
7794
7923
9432
9602
9793
10014
10176
10487
10539
11112
11152
11781
12181
12276
12555
12885
12982
13530
14274
14292
14662
15144
15618
15660
15829
16153
16444
17571
18432
19421
20772
21060
22765
22769
24235
24315
24742
27589
27983
28176
29641
30697
32774
34110
34531
36133
37383
37763
37797
38137
38294
39842
40669
41490
48511
46
1000
1015
1371
1384
2211
2238
2378
2601
2819
3010
3383
3576
3811
4467
