44
754
40
3154
159
6589
36
2349
8440
3245
762
10348
2915
3
652
634
10512
116
405
7
2839
753
2847
629
176
102
9970
833
6620
210
2261
650
2103
654
2868
948
17285
5310
2934
1076
1877
11630
424
5215
9952
760
1901
1891
2836
6991
212
554
3063
229
651
4902
15606
2809
853
6595
42
10542
1168
8385
927
108
747
2971
2966
1082
646
80
6050
8479
3596
349
1559
2625
8379
4532
6677
1898
568
49
1910
658
730
7358
9405
42847
168
1786
2344
1430
3618
20349
1791
7441
773
1302
2876
4545
11799
226
8500
1505
2903
5699
1936
6785
7528
3256
264
6640
3124
10963
970
2874
1895
13213
6365
1866
7778
29
553
680
6191
7155
740
2168
8031
50183
324
8917
9530
11558
385
2840
13142
7183
7844
759
1771
1956
6664
2009
28481
123
3384
307
149
14657
3158
4871
1863
7307
21854
1100
7642
446
4841
37
157
8428
2283
6948
7084
16494
5670
30
3458
6121
26
5656
2180
2885
8474
2130
2007
11140
2232
7524
15159
7648
12583
37901
1307
10877
18980
11277
17607
1864
4618
11948
620
7406
9577
237
2842
22500
55294
217
3739
207
9416
208
697
1449
7546
20050
4840
3523
13097
23322
10969
12
9663
782
3710
8946
8947
9923
746
5668
14207
639
719
636
1914
3415
5591
3427
8308
6782
14283
1883
2176
17050
2207
37365
5655
11931
2938
1933
13589
2843
1542
303
2810
2044
8493
223
2318
3362
5684
6316
8337
13826
35
1451
2920
3056
317
641
1158
7008
8483
75
3341
13438
16265
1074
4786
11739
638
2157
5575
83
1777
11204
13403
13599
236
2218
6205
180
5430
5819
13835
1875
25062
27245
802
433
10532
16500
36027
47
220
493
4613
13816
109
238
3085
3180
145
10509
11208
11378
1843
29603
1854
3128
3212
1878
20386
1867
5642
7260
12038
876
5090
6977
7148
298
1998
10902
22950
2386
16266
878
8056
13429
3160
9982
11527
9009
9725
2901
10991
156
2895
8217
736
7521
17
173
20930
1083
16809
250
2821
8231
11
449
7670
755
2910
6615
9595
10346
13596
1622
2045
4023
9520
1955
4090
7560
8082
248
1452
6203
19451
31533
182
1911
9954
11692
1093
2068
7227
8191
11577
19109
676
2001
2177
3218
9580
15034
15088
959
3324
7572
8906
1159
7362
174
7411
7607
12230
14294
11017
29479
436
2189
2962
6687
6957
7112
7318
8478
10685
28859
28956
1314
2034
5902
6256
7170
15128
7669
10554
15251
1984
35343
8013
21776
3259
9111
11490
15309
15543
30377
301
351
647
2279
8941
11050
14942
15947
44981
160
661
2278
10650
37699
5210
6223
18243
24822
320
969
14275
13
3638
6683
7987
13848
14039
1847
1872
1971
3348
7114
42102
195
1142
7537
11856
12620
16728
27058
8467
20032
9587
10334
3007
5221
6587
10494
13170
31763
1431
6318
7256
7583
8425
9749
11177
22948
7527
20148
280
22495
9
653
4960
9740
112
679
721
1970
1978
4985
5708
6621
7153
11584
13108
13285
209
2201
6208
6787
11559
13110
16722
95
412
1143
1798
1931
2354
9402
32563
1578
5632
6217
9421
10551
11003
20139
1315
2077
2929
7375
16343
887
2194
2871
18
219
1386
1513
5714
9911
11260
20165
2262
5408
5598
6896
8544
15946
28350
1139
1876
8262
8696
14547
191
888
1718
2853
5208
5724
6652
7206
8329
9154
11612
35375
76
170
2879
3062
5206
6533
8503
18647
1170
2392
5270
11051
28131
2873
7870
10333
15048
147
5605
6612
19137
731
3182
6908
11593
623
2175
5146
9949
5
23
2051
2944
4659
6629
11183
26250
28816
144
1699
3924
7549
11946
18529
1067
1080
3637
4690
5432
24438
1521
2841
2865
4181
8820
12037
29477
8473
14951
17830
41309
42236
55578
1146
2553
2849
8897
8923
18649
32349
474
2339
8821
9109
13436
13442
14912
28846
2970
3055
4655
6648
8902
14230
26358
189
824
2812
3761
6598
8521
9041
1815
3767
7517
11530
19700
1109
2073
2198
2389
3333
10086
11987
12089
211
255
3778
12094
15726
922
1094
7824
8715
10238
11261
1961
2400
5841
7518
13199
24580
1240
4087
5318
7467
13265
25862
45
745
1987
2379
3089
6923
8819
10488
1701
1770
3662
5629
7385
7911
8427
10835
12087
16240
17991
24814
1525
2896
3379
5592
6588
7758
8255
15271
25106
47758
677
2974
3183
3186
3885
4101
11568
15220
26557
29791
2222
2806
5665
6101
7098
7692
13202
17558
17695
370
686
691
738
2352
2987
7632
8214
9574
11787
12577
14814
16317
22257
24211
10
1805
2980
4622
12053
23842
40988
2217
2989
4334
6580
12882
23929
38908
51628
1721
8951
9449
12253
13105
15850
16028
23320
37983
188
2428
5211
6884
7671
10173
20323
22741
152
167
467
1138
2008
2778
3084
5694
6904
7103
25153
36940
38517
44901
214
835
1503
2241
2276
6906
9242
11618
11699
12833
1720
3661
5154
6864
6915
13228
15979
20324
2398
7025
7729
14826
22425
25688
39556
269
2932
5415
5595
7686
10895
21
2022
2031
3314
4249
4630
6347
6984
10842
13560
14077
23151
1310
1949
2149
3337
4041
6193
7302
8933
11951
12548
17315
24765
967
2016
4548
4639
8482
8913
10205
25859
262
1999
2182
10588
13366
17058
25400
34646
655
1443
1780
3801
5623
5639
8032
8565
977
2215
2507
2774
3645
3725
6590
9571
21408
2517
3029
3189
5791
10458
12659
22414
42447
901
1087
1447
1889
3122
6196
9124
11431
14265
21173
36237
1393
1507
2024
2850
2900
6727
6776
6905
7122
11511
12636
15200
16565
17143
20711
24032
24036
32699
621
2235
2394
3108
3376
4423
5285
5690
7179
8125
11955
13096
13636
16430
31020
45168
4
1909
2986
3422
6109
8165
8894
13908
171
1097
2284
3006
3439
4730
6222
6277
6901
8617
9562
9582
9785
10339
13909
18308
20147
32144
4629
4999
6195
9332
11139
11358
11730
17379
18316
18974
24168
27139
27407
29056
37773
79
240
666
886
3216
3350
4846
5400
6115
6880
11374
11899
11968
13340
21606
32107
1531
1550
2360
2403
2924
3146
6204
7033
7379
7937
10129
11531
12632
43573
582
627
854
8115
8834
10564
11755
12287
14160
15358
16730
19125
22372
32032
41323
3784
6711
7469
7473
18811
21575
21591
22490
387
1557
3861
5308
9334
49598
148
417
1511
2137
2878
5378
9221
10208
16244
18590
21023
27994
28836
29976
19
2134
2807
2813
3131
3381
3864
4889
5647
7551
11022
11765
17497
30598
418
1329
2221
4542
4627
6064
7272
9114
11533
16724
17314
21619
32209
32245
34477
199
344
1915
6382
7162
9315
12959
13158
18322
21358
657
1149
1590
1913
3045
3847
5663
7483
8920
15348
18020
19036
20932
1967
2264
3344
3417
5155
6106
6145
6340
7683
10872
11217
11343
12133
18340
18949
24084
27980
46275
6
56
3099
5636
6220
7125
7649
7685
8111
11556
13453
17225
23273
267
375
419
1077
1151
3109
3233
3846
5728
7315
7696
8541
12071
31434
33747
46825
362
2340
2833
3317
3421
5021
6188
6215
7347
15832
20881
21775
27312
27710
31901
44688
572
662
834
3024
6663
8164
9972
14261
17063
25585
29627
30268
34645
431
2524
5662
7865
10138
12043
12120
21553
32151
32383
42618
546
1353
2032
2327
3503
3835
4383
4617
7437
7438
7755
8117
8472
8934
9018
11198
13264
14120
14654
16588
17240
18007
18654
20044
20395
23796
36979
200
268
282
1986
2036
2477
2946
3073
3401
3813
5437
6117
9189
11373
15635
22563
49417
1446
1880
2837
6233
7575
7873
8002
8496
9059
9135
9240
9552
11674
11939
11967
12553
12663
13301
17291
19271
24206
27140
31921
33875
38118
127
183
1693
1860
2030
3992
5095
5646
7789
8470
11583
12875
13821
14151
15714
25839
413
2164
5418
5422
8509
9601
10196
14897
15904
17309
25295
27979
30689
36410
39048
589
648
1110
1165
4037
4567
6280
8408
9112
34145
35212
7662
8781
9030
10066
10548
13232
20036
22658
29515
31568
32149
44797
56576
1418
1533
1543
3025
3426
5823
6636
7282
7503
9575
11507
13727
14787
20697
21446
22575
32200
33641
1945
2161
2256
3394
6303
6918
7224
7230
7237
7846
10852
13400
18140
18417
18769
25853
28433
28457
2
235
2424
2978
3048
6279
7296
9721
10281
10947
11549
12167
12328
12357
13546
14200
16559
18250
20367
26634
50
336
490
1069
1164
1568
1645
2003
2101
2542
2805
2906
2922
4612
4795
5746
8039
8799
12774
13576
14231
14237
15585
19400
21418
21728
27592
30951
32809
34413
42808
151
241
295
1917
1994
2365
5691
5715
7000
10315
12001
12525
13178
17672
22071
25592
33321
41873
42091
1950
2884
4283
5815
6825
7111
8915
9973
11842
13415
17718
20977
35243
42328
34
503
756
2870
2933
4234
5659
5734
5754
5901
6110
7205
7515
7545
8706
11720
12594
15630
15895
16777
22291
25447
26713
28167
33070
41288
41
1756
2908
4843
5657
8075
9463
10911
13132
16137
18715
19902
24391
26718
30518
225
628
1586
2257
3037
5019
5472
8243
8988
9026
10850
11824
11864
12414
13051
14345
16205
16849
17753
18263
18588
19865
24824
28815
30616
36363
37619
53014
53608
154
656
1528
2268
2272
3103
3219
3742
5041
6240
7126
7223
8622
8688
9635
9738
14549
15067
20029
26371
29103
38196
27
65
234
557
908
1155
2209
2337
3284
4774
4862
5444
6329
6917
7187
7746
9002
10024
10320
21075
22440
25689
26138
27709
37834
1239
1695
1785
1974
2303
2375
5518
5887
7872
8900
8962
9497
11624
14468
20790
23637
23837
26230
1387
1410
1554
1989
2573
2992
3788
3815
4691
5012
5226
5364
5493
5638
6605
7457
12519
13356
15685
16345
22142
22675
31963
34813
277
2133
2510
2820
5084
5548
6263
6792
7603
7699
7928
8052
8578
10586
10686
13039
13537
16198
18645
21382
28042
36555
61
246
1318
2174
2255
3175
3215
3237
4012
7210
8283
15114
16197
16769
24454
28623
32418
31
38
915
2701
2869
3135
3311
4988
9619
10366
10638
12468
14054
14068
15421
16751
20644
20900
27337
28366
30757
37696
279
570
2132
2356
2858
2905
3221
5617
8507
9290
9868
11001
11732
11996
14768
15046
17706
21039
34971
35979
43
947
1120
1782
2000
2882
3153
6107
7277
7882
8171
8465
8938
8978
10356
11192
11698
14614
17239
21607
24603
24722
24826
26405
29395
37490
15
300
722
1182
1873
2263
3425
3545
5599
5718
7797
8985
9593
10254
10630
11723
12627
16375
16595
18927
19851
20167
20423
23452
28574
35680
36957
101
143
299
389
945
1264
2014
2377
3147
3653
3698
6650
7445
7690
8092
8454
8611
9975
10412
10423
10446
11015
12732
14266
14611
15570
21596
23893
31051
38543
48095
327
1192
1257
2100
3309
3518
3711
3869
4559
5532
6018
6756
7419
8844
8990
9155
9355
9649
10058
10653
11641
12069
15202
15964
16202
24338
27274
29585
30302
31155
39512
42466
87
289
630
2085
2195
2358
2449
3998
4034
4570
4771
4772
8926
11514
11536
12019
12352
12437
13099
18128
18492
18774
27320
32258
45186
53520
161
892
1092
2038
2093
3081
3434
4018
4987
5761
6130
6381
7435
7735
7990
8025
8135
8475
9390
10448
11035
11268
11334
11670
11960
13209
13647
14434
17366
18587
18676
20078
32396
34554
38897
42848
24
243
263
386
576
818
1205
1658
2404
2493
3018
3061
3330
4647
5726
6174
6320
6940
8041
8889
8979
12386
25670
27202
28563
29869
34622
40043
14
88
950
1079
1160
1714
5219
5375
6738
7171
7298
7684
8222
9208
12100
12838
13717
18755
19366
24843
28829
37078
37368
66
77
896
1501
1625
2246
2410
3118
3204
3519
5589
6187
6847
7587
8292
8537
8704
13951
16454
18333
19787
20140
24446
25219
31830
32039
36012
41152
42700
163
253
674
706
993
1012
1455
2089
2366
3210
3358
4533
6341
6770
6961
8506
12902
13335
15409
17983
19903
25991
35319
37077
40490
43686
49484
1563
2557
3149
3173
3228
4915
5274
6120
6513
6826
7428
7796
8490
8601
9001
10483
11626
12317
13155
14484
14559
18267
19369
20572
23237
23512
26295
28331
32476
32977
38025
41409
44885
47340
50859
254
486
670
883
1874
2141
2421
5473
5618
5637
5695
6230
6852
6870
7941
8735
8873
9319
10968
11847
14411
14615
16719
18494
19143
31795
32219
32926
47213
47668
0
491
963
1930
2111
2146
2219
2606
3241
5680
6791
8035
8227
8256
8574
8618
8740
9165
10456
11122
11265
12138
12239
12244
12331
14193
14855
15428
18475
19082
19749
22505
24599
28006
52144
1099
1558
1603
1886
1902
2066
2536
4710
5466
6823
7407
7485
8163
8289
9148
9167
10378
12395
13539
13772
15139
15333
16696
18036
22573
26196
29161
32164
47101
50435
54335
624
1519
1794
1992
2186
2473
2598
2883
2887
2917
2976
3790
4916
5438
5732
6694
7376
8212
13768
13900
19719
20051
20355
21490
21827
25457
25616
27698
28612
37105
140
564
673
1703
1881
2253
2958
3372
3470
3678
4681
5628
6286
7082
7417
8270
10271
11775
12576
13399
14164
19794
20256
23377
25275
27797
49030
190
716
1003
1459
1530
1775
2160
3395
4543
4628
5760
5994
8216
8240
8495
8768
8981
9027
9673
9847
10673
10776
10912
11321
11491
11532
15591
18418
18857
21470
22509
23079
25446
25759
28152
28959
29906
32255
32275
33536
33763
78
99
150
297
460
1587
2163
2916
3668
3672
3743
5770
6053
6214
6503
6805
7851
8909
9104
9458
12054
13113
13847
17642
18961
20082
23391
23562
24721
33405
35213
1900
2055
5622
5802
6290
6907
7493
7647
8030
10397
12179
13035
13481
13907
15049
15375
16170
16510
17104
17107
17996
19046
22595
25706
27466
31289
31436
42846
44869
62
218
378
603
644
717
794
1776
2454
2911
4886
5042
5083
7784
7848
9019
10698
11436
12572
13031
13446
14181
14238
14329
14571
15267
16183
18372
18398
21176
25330
26669
27309
31160
32251
37268
51
625
1403
1520
1567
1868
2236
2248
2902
3036
3270
4648
4991
6197
6249
7123
7271
8074
8380
8588
8748
10163
11052
11220
15253
19566
24783
26716
33923
37202
49295
51146
162
633
1497
2594
3232
3346
3511
3690
3763
4171
5377
6186
7088
8303
8306
8757
9013
9417
9615
10495
10603
10959
11920
13023
13379
13935
14316
17943
18999
19498
20440
20979
27728
31421
35967
41588
169
2965
3796
4663
5132
6269
6351
6368
7636
8485
8548
10044
10293
11690
11764
13990
18419
19323
25249
25453
31829
32980
35354
43818
45508
1004
1696
1997
2052
2260
2857
2968
2969
3070
3247
3749
4678
4819
5619
5719
6073
6306
7034
8469
9566
9719
10392
10540
11092
11774
14067
14092
14186
15133
18897
19827
24696
24853
28611
30997
33633
36579
97
668
1454
1697
1795
2048
2472
2501
2872
3939
4005
4825
5982
6057
7108
7331
7360
7479
7570
7604
7906
8066
8144
8307
8742
8843
8918
9532
10347
12112
12869
12898
13795
13916
14663
14701
16564
19246
22234
23713
24595
25581
27586
29185
32917
36021
45030
105
563
749
1029
1247
1290
1973
2265
2848
3052
3719
4657
5414
5594
7262
7536
7703
8004
8583
9116
9300
9329
11682
11743
12554
12895
14015
16140
17835
18006
19044
22423
27606
29729
30002
30484
31203
33928
41469
43288
49447
614
752
1252
2328
2717
2822
2890
3071
3290
3380
3688
3844
3950
4217
4847
5018
5209
5347
5434
6614
6644
6943
6992
7701
8311
9068
9244
9632
9877
10916
11496
12076
12078
13459
14527
14737
14971
16655
18657
19370
21422
22044
22087
23049
23621
26004
26111
28659
29183
32732
35649
38739
40127
41474
43039
45405
46125
47768
48780
50279
51103
53774
54557
55669
56693
158
537
1570
1709
2062
2907
3251
3340
4676
7011
7677
8020
8486
8590
10363
10374
10619
10714
11566
11994
13123
14354
16780
17069
17089
17245
17743
17797
18206
18317
18506
18646
18880
21166
21213
21668
21984
22459
24530
26686
27555
27812
28432
30129
30747
32623
36956
39001
43121
43921
44286
44502
836
1185
2359
3134
3558
3706
4644
6886
6952
7143
7152
7594
7931
8099
8234
8686
8969
10552
11300
11452
11599
11603
12293
12491
13478
14360
14947
16260
17096
17578
27707
32939
34603
35162
54
215
567
667
1545
1637
1667
2345
2347
2994
3200
5700
5733
6582
7734
8054
8755
9914
10435
11227
11421
13474
13580
15441
18482
18844
20058
22121
22186
23222
23667
25935
27348
28639
31299
32591
32805
33044
33790
124
134
230
249
266
415
590
1179
1391
1491
1948
2332
2597
3378
3407
3730
3946
5199
5271
5281
5747
5767
6234
6362
6879
7240
7416
8112
8297
8377
8871
9741
9823
11441
11538
11988
12769
13468
13538
13718
17327
17435
19190
19809
20376
21091
22116
24155
24667
25852
27996
29193
29494
29561
29563
29749
31303
33150
98
355
560
577
1117
2281
2321
3106
3114
3656
3873
4582
5049
5317
5626
6284
7116
7190
7243
7506
7523
9110
9659
10535
11274
11731
12691
12788
13725
13794
17205
17209
18670
19329
23618
26114
32671
32822
36079
38786
40079
16
252
981
1148
1662
1906
1939
2050
2140
2183
4665
5907
6201
6225
6933
8151
8180
8950
9129
11964
12666
13019
14778
15668
20893
21121
22799
23379
25488
26614
37761
39817
41158
44434
49656
51218
232
281
376
383
511
527
626
1932
2230
2443
2825
3338
3919
5003
5010
5798
6248
6253
7242
8049
8466
8754
8922
8973
9134
9488
9578
10272
10337
10372
10622
10658
11042
11875
12569
13837
14458
17045
18214
18797
21044
21666
22165
22635
23933
24850
25026
25358
30207
38440
46643
47820
54154
1154
1190
1285
1711
2455
2718
2818
3074
3703
4764
5367
6275
6310
6736
6964
7150
7304
7349
7403
7626
7885
7986
7997
8121
8140
8875
9542
10243
10355
10990
11335
12011
12528
12675
12778
14170
14725
17793
18640
20225
22839
24356
24918
26032
29173
29753
30701
36970
39172
40541
43822
46274
275
1075
1444
2092
2888
2923
2990
3020
3079
3139
3227
3351
3409
3445
3695
4749
4784
5227
5294
6291
6335
6959
6994
7270
7454
7519
8005
8274
8693
9062
9128
9567
10809
10930
11783
11808
12203
12218
12235
12351
12575
12720
13014
13416
14418
17279
17294
18123
18360
18414
18867
19981
23150
24613
30289
31134
31473
31658
34394
40414
53496
222
293
973
1207
1309
1685
2002
2457
2506
2835
3289
5402
6238
6570
6604
7576
8145
8942
8999
9025
9149
9214
9604
10492
11655
11977
12429
12783
12796
13431
13448
13517
13975
14083
15968
17300
18597
18664
19106
19486
20792
21958
23460
28332
29778
39321
41947
129
632
1398
1546
1957
1982
2166
2707
3123
3631
3883
4581
4964
6237
7402
7443
7695
7841
8058
8150
8272
8767
9017
9366
9621
10085
10600
10687
11462
12161
13483
13853
14012
14386
15142
16273
17313
18302
21701
23236
24006
26561
30244
30705
32802
34225
36108
42251
51458
54049
55523
193
485
562
1249
1413
1524
1540
1553
2041
2519
2918
2975
2991
3354
3492
3889
3908
4093
5785
5881
6074
6860
6909
6955
7611
7747
9064
10198
11215
11278
12808
12973
13020
14094
14653
15386
15578
16095
16645
16743
19664
21321
22952
28805
28917
30379
34637
35289
42852
43711
46179
52550
55525
1122
1659
1924
2282
2912
3177
3209
3396
3682
4994
4997
5428
5753
6061
6209
6261
7579
7790
7814
8134
8419
9159
10076
10091
10131
10186
10966
11034
11422
11703
12109
12265
12990
16040
17241
22187
22452
22572
23666
24289
24314
25415
25532
32393
33228
33645
34924
51342
484
1005
1316
1722
1988
2297
2407
2925
3891
4340
4865
4913
5152
5596
5625
5842
6198
7488
8267
8709
8957
9235
10354
10681
10934
10950
11523
11871
13715
13971
14538
14665
15619
18113
22294
23502
25100
26380
28138
28635
28880
29931
32894
33327
36345
38060
38997
46365
1394
1465
1783
2295
2893
3198
3206
3504
3762
3850
5246
5273
5315
5564
6321
6969
7048
7465
8011
8027
8295
8903
9087
10353
10414
10468
10649
11230
11519
11676
11836
12631
13466
14105
18375
18731
21948
22295
22545
23895
25798
29057
29213
30428
30663
32199
36032
315
447
880
1213
1253
1500
1725
1814
1946
1972
2135
2371
2827
3231
3398
3406
3544
3732
5412
6192
6213
6618
6912
7434
7448
9223
9379
9388
9729
9918
10206
10644
11913
12248
12294
13116
13401
14183
15453
16181
17403
17564
21645
23601
23658
23923
26363
26448
26962
27102
28335
29136
29192
29779
30372
30418
31417
33852
35483
42023
42593
42627
43646
46519
47999
50648
354
597
1304
1594
1800
1983
2240
2288
2682
2880
2930
3014
3141
3604
4535
5452
5667
5731
6380
6603
6863
7001
8040
8291
8471
8898
8953
9961
10221
11340
12257
12695
12767
12785
12961
12999
14487
15245
15388
17201
17321
19122
19239
22533
23735
27537
27622
28901
29609
34105
38475
42360
42977
47882
175
905
1919
2011
2059
3163
3302
3323
4809
5486
5620
5913
5964
6118
6331
6628
7191
7462
8568
8609
9274
9683
9804
10970
11199
11866
12066
12665
13204
13793
14040
14557
15445
15748
20551
22317
22362
22558
22842
23654
24245
25227
25384
27526
31111
32161
32470
38002
39163
45704
52421
56654
1
125
1429
2015
2305
2829
3098
3166
3479
3574
4733
5094
5530
6032
6833
7501
7602
8152
9748
9782
9935
12299
12969
13287
13921
15244
15824
17375
17791
18228
20134
21977
22104
22893
23530
23896
26462
31315
31693
42911
44799
49796
132
724
995
1017
1202
1448
1480
1518
1584
1660
2029
2636
2789
3104
3148
3451
3632
4359
4666
4701
4712
4718
4776
5195
5213
5346
5697
6104
7032
7370
7675
7798
8458
8580
8959
9373
9677
9803
10560
10973
11622
12162
13252
14229
14575
15080
15673
17446
17628
18502
19113
19219
19754
19861
19929
21603
21918
21963
22548
23023
23614
24260
26359
28020
28298
29130
33658
37945
38495
40129
44800
46035
51856
58
184
242
689
1288
1562
1571
1797
1810
1870
1925
2094
3674
3753
3875
4631
4649
4990
5450
5648
5681
6168
6292
6328
6359
6703
7397
7510
7899
9141
9407
10380
11087
11255
12490
13515
13543
13618
14570
14735
16406
16549
16920
17369
18058
19884
20067
20654
23656
24450
26709
26712
26863
27034
28011
29827
31050
31706
31890
33292
33863
34767
35070
39026
40794
42243
42603
50845
50925
265
593
1051
1166
1778
1940
2102
2308
2556
3170
3236
3874
3923
4467
5312
5820
6642
6881
7281
7312
8136
8223
8298
8895
8912
9152
10394
10418
12013
12842
13812
13920
13929
14710
14935
15503
16498
17211
17633
17817
18179
18489
21391
23024
24999
25718
27623
28088
28823
33282
38616
38876
41997
43714
1303
1664
1995
2072
2117
2751
3065
3517
3828
4003
4370
4723
5649
5955
5983
6071
6314
6954
7079
7269
8604
8653
8879
8944
9563
9723
11214
11248
11756
11777
12473
13311
14320
14477
14498
15326
15469
15721
16503
17518
19155
19685
20070
21109
22471
23450
25539
25976
29630
32951
37547
42329
43483
46427
48218
54437
291
552
727
1560
2618
3452
3467
3853
4312
4829
4851
4959
5305
5404
5654
5687
7420
7836
7948
7992
8448
8855
9299
9408
9611
10103
10312
10515
10614
10798
10976
11190
11222
11243
11456
12458
12777
13045
14409
15722
16218
16251
17105
18736
18944
19347
19793
24724
24832
25756
26476
30653
32328
32696
32725
35221
38023
39128
46226
49918
89
178
1104
1634
2405
2921
3443
4165
5014
5661
5927
6356
6816
6895
6921
6973
7113
7817
8928
9117
9431
9730
9992
10029
10030
10442
10955
11283
11540
11704
11812
11888
12782
13554
13942
13972
14127
14304
14393
14895
15032
15279
15319
17246
17373
17742
17979
18388
18822
19340
20190
20371
21648
23146
24828
25483
25531
25595
26545
26796
27689
28161
28219
32996
33845
34982
35228
42387
42434
44048
48841
50631
72
305
714
912
1141
1538
1598
1861
2023
2436
3404
4537
4736
4945
5180
5572
5966
6125
6285
7593
7641
8060
8065
9548
9627
11036
11156
12423
12972
12977
13021
13368
13661
14362
14812
14946
15723
15745
16024
17208
17805
21184
21347
22702
22860
25423
28664
28778
30840
31009
33376
33626
35977
42405
42940
43013
50850
381
1270
2162
2192
2299
3142
3686
4434
4669
4961
5772
5808
5914
7372
7374
8446
8965
9170
9243
9870
10059
10144
10880
11672
11927
12015
12337
12877
13138
13307
13373
13660
14601
15043
15184
15649
16195
16231
17224
17282
17595
18992
19628
20450
20475
24120
24355
24610
25052
26762
27303
27527
28968
28995
29509
30390
30846
31285
31810
32060
32119
33575
33894
36241
36602
36943
37974
39761
39818
47710
136
352
1072
1499
1888
1981
2118
2453
2528
3023
3486
3641
3996
5338
5459
5712
5748
6147
6838
6960
7250
7507
7691
7956
7981
8848
9108
9121
9168
9352
9487
9553
9579
10662
11119
11319
11407
12106
12187
12333
12343
12903
14292
14341
14391
14459
14489
14851
14986
15140
15337
15757
15913
16448
16516
16636
17731
18188
18294
18716
19325
19586
21471
22308
22456
23454
23629
23928
24235
26598
26717
28079
30248
31599
32988
33762
34148
35391
36866
37981
38248
40943
41779
42455
42502
47116
47864
74
103
468
1156
1180
1380
2042
2382
2712
2832
3019
3066
3278
3305
3507
3689
3989
4673
4725
6067
6523
7292
8086
8118
8352
8741
9305
9415
10139
10201
10344
10704
11817
11891
12367
12791
13824
13897
14062
14613
15008
16361
16366
16403
17215
18411
19705
19721
19855
20024
20758
21736
23035
23926
24375
27179
27692
29636
30149
30781
31525
31734
31940
36047
43502
43734
44170
46289
46926
48364
52622
430
454
529
879
1345
1893
1899
2128
2312
2413
2633
3388
3389
3432
3599
3639
3897
5046
5216
5288
5496
5582
6190
6265
6916
7194
7422
7470
7592
7629
7646
8168
8566
9957
10250
11781
12513
12730
13540
14358
14554
15335
15750
16467
16678
17384
17660
19154
19756
20313
20612
20646
20648
21157
21862
22442
23246
23311
23757
24166
24466
24656
24769
25567
26529
27489
27982
28841
29533
32709
32710
34199
34649
36294
38090
38250
42066
44317
47752
55137
53
146
489
663
865
1106
1669
1698
1934
1935
2329
2346
2420
2851
3280
3728
3876
3888
4066
4244
4320
4519
5706
5786
5884
6298
6832
6862
6983
7184
7558
7562
7614
8001
8252
8384
9560
10081
10415
10420
10670
11382
11811
12084
13430
14009
14182
14243
14307
16223
16718
17734
17790
17944
20269
21687
23949
25329
25890
26954
27538
28480
28498
28911
29118
29320
32225
34039
34211
36117
38950
41170
42069
45252
45641
52207
60
115
404
465
921
960
1411
2302
2483
3022
3321
3331
3428
3437
3564
3655
3692
3994
4541
4573
5038
5610
5920
6311
6377
6658
6795
6840
6861
7193
7396
7532
8126
9528
10367
10373
10510
11518
12172
12205
12221
12878
13758
14033
14172
14372
15025
15224
15301
15727
15769
15965
16053
16089
16512
16530
17781
17868
17941
18746
21698
22433
23038
24465
25104
26998
27351
27394
28918
29483
29716
33229
33533
34110
34842
39104
39251
43171
44100
45137
45144
53193
32
82
185
703
768
1013
1322
1535
1916
2170
2642
2942
3357
4051
4119
4414
5431
5433
5683
6076
6241
6867
6936
7484
7547
7672
7900
9511
9538
9540
9629
9658
9760
9786
10213
10257
10424
10846
10986
10994
11174
11389
11788
12093
13273
13467
13503
13750
14462
14933
16085
16154
16267
16400
16835
17308
17792
19257
19836
20129
21353
21865
22125
22172
23213
23655
24369
24659
24954
25177
25697
26294
27591
28675
29868
31063
37118
39059
42364
43187
49159
49443
379
584
595
2601
2672
2815
3476
3546
3654
3786
3928
4352
4793
5603
5641
5792
6446
6512
6872
6928
6985
7466
7927
8062
8108
8582
8842
8945
10395
10482
10514
10889
11099
11872
12747
12942
13654
13789
13797
13844
13939
13941
14574
15400
15560
15815
15868
15960
16459
16620
17120
17290
17486
19812
21145
22194
22633
22921
23241
23986
24350
24806
24815
24820
25662
28022
28932
29478
30078
30084
30424
31537
31985
32220
32635
33071
33837
34868
37775
38572
40033
43224
43252
43276
49541
68
569
1313
1375
1428
1832
1842
1951
1959
2448
2494
2561
2773
2859
2937
3091
3117
3133
3167
3570
3899
3927
4082
4914
5000
5075
5174
5410
5446
5554
5565
5919
6199
6364
6534
6827
6962
7105
7293
7471
7650
7738
7852
7964
8553
8732
9035
9042
9187
9612
9889
10023
10130
10135
10274
10408
10756
11894
13147
13433
13827
14359
14448
14736
14909
15655
16319
16647
17061
17326
18158
18208
18996
19555
19691
19897
20062
20063
20525
20794
21024
21248
21322
22503
22765
23390
23904
25503
25610
25698
25707
26214
26349
26451
26604
27024
27753
27780
27984
28883
29315
29748
29884
30071
30412
30770
30834
31089
31925
33308
33612
34223
34481
34736
34913
35297
35449
35878
35896
35964
36752
37560
37599
37687
38577
39134
39162
42320
42468
43470
43620
43960
44056
44083
44692
45089
45203
45565
45902
46119
46363
46781
46983
47437
48836
49734
50258
50942
50978
51031
51058
51299
51318
51692
52064
52340
52629
53057
53088
53556
54014
55163
55514
55626
55751
56658
57768
57855
57893
227
334
501
575
1271
1450
1964
4271
4956
5033
5743
5832
6100
6383
6885
7231
7337
7392
7526
8015
8051
8539
8646
8772
8776
9605
9679
9913
10187
10220
10368
11031
11242
11801
12237
12771
13098
13447
13641
13918
14204
14346
14410
14474
15228
15407
16631
17452
17471
17575
17608
18166
18194
18477
18869
20088
20704
20966
21360
21377
22390
23071
23366
23473
24743
26454
27785
29584
30321
30682
30936
31628
31800
35383
35771
35812
36700
37437
37797
40404
41363
41861
44920
56834
358
659
1573
1905
1908
2097
2172
3179
3583
3756
4085
5326
5752
6900
7311
7674
7700
8265
8905
9445
9772
10014
10042
10110
10176
10752
10931
10964
11438
12016
12081
12164
14003
14088
14140
14301
15377
15394
15538
15716
15798
16071
17247
18001
18356
18584
19553
19795
20068
20454
20908
21254
21602
23402
23503
23639
23651
24677
25900
26320
26344
26902
28333
30866
30999
32848
33528
33758
33888
35222
39015
39060
39521
40640
42477
43743
45190
45201
46003
51044
51479
52584
678
765
1226
1347
1389
1748
1773
1869
2104
2181
3164
3823
4445
5103
5477
5673
5686
6049
6281
6330
6599
7151
7322
7529
7605
7704
7858
8109
8726
9693
10496
10599
10962
12064
12698
13073
13115
13120
13227
13233
13259
13395
13482
13640
14556
14944
15306
15385
15731
15973
16048
18307
19476
20357
20698
21211
22667
23262
23659
24515
24784
24957
25042
25471
27099
29811
30697
30860
32038
34459
34909
37180
37572
37763
38316
40838
41160
44782
45090
51860
445
1118
1128
1599
2005
2441
2465
2826
2943
2998
3093
3385
3433
3811
4306
5031
5344
5451
6319
6746
6899
7274
7295
7384
7477
8100
8624
8734
9080
9765
10167
10477
10550
10668
11014
11046
11253
11288
11384
11546
11845
12396
12645
13509
13755
14226
14583
14953
15150
15660
15845
16212
16729
17161
17626
18348
18691
18866
19274
19525
20415
20527
20889
20954
20987
21061
21212
21643
22173
22746
23891
25563
25591
25658
25687
27162
27333
27399
27744
28525
29351
30003
30775
31790
32327
32425
32821
33769
35890
37383
37714
41489
44582
45529
47015
53090
53265
54778
56752
25
118
228
332
936
2025
2324
3201
3789
3884
4261
4693
4954
5070
5257
5576
5993
6123
7513
7921
8019
8076
8802
8899
8992
9051
9534
10781
12772
13361
13389
14392
15315
15618
16022
16153
16279
17257
17962
18514
18611
19453
19808
19908
21060
21236
21370
21394
21810
22612
22728
23172
23361
24559
25609
27145
27847
28176
28865
29330
33348
34138
34621
35107
35502
36486
40669
45191
45891
45974
471
1331
1356
1489
2017
2057
2995
3038
3120
3213
3685
3870
3956
4078
4172
4615
4626
4982
5588
5612
5679
6143
6219
6304
6811
7157
7239
7424
7727
8484
8517
9126
9423
9554
9620
9826
10190
10445
10974
11112
11152
11180
11445
11925
11979
12146
12197
12804
13678
14509
14534
14564
14950
15288
16199
16576
16821
18178
18601
18662
19263
19311
19788
20189
20528
20673
21187
21424
21726
22441
22708
24033
24742
24863
25098
25830
28953
29525
30516
30978
31416
32212
32891
34161
34344
37976
37979
39240
40322
40535
41805
42641
46650
54931
92
1124
1859
2019
2334
2819
2823
3112
3438
3501
3548
3627
3922
3976
4091
4151
4624
4643
5136
5320
5874
6865
6868
7022
7909
8048
8233
8435
8828
9031
9289
10500
11482
11548
12157
12391
12756
12910
13069
13203
13561
13562
13606
13728
14131
14165
14242
14274
14532
14713
14763
15303
15349
15387
17121
17250
17940
19041
19061
19562
19829
20553
21702
22455
23467
23691
24842
25796
26792
28035
28565
28775
29623
29675
32774
35123
36565
36697
37595
38605
43556
45005
50529
50650
54118
342
364
968
1123
1295
1350
1574
1952
2367
2383
2720
3624
3935
3938
4450
4641
4949
5161
6034
6094
6200
6271
6435
6855
7388
8067
9547
9883
10132
10932
11312
11737
11759
11885
12276
12896
13297
13530
13849
15164
15694
16505
17213
17705
18351
18399
18644
19293
19508
19602
19708
20025
20186
20832
21146
21741
21882
22739
22769
23189
23490
23978
23990
24282
24578
26600
28015
28084
28764
28996
29812
30420
35211
37837
38123
44871
48051
224
271
578
631
987
1081
1278
1358
1382
1595
1671
1921
1985
2292
2981
3041
3047
3064
3111
3308
3366
3531
3809
3898
4787
4860
5163
5224
6403
6418
6584
6617
6685
6801
7415
7794
8774
8800
9258
9338
9483
9640
10165
10876
11028
11329
11391
11725
11838
11956
12268
12445
12517
12824
13080
14308
14464
14577
14939
15132
15510
16032
16091
16519
17092
17186
17214
17576
18667
18689
18820
18962
19235
19709
19891
20061
20862
20961
22697
22981
23239
23635
24867
25623
27127
30752
31875
35404
35445
36133
36719
39062
39075
40843
47986
48511
48687
221
1208
1414
1907
1976
1979
2184
2187
2208
2243
2269
3003
3576
3715
4007
4436
4534
4890
5193
5616
5717
5883
6127
6734
6766
6839
7214
7329
7924
8017
8037
8937
9220
9222
9318
9494
9793
10774
10886
10993
11029
11107
11510
11662
11753
11820
12068
12261
12506
14145
14325
14662
15089
15564
15736
15747
16088
16803
17111
17982
18603
19500
19648
20326
20327
20425
21586
22770
24335
24707
24862
26420
26572
28520
29322
32767
32869
33129
33163
33305
34014
34041
34171
35551
37038
37892
38294
38611
38932
40223
40429
45933
46277
47619
50045
55138
28
67
164
270
330
637
924
926
1102
1209
1644
1740
1887
2065
2197
2211
2294
2378
2555
3004
3244
3383
3735
4141
4203
4385
4512
4538
4547
4619
4797
4864
5597
5811
5962
6082
6139
6408
6610
6741
7228
7596
7651
7743
7774
8080
8316
