44
754
40
36
762
3245
3154
8440
159
6589
10348
2915
2349
2847
3
424
1901
3063
116
10512
652
2839
7
210
405
634
4902
650
2261
9970
948
2868
13599
42847
102
108
176
654
6620
42
554
658
833
927
1076
1877
2934
6050
6991
17285
647
1891
1936
5310
8479
15606
21854
212
629
651
1168
1430
2103
9952
11630
209
229
1082
2809
2836
2874
2966
3158
7358
324
646
1791
3710
6595
6640
6785
8031
8385
11017
11948
15635
27709
49
80
168
307
317
568
730
747
853
1843
1866
1910
2971
3596
5215
8500
8917
10877
238
264
553
740
1505
1771
1895
1898
2625
2842
3256
4532
5699
6590
7528
7778
8308
8379
9405
9577
10542
10963
13213
18980
20349
12
217
280
1074
1100
1956
2344
2876
2903
2920
3124
3618
3739
6121
6365
6677
7441
9587
10842
11558
13142
14814
16494
28481
50183
29
30
37
123
149
226
349
385
620
680
746
753
773
1302
1451
1786
1854
1867
2175
2180
2201
2840
5668
6598
6615
6948
7008
7148
7524
7560
7844
8474
8478
9740
11204
13285
14657
15139
29477
37365
26
75
109
157
237
433
446
449
719
759
970
1083
1159
1160
1559
1777
1863
2044
2085
2168
2207
2235
2283
3384
4545
4840
4841
5656
5684
6191
6588
6787
6833
7084
7183
7260
7307
7546
8222
8428
8466
9530
9749
10334
10509
10902
10969
11140
11799
12583
13816
17050
22500
18
173
174
180
195
208
223
248
298
301
412
636
922
1142
1158
1449
1542
1911
1914
1933
2001
2009
2130
2157
2813
2885
2986
3056
3212
3362
3458
4023
4613
4618
4630
4985
4999
5090
6109
6223
6533
6629
7155
7256
7406
7411
7506
7572
7607
8217
8231
8947
9416
10991
11931
12875
13228
13589
13835
13907
14283
16265
16722
16728
17607
19137
20386
20930
20932
25688
28859
29479
37901
6
83
150
156
207
277
362
782
1112
1307
1513
1864
1875
1883
1949
1986
1998
2007
2016
2176
2232
2288
2318
2339
2386
2821
2843
2871
2873
2879
2895
2901
2938
3084
3085
3341
3415
3427
3523
3638
3864
4087
4629
4871
5038
5210
5430
5591
5642
5655
5670
6205
6256
6316
6664
6782
6977
7000
7179
7518
7537
7648
7758
7911
8013
8191
8493
8922
8933
8941
9009
9111
9112
9574
9725
10532
11277
11378
11490
11530
11739
12037
12038
12878
13097
13403
13772
13826
14549
15048
15088
15159
15964
16266
16500
16809
19109
19451
23322
24822
25062
37699
9
13
17
35
47
76
87
95
145
160
170
182
191
220
236
267
303
351
436
474
627
638
639
653
661
679
691
697
721
738
745
755
1143
1393
1398
1533
1625
1720
1770
1872
1952
1955
1994
2008
2034
2038
2062
2068
2162
2194
2217
2222
2276
2400
2403
2507
2841
2850
2900
2910
3128
3308
3317
3348
3422
3662
3778
4090
4249
4639
4690
4786
4991
5208
5221
5294
5575
5598
5629
5632
5639
5662
5714
5724
5819
6230
6648
6683
6759
6864
6896
6923
7282
7302
7318
7362
7469
7521
7583
7642
7671
7735
7987
8212
8240
8329
8425
8486
8503
8902
8920
8926
8946
9109
9402
9580
9595
9663
9911
9923
9954
10375
10650
10658
10685
10852
11003
11051
11174
11177
11183
11208
11527
11577
11612
11692
11699
11899
11987
12569
12575
12620
13105
13301
13438
13442
13848
14207
14230
14266
14275
14547
15034
15220
15251
15543
16343
17245
17830
18243
19749
20050
20165
20711
21418
21827
22950
24814
27245
27309
28131
28350
28956
28959
29183
30377
31434
31533
31830
32563
35343
35375
42102
44981
55294
5
10
23
38
147
219
250
282
320
336
431
485
493
582
632
641
667
676
686
716
736
835
876
878
887
888
901
959
969
1067
1087
1093
1138
1139
1205
1314
1318
1353
1386
1387
1431
1491
1622
1699
1718
1785
1798
1815
1876
1878
1915
1961
1970
1981
2022
2045
2073
2182
2189
2218
2246
2284
2354
2389
2392
2394
2807
2810
2812
2853
2918
2944
2962
2980
3007
3029
3036
3062
3089
3131
3133
3160
3183
3218
3247
3259
3324
3336
3421
3426
3645
3711
3767
3992
4101
4365
4617
4622
4659
4691
4889
4960
5132
5146
5147
5154
5219
5270
5285
5408
5415
5540
5663
5665
5708
5726
5841
5914
5919
6174
6193
6195
6208
6217
6318
6587
6621
6652
6687
6776
6823
6901
6905
6943
6957
7033
7098
7112
7125
7206
7227
7237
7375
7417
7467
7517
7549
7563
7670
7729
7796
7870
8056
8082
8255
8256
8262
8337
8470
8473
8521
8565
8781
8820
8821
8894
8906
8913
8951
9026
9129
9134
9189
9449
9463
9520
9738
10086
10208
10488
10494
10548
10551
10554
10564
10622
10638
10835
10947
11217
11243
11261
11374
11431
11568
11583
11730
11787
11856
12053
12071
12287
12386
12632
12659
12774
13108
13158
13170
13429
13543
13596
13636
13727
14039
14261
14294
14571
14654
14912
14951
15128
15271
15630
15947
16317
16375
16565
17058
17315
17497
17706
18007
18529
18647
18649
19036
19125
19700
19809
20256
20324
20794
21023
22741
22948
23320
23842
23933
24580
24722
24765
25591
25670
25853
26004
26250
26557
27592
27710
27980
29130
29603
29976
30518
31051
31763
32144
32200
32349
34413
35212
36027
37490
37983
38517
41309
41323
42236
42447
42618
44901
47758
55578
2
11
16
79
88
112
127
152
167
183
185
188
189
211
234
253
262
269
327
375
418
419
467
490
527
572
623
657
677
794
802
824
886
908
915
950
977
1005
1080
1110
1146
1165
1170
1202
1315
1329
1447
1452
1501
1503
1507
1543
1550
1557
1563
1578
1590
1645
1695
1701
1721
1780
1805
1809
1847
1880
1902
1931
1971
1978
1984
1987
2024
2042
2138
2161
2174
2177
2198
2209
2215
2241
2256
2262
2278
2279
2303
2327
2352
2371
2379
2398
2407
2424
2472
2774
2778
2806
2849
2865
2884
2887
2896
2908
2929
2932
2946
2978
3024
3055
3114
3122
3139
3153
3180
3182
3186
3216
3337
3344
3381
3425
3451
3479
3518
3519
3698
3742
3761
3763
3801
3924
3946
4041
4334
4423
4548
4582
4627
4628
4643
4655
4730
4764
4843
4846
4862
4865
4915
5010
5095
5155
5193
5206
5211
5269
5308
5315
5318
5364
5432
5437
5532
5576
5592
5594
5605
5619
5623
5628
5636
5646
5690
5715
5743
5887
5994
6101
6104
6107
6145
6188
6198
6203
6204
6233
6265
6303
6306
6321
6340
6580
6650
6880
6884
6915
7082
7153
7170
7187
7224
7272
7315
7347
7437
7483
7527
7551
7570
7575
7603
7632
7669
7683
7686
7746
7789
7814
7851
7872
7873
7981
7990
7997
8025
8099
8111
8115
8150
8165
8214
8467
8469
8475
8483
8509
8578
8617
8622
8686
8688
8715
8735
8755
8767
8819
8873
8908
8923
8934
9002
9154
9155
9240
9315
9317
9417
9458
9566
9569
9571
9582
9729
9804
9973
9982
10129
10281
10333
10468
10588
10603
10630
10686
10687
10781
10872
10950
11034
11050
11052
11198
11260
11321
11343
11358
11382
11584
11593
11618
11641
11674
11774
11951
11955
11968
12001
12011
12087
12138
12230
12239
12357
12519
12553
12577
12833
12882
12959
13039
13096
13110
13202
13232
13264
13265
13335
13340
13356
13436
13560
13580
13718
13821
13909
13929
13990
14054
14077
14151
14193
14265
14362
14826
14897
14942
14971
15200
15202
15309
15348
15375
15570
15731
15946
15979
16183
16199
16218
16430
16724
17097
17143
17225
17291
17300
17309
17314
17558
17695
18179
18316
18322
18645
18811
18880
19271
20032
20082
20327
20355
20572
21075
21166
21358
21408
21575
21591
21607
21776
22071
22414
22425
22459
22505
22595
22765
23151
23656
23796
23929
24168
24595
24843
25400
25423
25859
26230
27058
27140
27312
28152
28167
28176
28332
28816
28836
28846
29056
29515
29627
29791
30268
30302
30757
31299
31421
31901
31921
32107
32151
32245
33070
33536
34145
34645
34646
35319
37268
37773
38118
39048
39556
40988
41409
42066
43573
45030
45168
46275
46825
49598
51628
1
4
14
15
19
21
43
50
65
78
98
99
101
144
148
158
163
171
190
200
214
240
241
243
246
252
255
263
266
295
299
370
386
387
389
413
417
546
557
576
589
590
628
648
656
659
662
666
668
670
727
834
854
884
892
896
947
967
993
1094
1097
1148
1149
1182
1253
1257
1309
1316
1320
1375
1455
1465
1478
1500
1519
1521
1525
1531
1551
1554
1560
1567
1568
1570
1587
1658
1664
1693
1697
1756
1794
1800
1860
1861
1913
1930
1939
2000
2003
2017
2051
2077
2089
2101
2117
2134
2248
2255
2257
2263
2264
2272
2299
2337
2340
2360
2365
2377
2428
2443
2473
2493
2557
2566
2573
2606
2660
2675
2701
2718
2805
2823
2827
2837
2859
2870
2917
2924
2933
2953
2970
2987
2989
3006
3037
3048
3061
3079
3082
3103
3108
3146
3147
3173
3189
3204
3206
3210
3219
3221
3233
3241
3244
3261
3284
3289
3302
3307
3311
3330
3333
3350
3351
3376
3379
3439
3443
3492
3545
3604
3631
3637
3653
3661
3678
3682
3725
3789
3790
3813
3815
3828
3846
3847
3861
3885
3908
3923
3950
4037
4085
4181
4380
4538
4542
4559
4567
4573
4612
4647
4657
4662
4681
4959
4987
5021
5041
5042
5083
5271
5274
5317
5348
5378
5400
5412
5414
5422
5472
5493
5565
5595
5612
5618
5683
5694
5707
5718
5728
5732
5734
5746
5770
5798
5815
5823
5884
5901
5902
5968
6049
6064
6106
6110
6115
6117
6118
6120
6186
6215
6220
6222
6238
6240
6253
6279
6286
6292
6296
6328
6329
6347
6351
6370
6382
6387
6570
6585
6596
6612
6663
6694
6792
6805
6807
6827
6847
6863
6868
6870
6879
6886
6900
6904
6906
6908
6917
6918
6928
6961
6969
6984
6992
7011
7025
7032
7114
7122
7223
7230
7257
7280
7296
7311
7379
7385
7407
7419
7428
7435
7445
7457
7479
7485
7493
7515
7545
7641
7649
7677
7685
7692
7755
7824
7865
7900
7924
7928
7937
7956
8032
8035
8039
8041
8052
8054
8092
8117
8151
8164
8171
8216
8243
8272
8408
8419
8427
8459
8465
8482
8506
8517
8537
8541
8544
8583
8601
8618
8696
8704
8706
8834
8897
8909
8979
8999
9025
9027
9041
9087
9116
9124
9135
9148
9149
9208
9223
9229
9242
9246
9299
9334
9406
9421
9494
9497
9562
9567
9661
9785
9793
9847
9877
9887
9949
9972
9975
10024
10058
10066
10131
10145
10173
10196
10198
10205
10238
10271
10293
10339
10346
10366
10371
10378
10392
10423
10424
10458
10483
10489
10648
10670
10714
10849
10850
10895
10911
10968
10970
10976
11001
11035
11092
11107
11139
11199
11214
11220
11268
11373
11421
11468
11491
11511
11514
11531
11549
11556
11559
11624
11626
11731
11732
11755
11765
11824
11842
11847
11864
11871
11939
11946
12069
12112
12120
12122
12157
12167
12343
12351
12396
12525
12576
12594
12627
12636
12663
12763
13005
13023
13051
13178
13199
13209
13287
13379
13417
13431
13453
13474
13478
13481
13576
13715
13837
13847
13900
13908
13920
13935
13971
14062
14063
14120
14122
14160
14164
14200
14231
14237
14238
14242
14374
14434
14448
14458
14484
14601
14663
14701
14787
15032
15046
15067
15113
15133
15142
15333
15335
15358
15388
15409
15421
15538
15585
15722
15726
15850
15904
16170
16198
16240
16340
16345
16559
16588
16719
16730
16769
16804
16849
17063
17089
17205
17250
17279
17369
17373
17375
17379
17642
17672
17718
17753
17790
17791
17793
17983
17991
18128
18140
18214
18263
18308
18333
18340
18587
18590
18640
18654
18715
18736
18774
18797
18844
18867
18927
18949
19070
19141
19143
19323
19369
19400
19464
19498
19669
19709
19733
19851
19865
19902
20029
20036
20044
20054
20067
20078
20139
20147
20148
20157
20189
20323
20367
20697
20758
20790
20977
20984
21382
21446
21553
21606
21731
21775
22116
22165
22257
22291
22294
22372
22423
22440
22452
22495
22635
22658
23079
23273
23377
23530
23637
23654
23893
23895
23897
24032
24036
24084
24091
24211
24291
24338
24356
24391
24446
24454
24659
24721
25106
25153
25330
25358
25447
25488
25532
25560
25585
25592
25662
25689
25706
25798
25900
25991
26196
26358
26405
26598
26634
26718
26874
26988
27139
27407
27586
27689
27797
27979
27994
27996
28006
28020
28029
28042
28432
28433
28563
28623
28829
28925
29103
29213
29320
29395
29641
29729
29749
29753
29869
30598
30616
30689
30951
30997
31020
31155
31203
31303
31568
32032
32149
32161
32209
32251
32255
32383
32396
32418
32425
32699
32809
32977
33321
33633
33747
33875
33928
33971
34225
34554
36237
36363
36410
36866
36940
37078
37619
37696
38196
38294
38543
38908
39512
40079
40223
40424
41152
41158
41288
41588
42091
42328
42807
42808
43121
44434
44688
44885
47101
47340
48095
49417
49484
50279
50859
52144
53014
53520
53608
55277
56576
24
31
34
41
45
51
54
56
60
61
62
66
72
74
77
89
103
118
136
140
143
151
154
184
199
225
230
235
265
268
275
279
291
293
300
310
342
354
379
383
415
447
460
465
471
484
486
491
503
511
529
537
560
564
570
575
603
614
621
624
633
635
644
674
688
717
731
749
752
756
760
765
818
836
865
879
883
905
926
945
963
971
978
991
1003
1012
1015
1069
1079
1092
1096
1099
1106
1109
1141
1151
1155
1164
1166
1179
1185
1190
1226
1240
1249
1252
1264
1270
1288
1295
1300
1310
1391
1403
1410
1418
1429
1450
1454
1483
1511
1520
1528
1540
1553
1558
1571
1574
1586
1595
1598
1659
1660
1685
1696
1703
1709
1714
1717
1722
1730
1776
1778
1782
1814
1873
1874
1881
1886
1889
1905
1906
1909
1917
1918
1919
1921
1924
1932
1945
1950
1964
1973
1974
1982
1988
1989
1992
1997
1999
2005
2014
2015
2029
2030
2031
2032
2036
2050
2052
2055
2092
2093
2111
2119
2132
2133
2136
2137
2146
2147
2149
2160
2163
2164
2181
2183
2186
2195
2219
2221
2236
2240
2253
2260
2265
2268
2297
2308
2317
2328
2338
2345
2347
2356
2358
2359
2374
2375
2404
2421
2445
2449
2454
2455
2475
2506
2517
2524
2536
2542
2553
2594
2598
2601
2618
2636
2682
2712
2750
2751
2820
2822
2825
2835
2857
2858
2869
2872
2878
2882
2890
2902
2906
2911
2916
2922
2930
2943
2963
2965
2968
2969
2974
2976
2988
2992
2994
3003
3018
3019
3020
3045
3047
3052
3065
3070
3073
3081
3096
3099
3109
3118
3134
3135
3142
3148
3149
3163
3170
3175
3198
3209
3215
3232
3237
3278
3280
3290
3309
3314
3340
3354
3357
3372
3378
3394
3395
3401
3407
3417
3432
3434
3445
3449
3456
3467
3470
3490
3564
3599
3632
3639
3641
3656
3688
3689
3690
3692
3695
3703
3706
3719
3749
3753
3788
3792
3796
3835
3844
3850
3853
3869
3883
3884
3980
3987
3989
3994
3998
4005
4012
4018
4034
4051
4069
4093
4100
4217
4234
4244
4320
4340
4359
4383
4385
4412
4414
4442
4519
4535
4537
4543
4570
4632
4648
4663
4665
4676
4693
4710
4733
4749
4771
4795
4821
4847
4886
4916
4961
4964
4988
4997
5004
5012
5019
5065
5075
5084
5094
5180
5209
5226
5227
5255
5300
5305
5320
5326
5375
5377
5396
5418
5431
5434
5438
5452
5461
5466
5473
5496
5518
5548
5564
5589
5596
5599
5617
5620
5622
5625
5637
5638
5654
5657
5666
5691
5695
5705
5753
5761
5791
5802
5811
5820
5828
5861
5874
5898
5927
5972
5990
6018
6032
6053
6057
6061
6071
6074
6123
6143
6192
6201
6213
6214
6237
6249
6252
6263
6277
6280
6290
6291
6304
6310
6330
6331
6341
6378
6381
6435
6446
6513
6602
6605
6636
6644
6647
6711
6718
6727
6734
6736
6738
6756
6817
6825
6826
6843
6852
6861
6885
6902
6907
6940
6944
6952
6960
6964
6994
7001
7048
7103
7111
7115
7123
7126
7142
7150
7151
7162
7171
7184
7190
7191
7193
7210
7243
7250
7277
7293
7298
7322
7329
7331
7349
7360
7376
7397
7403
7438
7448
7454
7465
7471
7473
7484
7503
7510
7526
7536
7562
7579
7594
7647
7662
7684
7691
7696
7699
7701
7703
7736
7784
7790
7797
7798
7846
7848
7852
7856
7858
7899
7906
7941
8002
8004
8005
8016
8027
8058
8060
8065
8066
8067
8074
8075
8103
8112
8125
8130
8136
8163
8169
8184
8219
8227
8234
8258
8265
8270
8283
8289
8291
8292
8295
8297
8303
8306
8307
8485
8490
8495
8496
8507
8538
8539
8545
8548
8557
8568
8574
8580
8590
8595
8609
8624
8648
8663
8693
8709
8734
8742
8754
8768
8776
8802
8828
8844
8869
8875
8899
8900
8912
8918
8929
8937
8938
8942
8962
8969
8973
8978
8981
8988
8990
9001
9013
9014
9018
9019
9030
9051
9104
9110
9121
9152
9159
9165
9167
9184
9221
9222
9235
9243
9257
9274
9290
9300
9328
9329
9352
9355
9408
9489
9532
9538
9548
9552
9563
9578
9593
9611
9613
9615
9619
9621
9632
9635
9640
9649
9657
9677
9721
9741
9748
9760
9803
9817
9868
9918
9930
9961
10023
10030
10044
10091
10103
10138
10163
10201
10206
10207
10250
10254
10315
10347
10354
10356
10397
10414
10442
10446
10448
10456
10471
10495
10586
10600
10653
10673
10681
10698
10756
10912
10916
10930
10959
10966
10994
11015
11022
11028
11122
11180
11192
11211
11227
11230
11242
11249
11255
11265
11274
11296
11319
11334
11335
11344
11389
11390
11407
11434
11441
11445
11452
11456
11496
11519
11523
11532
11533
11536
11538
11546
11566
11603
11611
11690
11693
11720
11723
11743
11764
11775
11796
11808
11913
11920
11960
11964
11988
11994
11996
12013
12016
12019
12028
12043
12051
12054
12076
12078
12089
12094
12100
12106
12111
12118
12132
12135
12146
12148
12161
12162
12197
12203
12244
12253
12265
12294
12317
12328
12331
12333
12352
12367
12395
12414
12429
12433
12437
12473
12507
12513
12528
12548
12585
12621
12666
12675
12684
12698
12730
12732
12767
12783
12788
12791
12831
12838
12862
12869
12895
12898
12902
12910
12961
12977
12990
13014
13019
13031
13035
13065
13073
13100
13123
13132
13155
13244
13400
13415
13433
13446
13448
13459
13468
13476
13515
13517
13528
13537
13546
13612
13618
13647
13678
13717
13725
13726
13758
13768
13794
13795
13916
13918
13939
13968
13975
13977
14009
14015
14067
14068
14086
14092
14127
14131
14162
14170
14186
14274
14292
14307
14308
14329
14341
14345
14354
14360
14399
14459
14468
14480
14487
14509
14527
14538
14554
14557
14575
14587
14611
14615
14653
14735
14737
14768
14817
14851
14855
14907
14910
14944
14947
14986
15008
15049
15114
15224
15244
15253
15267
15303
15326
15407
15428
15441
15445
15453
15469
15560
15578
15685
15714
15716
15832
15882
15913
15965
16028
16040
16095
16137
16140
16154
16181
16197
16202
16205
16207
16231
16244
16251
16273
16279
16366
16406
16490
16503
16510
16530
16564
16636
16655
16696
16743
16751
16777
17045
17082
17104
17105
17107
17161
17240
17248
17290
17313
17327
17366
17403
17435
17446
17564
17608
17611
17633
17742
17817
17943
17944
17962
17996
18001
18020
18036
18038
18113
18123
18195
18206
18267
18268
18294
18300
18372
18398
18400
18417
18418
18475
18482
18492
18494
18502
18506
18514
18584
18596
18644
18646
18655
18657
18661
18664
18705
18731
18755
18769
18857
18961
18974
18999
19044
19082
19174
19190
19222
19366
19370
19476
19486
19497
19553
19566
19594
19602
19664
19692
19719
19754
19787
19794
19821
19827
19903
19929
19981
20051
20058
20167
20225
20290
20395
20425
20440
20611
20644
20646
20654
20683
20787
20881
20888
20889
20893
20900
20979
21044
21121
21161
21176
21211
21213
21248
21321
21391
21422
21490
21596
21619
21648
21668
21704
21728
21948
22087
22121
22125
22142
22186
22187
22234
22317
22362
22455
22456
22471
22509
22545
22563
22572
22675
22690
22736
22799
22839
22893
23023
23024
23150
23237
23366
23379
23391
23402
23460
23485
23490
23493
23496
23512
23582
23614
23655
23659
23666
23837
23896
23923
23928
24006
24162
24206
24245
24335
24369
24404
24574
24599
24603
24613
24614
24667
24696
24742
24783
24806
24824
24826
24828
24832
24850
24954
24960
24999
25026
25177
25180
25232
25295
25329
25446
25453
25457
25531
25539
25563
25581
25756
25839
25852
25862
25935
26032
26058
26138
26147
26295
26363
26371
26448
26548
26561
26572
26669
26713
26762
26796
26863
26998
27199
27202
27274
27303
27320
27348
27462
27466
27527
27537
27557
27588
27606
27707
27728
27812
28079
28088
28138
28331
28366
28457
28574
28612
28635
28659
28775
28778
28805
28815
28915
28918
29136
29161
29162
29173
29185
29192
29193
29239
29315
29351
29369
29413
29509
29585
29593
29609
29623
29642
29691
29812
29817
29827
29931
30002
30171
30207
30244
30342
30484
30701
30747
30758
30846
30860
30945
30978
30999
31134
31160
31209
31289
31315
31392
31417
31436
31473
31658
31693
31706
31795
31810
31829
31842
31963
32077
32164
32190
32199
32219
32225
32258
32290
32393
32476
32591
32623
32635
32671
32677
32732
32758
32767
32805
32917
32980
32988
32996
33044
33228
33282
33378
33405
33500
33575
33626
33641
33658
33763
33845
33894
33923
34039
34105
34199
34223
34394
34477
34531
34603
34622
34649
34813
34971
35070
35107
35162
35213
35243
35354
35649
35680
35967
35979
36012
36021
36047
36108
36555
36602
36697
36957
36979
37077
37105
37202
37368
37547
37761
37763
37791
38025
38060
38123
38440
38495
38739
38761
38786
38876
38897
38997
39001
39128
39172
39701
40033
40127
40794
41170
41474
41861
41873
42023
42251
42360
42466
42542
42627
42715
42940
43013
43039
43288
43656
43686
43711
43714
43921
44048
44317
44502
44782
44797
44799
44881
45186
45405
45508
45704
46035
46125
46179
46427
46519
47213
47668
47768
47820
47882
47999
48364
48780
49030
49295
49447
49656
49796
50435
50648
50925
51103
51146
51218
51342
51458
51856
52421
53496
53774
54049
54335
54557
55137
55524
55669
56654
56693
0
25
27
32
46
58
68
69
86
97
105
124
125
129
131
132
134
153
161
162
169
177
178
186
232
242
249
254
271
281
288
289
297
305
332
334
344
352
355
358
368
376
378
381
384
430
454
468
476
489
500
501
525
567
569
574
577
593
595
613
625
630
637
655
663
673
678
682
683
685
689
692
706
714
722
724
728
768
810
828
880
882
890
894
903
912
916
920
921
936
958
960
968
973
981
995
1004
1013
1017
1029
1072
1075
1077
1088
1104
1111
1118
1120
1122
1124
1140
1154
1156
1178
1180
1183
1192
1193
1196
1207
1209
1213
1239
1250
1256
1258
1269
1271
1278
1285
1290
1291
1303
1304
1313
1322
1345
1347
1350
1357
1361
1380
1384
1394
1405
1411
1414
1444
1446
1448
1459
1480
1497
1508
1517
1524
1530
1535
1536
1538
1539
1541
1545
1546
1556
1562
1584
1594
1599
1600
1603
1604
1611
1628
1634
1637
1643
1655
1661
1662
1667
1668
1711
1741
1742
1745
1748
1757
1758
1764
1768
1773
1775
1783
1787
1795
1797
1801
1804
1810
1832
1842
1862
1865
1868
1870
1893
1899
1900
1912
1925
1940
1946
1948
1951
1957
1959
1967
1972
1976
1979
1990
1995
2002
2011
2012
2019
2023
2041
2048
2057
2066
2081
2087
2094
2102
2105
2128
2140
2141
2166
2172
2192
2202
2210
2216
2225
2228
2229
2239
2243
2249
2252
2258
2271
2292
2293
2295
2305
2312
2315
2320
2321
2329
2332
2346
2351
2367
2378
2382
2383
2385
2388
2405
2406
2410
2413
2420
2436
2441
2448
2453
2457
2465
2477
2499
2501
2505
2513
2515
2516
2519
2523
2528
2561
2563
2574
2582
2597
2623
2633
2642
2672
2673
2707
2717
2722
2768
2773
2789
2818
2826
2832
2833
2848
2852
2880
2883
2886
2888
2893
2894
2897
2905
2912
2919
2923
2937
2940
2958
2959
2975
2990
3004
3022
3023
3025
3038
3041
3050
3064
3069
3071
3074
3080
3091
3093
3104
3106
3117
3120
3123
3125
3129
3140
3141
3152
3164
3166
3177
3191
3200
3201
3213
3220
3228
3231
3236
3251
3270
3274
3295
3299
3305
3318
3321
3323
3326
3331
3342
3346
3358
3366
3380
3388
3396
3397
3398
3404
3406
3409
3428
3437
3438
3442
3446
3447
3475
3476
3486
3503
3504
3507
3511
3531
3544
3546
3558
3570
3574
3588
3589
3624
3627
3635
3655
3668
3672
3674
3685
3686
3715
3730
3743
3744
3747
3756
3762
3777
3784
3786
3797
3804
3811
3823
3825
3830
3867
3873
3874
3875
3876
3888
3889
3891
3897
3899
3919
3927
3939
3945
3947
3956
3976
3996
4003
4016
4042
4045
4061
4066
4077
4078
4082
4091
4105
4119
4134
4140
4141
4163
4165
4169
4171
4173
4203
4204
4270
4276
4282
4283
4296
4312
4314
4327
4370
4371
4402
4419
4434
4436
4445
4450
4533
4541
4544
4566
4580
4581
4615
4624
4631
4633
4637
4641
4644
4649
4650
4653
4664
4666
4671
4678
4700
4718
4723
4736
4745
4760
4766
4772
4774
4776
4778
4784
4801
4803
4819
4825
4829
4831
4837
4851
4853
4864
4873
4892
4894
4911
4913
4949
4954
4956
4973
4990
4994
5003
5009
5013
5014
5015
5017
5018
5023
5033
5046
5049
5063
5070
5091
5112
5127
5136
5152
5161
5195
5199
5201
5216
5246
5253
5257
5273
5281
5288
5306
5312
5332
5344
5345
5346
5347
5362
5367
5376
5402
5404
5406
5410
5411
5420
5425
5426
5428
5433
5439
5443
5444
5445
5446
5450
5459
5460
5465
5469
5479
5486
5488
5503
5530
5536
5552
5554
5555
5582
5597
5603
5604
5607
5626
5631
5641
5643
5647
5648
5649
5659
5661
5667
5669
5671
5675
5678
5679
5680
5681
5687
5697
5700
5709
5712
5719
5731
5733
5747
5748
5754
5760
5763
5764
5785
5786
5800
5801
5807
5821
5826
5832
5880
5907
5910
5912
5913
5955
5960
5964
5966
5982
5983
5995
6001
6051
6055
6062
6065
6067
6073
6076
6100
6124
6125
6130
6142
6168
6169
6183
6187
6190
6196
6197
6199
6209
6219
6225
6234
6241
6248
6269
6275
6284
6285
6301
6311
6314
6320
6335
6339
6346
6356
6357
6359
6360
6362
6364
6367
6368
6377
6380
6383
6384
6403
6408
6424
6438
6503
6510
6512
6516
6520
6523
6532
6534
6584
6586
6593
6603
6604
6614
6618
6624
6628
6631
6638
6642
6658
6673
6686
6701
6737
6740
6743
6766
6770
6791
6795
6801
6808
6811
6816
6832
6840
6862
6867
6875
6881
6882
6895
6899
6909
6912
6916
6921
6931
6933
6936
6951
6955
6959
6985
7034
7053
7068
7088
7105
7108
7113
7116
7143
7152
7157
7194
7198
7205
7209
7214
7231
7234
7239
7240
7242
7271
7274
7281
7295
7304
7312
7337
7370
7392
7401
7402
7415
7416
7420
7422
7423
7424
7434
7439
7450
7456
7462
7466
7470
7476
7477
7482
7488
7501
7507
7513
7519
7523
7529
7557
7558
7565
7576
7587
7590
7593
7596
7604
7605
7611
7614
7626
7629
7630
7636
7646
7651
7655
7672
7675
7690
7693
7695
7720
7727
7734
7738
7747
7753
7771
7783
7817
7835
7836
7841
7845
7882
7885
7909
7923
7927
7931
7934
7945
7948
7953
7960
7964
7983
7986
8011
8019
8020
8021
8030
8033
8037
8040
8042
8049
8051
8062
8086
8100
8104
8108
8109
8118
8121
8126
8135
8144
8145
8152
8168
8175
8180
8211
8247
8249
8252
8267
8279
8298
8311
8342
8352
8356
8357
8360
8377
8380
8381
8384
8413
8422
8448
8454
8458
8471
8472
8510
8512
8566
8570
8582
8588
8604
8611
8631
8653
8654
8667
8726
8732
8740
8741
8748
8750
8757
8758
8766
8772
8773
8775
8799
8800
8840
8842
8843
8848
8855
8868
8870
8879
8889
8890
8896
8898
8903
8915
8921
8932
8944
8945
8949
8950
8953
8957
8985
8992
9000
9005
9011
9017
9031
9032
9042
9044
9056
9058
9059
9060
9068
9075
9108
9117
9128
9139
9140
9141
9153
9164
9168
9169
9170
9172
9175
9180
9187
9244
9247
9252
9258
9289
9305
9319
9325
9332
9338
9359
9366
9373
9379
9383
9388
9390
9407
9423
9426
9445
9451
9456
9481
9487
9488
9523
9541
9542
9546
9553
9554
9560
9573
9575
9579
9601
9602
9604
9605
9612
9620
9629
9650
9659
9673
9676
9679
9693
9702
9723
9737
9765
9778
9782
9786
9792
9794
9800
9823
9826
9832
9870
9883
9889
9893
9913
9914
9935
9957
9977
9989
9990
9992
10014
10029
10034
10059
10076
10085
10110
10130
10132
10139
10144
10162
10165
10167
10172
10176
10183
10186
10213
10216
10220
10221
10243
10251
10257
10272
10274
10312
10320
10332
10337
10344
10349
10353
10355
10363
10367
10368
10370
10372
10373
10374
10380
10382
10408
10412
10415
10420
10435
10492
10493
10496
10510
10514
10515
10535
10539
10540
10552
10560
10562
10573
10590
10598
10613
10614
10619
10632
10644
10647
10662
10668
10691
10718
10720
10744
10752
10776
10785
10798
10811
10846
10860
10880
10886
10889
10931
10932
10934
10955
10962
10964
10973
10975
10982
10986
10988
10990
11014
11029
11031
11036
11046
11087
11094
11099
11112
11119
11146
11168
11190
11212
11215
11222
11244
11253
11278
11288
11300
11318
11329
11340
11347
11415
11436
11437
11438
11462
11482
11497
11504
11507
11518
11539
11548
11564
11576
11592
11599
11616
11622
11632
11645
11655
11670
11672
11682
11698
11703
11704
11718
11725
11737
11748
11756
11769
11777
11783
11788
11801
11811
11812
11817
11821
11822
11836
11837
11838
11845
11848
11855
11866
11872
11875
11888
11905
11925
11927
11929
11967
11974
11977
11979
12015
12025
12033
12064
12066
12081
12093
12102
12107
12109
12117
12133
12139
12144
12150
12151
12164
12181
12187
12205
12218
12221
12235
12237
12248
12257
12268
12276
12281
12283
12293
12313
12360
12391
12423
12439
12445
12452
12458
12459
12468
12490
12491
12493
12506
12523
12535
12559
12607
12614
12631
12665
12695
12720
12724
12738
12745
12747
12769
12771
12777
12778
12796
12808
12816
12819
12828
12834
12845
12867
12880
12896
12903
12908
12917
12969
12972
12973
12982
12998
12999
13007
13020
13022
13044
13045
13069
13099
13109
13115
13116
13120
13138
13147
13177
13201
13204
13210
13227
13252
13259
13263
13273
13275
13297
13307
13361
13366
13368
13371
13373
13381
13389
13399
13401
13414
13428
13432
13439
13443
13447
13455
13462
13466
13471
13472
13473
13480
13482
13483
13501
13507
13509
13538
13539
13540
13554
13561
13562
13581
13606
13641
13660
13661
13666
13667
13679
13681
13685
13688
13705
13722
13724
13728
13732
13745
13753
13755
13762
13770
13789
13793
13797
13812
13824
13830
13833
13840
13843
13853
13911
13919
13921
13932
13938
13940
13941
13942
13951
13970
13972
13980
13983
13992
14003
14030
14033
14036
14040
14073
14078
14087
14088
14094
14105
14119
14140
14145
14174
14181
14182
14183
14198
14201
14226
14243
14249
14286
14288
14291
14301
14316
14320
14322
14323
14325
14372
14376
14386
14390
14391
14392
14393
14396
14404
14407
14413
14418
14431
14474
14477
14483
14493
14498
14503
14532
14548
14559
14564
14570
14589
14613
14614
14619
14694
14710
14713
14725
14778
14788
14815
14837
14845
14895
14909
14914
14935
14937
14939
14946
14953
14988
15005
15025
15033
15036
15043
15062
15070
15080
15089
15132
15140
15150
15160
15163
15186
15228
15245
15279
15294
15306
15313
15315
15319
15320
15321
15330
15337
15342
15345
15378
15385
15394
15398
15406
15444
15465
15531
15553
15558
15564
15591
15619
15664
15667
15668
15680
15694
15721
15727
15740
15745
15750
15757
15769
15779
15798
15815
15816
15824
15845
15868
15895
15960
16035
16048
16063
16071
16085
16089
16091
16143
16149
16153
16182
16213
16248
16267
16277
16278
16303
16304
16319
16341
16359
16370
16382
16400
16403
16407
16448
16454
16459
16467
16492
16498
16505
16509
16544
16549
16595
16647
16678
16717
16729
16738
16740
16759
16780
16795
16803
16821
16920
17013
17024
17044
17055
17061
17067
17069
17093
17096
17119
17120
17157
17186
17201
17208
17209
17211
17215
17224
17239
17249
17255
17257
17267
17282
17294
17302
17304
17318
17320
17321
17341
17351
17368
17384
17425
17452
17470
17471
17486
17492
17518
17521
17524
17527
17551
17556
17575
17576
17578
17593
17626
17627
17628
17655
17657
17659
17660
17661
17685
17731
17734
17743
17781
17792
17797
17805
17807
17813
17823
17835
17868
17873
17876
17882
17912
17914
17957
17970
17982
17988
18000
18003
18006
18021
18039
18046
18058
18112
18127
18139
18166
18178
18188
18193
18194
18208
18228
18242
18250
18269
18272
18275
18278
18289
18291
18297
18307
18317
18348
18356
18360
18369
18375
18388
18411
18414
18431
18444
18477
18481
18489
18525
18561
18575
18580
18586
18588
18597
18611
18643
18662
18670
18689
18691
18716
18724
18798
18813
18818
18820
18822
18838
18866
18881
18893
18897
18931
18944
18962
18992
18996
19024
19041
19046
19061
19106
19113
19122
19155
19172
19186
19199
19204
19235
19239
19246
19257
19258
19263
19293
19312
19325
19329
19340
19347
19356
19375
19398
19408
19428
19478
19508
19521
19525
19550
19555
19586
19603
19609
19639
19645
19648
19678
19684
19685
19696
19705
19708
19710
19721
19751
19756
19793
19807
19808
19812
19855
19861
19870
19880
19888
19897
19908
19933
20024
20038
20057
20061
20062
20070
20085
20129
20134
20140
20160
20184
20190
20191
20246
20280
20283
20315
20336
20371
20372
20376
20415
20423
20450
20452
20454
20466
20475
20493
20528
20561
20595
20618
20636
20673
20698
20704
20712
20772
20792
20814
20825
20840
20853
20862
20879
20883
20939
20947
20966
21002
21013
21024
21028
21039
21047
21087
21091
21109
21145
21146
21157
21169
21173
21184
21212
21233
21236
21254
21267
21291
21296
21347
21360
21370
21377
21394
21411
21420
21424
21458
21470
21489
21494
21545
21597
21603
21643
21666
21687
21698
21701
21702
21726
21732
21736
21758
21770
21810
21820
21842
21865
21882
21918
21963
21968
21977
21980
22043
22044
22104
22122
22168
22172
22173
22196
22295
22308
22339
22410
22415
22421
22431
22433
22441
22446
22465
22488
22490
22503
22531
22533
22540
22541
22548
22573
22604
22605
22616
22633
22697
22707
22728
22740
22769
22781
22809
22821
22842
22860
22905
22921
22956
22981
22996
22997
23035
23038
23049
23060
23142
23146
23168
23177
23213
23236
23239
23241
23246
23262
23299
23323
23333
23361
23376
23390
23450
23452
23454
23466
23471
23473
23483
23503
23551
23562
23601
23618
23621
23627
23629
