153
2847
5114
1188
5601
3405
6172
3271
3946
4350
10677
2648
8401
856
2833
10893
8
937
1819
3448
6809
7231
476
1334
1794
6420
1416
4793
8875
328
1791
3854
4764
5390
9146
11083
467
1524
4419
6948
7598
7717
7737
8184
8934
9471
10284
10648
1340
1764
2693
2899
3781
4035
5062
6175
6413
6622
7745
8065
9069
9534
10193
10890
1486
1964
2551
2589
3373
3506
3671
3944
4421
5068
5586
6282
6405
6687
7830
7909
8028
8793
8911
8935
9043
9809
11084
43
806
818
2346
3471
3544
4572
4816
6105
9995
10868
10876
2595
4410
4687
4878
5353
5829
6055
6436
7741
8603
8604
8871
9119
9910
10483
115
919
1612
1992
2040
2659
3007
4395
4688
5463
5595
5682
6158
6316
7659
7817
8041
8054
8072
8236
9184
9714
10146
10426
11028
150
880
921
1275
1577
1855
2653
2926
3122
3720
5947
6046
7808
8310
8443
8501
8553
8667
9049
9205
9252
9943
10473
10873
142
512
650
734
1238
1293
1958
2214
2674
2876
3192
3244
3313
3775
4062
4333
4372
4448
4564
4596
4798
5870
5981
6311
6964
7092
7471
8291
8519
8810
9355
9505
9817
10999
11061
326
629
708
839
1603
1651
1673
2179
2325
2930
2934
4378
4792
5131
5231
5287
5363
5496
5634
5651
6207
6744
7589
7594
8027
8116
8188
8270
8689
8965
9207
9553
9911
9990
10374
10475
10721
227
577
936
1504
1782
1988
2045
2085
2258
2283
2508
2856
2884
2982
3163
3274
3687
4153
4238
4479
4535
4581
4692
4770
4995
5035
5376
5525
5721
5890
5979
6054
6070
6343
6398
6499
6824
6930
7057
7117
7391
7536
7547
7637
8400
9160
9186
9190
9563
9708
9814
9945
10451
11134
40
144
509
533
1133
1363
1613
1635
1752
2222
2263
2402
2436
2539
2640
3461
3491
3693
3876
4636
4720
4973
5198
5218
5378
5464
5690
6198
6215
6265
6736
6974
7037
7125
7153
7310
7658
8010
8138
8274
8429
8851
9265
9300
9319
9366
9688
9877
10344
10355
10635
10652
11102
9
82
211
677
735
763
1103
1171
1411
1485
1602
1677
1714
1747
2075
2276
2440
2690
2730
3113
3150
3153
3260
3554
4008
4096
4276
4519
4539
4642
4722
4887
5180
5551
5629
5662
5677
5837
5847
6032
6050
6556
6915
6925
6944
7123
7565
7789
7888
7994
8167
8275
8345
8366
8577
8607
8758
9385
9407
9433
9507
9508
9529
9649
9672
9779
9991
10083
10097
10202
10456
10490
10823
10892
10907
10912
10993
46
204
229
477
541
552
556
693
758
809
815
840
890
927
1042
1152
1304
1388
1478
1608
1716
1733
1744
1835
1861
1908
2195
2329
2392
2477
2507
2785
2786
2798
2839
2861
2905
2961
3019
3182
3191
3302
3348
3372
3410
3437
3479
3498
3532
3580
3641
3800
3855
4076
4216
4294
4426
4553
4576
4607
4614
4789
5200
5280
5392
5472
5597
5658
5710
5834
5910
5962
6182
6318
6498
6606
6628
6724
6792
6873
6913
6969
7163
7399
7470
7482
7557
7601
7620
7826
7892
8126
8248
8302
8543
8619
8757
9260
9283
9306
9926
10098
10292
10339
10474
10494
10548
10560
10564
10569
10576
10657
10728
10836
10879
285
295
646
698
769
1301
1424
1426
1481
1745
1755
1825
1884
1928
1987
1994
2070
2142
2185
2238
2298
2300
2314
2389
2413
2471
2516
2545
2602
2618
2636
2808
2878
2988
3040
3342
3444
3462
3582
3709
3928
3951
4025
4058
4155
4278
4291
4304
4349
4469
4641
4757
4907
4957
5063
5132
5146
5250
5327
5549
5593
5768
5975
6128
6705
6763
6807
6914
7122
7140
7312
7354
7370
7623
7645
7718
7730
7792
7838
8063
8134
8137
8175
8364
8391
8403
8535
8557
8586
8865
8973
8999
9121
9135
9468
9518
9528
9807
9913
9914
10051
10314
10535
10618
10678
10748
10794
10812
10983
11167
93
254
314
348
389
446
671
808
876
885
908
913
945
977
1080
1138
1327
1457
1516
1523
1589
1604
1650
1667
1705
1829
2058
2175
2450
2492
2518
2563
2702
2849
2881
3143
3268
3317
3406
3524
3572
3586
3625
3627
3938
3967
4004
4107
4120
4360
4362
4501
4558
4676
4736
4851
4861
4881
4931
4942
4950
4967
5137
5172
5188
5204
5356
5404
5441
5458
5465
5466
5492
5544
5612
5685
5748
5813
5839
5876
5946
6030
6086
6391
6469
6660
6671
6700
6717
6929
7100
7200
7269
7343
7346
7349
7708
7857
7929
8023
8043
8099
8251
8264
8277
8288
8397
8402
8430
8433
8435
8479
8524
8633
8704
8708
9182
9220
9483
9490
9596
9704
9736
9923
9927
9950
10066
10114
10348
10547
10584
10797
10847
10884
10885
10976
11072
11151
11170
20
117
162
182
294
523
591
657
751
788
923
973
1052
1092
1183
1320
1389
1414
1472
1605
1896
2011
2071
2080
2168
2232
2432
2439
2581
2649
2666
2705
2725
2796
2927
2960
3165
3217
3276
3427
3430
3443
3509
3575
3584
3591
3594
3607
3612
3623
3741
3897
4067
4103
4160
4279
4317
4375
4411
4438
4536
4557
4638
4703
4740
4807
4834
4871
4872
4949
4989
5039
5085
5240
5261
5331
5475
5493
5624
5689
5720
5769
5792
5818
6007
6081
6099
6167
6528
6661
6680
6719
6730
6819
6893
6894
7011
7261
7357
7559
7579
7847
7855
7897
8067
8157
8242
8269
8382
8395
8444
8487
8525
8534
8622
8694
8701
8764
8769
9028
9175
9214
9333
9381
9389
9400
9668
9772
9790
9872
10000
10012
10045
10067
10070
10191
10275
10325
10450
10488
10631
10690
10707
10717
10831
10955
10977
11103
11121
11158
11172
11194
71
126
192
309
508
514
536
595
715
807
835
900
904
917
993
1184
1193
1409
1439
1456
1678
1777
1953
1955
2029
2111
2170
2181
2225
2299
2358
2363
2427
2484
2514
2565
2608
2622
2697
2855
2948
2975
3080
3116
3133
3138
3166
3210
3222
3264
3304
3311
3330
3352
3385
3400
3481
3494
3525
3578
3587
3644
3674
3825
3869
3917
3940
3959
3960
4006
4108
4110
4124
4229
4311
4336
4338
4529
4547
4623
4649
4656
4667
4717
4735
4745
4746
4790
4811
4865
4870
4900
4924
4947
5119
5123
5251
5279
5328
5447
5514
5518
5541
5578
5582
5583
5589
5736
5819
5823
5846
5855
5872
5949
6008
6031
6095
6137
6289
6369
6431
6455
6466
6505
6547
6581
6583
6640
6676
6701
6796
6816
6845
6855
6858
6897
6923
6970
7032
7039
7081
7208
7350
7499
7529
7533
7548
7661
7710
7757
7899
8006
8135
8193
8208
8235
8272
8532
8541
8589
8628
8658
8683
8726
8733
8736
8843
8848
9004
9080
9148
9177
9191
9198
9200
9223
9332
9349
9365
9393
9394
9397
9401
9447
9492
