153
2847
5114
1188
8401
3271
3405
6809
7741
10893
5601
6420
6172
856
1819
937
3854
3946
7231
1794
2833
4350
5062
9146
10677
476
4764
1791
1416
2648
3781
4793
8875
1524
4008
4421
6175
8871
1764
4035
7745
3448
5068
5586
7909
8935
818
1964
4572
6744
6948
8934
11084
1334
6413
7737
9471
1340
6405
6622
8
4798
4816
7598
8167
9355
9714
8028
10483
10868
328
806
2659
6182
6687
9184
9534
9910
10284
150
3007
6282
8270
8667
8793
919
2589
3506
6105
6311
8603
8604
10473
10890
936
1275
2346
2595
2693
4535
6436
8184
9186
9995
11083
1855
2040
2876
3373
3471
4395
4419
4687
5353
6316
9043
9069
10193
10876
43
2214
2674
3122
3671
6343
7594
8065
8443
512
5035
5595
6158
8188
9708
9943
10648
227
1171
2653
2899
3192
3313
4410
4564
4688
4973
5131
5829
6055
6198
6207
7140
8027
8054
8275
8501
9049
9300
10873
11061
115
467
3244
3274
3775
4062
4448
4995
5870
7718
7830
8041
8116
8400
8810
9505
10635
839
921
1958
1988
3260
4372
4426
4581
5287
5390
6070
6167
6398
6824
7547
7717
9319
10475
10721
533
1152
2179
2272
2982
4096
4642
4792
4878
5634
5981
7658
8236
1238
1363
1486
1612
1716
2551
2926
4479
5231
6930
6974
7471
7482
8072
8126
8366
9553
9877
10426
11102
142
144
650
1103
1424
1651
2045
2389
2934
3720
5363
5464
5682
5847
6736
6913
7153
7565
8291
8911
9135
9252
9306
9807
9809
9990
708
880
2058
2545
2930
4238
4360
5463
7637
8310
8345
10146
10494
552
629
734
1667
2142
2263
2402
3687
4607
5039
5240
5466
5890
5979
7163
7391
8274
9190
9385
9911
10191
10847
577
769
1478
1602
1992
2258
2477
2730
3317
3544
3582
3876
5180
5493
6763
6915
7092
7557
7589
7808
8010
8519
8577
8973
9119
9366
9945
10114
10344
10576
729
735
763
1608
2283
2314
2808
3163
3494
3944
4887
4924
5200
5218
7123
7536
8589
9265
9688
10535
10907
11151
9
40
46
82
1409
1481
1677
1747
1789
2225
2440
2450
2508
2690
3150
3191
3410
4107
4153
4333
4641
4692
4789
5089
5137
5198
5472
5525
5690
5834
5947
6032
6046
6792
7125
7200
7310
7623
7645
7659
7817
7888
8524
8758
9205
9649
9814
10097
10292
10374
10451
10548
10584
10707
10797
10892
11028
11134
229
556
693
758
1485
1733
2080
2085
2168
2325
2518
2666
2786
3113
3182
3479
3800
4067
4155
4378
4539
5629
5721
6265
6606
6660
6688
7117
8248
8689
8772
8851
8965
9260
10098
10490
10728
10836
11167
204
326
523
541
840
876
1304
1388
1426
1613
1752
1908
2222
2298
2439
2856
2861
3217
3302
3342
3461
3498
3855
3951
4276
4501
4614
4949
5280
6499
6925
7011
7399
7789
7994
8302
9214
9443
9672
10066
10314
10339
10474
10560
10657
10794
314
477
677
809
1183
1430
1782
1994
2175
2276
2413
2432
2539
2798
3143
3572
3586
3674
3940
4216
4279
4519
4736
4871
5392
5662
5689
5748
6671
6914
7037
7222
7892
8134
8429
8555
8848
9529
9718
9817
10564
10717
11172
276
808
890
1042
1133
1301
1678
1714
2516
2839
2905
2988
3268
3427
3437
3641
3928
4110
4294
4468
4720
4722
4872
5132
5261
5465
5846
5876
6005
6054
6217
6411
6556
6789
6873
7269
7293
7349
8430
8525
8543
9160
9508
9704
9991
10083
10823
10831
10879
10885
11034
689
698
715
1523
1673
1835
2075
2137
2436
3348
3491
3575
3967
4006
4160
4393
4438
4553
4636
4770
4900
5378
5404
5496
5529
5544
5551
5798
6050
6382
6628
6700
6944
7952
8043
8175
8402
8704
8725
8865
9207
9668
9779
9923
10355
10427
10748
10829
10912
254
612
671
885
1052
1635
2329
2618
2702
2796
2884
3153
3327
3444
3662
3709
3869
4004
4058
4103
4304
4362
4416
4576
4931
4967
5549
5563
5710
5844
5910
5975
6008
6369
6583
6705
6796
6923
7143
7214
7661
7792
7929
8063
8135
8557
8633
8694
8757
8769
9191
9381
9550
9563
9830
9863
9913
10391
10569
10590
10853
11002
11072
11121
11194
389
786
807
819
908
963
973
1320
1327
1604
2240
2363
2392
2590
2636
2849
2878
3040
3138
3452
3509
3524
3959
4025
4558
4807
5172
5341
5376
5492
5578
5658
5669
5837
6031
6086
6144
6469
6498
6724
6807
6894
7303
7450
7559
7601
7840
8157
8288
8479
8534
8535
8708
8999
9177
9182
9407
9872
10027
10045
10331
10456
11039
11170
126
162
285
373
494
514
591
646
790
958
993
1411
1884
2011
2029
2170
2201
2297
2300
2367
2634
2803
3165
3430
3554
3578
3580
3591
3599
4109
4676
4790
4907
4957
4972
5146
5250
5251
5356
5839
5946
6068
6108
6391
6440
6717
6730
6855
6889
6929
7057
7343
7499
7708
7757
8083
8242
8397
8586
8607
8619
8650
8683
8701
8733
9220
9283
9332
9365
9401
9483
9596
9924
9926
10067
10610
10767
10983
446
669
788
831
1138
1184
1414
1589
1707
1745
1879
2068
2474
2785
2894
2927
2975
3186
3222
3264
3276
3299
3352
3400
3462
3623
3625
3644
4311
4469
4536
4596
4656
4703
4745
4746
4748
4763
5188
5458
5510
5518
5582
5612
5872
6128
6445
6640
6845
6880
6893
6897
7032
7122
7855
7972
8067
8099
8156
8200
8433
8726
8829
9309
9790
9927
9950
10000
10051
10547
10661
10769
10812
10884
10938
10976
10985
11001
117
294
355
509
595
731
751
913
965
1241
1389
1449
1472
1516
1531
1765
1825
1896
2070
2232
2328
2383
2705
3406
3467
3504
3525
3607
4345
4411
4440
4638
4915
4947
5143
5249
5272
5450
5467
5624
5641
5813
5855
5962
6274
6318
6528
6537
6680
6719
6858
7026
7039
7175
7312
7350
7740
7897
8123
8127
8382
8391
8394
8622
9080
9320
9389
9397
9400
9734
9850
10070
10377
10387
10582
10630
10631
10946
10993
11128
71
364
392
555
827
835
900
904
945
992
1016
1080
1293
1504
1577
1603
1650
1705
1861
1955
2333
2449
2563
2580
2608
2622
2855
2960
2980
3038
3080
3133
3210
3278
3330
3610
3825
4034
4120
4278
4286
4338
4375
4675
4715
4740
4838
4928
5085
5165
5307
5501
5685
5722
5727
5823
5843
5963
6056
6097
6116
6264
6289
6415
6426
6505
6613
6670
6777
6816
7007
7081
7179
7346
7354
7470
7564
7579
7847
8137
8251
8395
8444
8891
8951
8959
9200
9333
9394
9481
9528
9547
9914
10031
10113
10291
10678
10729
10821
10971
10977
11087
25
193
375
435
657
753
917
964
1015
1187
1240
1398
1605
1712
1744
1784
1829
1928
1961
2009
2249
2386
2484
2507
2581
