6329
9956
16899
850
8771
6303
4707
18443
18946
35794
645
9705
43242
7440
4761
8349
174
8157
11769
2457
5319
36300
1163
39327
8901
36715
9089
18715
11798
13876
12003
17584
19182
53617
12115
683
16732
2450
25303
26301
14174
20182
6090
56016
51268
18754
62098
4194
18516
15853
53415
9099
45968
499
8876
23983
28808
51687
11353
3843
7181
10995
27703
1319
4825
6074
10094
37143
16015
7093
21116
35427
3216
24017
318
1199
6206
6379
27276
120
364
2317
11487
12072
36056
49427
56214
556
1897
6395
7924
15967
45137
50398
693
5930
9045
9270
4282
4716
6134
6834
14171
15452
20382
21146
22253
26528
47531
51891
251
448
1866
2359
3973
6837
13938
14901
32317
40136
1400
1540
3879
12233
19314
21193
31822
37704
40186
726
766
6997
12731
15988
18115
28460
31908
37378
37655
57983
1525
2268
9030
12379
14861
22653
40240
61196
138
458
708
2055
3258
4865
5764
5935
7641
8550
9405
11630
21454
26627
27446
31098
35082
36164
539
611
1228
2483
2700
2939
3639
6656
6731
7938
10081
11828
17018
19807
20243
27879
45796
57580
58954
430
2620
3525
3939
4935
6146
7134
11130
11553
12578
13673
14995
19661
19992
33561
2697
6652
9282
9395
10686
13518
16075
16236
34399
61316
62486
1381
1492
2148
2288
2876
5580
5720
8207
8478
14620
16703
21428
23670
24617
27610
31671
36340
39595
49077
58668
273
1469
1671
2236
2253
3516
3775
4233
4646
13021
13442
20826
22003
23457
25519
29695
31306
31647
36671
37314
38492
40672
42915
43497
45696
50389
20
163
285
408
978
2642
2885
3247
3271
3292
5695
8707
8717
8784
8868
10085
12035
16951
21893
22393
26462
28979
39184
41429
49161
59395
65
737
881
3641
6265
6701
7423
10567
10568
11583
11918
12610
16190
16923
17693
18172
20224
24867
31936
33945
38899
42224
42276
42688
44289
47803
52073
54530
54954
56211
58461
59786
2719
3058
4227
6495
8887
11584
12978
13617
14272
14562
14717
15336
20393
20721
22009
23965
24967
26167
37050
39514
40797
41380
49761
54331
1052
1501
1911
3014
3931
3987
4130
5178
5620
6130
6153
6999
7905
9985
10428
10761
10998
14290
15859
16805
17531
17886
21531
21820
23427
24320
25055
26583
26640
36230
36642
39265
41589
46460
47659
54709
54738
58404
10
834
1267
1287
2016
2113
2494
2791
3193
3203
3710
3974
4945
5006
5240
5560
5637
5796
6044
8099
8327
8418
8951
9485
10634
11564
12435
16591
19994
28553
30322
38609
41424
41552
48911
50652
51200
52266
54118
55117
57709
57840
59080
60531
1020
1345
1799
2979
7170
8592
8836
8932
10459
10797
12979
18338
18890
23961
28195
29764
31352
31549
32959
33815
36279
36561
36619
40935
41511
42309
47142
50733
56738
59948
315
518
713
866
950
1186
1390
1791
2053
3609
3654
4534
4781
5025
5712
6043
6261
6658
7284
7340
7547
9044
11089
12760
12947
13177
13337
14246
17288
18107
19523
19565
21038
22054
24547
25381
25538
32141
32164
32693
35866
36383
48053
50167
51360
52807
53207
53826
58731
58871
59667
61414
628
659
738
1185
1948
2067
2250
2380
2440
2596
2604
3169
3236
3354
3376
4110
4776
5995
6648
6802
6899
7004
7437
8149
8199
8597
8869
8965
8974
9306
10086
15221
15514
15864
16602
19301
20376
20955
21171
24876
25711
26252
29145
29629
33558
39579
42370
42998
43077
43962
47902
51621
212
393
425
858
898
981
982
1627
2026
2993
3475
3994
4984
5932
6568
7541
7584
7701
7744
8617
8808
9335
10422
10444
10994
11034
12243
14561
15078
16535
16644
17322
18867
20041
24220
24719
28454
29792
30876
31022
32739
41216
45156
45734
50506
52212
52243
52515
52619
59255
60144
44
84
312
764
843
1255
1325
1365
1467
2198
2708
3612
6221
6590
7283
7822
7951
9062
9140
10478
10565
10897
11468
12552
14300
14728
14731
14786
15693
15981
17580
18308
18378
19138
21099
21588
23817
24537
24766
25939
25989
26430
31555
32041
33408
36364
36579
38402
38574
42505
44040
46990
49122
50920
51833
52602
54638
54835
54854
56952
61846
398
1607
1855
2154
2269
2503
2672
2685
3514
4100
4802
5188
5634
6104
7522
7569
7714
8534
10939
11975
12939
12975
13330
15199
20754
20981
23453
26196
28197
33009
33317
36324
38100
40245
41695
49023
49625
50152
52958
53093
53548
54137
55073
56452
57121
57172
57238
59971
60943
61281
22
162
276
1542
2353
2627
2704
3042
3853
4086
4300
4457
4749
5195
5266
5438
5920
7152
7156
7490
8538
8891
8968
10566
12296
13195
14409
14498
14892
14967
15476
15932
16308
18994
19583
19654
19861
23929
25099
31166
34830
35911
36980
40724
41676
43111
44200
44837
44947
47316
48306
50025
51153
52145
53476
54293
57191
58503
59540
60008
60194
61507
61932
296
380
392
422
975
1840
1958
2182
2228
2306
2431
4350
4697
5624
7025
7230
8506
8813
9596
9818
9889
10325
11068
11949
13663
14690
17100
18390
19220
20006
21101
21406
25165
25406
25602
26155
28017
28889
30007
30770
32464
32725
33430
33635
36036
38480
40463
42774
42892
44939
55374
56093
56799
142
449
496
917
1430
1561
1732
1764
1804
1959
2019
2221
2310
2357
2957
3133
3414
3765
3907
4017
4217
4615
5285
5503
5825
6735
6760
6826
8856
9308
9630
9728
10403
10952
11482
11954
12028
13027
14675
15762
15892
16000
16736
19326
19329
20340
21512
24735
25655
25933
27582
28486
29631
30564
31099
32309
32655
33004
33651
34227
34449
38958
39540
40670
43824
45209
45347
47201
52285
53852
53956
54017
56504
60235
60587
61240
19
33
262
390
596
840
1628
1688
1694
2616
3255
3328
3947
4766
4885
5788
6778
7500
7524
7593
7946
8195
8830
9162
9573
10638
10963
11365
11661
12423
13247
14750
16559
20246
24152
24695
26674
27207
27985
31693
33482
35448
37205
39185
40039
41127
42572
45208
45638
47033
47998
48804
49417
50445
52397
53363
54281
55135
55366
58063
60818
60972
159
229
886
1176
1204
1937
1951
1963
2958
2986
3371
3861
4178
4322
4567
5591
6098
6463
6710
6713
6758
8010
8208
8344
8601
8627
9021
9122
9418
9437
9993
10284
10288
10315
11454
11910
12198
12558
13711
13800
13978
14451
15119
15871
15893
16185
17443
17471
17687
17751
18745
18980
20178
21639
22628
23096
23215
27026
28119
28449
28673
29362
31059
31104
32144
32708
34120
34147
34609
35156
37131
37450
39093
40948
42978
44669
46479
47183
47315
47713
47868
50677
51342
52543
57782
58902
60206
62268
60
81
441
606
909
1339
2245
2675
2980
3146
3425
3977
4164
4188
4254
4519
4586
4821
5162
5578
6609
7210
7468
7557
7803
8782
8943
9141
9232
9900
10011
10019
10469
10829
11020
11980
12014
12247
12535
12537
12699
13002
14503
14970
14984
15148
15632
15747
16784
16848
17639
17730
20000
21856
23406
23622
25803
26463
26611
28973
31480
31504
33126
35256
35303
35447
35838
36840
36941
38761
42060
42425
43663
43943
46349
47924
49695
50884
52274
52380
52639
52662
53882
58921
59061
59597
59825
61742
62096
300
453
994
1210
1696
2479
2586
2755
3105
4177
4708
4737
4787
4861
5171
5223
6072
7071
7077
7213
7832
8016
8309
8582
8858
8952
9093
9436
9489
10027
10169
10270
10920
11077
12834
13231
13264
13489
13682
14100
14144
15800
15965
17194
17334
17844
18231
19347
19390
19715
20175
25488
25497
25523
25642
26657
27052
27249
27259
27706
27819
29402
29793
29993
31122
31364
31843
35016
36081
38864
40966
41606
42139
43278
43637
43799
44064
44461
44516
46420
53105
56047
57658
58144
59319
60558
249
250
607
825
847
1248
1543
1620
1773
2017
2034
2086
2218
2459
2542
2912
3659
3693
3707
3875
3898
4011
4146
4543
4872
5913
5921
6075
6690
7056
7116
7529
7712
7871
8316
8816
8894
8967
9796
9918
10622
10624
11375
12457
13105
13521
15646
15857
16212
16981
17073
17460
17686
17950
18766
19386
20275
20330
21423
21453
22902
24965
26600
27099
27445
27623
27901
29070
29121
30754
32384
32895
33409
33512
37351
40388
43329
44983
45862
46667
47375
47740
48343
49964
51308
51325
52234
52540
53370
54353
60613
61126
61948
11
110
337
396
528
715
1226
1389
1638
1756
2124
2239
2343
2393
2443
2448
2557
2815
2860
3691
3857
3859
3896
4165
5157
6460
6902
7508
8678
8793
10053
10342
10731
10879
12467
12953
13305
13474
13541
15348
15886
16128
17106
17977
18105
18796
19064
19702
19719
20509
20886
21970
22741
22982
23011
23815
23885
23910
24571
25568
26435
28188
28592
29397
29833
29864
30141
30413
31937
33386
33553
35987
36992
37354
39481
40363
40803
42890
44145
45627
45685
49305
49949
49956
55963
56204
56780
57822
58491
59240
60722
202
1075
1213
1317
1409
2622
2687
2720
3419
3653
3711
3720
3852
4330
4491
4493
4722
4801
5307
5450
5786
5987
6350
6541
7186
7606
7673
8150
8475
8654
8749
8755
8908
9440
10047
10346
10420
10937
10959
11213
11663
11845
12541
12771
12871
13630
13789
14244
14521
15011
15374
15842
16638
17537
17684
19293
19297
19456
19766
19823
19850
19999
21974
22746
23121
23984
24760
25757
26035
26203
26386
27029
27523
27626
28589
30058
30139
30559
32720
33473
34032
34188
35148
35262
35368
36136
36334
36595
37507
41798
42821
43001
44195
44326
46335
46508
47180
47486
48022
48284
48538
50211
50512
51013
52172
52186
52399
52610
53917
54448
56147
56777
57273
57349
60261
60289
62415
62577
329
624
805
888
931
951
1104
1314
1747
1955
2093
2162
2335
2387
2410
2921
3033
3135
3572
3626
3674
4817
5031
6164
6239
6290
6566
6793
7108
7125
7455
7568
7591
8334
9110
9297
9438
9879
9955
11099
11973
12313
12572
13394
13773
13899
14060
14746
15170
15610
15776
16389
16791
17099
18128
18728
19146
19655
20365
20633
20844
20966
21128
22020
23401
24131
25050
25370
25995
26047
26995
27974
28727
28958
29516
30639
32076
33359
34873
35094
35103
37501
38501
39204
39556
40530
40688
41840
42001
42233
42660
42829
42849
42850
42879
43216
45161
45536
46219
46785
47476
47601
49858
49993
50343
50761
52321
53039
53131
53653
54667
55295
55817
56778
56824
57820
58384
58527
61020
61107
61784
55
204
459
574
676
945
1392
1403
1406
1407
1820
2554
2750
2821
2882
3426
3491
4145
4285
4474
6116
7616
7887
8227
8398
8838
9376
9660
10906
11332
11757
11808
12276
12439
13385
14218
14287
14390
14459
15522
15718
16069
16961
17033
17508
17879
18065
18103
18749
19030
19273
19839
19892
20562
20918
20938
21172
21780
23319
23519
27642
27691
28184
29120
31998
32177
32733
33882
34175
35925
35930
36147
36535
38896
40173
40663
40848
43088
44258
45834
46222
46243
49056
49331
49633
50657
51791
53947
54558
55046
55342
59566
59960
60065
61546
217
271
1001
1080
1722
2070
2701
2711
3420
3978
5085
5326
5340
5489
5896
6349
6486
6653
7034
7254
7410
7846
8490
9641
9767
9894
10364
10691
11085
11336
11582
12567
13086
13222
13355
13603
13839
13942
14791
15333
16254
16589
16619
16634
17230
17474
18843
18906
19322
19569
19664
19683
21696
21760
21865
21993
22440
23034
23593
23998
26027
26394
26466
27244
27475
27753
27800
28025
28403
28526
28718
28837
29024
29032
29088
29649
30937
32590
36798
38552
39446
39745
40031
40353
40767
41653
41980
42341
44020
44142
44188
44342
44624
44809
45164
45695
49459
49649
49731
51330
51603
51782
52506
52508
52738
53980
54369
56569
56735
57118
57471
58101
58696
61470
61751
61838
62012
436
475
594
682
1022
1439
1637
1890
1999
2111
3757
4063
4507
4574
4726
5100
5117
5625
5689
5807
6070
6222
6282
6314
6375
6584
7299
7305
7375
7807
8562
8661
9737
9965
10199
10251
10491
10598
10602
10716
11880
12050
12886
13390
13399
14688
15656
15801
16177
16396
16581
16670
17053
17057
17260
18258
18435
18687
19171
19550
20482
20518
20768
21164
21468
21562
21984
22100
22379
22540
23365
24544
24941
25544
25791
25802
27046
28359
29184
29208
30071
30277
31358
31510
33363
35776
38025
38463
39189
40399
40401
40565
41295
41780
42277
42293
42894
43074
44092
45381
46132
46385
47145
49158
49335
51318
51779
52196
52588
53695
54084
54830
56345
59051
59567
59647
59762
61621
62455
62511
61
807
808
1041
1418
1749
2135
2189
2880
3401
3619
3915
4386
4481
4539
5008
5115
5231
5622
5875
6500
6597
6743
6950
7219
7769
9291
10265
10747
11262
11406
11703
12375
12392
12540
13543
13771
13797
13919
14078
14579
14582
15345
16084
16205
16474
17075
17366
17691
17997
19251
19832
20811
20939
22364
22538
22770
22893
23429
24974
25183
25936
27704
27752
28252
29197
29721
30167
30202
30232
30968
31594
31999
32339
32527
32978
33002
33268
33972
34559
35130
35743
35814
35966
36022
36922
37084
37926
37958
38481
38862
39414
39851
40291
40976
41377
42388
42534
42801
43107
44181
44562
44829
45044
46353
48473
48769
49058
49370
49716
49891
50109
50452
50552
50760
51019
51094
51380
51426
51708
52110
52587
53737
53775
53809
54580
57565
58098
58141
59233
60692
60727
61382
61390
62519
89
581
684
757
824
920
960
1277
1337
1745
1769
1875
2118
2309
3456
4078
4577
5096
5124
5575
6087
6256
6797
6914
7256
7261
7321
8113
8319
8673
9655
9922
10489
10513
10699
10894
12215
12793
12818
13395
13472
13759
14169
14495
14865
14868
15274
15569
15749
15937
16315
16406
16508
17034
17153
17594
17757
19534
19653
19786
20149
20617
20654
20783
21757
22303
22993
23113
23315
23663
24217
24279
24697
25286
25660
25984
26279
26596
26948
27776
27792
29478
29842
29995
29998
30442
32357
33674
33974
34511
35571
36325
37447
37967
37990
38413
39863
40026
40057
40079
40690
41590
43806
44595
45460
45502
45840
45979
46015
46197
51225
51247
51334
52158
52341
52634
52669
52704
54479
54486
54925
55044
57187
58130
58920
59403
59571
59969
60935
60948
61860
62145
18
196
486
580
961
1151
1205
1578
1579
1987
2106
2122
2234
2392
2771
2802
2819
2974
3125
3182
3406
3535
3681
3689
4139
4175
4241
4461
4472
5177
5329
5336
5515
6293
6355
6645
6804
6930
7197
7298
7314
7372
7402
7479
7605
7755
8048
8282
8368
8909
9027
9183
9217
10300
10418
10898
11444
11627
11660
11728
12415
13216
13226
13245
13263
13733
13811
13921
14362
14445
14599
15960
15969
16340
16838
16958
17560
17996
18535
18872
18903
19177
19349
19539
20093
20291
20498
21106
21860
22346
22776
23071
23479
24750
24841
25156
26473
26751
26866
27241
27712
28118
28170
28217
28237
28778
28834
29500
29628
29997
30687
30812
30963
31170
31308
31401
31785
33279
34201
34312
34467
34612
34636
37227
37276
37320
38011
38324
38732
39066
39862
40066
40675
40765
40923
41562
42248
42372
42820
43313
43327
43420
43650
44540
45478
46085
46406
46944
46973
47270
47804
48352
48873
49758
50052
50084
50155
50647
50669
50784
50792
51006
51366
52667
52969
54349
54932
55773
56637
56871
59362
60390
60721
61350
61614
62173
9
133
206
240
339
650
878
1004
1216
1301
2174
2278
2445
2706
2710
2903
3431
3569
3634
3638
3986
4080
4166
4172
4447
4656
4983
5005
5235
5337
5892
6169
6550
7161
7685
7777
8031
8489
8560
8568
9447
10177
10430
10673
10798
10903
11124
11878
12191
12308
12724
13037
13101
14363
14369
14494
14551
15072
15096
15251
16107
16219
16428
16545
16928
17945
17983
18427
18581
18582
19086
19536
19825
20103
20746
21569
21573
22110
22506
22751
22818
22985
23055
23108
23112
23630
24204
24580
24702
25747
25918
26210
27271
27287
27658
28390
29102
29211
29891
30814
32225
32467
33679
34633
34698
34843
35009
35240
35655
35927
36042
36805
36985
37042
37709
38623
38933
38953
39603
39941
40735
41894
41989
42476
42707
42889
43759
43800
43991
44803
45602
45807
47693
48944
49150
49232
50752
50870
50975
50997
51020
51033
51733
52279
52405
52407
53469
53873
55951
56466
57065
57714
59384
60610
61386
61579
62016
62167
62379
550
1014
1051
1145
1238
1440
1845
2136
2207
2315
2419
2874
2956
3560
4134
4522
4591
4671
4849
5135
5877
6168
6354
6611
6859
6949
7392
7496
7578
7598
7982
8013
8556
8641
8659
9158
9535
9808
10125
10688
10737
11525
11633
11752
11941
12007
12070
12129
12200
12596
12714
12839
13017
14279
14344
14468
14676
14703
14943
15017
15998
16266
16422
16577
17267
17819
17930
18305
18599
18740
20281
20289
20895
21119
21425
22366
22824
23214
23393
23455
23594
23623
23717
23744
23896
24349
24741
25689
26400
26454
26480
26765
26849
27332
28169
29037
29113
29296
29528
30006
31026
31043
31388
31446
31486
31514
32173
32555
32898
33015
33107
33123
34696
35019
35643
35736
35858
36084
37236
38195
38369
39149
39278
40614
41109
41340
41450
41643
42839
42851
43196
43870
44033
44313
46280
46419
46993
47211
47613
48307
48467
49013
50266
51229
51438
53897
53943
54047
54073
54528
54874
55141
55904
56641
56723
56851
57005
57312
58615
58641
61063
61109
61123
61845
209
826
869
965
1092
1417
1563
1795
2077
2147
2217
2282
3064
3137
3307
3536
3537
3967
4055
4093
4190
4502
5322
5362
6365
6622
6636
6800
7207
7367
7464
7527
8042
8071
8487
8604
9359
9469
9568
9704
9848
10083
10496
10853
11344
11509
11515
11601
11714
11844
12202
12557
13776
14153
14386
14553
15941
15977
16055
16116
16191
16419
16450
16871
16996
17799
17962
18093
18120
18379
18461
18507
19657
20055
20101
21310
21459
21732
21830
22427
22814
22968
23211
23655
23783
24696
24713
25041
25674
26092
26553
26606
26661
26827
27222
27323
27608
28788
30230
30302
30525
30598
30894
31407
31788
31876
35014
35550
36149
36275
36826
37020
37118
38036
38077
38628
38682
39074
39206
39261
39720
40168
41297
41327
41358
42039
42056
42129
42158
42887
43370
43565
44206
45006
46021
46922
47192
47844
47995
49192
50391
50541
50820
50887
52412
52723
52800
53154
53539
53804
54114
54199
54769
56152
56598
57730
58662
58767
59095
59519
59789
60598
60945
61234
61730
96
100
287
786
838
1098
1308
1320
1550
2018
2271
2693
2861
3071
3128
3438
3696
3882
3937
4101
4621
5486
5606
5657
6042
6285
6491
6718
7041
7789
8139
8852
8956
9034
9178
9344
9473
9723
9804
10157
10209
10228
10864
11054
11246
11250
11795
11814
12406
12459
12564
12598
12959
13012
13091
13116
13201
13580
14210
14215
15319
16392
17480
18072
18589
19472
19891
20136
20706
20751
21930
22445
23039
24364
24391
24895
24993
25783
26006
26102
26932
27190
27896
28133
28333
29140
29679
29690
30129
30733
31013
31605
31668
32333
32350
32563
33427
34458
34545
35180
35865
35941
36229
36238
36282
36397
36483
36716
37086
37149
37159
37232
38435
38515
39244
39690
40718
40836
40949
41480
42477
43309
43387
43405
43441
43512
44015
44291
44612
45075
45215
45833
45923
46112
46251
47860
48931
49322
49715
49866
50186
50281
50896
51241
51280
51540
52792
52994
53197
53344
53768
54384
54481
55783
56250
56520
56614
56620
56963
58161
58294
58343
58945
60263
60708
60825
60955
61586
61679
61707
61928
61980
188
199
472
479
899
1133
1143
1197
1359
1509
1666
1755
1812
1906
2123
2150
2219
2818
2989
3062
3123
3210
3704
3815
4216
4627
4665
4744
5041
5308
5316
5756
6003
6062
6370
6424
6536
6923
7166
7294
7551
8123
8699
9468
10535
10927
11216
11371
11887
11964
11996
12041
12150
12239
12250
12859
14225
14285
15109
15157
15796
16555
16623
17058
17756
17892
18416
18963
19521
19556
20118
20503
21450
21806
22297
22524
22635
22689
22795
22997
23341
23722
24082
24343
24480
24959
25117
25445
25489
25821
25970
26049
26428
26444
26588
26623
26686
26893
27109
27221
27422
27538
27654
27671
27834
29187
29242
30009
30272
30495
31171
31342
31686
32037
33069
33262
33634
33766
33872
34030
34233
34239
34893
35005
35624
35896
36568
37051
37755
38200
38416
38657
38797
39016
39111
39645
40435
40538
40622
41336
41434
41523
42068
42254
43064
43089
43291
43433
43470
43598
44798
44934
45454
45544
45584
45664
46139
46291
46885
47593
47604
47680
47702
47888
48213
48550
50329
50378
50583
50893
51201
51545
52514
53582
54243
54686
56330
56589
57281
57568
58252
58666
59059
59098
59134
59380
60152
60187
60330
60424
60496
60639
61206
61522
61840
62079
62111
62290
98
109
156
231
507
593
779
1009
1283
1523
1862
1991
2371
2929
3399
3597
3614
3742
3776
4066
4109
4140
4441
4541
4619
4743
5108
5650
5929
6368
6951
7483
7596
7599
7878
8023
9149
9377
9639
10129
10818
11357
11558
11648
12655
12784
13323
13405
13722
14162
14612
14872
15951
16182
16344
16544
16614
16719
17947
18179
18334
18387
18399
19196
19792
20414
21041
21541
22178
22325
22684
22686
23339
23361
23551
23603
23810
24490
25139
25618
25653
26213
26318
26452
26530
26853
27116
27643
27839
27849
28048
29712
29788
29905
29936
30282
30359
30799
31138
31450
31673
31911
32301
32603
32878
33365
33414
33443
33944
35938
36598
37005
37133
37215
37379
37923
39294
40288
40547
40869
41089
41276
41783
41788
41882
41915
42791
42853
43378
43416
44235
44515
44555
44970
45583
45888
45901
46077
46301
46975
47150
47587
48028
48074
48115
48195
48730
48933
49478
49539
49551
49799
51177
52312
52972
53512
53746
53753
54070
54626
55599
55895
55921
56450
56478
57589
58190
58247
58320
58649
58764
59181
59277
59377
59393
59570
59993
60113
60197
60799
60850
62184
62471
38
83
349
376
517
829
1297
1358
1554
1668
1673
1943
2021
2115
2418
2551
2629
2773
2905
2937
3029
3147
3332
3477
3669
4030
4212
4542
4823
5082
5554
5889
6037
6219
6423
6660
7658
8378
8453
8591
8789
8998
9614
10151
10406
10636
10720
10875
11683
12329
13008
13038
13505
13928
13931
14832
14880
14937
14951
15184
15822
15891
16175
16226
16286
16607
16635
16804
16828
17148
17151
17653
17925
18013
18782
19087
19107
19180
19289
19553
19744
19761
19837
19917
19974
20192
20576
20896
21103
21117
21162
21818
22161
22410
22452
22846
22849
23946
24471
24590
24991
25317
25612
25704
25812
26136
26673
26891
27074
27692
28294
29238
29401
30025
30049
30090
30109
30602
30895
30928
31108
31223
31309
31370
31436
32018
33035
33471
34011
34220
34857
35679
35695
36586
36807
37081
37467
37810
38920
39532
39784
40469
40624
40660
41501
41635
41666
42024
42687
43422
44212
44386
46025
46279
48623
48658
49351
49362
49440
49721
50558
50745
52000
52104
52261
52393
52624
52759
53075
53669
53883
54111
54301
54465
55314
55586
56245
56291
56342
56646
57025
57060
57674
58088
59265
59795
60505
60854
61238
61259
61712
61940
62131
62310
344
695
1203
1388
1485
1690
1699
2066
2125
3204
3386
3589
3822
3914
4036
4081
5757
6308
6330
6906
6956
7852
7877
7947
8009
8221
8715
9202
10038
10257
10311
10772
11018
11331
11678
11898
11906
12093
12368
12515
12634
12950
13001
13128
13206
13210
13326
13415
13535
13886
13947
14141
14212
14373
14552
15061
15320
15548
15609
16224
16466
16629
17098
17419
18294
18718
19164
19585
19638
20319
20532
20584
20609
20686
21250
21898
22233
22375
22850
23346
23511
23582
23620
23652
23833
24135
24202
24562
24567
25623
25781
26022
26663
27351
27486
27566
27613
28956
29339
30082
30401
30747
31027
31046
31058
31525
32217
32344
32352
33016
33708
34096
34118
34309
34677
34791
35394
35734
35946
36478
36603
36812
36978
37189
37490
37539
37649
38163
38634
38697
38749
40517
40639
40729
40937
40997
41086
41299
43524
43575
44257
44410
45400
45752
45814
45889
46186
46206
46378
46448
46553
46627
46756
46957
47080
47632
48015
48206
48573
49228
49671
50105
50377
50620
51376
51596
53009
53132
53169
53691
53731
54155
54247
54555
54710
54960
55489
55698
55758
56223
56490
57159
57617
57689
57706
57928
58396
58807
58962
59236
59397
59609
59698
60947
61635
61655
62206
62393
203
464
583
665
758
1155
1172
1355
1739
1857
2058
2145
2211
2491
2621
2664
3177
3190
3330
3497
3515
5019
5448
5559
5642
5732
5746
5853
5960
6053
6103
6165
6348
6373
7382
7892
7955
8145
8428
8448
9386
10441
10863
11266
11792
12188
12284
12990
13376
13400
13636
15396
15708
15829
16047
16231
16504
16867
16976
17131
17241
17605
17738
18275
18287
18465
18768
18847
19230
19282
19505
19866
20278
20600
20977
21219
21929
22019
22267
22922
23440
23712
24033
24060
24108
24359
24607
24926
25417
25800
25998
26032
26233
26362
26613
26788
27232
27245
27796
27859
27869
28281
29316
29531
30712
31009
31222
31353
31482
31505
31571
32801
32835
32873
33039
33103
33397
33821
33939
34957
35151
35531
35958
36542
37019
37865
38211
38514
39065
39084
39473
39700
40376
40584
41037
41188
41680
41841
41855
41906
42012
42218
42486
42864
43653
43748
44107
44156
44179
44192
45063
45296
45364
45416
46103
46110
46664
46996
47072
47422
47616
47625
48937
49471
49694
49843
49857
50539
50584
50697
51061
51218
51852
51989
52324
52466
52529
52725
52740
52903
53291
53317
54160
55203
55544
56331
56710
57453
58192
58548
59165
59491
59622
60105
60482
61113
61364
62383
62480
23
234
403
678
780
947
2699
2896
3312
3337
3554
3778
3808
3921
4297
4595
4856
4897
5281
5557
5817
5988
6276
6404
6897
7317
7374
7853
7976
8164
8172
8554
8704
9303
9721
10028
10523
10758
10854
10868
11240
11264
12932
13046
13427
13939
14089
14404
14695
14936
15411
15825
16360
16453
16560
17385
18039
18154
18216
18860
18945
18999
19253
19334
19411
19558
19584
20074
20277
20392
20558
20559
20613
20821
20935
20951
21079
22156
22181
22291
23279
23288
23372
24142
24361
25102
25118
25142
25261
25334
25394
25771
26108
26550
26701
26892
26930
27278
27291
27537
27580
27717
28035
28279
28779
29832
30374
30441
30773
30783
31144
31147
32602
32900
33216
33243
34213
34495
34781
35441
35809
36053
36298
36417
36506
36644
37297
37324
37586
37906
38386
39590
39899
40269
40442
40532
41194
41465
41507
41663
41811
41831
41890
42478
42546
42806
43075
43176
43431
43635
43872
44255
44328
44412
44575
44916
44940
45160
45176
45225
45569
45781
46111
47066
47081
47115
47591
48042
48106
48878
49194
49236
49493
49811
49815
50038
50086
50508
50582
50963
51169
51487
52182
52260
53194
53586
53857
54042
54402
55308
55759
56041
56380
57203
57205
57844
58160
58704
58739
58791
59963
60148
60172
60319
60440
60465
60706
61058
61066
61736
61866
61906
62328
62389
62468
62469
5
131
365
367
605
1410
1957
2159
2238
2252
2286
2430
2606
3039
3078
3411
3729
3868
4048
4174
4331
4794
4818
4900
5236
5318
5584
6372
6522
6775
7175
7488
7682
8536
9177
9456
9740
9841
9982
10354
10541
10582
10612
10739
10888
10974
11488
11516
11976
12426
13316
13469
13565
13705
14255
14541
14576
14678
15091
15203
15406
15497
15725
16057
16133
16475
16630
16687
17179
17511
17719
17758
18073
18428
18888
19115
19116
19303
19545
19785
19966
20262
20315
20595
21508
21532
21637
21687
22097
22334
22548
22612
22652
22953
23102
23132
23152
23311
23465
23936
23964
24404
24553
24869
25762
26028
26124
26194
26637
27071
27319
28010
28099
28352
28402
28795
29049
29342
29368
29844
30741
30864
32459
32846
32894
33007
33096
33104
33484
33792
34225
34706
34806
34809
35231
35260
35446
35628
35798
36029
36297
36318
36345
36957
37111
37138
37239
37494
37524
38203
38859
38873
38879
39071
39224
39248
39772
39965
40201
40250
40536
40732
40746
40942
41381
41722
41913
42715
42977
43191
43576
43693
43978
44170
44236
44360
44445
44689
45361
45662
45701
45918
46250
46568
47277
47428
47733
47847
48359
48437
48874
49002
49313
49367
49867
49953
50130
50316
50380
50631
51000
51028
51228
51525
51725
52332
52990
53018
53098
53650
53963
54056
54183
54335
54365
54585
54661
54772
54901
54930
55337
55400
55754
55875
56580
56741
56912
56997
57163
57239
57547
57880
57906
57917
57977
58304
58901
59155
59374
59787
60002
60251
60564
60661
60926
61088
61093
61137
61224
61374
61620
61759
62029
62068
62461
62555
3
8
558
895
964
1529
1785
1877
2175
2769
2968
3000
3272
3499
3586
3833
3854
4157
4353
4382
4554
4907
4997
5204
5469
5963
7100
7625
7700
7883
7939
8112
8389
8669
8738
8930
9464
9537
9563
9799
10014
10048
10136
10529
11173
11578
12145
12671
13134
13137
13392
13507
14262
15529
15540
16146
16407
16590
17102
17299
17642
17658
17786
17842
18303
18550
18664
19098
19123
19124
19821
19894
20212
20406
20507
20818
20943
21121
21533
22854
22885
23867
24065
24513
24532
24541
24636
24815
25054
25255
25391
25475
25635
26754
27405
28037
28926
29514
30392
30620
30682
30941
31125
31310
31661
32114
32359
32492
32596
33116
33566
33653
33999
34076
34384
34445
35171
35172
35309
35412
35635
36453
36571
36813
37031
37061
37347
37446
37517
38063
38135
38322
38665
39101
39845
39985
40115
40876
41003
41113
41514
42025
42073
42108
42178
42269
42621
42881
43568
43980
45809
46095
46337
46350
46599
47505
47566
47712
47835
48215
48222
48280
48348
49526
49801
50112
50199
50273
50477
50546
50562
50813
51215
51573
51802
52636
53441
53560
53884
53954
54052
54927
55283
55749
55861
56011
56206
56359
57002
57407
57504
57636
58229
58278
58335
58484
59067
59205
59378
59401
59481
59486
59630
60009
60043
60569
60570
60588
60900
61105
61161
61208
61341
61600
62015
62052
62104
366
419
587
688
748
882
941
1364
1575
1650
1797
2873
3295
3567
3601
3623
3897
4088
4259
4736
5125
5334
5618
6187
6417
6470
6860
7054
7478
7600
7690
7958
8234
8779
8911
9127
9214
9349
9462
10143
10262
10385
10389
10402
10516
10684
10692
10697
10862
11347
11534
11946
12148
12310
13084
13243
13254
13555
13746
14090
14441
15310
15407
15484
15654
15670
15730
16449
16989
17290
17883
18104
18455
19452
19555
19746
19764
19795
20032
20248
20690
21382
21429
21644
21671
22261
22472
22631
22996
23098
23127
23223
23409
23491
23558
23606
23960
23970
24013
24543
25042
25203
25622
25659
25906
26232
26370
26387
26935
27338
27518
27532
27534
27860
28003
28080
28244
28290
28593
28668
28825
28895
28925
29427
29490
29604
29632
29808
30243
30406
30502
30852
31037
31910
32025
32050
32151
32302
33299
33539
33675
33808
34048
34057
34614
34794
35007
35351
36045
36220
36771
36850
36944
36948
37037
37067
37413
37628
37646
37929
38102
38568
38602
38610
38964
39078
39198
39262
39328
39631
40400
40506
40650
40734
41268
41391
41610
41611
41770
41777
41828
42098
42485
42504
42644
42700
42779
42955
43076
43153
43389
43492
43622
43679
43903
44415
44429
44496
44742
44962
45077
45218
45243
45652
45677
45981
47038
47261
49072
49183
49397
49399
49541
49565
50053
50295
50350
50675
50897
50927
51203
51606
51959
52176
52188
52346
52649
53036
53050
53664
53830
53878
54390
54619
54682
54706
55127
55262
55281
55560
56003
56127
56220
56507
56790
56950
57247
57333
57411
57638
57897
57962
58859
58948
58981
59340
59564
60063
60085
60131
60685
60875
60967
60979
61255
62130
62436
233
248
610
704
724
904
1038
1326
1399
1420
1495
1674
1872
1876
2477
2617
2772
2786
3032
3121
3487
3511
3538
4483
4824
4847
4852
4962
5387
5752
6405
6632
6703
6732
6992
7006
7324
7763
8174
8286
8287
8289
8405
8466
8660
8680
8850
9198
9478
9813
10264
10374
10391
10617
10705
11341
11450
11753
11937
12337
12534
12586
12896
13053
13109
13368
13723
13840
13891
14646
15257
15273
15417
16290
16459
17032
17213
17327
17489
17553
17683
17704
17797
18176
18600
19133
19286
19533
19632
20465
20852
21976
22308
22688
22881
23216
23729
23837
23938
24994
25061
25318
25969
25994
26259
26288
26433
26434
26535
26974
27114
27122
27223
27455
27524
27669
28050
28074
28238
28416
28552
28586
28652
28791
29415
29479
29597
29834
29935
30778
30848
30957
31084
31465
32506
32550
32653
32893
32999
33152
33177
33208
33219
33293
33415
33785
34494
35068
35261
35869
36015
36065
36073
36219
36624
37566
37748
37907
38118
38387
38586
39128
39517
39632
39723
39852
40036
40239
40559
41349
41524
41768
41785
42137
42369
42456
42558
43003
43014
43078
43151
43713
43723
43963
44288
44467
44554
44629
46169
46261
46462
46558
46585
46946
47113
47170
47329
47434
47507
47636
47928
48477
48758
49295
49499
49561
50504
50663
51093
51109
51227
51420
51498
51584
52024
52075
52281
52334
52653
52889
53579
53701
53987
54209
54286
54624
54713
55246
55259
55506
55588
55597
55997
56056
56643
57200
57794
58263
58467
58587
58812
59005
59021
59045
59203
59815
60182
60314
60366
60414
60768
60779
60817
60975
62000
62004
62157
62285
62332
62349
62400
62502
62532
4
87
283
343
598
672
1493
1758
2248
2523
3718
4909
5687
6262
7173
7670
7952
7954
8201
8459
8462
8706
9454
9460
9503
10299
10525
10948
11050
11302
11746
11763
12104
12212
12864
12992
13092
13100
13721
13934
14207
14755
15470
15712
16033
16189
16760
17229
17287
17558
17643
17795
17861
18369
18565
18700
18719
18949
18973
19248
19749
19816
20144
20496
21148
21352
21595
21724
22040
22478
22944
23208
23209
24283
24345
24422
24462
24908
24978
25440
25649
25857
25920
26184
26426
26666
26818
27289
27352
27356
27602
27673
28233
28469
28686
28709
28853
28874
29131
29209
29600
29614
29636
29951
29994
30572
30590
30603
30703
31462
32008
32351
32423
32502
32684
32820
33108
33358
33719
33793
33918
33927
34341
34409
34468
34705
34798
35037
35359
35503
36075
36141
36727
36814
37200
37222
37914
38286
38317
38554
38591
38968
39199
39220
39404
39679
39735
39799
40089
40839
40842
41640
41660
42014
42022
42586
43114
43774
44370
44491
44495
44618
44856
45039
45231
45236
45589
45880
46260
46758
46847
47032
47281
47405
47610
47983
48017
48020
48098
48165
48171
48189
48324
48891
49071
49076
49202
49212
49258
49673
49862
50117
50126
50132
50151
50560
50571
50811
51279
51403
51482
51765
52078
52191
52236
52433
52444
52564
52581
53446
53525
54019
54045
54694
54924
55161
55258
55270
55272
55801
55850
55996
56004
56179
56191
56229
56327
56801
57160
57816
57981
58169
58189
58383
58444
58584
58700
58943
59092
59416
60003
60200
60296
60501
60946
61175
61209
61290
61596
61991
62361
62371
6
97
111
153
195
1029
1421
1729
1735
1767
1829
1901
2235
2540
2807
2820
3028
3116
3117
3629
4051
4468
4585
4597
4674
4926
4934
4965
5004
5073
5463
5524
5754
6178
6689
7090
7281
7765
8158
8268
8561
8580
8874
8979
9138
9382
9559
9746
9914
9924
10046
10208
10408
11145
11424
12051
12466
12521
12897
13389
13582
13875
14079
14140
14846
15311
15357
15585
15944
15973
16513
16525
16712
17092
17306
17499
17575
17926
18014
18372
18517
18905
19018
19173
19245
19826
19851
19886
19954
20010
20109
20265
20528
20535
20722
21066
21325
21426
21484
21530
21611
21756
21791
21899
22039
22513
22691
23579
23609
23659
24558
24694
25677
25740
25875
26345
26420
26605
26883
27383
27431
27463
27621
28192
28601
28842
29274
30019
30021
30511
30696
30935
31073
31241
31554
31888
32404
32489
32677
33575
33798
33859
34372
34793
35834
35835
35848
35955
36026
36097
36249
36375
36496
36680
36764
37233
37234
37311
37502
37868
37900
38375
38446
38664
38729
38904
38940
38971
39154
39283
40012
40335
40422
40879
41060
41191
41475
41630
42036
42279
42288
42307
42310
42622
42769
42872
43289
43468
43546
43906
43971
44197
44362
44365
44656
45169
45434
45657
45715
46014
46104
46254
46331
46623
46967
46971
47064
47257
47334
47344
47688
48515
48693
49411
49687
49720
49808
49883
50040
50146
50198
50490
50837
51055
51276
51462
52084
52220
52331
52970
53372
53682
54271
54375
54442
54743
55238
55409
55504
55509
55661
55761
55804
56307
56457
56665
56844
56935
57388
57433
57854
57993
58573
58740
58911
59275
59302
59788
59908
60188
61070
61589
62283
62421
62503
62515
387
600
681
801
1033
1086
1298
1590
2260
2447
2469
3227
3513
3637
4993
5345
5473
5813
5957
5992
6057
6092
6118
6250
7065
7253
7309
7677
7923
8086
8118
8170
8518
8634
9095
9193
9415
9610
9682
9937
10249
10741
11591
11993
12216
12218
12873
13034
13335
13477
13547
13712
13757
13870
14737
14863
15132
15676
15772
16789
16926
16959
17066
17352
17742
18620
19029
19172
20059
20167
20631
21003
21363
21596
21918
22151
22496
22520
22826
23770
24986
25021
25147
25346
25973
26253
26419
26565
26581
26943
27188
27549
28775
28833
28912
29220
29386
29621
29862
30372
30711
31012
31431
31490
31577
31960
32278
32525
32554
33120
33543
33676
33710
34489
35582
36315
36552
37291
37398
38197
38546
38559
38608
38649
38801
39270
39321
39334
39512
39583
39641
40659
40723
40725
40855
40912
41111
41367
41411
41672
42463
42553
42736
43059
43402
43849
44001
44026
44413
44552
45159
45254
45456
45457
45556
45787
45891
45935
45938
46369
46560
46607
46681
46735
46846
47131
47539
47672
47753
47820
48087
48107
48133
48350
49090
49221
49312
49392
49405
49420
49465
49571
50417
50494
50602
50805
51017
51121
51968
51985
52788
52799
53680
53840
54239
54798
55567
55689
55715
55747
55876
56164
56218
56234
56484
56624
56820
56847
57436
57699
57710
57872
58318
58544
59543
59802
60466
60634
60745
61241
61297
61306
61423
61453
61990
62447
218
316
469
576
1003
1158
1303
1477
1532
1765
1833
1847
1996
2088
2110
3479
3556
3563
3676
3713
4094
4728
4746
5106
5155
5210
5368
5449
5454
6038
6049
6232
6528
6774
6864
7126
7678
7855
9194
9225
10171
10380
10388
10732
10762
10938
11742
11915
11971
12427
12666
12773
13079
13836
14339
14707
14855
14950
15356
15423
16118
16222
16330
16537
16962
16977
17210
18019
18320
18673
18940
18977
20038
20927
21186
21235
21469
21581
21945
22908
23389
23501
23701
23985
24042
24592
24671
24727
24854
25220
25358
25425
25614
25801
26690
26863
27263
27400
27433
27485
27497
27646
27895
28325
28327
28438
28541
29297
29390
29734
29828
29889
30091
30501
30669
30717
31008
31134
31260
31441
31572
31644
31786
31893
32273
32624
32825
32957
33111
33244
33464
33578
33820
33848
33887
34276
35044
35135
35569
35595
35783
35821
35876
35923
36509
36543
36666
36849
37033
37432
37455
37642
37733
38917
38976
39102
39320
39738
39937
39939
39962
40370
40417
40667
40698
41731
42142
42215
42328
42431
43047
43129
43407
43467
43542
43589
43624
43752
43839
44007
44525
44640
45528
45709
46080
46282
46742
46864
47062
47250
47547
47715
47943
48108
48867
48985
49036
49070
49383
49473
49871
49873
49892
50032
50348
50519
50802
51007
51099
51163
51381
52050
52445
52545
52863
53206
53600
53922
54223
54311
54431
54774
55240
55249
55479
55543
55770
55843
56151
