0.99945660861
0.998913364899
0.998370268868
0.997827320516
0.997348371082
0.996837618413
0.996295088572
0.995848408916
0.995369934714
0.994955350074
0.994540851794
0.994126439872
0.993712114822
0.993297875619
0.992915577621
0.992533353207
0.992246733186
0.991864637545
0.991482615488
0.991164319984
0.990782432832
0.990400619263
0.990050688134
0.989732622581
0.989414608128
0.989064851251
0.988715156205
0.98836552299
0.988015951606
0.987634671524
0.987253465537
0.986935849666
0.986554778073
0.986205527087
0.985856338444
0.985538947414
0.985253339177
0.984936045237
0.984618802397
0.984333327532
0.984016181783
0.983699087134
0.983382043585
0.983096748081
0.982779801623
0.982494593501
0.98220942677
0.981892623392
0.981575871114
0.981290837755
0.981037509517
0.980752554341
0.980435986023
0.980119468807
0.97980300269
0.979486587673
0.979201857849
0.97894879942
0.97866414778
0.97837953753
0.978031736768
0.977778829596
0.977462741621
0.977178306134
0.976893912038
0.976609559333
0.976388424735
0.976104145614
0.975819907885
0.975535711547
0.9752515566
0.974999009173
0.974620252419
0.974304675446
0.97405225066
0.973799858578
0.973515956577
0.973263633991
0.973011344109
0.972727557084
0.972475336698
0.972223149017
0.971970994039
0.971687358782
0.971498291605
0.971246230652
0.970994202403
0.970742206858
0.970458750962
0.970206824914
0.96995493157
0.96967159116
0.969451243505
0.969167976168
0.968853283229
0.968664491993
0.968444258802
0.968192594387
0.967940962676
0.967657916603
0.967437797877
0.967217704189
0.966966199206
0.966683295192
0.966463287353
0.966243304553
0.966054767797
0.965803414071
0.965552093049
0.965269395991
0.964986740324
0.964766925643
0.964515739526
0.964295978501
0.964076242515
0.963762377909
0.963511322608
0.963291676048
0.963040682067
0.962789720791
0.962507428446
0.962319256545
0.962099745911
0.961848907275
0.961598101343
0.96137867298
0.961127928368
0.960939891372
0.960720538126
0.960469879363
0.960250579773
0.959968659949
0.959749417591
0.959498885556
0.959311007992
0.959029226138
0.958810091091
0.958559681696
0.958371896113
0.95809025223
0.957871224493
0.957589654194
0.957339404232
0.957057912117
0.956776461393
0.95652631772
0.956307468833
0.956088644986
0.955838591249
0.955682324271
0.95549482076
0.955276089915
0.955057384109
0.954776227723
0.954526345682
0.954307725725
0.954057905005
0.953808116989
0.953620797439
0.953402281215
0.95318379003
0.9529965318
0.952746882777
0.952528466709
0.952278879006
0.952029324007
0.951779801712
0.951592681453
0.951343216391
0.951124961289
0.950906731226
0.950688526202
0.950470346217
0.950252191271
0.950002901993
0.949722490647
0.949473270866
0.949224083788
0.949037214942
0.948788085097
0.948538987956
0.948289923519
0.948040891786
0.947791892758
0.947511807942
0.947293993323
0.94710731457
0.946889545942
0.946671802353
0.946422983197
0.946298585883
0.946080910257
0.94586325967
0.945645634123
0.945396949871
0.945210458145
0.944992907715
0.944713236811
0.944526812536
0.944340406658
0.944122956384
0.943874472446
0.943626021211
0.943408653208
0.943191310245
0.942973992321
0.942818780562
0.94257046832
0.942322188782
0.942136000591
0.941918804285
0.941670610595
0.941515506147
0.941267365602
0.94101925776
0.940802190227
0.94061615227
0.940368130278
0.940120140989
0.939903177189
0.939717228147
0.939500310848
0.93934538525
0.939097530866
0.93891166154
0.938663864388
0.93841609994
0.938199332876
0.937982590851
0.93773491634
0.93751822797
0.937301564639
0.937053980064
0.936868313095
0.936620785752
0.936404226154
0.936218623571
0.936002110475
0.935785622418
0.9355691594
0.935321803754
0.935105394391
0.934919920581
0.934703557719
0.934549028148
0.934332708211
0.93414731105
0.933961932286
0.933745680312
0.933560341406
0.933313251481
0.93306619426
0.932819169743
0.932603050119
0.932386955533
0.932201751532
0.93195484148
0.931707964131
0.931461119487
0.931214307547
0.931029220054
0.930813307897
0.930597420778
0.930350723302
0.930104058531
0.929857426464
0.929641650232
0.929456719106
0.929240989376
0.928994471773
0.928778795698
0.928563144663
0.928378320847
0.928162716312
0.928008728403
0.927762374321
0.927546841327
0.927331333372
0.927115850456
0.926931170742
0.926684959741
0.926469551942
0.926254169182
0.926038811462
0.925792719013
0.925546659268
0.925331383818
0.925116133408
0.924900908037
0.924685707705
0.924439795129
0.924193915256
0.923978797196
0.923763704174
0.923610081632
0.923395031534
0.923149290655
0.923057146256
0.922872871257
0.922657907008
0.922442967798
0.922228053627
0.922013165006
0.921798300914
0.921675532674
0.921460707929
0.921245908222
0.921061814117
0.920847060912
0.920601659849
0.920356290979
0.920202952042
0.919988298994
0.919743011884
0.91952841249
0.919344490082
0.919129937189
0.918946054639
0.918762190485
0.918547705556
0.918333245666
0.918118810815
0.917904401004
0.917690016231
0.917475656497
0.917230704605
0.917016398526
0.916740899443
0.916526650597
0.916373631037
0.916159425115
0.915945244232
0.915731088388
0.915516957583
0.915333436823
0.915119352519
0.914935871617
0.914721833814
0.91453839277
0.914354970122
0.914141000283
0.913927055483
0.913743694155
0.913560351223
0.913346474386
0.913102074376
0.912888251194
0.912704994111
0.912552293927
0.912399606518
0.912185865608
0.911972149737
0.911788984634
0.911544793112
0.911331152358
0.911117536644
0.910903945968
0.910659872999
0.910537848779
0.910354827778
0.910171825173
0.909988840965
0.909775382639
0.909561949352
0.909379026464
0.909196121971
0.909043715614
0.908830368175
0.908677992478
0.908525629555
0.908312342926
0.908099081336
0.907885844785
0.907703090527
0.907550809365
0.907368088833
0.907154938131
0.906911367988
0.906728711842
0.906546074093
0.90633301997
0.906150422079
0.905937414457
0.905754856424
0.905541895303
0.905389795546
0.90517687735
0.904933572928
0.90469030121
0.904507868883
0.904264654398
0.904082264996
0.903839107742
0.903656761264
0.903474433182
0.903261740337
0.90301869346
0.902836429765
0.902654184465
0.9024415882
0.902229016973
0.902077195713
0.901925387228
0.901773591517
0.901591453528
0.901409333935
0.901196884327
0.900984459758
0.900772060229
0.900559685738
0.900377670389
0.9001653424
0.899953039449
0.899771085421
0.899619471116
0.899437550814
0.899255648908
0.899073765398
0.89886159122
0.898679747568
0.898467619891
0.898255517254
0.898073734922
0.897891970986
0.897710225447
0.897528498303
0.897346789556
0.897104539842
0.89689259817
0.896680681537
0.896499058638
0.896256923389
0.896075343414
0.895924040821
0.895712238652
0.895500461523
0.895288709433
0.89513747327
0.894956006737
0.894744319033
0.894562892359
0.894351251156
0.894109406156
0.89398849592
0.89377692268
0.893625814268
0.893414283953
0.893232992183
0.893051718809
0.892870463832
0.89268922725
0.892477807822
0.892266413433
0.892085238172
0.891904081307
0.891722942838
0.891511637874
0.891330539263
0.891149459048
0.890968397229
0.890757181691
0.890576159731
0.890395156166
0.890214170998
0.890033204225
0.889882412634
0.889701479588
0.889520564937
0.889309521096
0.889128646304
0.888947789908
0.888797090297
0.888555997492
0.888345068115
0.888134163777
0.887923284478
0.887712430219
0.887501600998
0.887320910167
0.887110127447
0.886899369767
0.886748843897
0.886538129141
0.886357536422
0.886146868167
0.885936224951
0.885755693553
0.88557518055
0.885364605297
0.885244287824
0.885123978526
0.884913456929
0.884733029774
0.884552621016
0.884342167382
0.884221919405
0.884011505118
0.88380111587
0.883620802158
0.883410459412
0.883230185558
0.8830499301
0.882899731271
0.882689474373
0.882539306204
0.882299063707
0.882058854424
0.881848697682
0.881668583261
0.88145847302
0.881308409607
0.881128350374
0.880948309538
0.880768287097
0.880588283052
0.880438293734
0.880258323416
0.880048381295
0.879838464213
0.879658555215
0.879538626102
0.87932876983
0.879118938596
0.878909132402
0.87872931845
0.878579487543
0.878399707317
0.878219945487
0.878040202054
0.877890429911
0.877680770375
0.877501082129
0.87732141228
0.877141760827
0.876962127769
0.87675257912
0.87654305551
0.876333556938
0.876124083406
0.875914634913
0.875705211459
0.875465901029
0.875286439669
0.875077091332
0.874867768035
0.874688367994
0.87450898635
0.874329623102
0.874180167781
0.874030725236
0.873821527134
0.873582474249
0.873373329802
0.873164210394
0.872955116025
0.872716181693
0.872507140979
0.872298125305
0.872148843725
0.871969722692
0.871760771404
0.871581690229
0.871372785442
0.871193744125
0.871074393467
0.870895382811
0.870746221316
0.870597072596
0.870388285851
0.870179524145
0.87003042397
0.869821705188
0.869642823304
0.869434151023
0.869255308997
0.869076485367
0.868897680133
0.868748689824
0.868569918317
0.868420956113
0.868242218331
0.868093284232
0.867884797956
0.867676336719
0.867527451165
0.867319032853
0.867140408513
0.86696180257
0.866812978337
0.866604645872
0.866455852299
0.866307071501
0.866128551406
0.865979798713
0.865801312345
0.865622844372
0.865444394796
0.865265963615
0.865117285018
0.864909156443
0.864701052907
0.864522698377
0.864314641343
0.864136326671
0.863987745163
0.863809464218
0.863660910815
0.863482663596
0.863274731757
0.863096524395
0.862888639057
0.862680778759
0.862472943499
0.86229481892
0.862146395823
0.86196830497
0.861790232513
0.861612178453
0.861374801654
0.861196790517
0.861018797777
0.860870484546
0.860722184089
0.860544240405
0.86033666269
0.860158758864
0.859980873434
0.859773363683
0.859506602223
0.859358419297
0.859180616649
0.858973203477
0.858765815345
0.858588074017
0.858410351086
0.858203030916
0.858025347843
0.857847683165
0.857670036884
0.857492408999
0.85731479951
0.85710761169
0.856841265675
0.856663723638
0.856456614512
0.856279112334
0.856101628551
0.855924163165
0.855717143464
0.85556928758
0.855391877382
0.855184922067
0.854977991792
0.854800642914
0.854652866235
0.854446000347
0.854268706657
0.854091431363
0.853884633437
0.853677860551
0.853500646578
0.853352982319
0.853175802072
0.852969115033
0.852791974644
0.852614852651
0.852467265043
0.852260663853
0.852054087702
0.85187704236
0.85167051271
0.8514640081
0.851287024077
0.851139551444
0.850962601148
0.850756182386
0.850608755743
0.850490823627
0.850254983923
0.850078125607
0.849871814155
0.849694995697
0.849547661035
0.84934141397
0.8491646507
0.848987905826
0.848781726724
0.848663921337
0.848487228585
0.84831055423
0.848133898271
0.847986699024
0.847839512552
0.847662905649
0.847486317142
0.847309747031
0.847133195316
0.846956661997
0.846780147074
0.846603650548
0.846397761184
0.846191896859
0.846015461653
0.845839044842
0.845692044886
0.84548626641
0.845309904788
0.845104172813
0.844927851049
0.844751547681
0.844545883669
0.844398996133
0.844222747954
0.84404651817
0.843870306782
0.843664750592
0.843517939707
0.843341783507
0.843136291192
0.842960174851
0.842784076906
0.842607997357
0.842490621211
0.842373253241
0.842197216616
0.842021198388
0.841874530583
0.84169854608
0.841522579974
0.841375955604
0.841258665306
0.84108274519
0.84090684347
0.840730960146
0.840555095217
0.840408555163
0.840262027884
0.840086212012
0.839910414536
0.839705340732
0.839529583114
0.839324555811
0.839148838051
0.838973138688
0.83879745772
0.838621795149
0.838446150974
0.838270525194
0.838065651703
0.83786080325
0.837743758233
0.837538949128
0.837334165061
0.837158655791
0.836983164916
0.836778448813
0.836632238355
0.836486040672
0.836310620316
0.836135218355
0.835989064108
0.835784469623
0.835609122851
0.835433794475
0.835287701547
0.835141621395
0.834966342075
0.834761872786
0.834615838624
0.834469817237
0.834294608435
0.83411941803
0.833915052474
0.833710711957
0.833535582872
0.833360472183
0.833243741944
0.833068661915
0.832951952115
0.83274772964
0.832572701733
0.832456026682
0.832281029436
0.832193537711
0.832018568058
0.831843616802
0.831668683941
0.831552072254
0.831377170054
0.831231432273
0.831085707267
0.830881713721
0.830736019375
0.830619473096
0.830386405067
0.830182497369
0.830007739271
0.829803878075
0.829629159835
0.829454459992
0.829250666758
0.829076006773
0.828901365184
0.82872674199
0.828552137193
0.828377550792
0.828173889908
0.827999343365
0.827795728983
0.827592139639
0.827417654416
0.82724318759
0.827068739159
0.826865239241
0.826690830669
0.826516440492
0.826342068712
0.826167715328
0.82599338034
0.825848115236
0.825673813974
0.825470485752
0.825296224349
0.825121981341
0.824976792887
0.824831617208
0.824657423257
0.824512275683
0.824338115458
0.824134951779
0.823931813139
0.823757714234
0.823612645866
0.823467590272
0.823293540423
0.823119508971
0.822945495914
0.822800499086
0.822626519755
0.822510543755
0.822307605428
0.822133678219
0.821988752931
0.821843840419
0.821669962267
0.82149610251
0.821351233433
0.821177407403
0.821003599769
0.820829810531
0.820713961259
0.820569161167
0.820395417919
0.820221693068
0.820047986612
0.819903245285
0.819758516733
0.819584859334
0.819440158887
0.819295471215
0.819150796318
0.819006134196
0.81886148485
0.818687922497
0.81851437854
0.818340852979
0.818196262398
0.817993857046
0.817791476733
0.817646934697
0.817473501116
0.817300085932
0.817155587331
0.816953310751
0.816779950755
0.816664387644
0.816519945253
0.816346631248
0.816173335638
0.816000058424
0.815826799606
0.815653559184
0.815422600572
0.815249403074
0.815047362578
0.814903063267
0.814758776732
0.814585649753
0.81441254117
0.814239450983
0.814095223213
0.813893325797
0.813662616553
0.813489606082
0.813345444742
0.813172467998
0.813028334763
0.812826569697
0.81265364814
0.81248074498
0.812307860216
0.812134993848
0.811990952593
0.811818119951
0.81170290841
0.811587705045
0.811443712336
0.811299732402
0.811126973344
0.810983021515
0.810839082461
0.810637589248
0.810464900708
0.810263454507
0.810062032834
0.809889405615
0.809745563651
0.809601734463
0.8094291563
0.809256596533
0.80911281078
0.808969037802
0.808796527091
0.808652782218
0.808480305233
0.808307846645
0.808135406452
0.808020456544
0.807876780656
0.807761849144
0.807589467206
0.807417103663
0.807216036115
0.807101151615
0.806928840195
0.806756547171
0.806584272543
0.806469433011
0.806297189044
0.806124963472
0.805924056889
0.805751871175
0.805608397133
0.805436245146
0.805264111555
0.80509199636
0.804919899561
0.804747821158
0.804604436541
0.804489738046
0.804317705633
0.804174359341
0.804031025825
0.803859042468
0.803687077508
0.803601101926
0.80340051012
0.803199943354
0.803028048911
0.802884817595
0.802741599054
0.802598393288
0.802455200297
0.802312020082
0.802111589241
0.801968439686
0.801796677082
0.801653555631
0.801510446956
0.801367351055
0.801195652838
0.80108119758
0.800938140004
0.800766487777
0.800623458307
0.800451839805
0.800251641471
0.800080062828
0.799908502581
0.79970837221
0.799536851822
0.799393932217
0.799222445554
0.799050977287
0.798850954227
0.798650956206
0.798508115806
0.79833672419
0.798193911896
0.798022554005
0.797851214511
0.797651341685
0.797508590711
0.797337306405
0.797194583536
0.797051873442
0.796909176124
0.79676649158
0.79659528699
0.796452630551
0.796309986888
0.796138831354
0.795967694217
0.795825093989
0.795653990577
0.795511418454
0.795340348769
0.79516929748
0.794998264587
0.794855751229
0.794684752062
0.794513771292
0.794342808917
0.794171864939
0.794000939356
0.793858515423
0.793687623567
0.793545227739
0.793402844687
0.793288947442
0.793118116906
0.792947304766
0.792776511023
0.792605735675
0.792434978723
0.792264240167
0.792036617376
0.791894369739
0.791752134877
0.791581470416
0.791410823841
0.791268632414
0.791041152703
0.790842134784
0.790699994457
0.790529442928
0.790358909795
0.790188395058
0.790046313497
0.78990424471
0.789790598879
0.789620145463
0.789478115002
0.789307695311
0.789165692955
0.789023703374
0.788881726568
0.788682980501
0.788512646659
0.788370715844
0.788172034163
0.78800175551
0.787831495252
0.78766125339
0.787491029924
0.787349191089
0.787179001349
0.787093913378
0.786923751744
0.786753607995
0.786583482641
0.786441725566
0.786328329104
0.786214940818
0.786044873719
0.785874825016
0.785733131816
0.785591451391
0.785478116249
0.785308128867
0.78513815988
0.78496820929
0.784769957362
0.784656681497
0.784486783028
0.784316902956
0.78414704128
0.783948892575
0.783807373116
0.783637566628
0.783439482309
0.783269715679
0.783099967445
0.782901951601
0.782732243225
0.782534273371
0.782421158982
0.782251502729
0.78211013657
0.781968783186
0.781799175989
0.781629587188
0.781431756837
0.781262207894
0.781120931161
0.780923165197
0.780781919124
0.780640685826
0.780471222731
0.780330017538
0.78016058817
0.780019411082
0.779878246769
0.779708866457
0.779567730249
0.779398383663
0.779172616831
0.779031529168
0.778890454281
0.778721181279
0.778580134497
0.778382690463
0.77821347265
0.778044273232
0.777846897162
0.777734122079
0.777564974783
0.777395845884
0.777226735381
0.777057643274
0.776888569563
0.776719514248
0.776550477329
0.776353291352
0.776184294291
0.776015315626
0.775874514125
0.775761882122
0.775621103616
0.775452186271
0.775339584928
0.775170698244
0.775001829956
0.774804840203
0.774664148567
0.774495335467
0.774354671937
0.774185892563
0.774045257137
0.773904634486
0.773735904169
0.773595309623
0.773454727853
0.773229824103
0.77306116737
0.772892529032
0.772780113694
0.772611506017
0.772471013672
0.772302439721
0.772133884166
0.771993435256
0.771881085326
0.771740659411
0.771572165176
0.771403689338
0.771235231895
0.771094864745
0.770898372198
0.770758035709
0.770617711994
0.7704493404
0.770309044791
0.770196817501
0.770056544887
0.769916285048
0.769747990104
0.769579713556
0.769467539411
0.76927125433
0.769103029904
0.768962856936
0.768794666236
0.768626493933
0.768486364399
0.76834624764
0.768234163431
0.768066052448
0.767897959861
0.76772988567
0.767617846429
0.767533822364
0.767393792476
0.767225773473
0.76714177087
0.766973779462
0.766805806449
0.766665842991
0.766553881423
0.76641394096
0.766274013272
0.766106116909
0.765966217327
0.76579835469
0.76563051045
0.765490654303
0.765322843789
0.765183015746
0.765043200479
0.764847480566
0.764735651859
0.764567924127
0.764400214791
0.764260471064
0.764092795455
0.763925138241
0.763757499424
0.763645750432
0.763506075691
0.763366413724
0.763198836227
0.763059202365
0.762863736421
0.762668295516
0.762528710199
0.762361224682
0.762193757562
0.762026308837
0.761830975753
0.761663566887
0.761524073551
0.76138459299
0.761217233179
0.761077780724
0.760882568747
0.760743146951
0.760575857659
0.760408586764
0.760241334264
0.760101971233
0.759934752459
0.759739687141
0.759628232486
0.759516786008
0.759349631621
0.75921035035
0.759098934532
0.758931826135
0.75879258319
0.758625508519
0.758458452244
0.758263576507
0.75809656009
0.757929562069
0.757762582445
0.757651272915
0.75748432395
0.757345213866
0.757178298627
0.757039216648
0.756900147443
0.756733281261
0.756594240162
0.756427407705
0.756232793091
0.756038203515
0.755927020714
0.75578805371
0.755621310679
0.755426799797
0.755260096114
0.755093410826
0.754954520472
0.754787868911
0.754649006662
0.754482388827
0.75437132049
0.754232496567
0.754093685418
0.753927128903
0.75373283622
0.753594071062
0.753427569735
0.753261086804
0.753122365081
0.752983656133
0.75284495996
0.752706276562
0.752567605939
0.752428948091
0.752290303019
0.752123945794
0.751957606966
0.751791286534
0.751624984498
0.751458700858
0.751292435614
0.751153895297
0.751015367755
0.750849151567
0.750682953776
0.750572165468
0.750405998336
0.750267539779
0.750101406374
0.749935291365
0.749796876243
0.74963079496
0.749464732073
0.749326360386
0.74910499226
0.748938987627
0.748828328092
0.748634693579
0.748468741068
0.748302806953
0.748164542577
0.747998642189
0.747832760196
0.7476668966
0.7475010514
0.747362861119
0.747197049645
0.747031256567
0.746865481885
0.746699725599
0.74653398771
0.746423506003
0.746313032473
0.746174952057
0.746009272422
0.745843611182
0.745677968339
0.745484741605
0.74531913862
0.745125958388
0.744960395261
0.744822440041
0.744712085063
0.744546567926
0.744381069185
0.744215588841
0.744050126892
0.743884683339
0.743774397858
0.743608984965
0.743443590469
0.743278214368
0.743140415004
0.74297507263
0.742782196444
0.742616893928
0.742479155884
0.742286344084
0.742121097267
0.741955868336
0.741818191612
0.741652996406
0.741515347787
0.741350186308
0.741212565794
0.741102478581
0.740992399544
0.740854812246
0.740717237722
0.740579675974
0.740442127001
0.740222075726
0.740057058349
0.739892059369
0.73975457427
0.739617101947
0.739479642399
0.739314707805
0.739122307362
0.738929932469
0.738792536796
0.738627678852
0.738435367834
0.738270549748
0.738133215395
0.737968431035
0.737803665072
0.737693831316
0.737529096012
0.737391830645
0.737282027549
0.737144785177
0.73700755558
0.736842896926
0.736705695434
0.736568506717
0.736458764942
0.73632159922
0.736157017217
0.73599245361
0.735855331323
0.735690801442
0.735553707261
0.735389211106
0.735252145029
0.735087682601
0.734923238568
0.734786215927
0.73462180562
0.734484811084
0.734320434504
0.734183468073
0.734019125218
0.733882186893
0.733745261342
0.733635730099
0.733471448565
0.733307185427
0.733170313531
0.733033454411
0.732896608065
0.732732409314
0.732595591073
0.732431426048
0.732239923435
0.732103151185
0.731939041348
0.731802297202
0.731665565832
0.731528847237
0.731337462666
0.731173438677
0.731036766072
0.730927437187
0.730818116477
0.730654150742
0.730517526682
0.730353594674
0.730162363914
0.729998471764
0.729807287506
0.729643435214
0.729452297457
0.729261184739
0.729124690984
0.728960915342
0.728769867011
0.728606131227
0.728469698793
0.728305996735
0.728142313074
0.727951372053
0.727787728249
0.727651372466
0.727515029457
0.727378699224
0.727215119806
0.727078817678
0.726915271987
0.726751744692
0.726615485999
0.72645199243
0.726315761842
0.726152301999
0.725988860553
0.725825437502
0.725689265679
0.725498646589
0.725362505426
0.725226377039
0.725090261426
0.724926939554
0.724790852046
0.7246275639
0.724491504498
0.724355457871
0.724246629767
0.724110606134
0.723974595277
0.723811399111
0.723702611888
0.723512255453
0.723376300806
0.723213172092
0.723050061775
0.722914150563
0.722778252127
0.722642366465
0.722506493578
0.722370633466
0.72223478613
0.722098951568
0.721908804644
0.721745841496
0.721555741073
0.721392817782
0.721257062426
0.721094172861
0.721012734978
0.720877015392
0.720714168751
0.72063275233
0.720469933284
0.720334264798
0.720225739207
0.720062966151
0.719927335991
0.719764596661
0.719628994605
0.719493405325
0.719357828819
0.719195153875
0.719086714133
0.71892406985
0.718788546999
0.718653036924
0.718490441697
0.718327864866
0.718192398226
0.718084034112
0.717948590467
0.717786074956
0.717650659416
0.717515256651
0.717406943637
0.717244489447
0.717109125007
0.716973773342
0.716838434453
0.716757237251
0.716648981469
0.716486613127
0.716351320228
0.716216040103
0.716080772754
0.715999618477
0.715864371567
0.715729137433
0.715593916074
0.71545870749
0.715323511681
0.715188328647
0.715026125869
0.714890970941
0.714728801889
0.714593675065
0.714485582804
0.71437749872
0.714242405111
0.714080309644
0.713918232573
0.713756173897
0.713621139054
0.713432111735
0.713270108249
0.713108123158
0.712973149635
0.712838188887
0.712703240914
0.712568305716
0.712379417901
0.712271493248
0.7121096216
0.711974742612
0.711758962804
0.71159714941
0.711435354412
0.711300539299
0.711138778538
0.710977035663
0.710869217299
0.710707505083
0.710572758956
0.710411080466
0.710249420373
0.710087778675
0.709926155374
0.709764550469
0.709656824085
0.70949524984
0.709333693991
0.709199078169
0.709064475123
0.70890296833
0.708741479933
0.708580009932
0.708445465651
0.708284029376
0.708176415413
0.708015009799
0.70785362258
0.707692253758
0.707557793792
0.707423346601
0.707315798046
0.70718137385
0.707073843691
0.706912563783
0.706751302272
0.706616931731
0.706482573965
0.706375096951
0.706213896759
0.706133303562
0.705998991786
0.705891551564
0.70573040656
0.705569279953
0.705408171742
0.705193390942
0.705032325655
0.704871278764
0.704710250269
0.704522406942
0.704388248468
0.704254102768
0.70406632025
0.703959027196
0.703824922377
0.703664013456
0.703583565894
0.703422684568
0.703288630849
0.703154589904
0.703020561735
0.702886546341
0.702752543721
0.702645350824
0.702538166103
0.702377404351
0.702270240069
0.702082722251
0.701975580454
0.701841664705
0.701680982669
0.701573871532
0.701466768571
0.701359673786
0.701252587177
0.701091972594
0.70095814116
0.700851085212
0.700717276773
0.70058348111
0.700476453777
0.70036943462
0.700208921215
0.700101922499
0.699968185601
0.699834461478
0.699674009393
0.699593790249
0.699433365758
0.699326426318
0.699192763515
0.699085842471
0.698952202663
0.698791851757
0.698658240054
0.698524641127
0.698444487902
0.69833762409
0.698177343702
0.698043790765
0.697883544103
0.69775001927
0.697643208603
0.697456309607
0.697322825655
0.697189354478
0.697109277904
0.696922450449
0.696815703145
0.69665559752
0.696548870657
0.696388795691
0.696228739122
0.696068700949
0.695908681172
0.695748679791
0.695642022424
0.695482051703
0.695295442957
0.695162165961
0.695002250429
0.694869001537
0.694709119731
0.694549256321
0.694389411306
0.694229584688
0.694123043829
0.693989879253
0.693856727453
0.693723588427
0.693563838459
0.693404106887
0.693271011296
0.693137928481
0.692925022548
0.692791972948
0.69263233029
0.692499308795
0.692339699864
0.692153513205
0.6920205377
0.691860983957
0.691754625015
0.691595101932
0.691435597245
0.691302690725
0.691090066866
0.690957193561
0.690824333031
0.690664917259
0.690532084834
0.690399265184
0.690239898468
0.690107106924
0.690000882886
0.689868114337
0.689708808941
0.689576068497
0.689469885339
0.689310625933
0.689177923814
0.689018698134
0.68888602412
0.688726832167
0.688567658609
0.68843502803
0.688302410227
0.688169805198
0.688063730373
0.68793114834
0.687798579081
0.687666022598
0.687506971681
0.687374443302
0.687241927699
0.687082925838
0.68695043834
0.686764977304
0.686659010812
0.686526564194
0.686394130351
0.686261709283
0.686182262774
0.68607634125
0.685970427902
0.685838047714
0.685705680301
0.685573325663
0.685440983801
0.685308654713
0.685202800641
0.685096954745
0.684964658873
0.684858831373
0.684753012049
0.684620749392
0.68448849951
0.684356262402
0.68422403807
0.684091826513
0.683959627731
0.683801006056
0.683668835379
0.683563108035
0.683430960353
0.683325251406
0.683166703315
0.683061014807
0.682902497376
0.682796829309
0.682717583624
0.682559106051
0.68242705546
0.682295017644
0.682162992602
0.682030980336
0.681898980845
0.681740598318
0.681608626932
0.681423888965
0.681265561626
0.681186404856
0.681054487125
0.680948962138
0.680869823764
0.680737936693
0.680579689071
0.680447830105
0.680289616209
0.680157785349
0.680052329858
0.679894161953
0.679736012443
0.679551527933
0.679393418282
0.679261674291
0.679103598366
0.678971882481
0.678813840282
0.678655816479
0.678524144029
0.678418815267
0.678287165812
0.678181855446
0.678102878037
0.677971259243
0.677839653223
0.677734377605
0.677550164948
0.677418599808
0.677287047444
0.677155507854
0.67699767721
0.676839864962
0.67668207111
0.676471707923
0.676287666963
0.676129937497
0.675998510328
0.675867095934
0.675735694315
0.675630582218
0.675551753511
0.675367837745
0.67521021559
0.675078877846
0.674947552878
0.674789979779
0.674684941266
0.674501143542
0.674396127513
0.6742386188
0.674107375592
0.673976145159
0.673871170011
0.673739962572
0.67358253051
0.673425116843
0.673267721573
0.6731365729
0.67295298622
0.672821868207
0.672664543455
0.672533453547
0.672376162521
0.672218889891
0.672114051691
0.672009221667
0.671878195635
0.671747182378
0.671589983332
0.671432802682
0.671275640429
0.671144685937
0.670987557409
0.670909000044
0.670778081322
0.670647175375
0.670516282203
0.670385401806
0.670254534185
0.670097509902
0.669966670385
0.66986200797
0.669731191448
0.669600387702
0.66946959673
0.669338818534
0.669208053113
0.66905115147
0.668946560595
0.668789689613
0.668658977847
0.668554417632
0.668449865593
0.66834532173
0.668188521266
0.668057868265
0.667953355062
0.667822725568
0.667692108337
0.667535384523
0.667404795397
0.66724810531
0.667117544289
0.667013104671
0.666908673229
0.666804249962
0.666699834872
0.666569327507
0.666438832916
0.666282256271
0.666177882061
0.666047425796
0.665916982306
0.665786551591
0.665603970052
0.665473569997
0.665317106794
0.665186734845
0.665030305368
0.664899961523
0.664769630454
0.664639312159
0.66450900664
0.664404771422
0.664248433926
0.664170272076
0.664040012547
0.663909765793
0.66375348655
0.663623267901
0.663545142844
0.663388906526
0.663258723647
0.663154586542
0.663076489078
0.662972366281
0.662842224282
0.662686070747
0.662555956853
0.662373818864
0.662269751255
0.662087652613
0.662009618003
0.66185356258
0.661697525553
0.661593511088
0.661463504505
0.661333510697
0.661203529663
0.661073561405
0.660943605922
0.660787676205
0.660605781453
0.660501852837
0.660371953564
0.660242067066
0.660138167066
0.660008303563
0.659904421959
0.659774581451
0.659644753719
0.659514938761
0.659359177675
0.659229390823
0.659099616745
0.658969855443
0.658814158743
0.658710371164
0.65860659176
0.658450937984
0.658321240557
0.658191555905
0.658035951186
0.657906294639
0.657776650867
0.65764701987
0.657517401649
0.657413716269
0.657310039066
0.657154538591
0.656999056512
0.656843592829
0.656739960594
0.656584527571
0.656480915776
0.656325513414
0.656221922059
0.65611833888
0.656014763877
0.655885306621
0.655729974776
0.655600545625
0.655497011503
0.655341725649
0.655212334823
0.655082956772
0.654953591496
0.654850108474
0.654746633627
0.654617301566
0.654487982281
0.654332816001
0.654203524821
0.654074246415
0.653919129192
0.653789878892
0.65368648785
0.653505573199
0.653376363779
0.653247167134
0.653117983264
0.652962979483
0.652859653849
0.652730508304
0.652601375534
0.652498078517
0.652368968742
0.652239871742
0.65213660334
0.652033343115
0.65190427933
0.651749419652
0.651646190086
0.651491361068
0.651336550446
0.651207555647
0.65105277875
0.65089802025
0.650691707266
0.65053699169
0.650356513436
0.650227615727
0.650098730793
0.649969858634
0.64984099925
0.649737920941
0.649609084553
0.64950602464
0.649377211246
0.649248410628
0.649145379331
0.648990847716
0.648836334497
0.648630345488
0.648501618965
0.648347164
0.648218465582
0.648089779939
0.647961107071
0.647832446978
0.647729528101
0.647600891004
0.647472266681
0.647317934356
0.64721505636
0.647086470363
0.64695789714
0.646829336693
0.64670078902
0.646546548676
0.646418029109
0.646263822491
0.646161028299
0.646032547057
0.64590407859
0.645775622898
0.645647179981
0.645518749839
0.645390332472
0.645287607776
0.645159213404
0.645056507105
0.644928135728
0.644825447824
0.644697099443
0.644594429935
0.644440441005
0.644312130948
0.644158175743
0.644029893792
0.643875972313
0.643747718467
0.643619477396
0.643491249099
0.643363033578
0.643209191816
0.643106640861
0.642978463665
0.642850299244
0.642722147598
0.642568382486
0.64241463577
0.642312148179
0.642184050189
0.642030349463
0.641876667133
0.6417230032
0.641594963974
0.641492541792
0.641415730521
0.641287721955
0.641159726165
0.641057338731
0.64090377291
0.640775815444
0.640699047097
0.640596696455
0.640443185822
0.640315274347
0.640187375647
0.64011064256
0.6399827643
0.639854898815
0.639727046105
0.639624773135
0.639496943421
0.639369126481
0.639266882128
0.639190204228
0.639062417948
0.638960198123
0.638832434839
0.638730233409
0.63860249312
0.638525855078
0.638398135229
0.638270428155
0.638091660224
0.63796398381
0.637836320171
0.637708669307
0.637504454497
0.637351314852
0.637249231975
0.637121639876
0.637019575395
0.636892006292
0.636713431009
0.636585892565
0.636483871008
0.63635635556
0.636254352399
0.636101362988
0.635973885865
0.63582093018
0.635693481162
0.635566044919
0.635438621451
0.635311210758
0.635209291402
0.635081903704
0.634980002744
0.634827166633
0.634699817261
0.634597946961
0.63444515684
0.634292385116
0.634165089399
0.634063262023
0.633885083789
0.633757828951
0.633630586889
0.633503357602
0.633274377078
0.633147183561
0.632994568203
0.632867402791
0.63271482116
0.632536832507
0.632409713086
0.632333447565
0.632206348583
0.632053846668
0.631901363149
0.63179971769
0.631647264831
0.631520234834
0.631393217613
0.631266213167
0.631139221495
0.631037637356
0.630885276478
0.630758323132
0.630631382561
0.630479070739
0.630352158273
0.630199880176
0.630047620476
0.62994612423
0.629844636159
0.629717787568
0.629540221515
0.629464129223
0.629362679989
0.629235879943
0.629083736752
0.628956964811
0.628830205646
0.62867811151
0.628526035771
0.628373978428
0.628247278028
0.628120590403
0.627968582116
0.627841922596
0.627715275851
0.627588641881
0.627487343903
0.627310092115
0.627183499026
0.627031604181
0.626905039197
0.626753178078
0.626626641199
0.626500117094
0.626373605765
0.626247107211
0.626145917565
0.625994148427
0.625892979222
0.625766529213
0.625640091979
0.62551366752
0.625387255836
0.625260856927
0.625134470793
0.625008097434
0.62488173685
0.624755389041
0.624654319993
0.624527995179
0.624401683651
0.624275384388
0.624149097899
0.624048077907
0.623921814413
0.623820812816
0.623719819396
0.623568344595
0.623442129647
0.623341166886
0.623240212302
0.623139265893
0.62301309438
0.622886935642
0.622760789679
0.622609431387
0.622458091491
0.622331988963
0.622180682793
0.62205460837
0.62195375803
0.621827706602
0.62170166795
0.621575642072
0.621374027241
0.621273232089
0.621147249647
0.621021279979
0.620920513444
0.620794566771
0.620668632874
0.620567894955
0.620441984053
0.620290907834
0.620190200574
0.620064327997
0.619938468195
0.619837789552
0.619686786917
0.61956096544
0.619460317457
0.619334518976
0.619259046019
0.619158422564
0.619007502711
0.61888175022
0.618730864093
0.618630283562
0.618529711207
0.618378868005
0.618253179389
0.618152637694
0.618001840482
0.617876190191
0.617775679156
0.617675176297
0.617549559221
0.617449074759
0.617348598472
0.617248130362
0.617147670427
0.617022107007
0.616896556361
0.61677101849
0.616645493395
0.616545082517
0.616369383153
0.616218803628
0.616093334743
0.615967878633
0.615842435297
0.615717004737
0.615591586952
0.615516342413
0.615390945068
0.615265560499
0.615090043563
0.614939620404
0.614789216152
0.614638829786
0.614488461815
0.614338112241
0.614187781063
0.614062519133
0.613937269979
0.613837079853
0.613711853694
0.61358664031
0.613486478801
0.613336251867
0.613186043329
0.6130608836
0.612935736646
0.612810602467
0.612685481063
0.612585393138
0.612435276581
0.612335209096
0.612185123198
0.61206006567
0.611960028845
0.611860000196
0.611734975883
0.61158496357
0.611434969653
0.611334983928
0.61121001327
0.611085055387
0.610960110279
0.610810193012
0.610685276009
0.610535392468
0.610385527324
0.610260653756
0.6101607641
0.610010944946
0.609886109703
0.609736324275
0.609636477543
0.609511680625
0.609386896483
0.609287078367
0.609162317219
0.609062517499
0.608937779347
0.60881305397
0.608688341368
0.60856364154
0.608438954488
0.608339214045
0.608264414077
0.608139757685
0.60804004177
0.607915408373
0.607790787751
0.607666179904
0.607566502825
0.607491750381
0.607367173194
0.607267520643
0.607142966452
0.607043332296
0.6069188011
0.606819185341
0.606669777032
0.606545284161
0.60647059457
0.606371015603
0.606246553392
0.606097215601
0.605997667294
0.605823477431
0.60569907143
0.605599555827
0.605500048401
0.605375675615
0.605276186584
0.605201575177
0.605102100454
0.6049529037
0.604803725342
0.604679424097
0.604579992298
0.604430859931
0.604331448573
0.60423204539
0.60410780291
0.603983573205
0.603884198638
0.603784832248
0.603660635758
0.603536452043
0.603437114269
0.603312953549
0.603213634171
0.603114322969
0.602965371496
0.602866080734
0.60274197878
0.602642706414
0.602518627454
0.60239456127
0.602245698711
0.602121660632
0.602047243916
0.601898424282
0.601799221412
0.601675229323
0.601576044849
0.601476868552
0.601377700431
0.601303329705
0.601204175892
0.601080245123
0.600956327129
0.600857201932
0.600782863399
0.600658976065
0.600535101506
0.600436011057
0.600312159494
0.600163554991
0.600039731532
0.599965443589
0.599841640571
0.599742607354
0.59961882733
0.599495060082
0.599396055481
0.599272311228
0.59914857975
0.599024861046
0.598925895282
0.598802199574
0.598703252205
0.598579579492
0.598455919554
0.598332272391
0.598208638003
0.598109739691
0.597986128298
0.59786252968
0.597738943838
0.597640084362
0.597491810477
0.597392971441
0.597269434144
0.59712120625
0.597022397874
0.596898898902
0.596775412704
0.596651939282
0.596553169742
0.596454408379
0.596355655191
0.596232225204
0.596084126082
0.5959607242
0.595837335093
0.595738633006
0.595590595205
0.595467244423
0.595368572996
0.595245245209
0.595121930197
0.594973969046
0.594801370954
0.594678101933
0.594554845686
0.594431602215
0.594333016636
0.594185153597
0.594037308955
0.593864846789
0.593741674858
0.593593885404
0.593446114857
0.593298362195
0.593175249029
0.593076767695
0.592953677524
0.592805986182
0.592682924116
0.592535266501
0.592387627281
0.592264608651
0.592117003157
0.591994012632
0.591846440865
0.591748069906
0.591625117706
0.591502178281
0.591403835939
0.591305501773
0.591182595563
0.591010548331
0.590912246869
0.590789381539
0.590641960007
0.59049455687
0.590371734975
0.590248925856
0.590126129511
0.590003345942
0.589880575147
0.589757817128
0.589635071883
0.589487794453
0.589340535419
0.589193294781
0.589095144576
0.588947934598
0.588776212874
0.58865356983
0.588506415041
0.588408322068
0.588285717349
0.588163125405
0.587991518146
0.587844446138
0.587746408354
0.587648378745
0.587525853231
0.587403340493
0.587280840529
0.587158353341
0.587035878928
0.586937908595
0.586790968937
0.586668532849
0.586521626407
0.586399218424
0.586276823216
0.586178916247
0.586032071125
0.585909714242
0.585762902846
0.585640574068
0.585518258065
0.585420414461
0.585298121454
0.585224751781
0.585126932705
0.585004670358
0.584906869678
0.584809077174
0.584686848042
0.584564631685
0.584442428102
0.584344674435
0.584222493848
0.584100326035
0.584002600984
0.583880456167
0.58373389925
0.583636204858
0.583538518643
0.583416422371
0.583318754551
0.583196681275
0.583099031852
0.582952573047
0.582854944063
0.582757323256
0.582659710625
0.582537706334
0.582415714817
0.582293736076
0.58217177011
0.582025427813
0.581903489952
0.581781564866
0.581659652555
0.581537753019
0.581415866258
0.581293992272
0.581196502282
0.581074651291
0.580928446965
0.580806624079
0.580684813969
0.580587375078
0.580489944364
0.580368167468
0.580222052057
0.580100303266
0.579978567251
0.579856844011
0.579735133545
0.57958909785
0.57949175094
0.5793700788
0.579272750286
0.579175429948
0.57910244506
0.57900513903
0.57888351799
0.578761909725
0.578640314236
0.578518731521
0.578421474547
0.578299914827
0.57820267625
0.578081139525
0.577959615576
0.577838104401
0.57774090466
0.57761941648
0.577522235135
0.577400769951
0.577303607001
0.577182164812
0.577036451048
0.57689075568
0.576793635655
0.576672247121
0.576575145492
0.576429508379
0.57630815817
0.576162555293
0.576016970302
0.575895663528
0.575798627307
0.575677343529
0.575556072525
0.575459064921
0.575313568844
0.575192336165
0.575071116262
0.574949909134
0.574828714781
0.574731768496
0.574610597138
0.574489438555
0.574295611394
0.574198710078
0.57407759493
0.573956492557
0.573835402959
0.573738540479
0.573641686175
0.573544840047
0.573448002095
0.573351172319
0.573230146596
0.573109133649
0.573012332489
0.572891342537
0.572770365359
0.572673592816
0.572552638633
0.572431697226
0.572286584401
0.572189852737
0.572093129249
0.571996413938
0.571875531296
0.57177883438
0.571657974733
0.571537127862
0.571440459562
0.571367963703
0.571247147492
0.571126344055
0.571029710504
0.570908930062
0.570788162396
0.570691557461
0.570570812789
0.570450080893
0.57030521948
0.570184515689
0.570063824673
0.569943146432
0.569822480966
0.569725957791
0.569629442792
0.569508810541
0.569388191065
0.569267584364
0.569122873187
0.568978180405
0.568905840912
0.568785285312
0.568664742486
0.568520107958
0.568399593238
0.568230894602
0.568086315263
0.567989939257
0.567893571427
0.567749035011
0.567628602051
0.567508181866
0.567387774456
0.567267379821
0.567171073311
0.567074774977
0.566930342806
0.566834064913
0.566737795195
0.566617469545
0.566473095628
0.566352798084
0.566232513314
0.56611224132
0.565967931789
0.565871735656
0.565751501987
0.565655324249
0.565535113575
0.565366840604
0.56524666059
0.565150525777
0.565054399139
0.564910224514
0.564790093045
0.564645952145
0.564525848781
0.564429775288
0.564309694919
0.56416561534
0.564045563076
0.563925523588
0.563781493065
0.563685482936
0.563565481772
0.56346949004
0.563349511871
0.563229546478
0.56310959386
0.562965667581
0.562845743068
0.562749812656
0.562653890419
0.562533999121
0.562390146427
0.56229425485
0.562174401878
0.56205456168
0.56195869872
0.561838881517
0.561743036953
0.561623242745
0.561503461313
0.561359740457
0.561239987129
0.561144193665
0.561024463333
0.560904745776
0.560808980928
0.560689286366
0.560593539914
0.560473868347
0.560354209555
0.560234563538
0.560114930296
0.5600192329
0.559923543681
0.559851782132
0.55975610722
0.559636525079
0.559540868563
0.559421309417
0.559301763045
0.559182229448
0.559062708627
0.558967101168
0.558871501885
0.558752014278
0.558632539447
0.55853696878
0.558441406289
0.558345851974
0.558250305835
0.558154767872
0.558011476258
0.557915958735
0.557820449388
0.557724948217
0.557629455223
0.557557840842
0.557462362156
0.557343025295
0.557223701209
0.55715211289
0.557032809244
0.556913518373
0.556794240278
0.556674974957
0.556603421897
0.556508024971
0.556388790311
0.556245725581
0.556102679248
0.555959651311
0.555864309573
0.55576897601
0.555673650624
0.555625990997
0.555506850872
0.55541154797
0.555292430841
0.555173326486
0.555054234906
0.55495897084
0.554839902255
0.554720846446
0.554601803411
0.554435164625
0.554339953703
0.554220951549
0.554101962169
0.553982985565
0.553864021736
0.553745070682
0.553578560668
0.55348342333
0.553364513156
0.553221837811
0.553102955742
0.552984086448
0.552889000211
0.552770153912
0.552651320388
0.552556262767
0.552484974917
0.552389931604
0.552318654485
0.55222362548
0.552128604651
0.552033591998
0.551938587522
0.551819843423
0.551724857342
0.551606136239
0.551511168554
0.551416209046
0.551297521158
0.551178846045
0.551083915152
0.550965263034
0.550870350538
0.550775446217
0.550656827825
0.550585662616
0.550443345993
0.550348478465
0.550229905552
0.550111345415
0.549992798052
0.54985055808
0.549732038822
0.549589832577
0.549471341424
0.549352863047
0.549258089543
0.549163324215
0.549068567063
0.548950132121
0.548855393365
0.548713300562
0.548594903945
0.548476520103
0.548334476356
0.548263461381
0.548145113309
0.548050444049
0.547932118973
0.547837468109
0.547742825422
0.547648190911
0.547577220393
0.547458946416
0.547364336433
0.547246085452
0.547151493864
0.547056910453
0.547009621814
0.546915050667
0.546820487696
0.546678658569
0.546560481683
0.546418686283
0.546300537502
0.546158775828
0.54601703255
0.545898927204
0.545757217652
0.545639140411
0.545521075945
0.545403024255
0.5453085921
0.545190563405
0.545072547484
0.544954544339
0.544836553968
0.544718576373
0.544624203495
0.544482659507
0.544364720237
0.544246793742
0.544128880022
0.544010979077
0.543893090907
0.543775215512
0.543657352892
0.543492366686
0.543398100096
0.543280278357
0.543162469392
0.543044673202
0.542950445449
0.542832672254
0.542714911835
0.542620712697
0.54255006871
0.54245588388
0.542361707227
0.542243997907
0.542126301363
0.541985082373
0.541843881779
0.54172622867
0.541632115381
0.541514485267
0.541420390374
0.541302783255
0.541208706758
0.541091122634
0.540997064533
0.540903014608
0.540785463699
0.540644419472
0.540526896669
0.54040938664
0.540268391469
0.540150909546
0.540056933205
0.539915984024
0.539798540426
0.539704594745
0.53963414085
0.539540209478
0.53942280676
0.539328893783
0.53921151406
0.539094147112
0.538953323638
0.538859451542
0.538765587622
0.538648269219
0.538530963591
0.538460586347
0.538366757175
0.538249482207
0.538132220014
0.538014970597
0.537921180261
0.537850842875
0.537733624117
0.537616418135
0.537522662547
0.53740547956
0.537288309348
0.537194582376
0.537077435159
0.536936875362
0.53681975625
0.536726070158
0.536632392243
0.536515306346
0.536421646827
0.536304583925
0.536234352316
0.536164125306
0.536023685083
0.535930068488
0.535813059242
0.535719461042
0.535625871019
0.535532289172
0.535415323361
0.53532175991
0.535251592687
0.535134657536
0.535041118613
0.534947587866
0.534807307076
0.53469042047
0.534620294638
0.534503428472
0.534433314905
0.534316469179
0.534199636228
0.534106179066
0.53398936911
0.533895930343
0.533802499753
0.533709077338
0.533592310818
0.533452207856
0.533358816102
0.533288777652
0.533148714548
0.532985330845
0.53286864353
0.53275196899
0.532635307224
0.532495329969
0.532332046422
0.532215430648
0.532098827648
0.531982237423
0.531865659973
0.531725783896
0.531609234552
0.531539311077
0.531422782172
0.531306266043
0.531213062337
0.531119866808
0.531003383893
0.53091020676
0.530793746841
0.530677299696
0.530560865327
0.530491010838
0.530374596909
0.530304754683
0.530188361194
0.53004870587
0.529932340486
0.529815987877
0.529722914988
0.529583320985
0.529467006701
0.529397224263
0.529280930419
0.529164649351
0.529048381057
0.528978626213
0.528908875968
0.52879263578
0.528699652827
0.528583435634
0.52851371145
0.528397514696
0.528281330718
0.528141926807
0.528025770934
0.527909627836
0.527793498024
0.527723825962
0.52760771608
0.527491618972
0.527398750483
0.527282676371
0.527189826279
0.527073775161
0.526957736818
0.526841711251
0.526725698458
0.52658649997
0.526470515283
0.526377736731
0.526261775039
0.526145826121
0.526029889979
0.525913966612
0.525821237116
0.525705336744
0.525589449147
0.525473574325
0.525334541402
0.525241863006
0.52512602651
0.52503336651
0.524963876876
0.524871231185
0.524778593669
0.52468596433
0.524570189154
0.52447757821
0.524384975443
0.524292380852
0.524176649111
0.524084072916
0.523968364169
0.523829531048
0.523736985513
0.523621315092
0.523528787953
0.523413140527
0.523320631784
0.523205007353
0.523112517006
0.523020034835
0.522927560841
0.52285821071
0.522788865179
0.522696411624
0.522580856179
0.522442206507
0.522280472318
0.522188063732
0.522095663321
0.522003271087
0.521864698065
0.521772326271
0.52163378391
0.521472174405
0.521379837359
0.521287508489
0.521195187795
0.521079798425
0.52096442183
0.520872129752
0.52077984585
0.520664502981
0.520549172377
0.520456917091
0.520341609481
0.520249372591
0.520134087977
0.520018816137
0.519857457024
0.519742215845
0.51962698744
0.519534813915
0.519419608505
0.519327453376
0.519235306423
0.519120134228
0.519028005671
0.518912856472
0.518797720048
0.518682596399
0.518544464883
0.518429369339
0.518360318145
0.518153195222
0.518038143114
0.517900097446
0.517808077222
0.517716065173
0.517601061609
0.517486070821
0.517371092807
0.517233136054
0.517141175106
0.517049222333
0.516957277737
0.516842358488
0.516681493003
0.516589581111
0.516474702743
0.516382809246
0.516267953873
0.516107177813
0.516015317021
0.515900502528
0.515785700811
0.515647955613
0.515487276132
0.515372520404
0.5153036731
0.515188937813
0.5150742153
0.514959505563
0.514867746971
0.514753060229
0.514615453001
0.514500794364
0.514409076652
0.51429444101
0.514111050555
0.514019367592
0.513904775385
0.513790195953
0.513675629296
0.513561075415
0.51342362762
0.513309101843
0.513171687774
0.513057190614
0.512942705717
0.512828233596
0.512690883913
0.512576439897
0.512416239736
0.512324708029
0.512210304893
0.512118791583
0.512004411442
0.511912916527
0.511798559381
0.511707082862
0.511569883414
0.511501290589
0.511386979433
0.511272681052
0.511158395447
0.51106697616
0.510929862561
0.510792767357
0.510701380775
0.510610002368
0.510495790858
0.510381592123
0.510290242333
0.510176066592
0.510039072567
0.509924924932
0.509810790072
0.509696667987
0.509582558677
0.509491280427
0.509331563163
0.509240307398
0.509126249188
0.509012203753
0.508943782624
0.508806954164
0.508692944499
0.508601745966
0.508487759296
0.508373785402
0.508282615485
0.508191453743
0.508077513064
0.507986369718
0.507895234549
0.507781327085
0.507712988739
0.507621878097
0.507530775632
0.507416909048
0.507325824979
0.507234749086
0.507120915717
0.50702985822
0.506916047846
0.506802250248
0.506711221367
0.506620200662
0.506506436278
0.50639268467
0.506278945836
0.506187963968
0.506142476099
0.506028765371
0.505915067418
0.505778646737
0.505710443295
0.505596781112
0.505483131704
0.505369495071
0.505255871213
0.50514226013
0.505028661822
0.504915076289
0.504824217061
0.504687943548
0.504619813691
0.504528981035
0.50437004356
0.504279233388
0.504188431392
0.504097637572
0.504006851928
0.503893381371
0.503802614123
0.503711855051
0.503621104155
0.503530361435
0.503439626892
0.503326220209
0.503258182332
0.503122120375
0.503054096295
0.502918061931
0.502827382576
0.502714044879
0.502623383919
0.502532731136
0.502442086529
0.502396767291
0.502283478139
0.50221551078
0.502124894789
0.502011636297
0.501898390581
0.50178515764
0.501671937473
0.501558730082
0.501445535466
0.501332353624
0.501241817349
0.50115128925
0.501083398542
0.500992884751
0.50087975401
0.500789258615
0.500676150869
0.500563055898
0.500517821487
0.500449973702
0.500336904282
0.500246457943
0.500156019781
0.500042983575
0.499929960144
0.499839550598
0.499726550162
0.499636159012
0.499545776038
0.499455401239
0.499319854372
0.499252087837
0.499139153832
0.49907139956
0.498981067686
0.498845585205
0.49873269719
0.49861982195
0.498506959485
0.498394109795
0.498303839241
0.498236141691
0.498145885446
0.498033076636
0.497942838786
0.497830052971
0.497717279932
0.497627070698
0.497514321165
0.497424130327
0.497333947666
0.49724377318
0.497153606871
0.497040910481
0.496950762568
0.496838089174
0.496725428555
0.496657838315
0.49656772515
0.496477620161
0.496387523347
0.49629743471
0.496184835411
0.496117281964
0.496027217855
0.495937161922
0.495824603503
0.495734565966
0.495644536605
0.49555451542
0.495464502411
0.495374497579
0.495284500922
0.495127026446
0.495037052273
0.494924596055
0.494812152612
0.494699721943
0.49458730405
0.494497378934
0.494407461993
0.494317553229
0.494205178771
0.494092817088
0.49398046818
0.493890598252
0.493800736499
0.493643498107
0.49350874227
0.493396459793
0.493261737683
0.493171933163
0.49305968901
0.49292501289
0.492812796843
0.49270059357
0.492588403073
0.492476225351
0.492386492371
0.492274337644
0.492162195692
0.492072491328
0.491960372371
0.491825846486
0.491713755634
0.491601677557
0.491512024294
0.491399969212
0.491287926905
0.491220707653
0.491108685787
0.490996676695
0.490884680379
0.490772696837
0.490638333451
0.490526378014
0.490347275888
0.490257737089
0.490123444221
0.490033925862
0.489944415679
0.489854913672
0.489765419841
0.489675934187
0.489564088616
0.489429890794
0.489318073328
0.489206268637
0.489094476722
0.488982697581
0.488893283466
0.488781527321
0.488625090179
0.48849102113
0.488401651983
0.488289952048
0.488178264888
0.488088924358
0.487932598103
0.4877986241
0.487709318318
0.487620020712
0.487530731282
0.487441450028
0.48735217695
0.487240597101
0.487084406773
0.486972857583
0.486883627429
0.486772101235
0.486682889477
0.486593685895
0.486526788575
0.48641530326
0.486326124207
0.486214661887
0.48612550123
0.486014061906
0.485924919644
0.485835785559
0.48574665965
0.485657541916
0.485568432359
0.48545705691
0.485367965749
0.485278882764
0.485123007213
0.485011682864
0.484922632583
0.484855850238
0.484766814265
0.484677786468
0.48456651322
0.484433002184
0.484344005047
0.484232770124
0.484143791383
0.484032579455
0.483921380302
0.483832430177
0.483765722949
0.48369902032
0.483610090635
0.483565628859
0.483476711439
0.483387802194
0.483276677136
0.483187786288
0.483098903615
0.483010029119
0.482898947496
0.482743454686
0.482654612894
0.482565779278
0.482476953838
0.482388136574
0.482321528991
0.482232726035
0.482166129184
0.482055144651
0.481966366223
0.481833213911
0.481700079996
0.481611334272
0.481522596724
0.481433867352
0.481345146157
0.481256433137
0.48114555336
0.481034686358
0.480901662819
0.48074649194
0.4805913461
0.480502702577
0.48039190967
0.480281129539
0.480192514631
0.480081757495
0.479971013133
0.479904572648
0.479793848727
0.479683137581
0.479594577862
0.479506026318
0.479373214334
0.47930681524
0.479196160304
0.479107645553
0.479063391244
0.47893064058
0.478842150357
0.478775788055
0.47868731214
0.478598844402
0.478444045533
0.478355600278
0.478267163199
0.478178734297
0.478068209666
0.47797979916
0.477869298035
0.477780905925
0.47769252199
0.477604146232
0.477493688032
0.477383242606
0.477272809956
0.477184473034
0.477096144288
0.476985744853
0.476897434503
0.476787058063
0.476698766109
0.476632552509
0.476544274863
0.476411873724
0.476323616518
0.476279490981
0.476191246039
0.476080951359
0.475970669455
0.475882453129
0.47581629625
0.475728094233
0.475617853208
0.475529669587
0.475419451557
0.475331286332
0.475243129282
0.475154980409
0.475088874119
0.47497870719
0.474890582845
0.474802466675
0.474648283053
0.474538167224
0.47442806417
0.474339990925
0.474273941356
0.474185882419
0.474097831658
0.474009789073
0.473921754664
0.473833728431
0.473767714122
0.473657700493
0.47354769964
0.473459708155
0.473349730297
0.473261757208
0.473129812905
0.473041860256
0.472931930943
0.472822014405
0.472734090372
0.472646174516
0.472558266835
0.472448393732
0.472360504448
0.47225065434
0.472140817007
0.472009029071
0.471899219843
0.471767465632
0.471679639712
0.47156986881
0.471460110682
0.471328418303
0.471196743809
0.471108971033
0.470999266561
0.470889574864
0.470823765977
0.470736027949
0.470648298098
0.47051671865
0.470450935825
0.470341308003
0.470231692956
0.470144010116
0.470034418064
0.469946753621
0.469837184564
0.469749538516
0.469618084775
0.469508554044
0.469399036087
0.469289530905
0.469201935958
0.469092453772
0.46898298436
0.468873527724
0.468742196623
0.468676537972
0.468545234465
0.468435828929
0.468304559149
0.468173307764
0.468063945663
0.467954596337
0.467823394009
0.467692210077
0.467582904187
0.467473611071
0.46736433073
0.467233211184
0.467102110035
0.466971027281
0.466861805706
0.466774437643
0.466665239063
0.466556053258
0.466446880227
0.466337719972
0.466250400966
0.466163090136
0.466141263706
0.466075787482
0.465988493004
0.465901206702
0.465792110322
0.465683026717
0.465573955887
0.465443087755
0.46533404503
0.465268625527
0.465181406677
0.465115997906
0.465006993506
0.464919799184
0.464854408809
0.464767228795
0.464680056958
0.464592893296
0.464483950217
0.464396804951
0.464309667862
0.46424432041
0.464157197629
0.464091860909
0.464004752435
0.463917652138
0.463830560017
0.463765246291
0.463656400302
0.463591098841
0.46350403738
0.463416984095
0.463308178986
0.463221144097
0.463134117384
0.463025345491
0.462938337174
0.462851337033
0.462720852152
0.46265561661
0.462525159322
0.462438198018
0.462372982405
0.462286035408
0.462199096587
0.462112165943
0.462025243474
0.461960056988
0.461851423065
0.461764525125
0.461699357035
0.461590753772
0.461482163284
0.461351871562
0.461243309179
0.461091343305
0.460982811582
0.460874292635
0.460744086761
0.460657293065
0.46050542377
0.460418652558
0.460310200041
0.460223447225
0.460093333331
0.459919876756
0.459811483004
0.459703102026
0.459616406443
0.459508048461
0.459443039804
0.459356368748
0.459291370822
0.459204714075
0.459074744283
0.458988107976
0.458923136111
0.458836514112
0.458706596443
0.458598345771
0.458425171269
0.458338596281
0.458273670407
0.458143832454
0.458057284039
0.457992378093
0.457884211737
0.45779768785
0.457711172139
0.457603038998
0.457516541683
0.457430052544
0.457343571582
0.457235481876
0.457149019309
0.457084177749
0.456976118704
0.456889680665
0.456781644614
0.456673621339
0.456587211916
0.45650081067
0.456414417599
0.456306437759
0.456220063084
0.456133696586
0.456047338264
0.455960988117
0.455853061932
0.455745148522
0.455658826992
0.455572513638
0.45548620846
0.455399911458
0.455313622632
0.455205773097
0.455119502667
0.454990112352
0.454903862362
0.454839180235
0.45473138691
0.454688273157
0.454623606361
0.454537391119
0.454451184053
0.454364985164
0.45427879445
0.454171067555
0.454084895238
0.453998731096
0.453934113356
0.453783356513
0.453718754102
0.453654156291
0.453568033029
0.453481917944
0.453395811035
0.453309712301
0.453180579532
0.453072982943
0.452965399129
0.452900854972
0.452814803251
0.452707250098
0.452578203176
0.452492182115
0.45240616923
0.452277165233
0.452191172788
0.452105188519
0.452019212426
0.45193324451
0.451825796111
0.451761333204
0.451653905246
0.451589454603
0.451482047085
0.451374652342
0.451310221628
0.451181373997
0.451074015024
0.450988137044
0.450923733924
0.450816405611
0.450687628499
0.45060178731
0.450494497323
0.450408674531
0.450322859914
0.45019415332
0.450065465122
0.44997968321
0.449872467318
0.4497652642
0.449636637323
0.449550896291
0.449422300073
0.449336579481
0.449250867066
0.449165162826
0.449036621797
0.448950937997
0.448865262373
0.448779594926
0.448672522114
0.448586873062
0.448479823246
0.448372786204
0.448308570111
0.448222955808
0.448115949426
0.447966161954
0.447859186232
0.447773614853
0.447666662127
0.447559722175
0.447474179412
0.447367262456
0.447217600179
0.447132090121
0.447046588238
0.446939722382
0.446854238895
0.446747396034
0.446619201464
0.446512386708
0.446405584727
0.446341509671
0.446213373355
0.446085255435
0.445999853709
0.445914460158
0.445807729718
0.445722354563
0.445615647118
0.44553029036
0.445444941777
0.445359601371
0.445274269141
0.445188945087
0.445103629209
0.444996995858
0.444869052701
0.444719808935
0.444655854986
0.444549275291
0.444442708372
0.444378774352
0.444314844931
0.444208306116
0.444123084262
0.444016568443
0.443952665083
0.443846169703
0.443739687099
0.443654510213
0.443569341504
0.443505470337
0.443377742312
0.443313884942
0.443250032172
0.443164902298
0.443101060259
0.443015944693
0.442930837304
0.442824464565
0.442739375572
0.442611757412
0.442505422998
0.442399101359
0.442292792495
0.442186496407
0.442080213093
0.442016449237
0.441952689979
0.441846434771
0.441761439802
0.441676453009
0.441591474392
0.441464021797
0.441400302398
0.441336587598
0.441230406485
0.441103006012
0.440996853004
0.440869486257
0.440784585312
0.440699692544
0.440593588081
0.440487496393
0.44038141748
0.440317776264
0.440232928464
0.440126880722
0.440063257903
0.43997843463
0.439893619534
0.43976641222
0.439681617564
0.439596831084
0.439448474418
0.4393425207
0.439194206958
0.439088283901
0.438982373618
0.438897654591
0.438812943739
0.438707066672
0.438622374216
0.438516520144
0.438431846085
0.438347180201
0.438241359344
0.438135551262
0.438050913995
0.437923973424
0.437818203667
0.437712446685
0.437606702479
0.437522116312
0.4374163951
0.437352968505
0.437247267734
0.437141579738
0.437078173072
0.436972505515
0.436887980668
0.436803463998
0.436718955503
0.436634455184
0.436528841283
0.43644435936
0.436381003283
0.436254304927
0.436190962648
0.436064292397
0.435979855442
0.435916533092
0.435811006061
0.435726593634
0.435621089599
0.435536695568
0.435473405411
0.435389025688
0.435325746262
0.435241380848
0.43515702361
0.435051588559
0.435009418116
0.434904000951
0.434840756784
0.434777517216
0.434693204945
0.434587826105
0.434524604933
0.434440317191
0.434334969011
0.434229634117
0.434124311487
0.434040062581
0.433955821852
0.433871589298
0.433808420248
0.433724202002
0.433639991932
0.433555790039
0.433450549169
0.433345321075
0.433261147797
0.433155942698
0.433071787816
0.432987641111
0.43284040405
0.432756279828
0.432651136049
0.432567030224
0.432482932575
0.432356802964
0.432272725754
0.432146625271
0.432062568502
0.431915488829
0.431852462349
0.431747428435
0.431663410502
0.431579401256
0.431495399675
0.431411406271
0.431285431493
0.431201458529
0.43111749374
0.431033537127
0.43094958869
0.430886632728
0.4308026986
0.430718772647
0.430613876704
0.430467043846
0.430341208572
0.430278297067
0.430194422215
0.430089590147
0.429984770854
0.429879964336
0.429775170593
0.429691344797
0.429607527177
0.429502766649
0.429418967425
0.429335176377
0.429251393505
0.429146676413
0.429083852289
0.429000093945
0.428895407513
0.428811667565
0.428727935793
0.428623282576
0.4285395692
0.428455864
0.428393090466
0.428330321531
0.428267557195
0.428162960188
0.428100208116
0.42801654584
0.42793289174
0.427849245817
0.42776560807
0.427681978498
0.427598357103
0.427514743883
0.427452039334
0.427368440423
0.427243057897
0.427096800938
0.426950569018
0.426867019163
0.426762593342
0.426658180295
0.426553780024
0.426428516562
0.426324144396
0.426219785005
0.426198914659
0.426073703319
0.425969374588
0.425865058632
0.425760755452
0.425656465046
0.425573041919
0.425364522939
0.425281128428
0.425197742094
0.425093520674
0.425010152735
0.424926792973
0.424801768659
0.424593437217
0.424510118335
0.424385155341
0.424322680743
0.424239388433
0.424135284543
0.424052010629
0.423968744891
0.423843861614
0.42373980627
0.4236357637
0.423531733905
0.423406915525
0.423323713152
0.423240518954
0.423157332932
0.423053361903
0.422949403648
0.422824670606
0.422741525465
0.422616823082
0.422512918483
0.422429804002
0.422367473506
0.422284373333
0.422180509614
0.422035121869
0.421993587113
0.421827469037
0.421744422008
0.421640625231
0.421557596598
0.421453822304
0.421350060785
0.421267060768
0.421184068927
0.421059596496
0.420997367179
0.42091440191
0.420831444818
0.420748495901
0.420644821252
0.420561890732
0.420499698207
0.420396054219
0.420292423006
0.42023025041
0.420147360769
0.420064479305
0.419981606016
0.419878025903
0.419795171011
0.419691613893
0.419608777397
0.419505243274
0.419422425174
0.41933961525
0.419256813502
0.419153322814
0.419049844902
0.41896707177
0.418863616852
0.41876017471
0.418636061002
0.41855332875
0.418449924933
0.418367211077
0.418263830255
0.418181134795
0.418119118566
0.418015768404
0.417933097472
0.417829770305
0.417726455914
0.417623154297
0.417581837227
0.41749920922
0.417416589388
0.41735462988
0.417251374254
0.41716877895
0.417086191823
0.417003613383
0.416921042608
0.416879760286
0.416776563425
0.416652744054
0.416549575298
0.416446419316
0.416363903729
0.416281396318
0.416198897084
0.416095784537
0.416013303699
0.415910214148
0.415807137372
0.415704073371
0.415621631368
0.415518590362
0.415374354416
0.415271344071
0.4151683465
0.415065361704
0.414982983066
0.414880021265
0.414818250317
0.414735896718
0.414653550784
0.414509465072
0.414406562037
0.414324248807
0.414241943753
0.414159646874
0.414097929581
0.414015647011
0.413953940449
0.413871672187
0.413768848357
0.413686598492
0.413563239023
0.413481009597
0.413378234312
0.413296023282
0.413213820429
0.413131625751
0.413049439249
0.41294671762
0.412864549514
0.412782389585
0.41267970117
0.412597559637
0.412515426279
0.412433301098
0.412371712577
0.412248549333
0.41218697461
0.412084360291
0.412002278034
0.411920203952
0.411838138047
0.411756080318
0.411674030765
0.411591989388
0.411530463721
0.411448436651
0.411345914313
0.411243404749
0.411161406296
0.411058919728
0.410976939671
0.410874476097
0.410772025299
0.410669587275
0.410587646055
0.410485231026
0.410403308202
0.410321393553
0.410239487081
0.410137115488
0.410055227411
0.409993816719
0.409932410626
0.409830077358
0.409727756866
0.409666370702
0.409564070649
0.409482239805
0.409420872037
0.409339055501
0.409257247141
0.409216346027
0.409134549931
0.409032316308
0.408909652824
0.408827887388
0.40872569209
0.408623509568
0.408541772748
0.408460044104
0.408378323637
0.408276184549
0.408194482478
0.408112788582
0.40801068271
0.407908589613
0.407826924333
0.40774526723
0.407684029768
0.407602386972
0.407500344975
0.407418720576
0.407316701574
0.407235095571
0.407153497743
0.407071908092
0.407010721219
0.406929145876
0.406847578709
0.406786408699
0.40670485584
0.406623311157
0.40654177465
0.406460246319
0.406358347402
0.406276837467
0.406195335709
0.406113842126
0.406052727304
0.405971248029
0.40588977693
0.405808314008
0.405726859261
0.40564541269
0.405563974295
0.405482544077
0.405401122034
0.405319708168
0.405177253575
0.405116209271
0.405034824021
0.404953446946
0.404831396665
0.40475004003
0.404668691572
0.404567017497
0.404465356196
0.404384036354
0.404323051838
0.404262071921
0.404180772519
0.404099481293
0.404018198243
0.403916605928
0.403835341274
0.403733771954
0.403632215409
0.403530671639
0.403449445821
0.403388531823
0.403327622425
0.403185518379
0.403104327309
0.402982556035
0.402921677296
0.402840512799
0.402759356477
0.402678208331
0.402576784647
0.402475373738
0.402394254208
0.402252314706
0.402150944676
0.402069857851
0.401968510817
0.401887442388
0.401765855074
0.401684807085
0.401583508596
0.401482222882
0.401360696889
0.40127968978
0.401198690847
0.401056962388
0.400935500781
0.400834296827
0.400733105649
0.400652161904
0.400571226335
0.400490298943
0.400389151199
0.400288016231
0.400207117455
0.400085785131
0.400004906795
0.39988360462
0.399802746724
0.399681475209
0.399600637753
0.399519808473
0.39941878337
0.399337972486
0.399257169778
0.39915617789
0.399055198777
0.39895423244
0.398812901029
0.398691779749
0.398590859402
0.398510132322
0.398389057033
0.398328526286
0.398247825778
0.39806627953
0.397945273225
0.397864611554
0.397763795962
0.397642834115
0.397562203103
0.397481580268
0.397400965608
0.397320359125
0.397219612518
0.397118878687
0.39705844452
0.396977872784
0.396877169613
0.396776479217
0.396655667604
0.396555005313
0.396474484678
0.396373845381
0.39627321886
0.396172605114
0.396051885482
0.395951299841
0.395830613935
0.395750166884
0.395689836961
0.395589297311
0.395488770435
0.395428460441
0.395348054271
0.395287755008
0.395227460345
0.395147074614
0.395086790682
0.395026511349
0.394905966479
0.394805526474
0.394725183667
0.394624766657
0.394524362422
0.394444048232
0.394383817955
0.394323592276
0.394263371197
0.394183083579
0.394062667482
0.393982400304
0.393882077829
0.393801829047
0.393701529567
0.393621299182
0.393541076972
0.393460862938
0.39338065708
0.393280411255
0.393180178206
0.393100000964
0.393019831899
0.39289959363
0.392819445005
0.39271927072
0.392619109211
0.392518960477
0.392438850687
0.392378773711
0.39229867823
0.392198570375
0.39211849329
0.392018408431
0.391958363648
0.391858299229
0.391778256892
0.391678215468
0.391618196746
0.391538178937
0.391478170945
0.391418167553
0.391338170184
0.391258180991
0.391178199974
0.391098227134
0.391038252868
0.390958294336
0.390878343979
0.390798401798
0.390718467794
0.390638541965
0.390558624312
0.390498691438
0.390398813535
0.390298948407
0.390219065503
0.39015915869
0.389999434783
0.389919582539
0.38983973847
0.389739944882
0.38966011921
0.389580301714
0.3894605908
0.389380793744
0.389281058921
0.389181336873
0.389101568433
0.389021808169
0.388922119337
0.388842377469
0.388742711632
0.38866298816
0.388583272864
0.388523491758
0.38844379077
0.388364097958
0.388264493441
0.388184819025
0.388105152786
0.388025494722
0.387906022957
0.387806477205
0.387726849802
0.387607424026
0.387527817063
0.387428319856
0.387368627664
0.387289045229
0.38720947097
0.387129904887
0.38705034698
0.386970797248
0.386871371582
0.386771958691
0.386672558574
0.386612924637
0.386553295298
0.386473796667
0.386414178059
0.386334693736
0.38625521759
0.386155883904
0.386096289824
0.385977115462
0.385877817546
0.385798388411
0.385738821926
0.385659407099
0.385560150063
0.385480753633
0.385401365378
0.385302141558
0.385163249671
0.385083894121
0.385004546746
0.384925207548
0.384845876526
0.38476655368
0.384667411619
0.384588107169
0.384528634197
0.384449344055
0.384350242875
0.384290788299
0.384231338322
0.38415207884
0.384092639594
0.384033204947
0.383953965905
0.383874735039
0.383815317255
0.383736100697
0.383617291191
0.383538095073
0.383439111423
0.383359933702
0.383260973047
0.383181813722
0.383122449593
0.383043304575
0.382964167734
0.382904820468
0.382805918579
0.382726806266
0.382647702128
0.382548833454
0.382469747713
0.382370902034
0.382291834688
0.382252304082
0.382173249001
0.382094202095
0.382015163366
0.381955889685
0.381876865264
0.381817602314
0.38171884095
0.381639841057
0.381541102688
0.381462121191
0.381402890434
0.381323923246
0.381244964233
0.381166013396
0.381067336348
0.380968672074
0.380889749854
0.380810835809
0.380712204751
0.380633309102
0.380574142731
0.380514980959
0.380436105751
0.380357238719
0.380258666426
0.380160106908
0.380081268491
0.379982731968
0.379903911948
0.379825100104
0.379746296436
0.379647803348
0.379569018076
0.379509934488
0.37941147206
0.379332711316
0.379234271884
0.379135845226
0.379037431344
0.378939030236
0.378801290148
0.378722592769
0.378624232541
0.378525885089
0.378447216326
0.378348891869
0.378270241501
0.378230919383
0.37815228128
0.378073651352
0.377995029601
0.377896763909
0.377818160554
0.377719917857
0.377641332898
0.377562756115
0.377484187507
0.377405627076
0.377327074821
0.377209261768
0.377111098277
0.377012947561
0.376934436186
0.376855932987
0.376777437964
0.376679330683
0.376620472446
0.37650276977
0.37644392533
0.376345861484
0.376267419605
0.376188985903
0.376090955272
0.375992937416
0.375875332852
0.37579694003
0.375718555383
0.375640178913
0.375561810618
0.375503039763
0.375405098557
0.375326754791
0.375248419201
0.375189672874
0.375072194016
0.374993884998
0.374876436801
0.374798148223
0.374739437155
0.374641595595
0.37454376681
0.37446551298
0.374387267326
0.374289471756
0.374211244498
0.374133025416
0.374035263061
0.373957062375
0.373878869866
0.373820230849
0.373742052647
0.373644341393
0.373507567098
0.373409886504
0.373351284279
0.373234093627
0.373155976746
0.373038816754
0.372960720312
0.372863111258
0.372765514979
0.372687447154
0.37258987387
0.372492313361
0.372414274152
0.372316736638
0.372219211899
0.372141201306
0.372063198889
0.371985204648
0.371887723344
0.3718097475
0.371731779831
0.371634331742
0.371536896429
0.37143947389
0.371342064127
0.371264145514
0.371166758746
0.371108332817
0.371030438733
0.370952552824
0.370874675092
0.370796805535
0.370718944155
0.37064109095
0.370524326474
0.370407580393
0.370310306046
0.370232495765
0.370154693661
0.370076899733
0.369999113981
0.369901893288
0.369804685371
0.369726928235
0.369649179275
0.369571438491
0.369493705883
0.369415981451
0.369338265195
0.369260557115
0.369182857212
0.36908574383
0.368969224634
0.36889155539
0.368833308823
0.368755653888
0.368678007128
0.368619777424
0.368542144972
0.368483925999
0.368406307856
0.368328697888
0.368251096097
0.368154105355
0.368037733328
0.367960162197
0.367863209781
0.367805044463
0.367688728135
0.367630576614
0.367553048407
0.367514287369
0.367436771426
0.367339887995
0.367243017339
0.367165530012
0.367126789415
0.367068682351
0.36699121342
0.366913752665
0.366816938219
0.366739495861
0.366681419457
0.366603991406
0.366526571532
0.366449159833
0.366391106425
0.366313709034
0.366216973793
0.366139594799
0.366100908368
0.366004201232
0.365946183083
0.365868832704
0.365791490502
0.365714156476
0.365636830625
0.365559512951
0.365501530061
0.365424226695
0.365346931505
0.365250324526
0.36515372981
0.365037833015
0.364941266916
0.364864022826
0.364786786913
0.364748172022
0.364670948372
0.364574430307
0.364458625492
0.364342839074
0.364265658348
0.364188485798
0.364130611751
0.36405345351
0.363995590194
0.363899161555
0.363822027841
0.363725622197
0.363648506879
0.363571399738
0.363494300773
0.363397938563
0.36330158964
0.363243786112
0.363185987182
0.363108929097
0.363031879188
0.362935578299
0.362839290185
0.362723761312
0.362608250834
0.362531254069
0.36245426548
0.362377285067
0.36230031283
0.36222334877
0.362107918008
0.362030974388
0.361954038943
0.361896342725
0.361819421588
0.361742508628
0.361665603843
0.361588707234
0.361531040144
0.36141572027
0.361338850233
0.361242774185
0.361165922545
0.361127499791
0.361069869492
0.360973829214
0.36089700619
0.360839394287
0.360743384669
0.360666586173
0.360589795853
0.360532208478
0.360455432466
0.36037866463
0.360263528206
0.360205966893
0.360129225629
0.360052492541
0.359975767629
0.359899050893
0.359822342333
0.359764816279
0.359630606704
0.35955392676
0.359496422168
0.359419756532
0.359323935985
0.359247288746
0.359189808682
0.35905570795
0.358979089326
0.358921630724
0.358845026409
0.35876843027
0.358710988531
0.358634406699
0.358576975691
0.358481267565
0.358404710262
0.35830902513
0.358232486223
0.358155955492
0.358079432937
0.358002918558
0.357945538139
0.357869038068
0.35781166838
0.357735182617
0.35765870503
0.357563120055
0.357486660864
0.357391098884
0.357295549169
0.357200012228
0.357104488062
0.357008976671
0.356894379865
0.356817992215
0.356703426069
0.356607968333
0.356531611343
0.356436176602
0.356340754637
0.356245345447
0.356092717314
0.355978267677
0.355921049757
0.355844766351
0.35574942359
0.35567315858
0.355615965188
0.355520653088
0.355444412606
0.355368180301
0.355311011437
0.355234793439
0.355120481772
0.355044284214
0.354968094833
0.354872869603
0.354796698617
0.354701496383
0.354606306923
0.354549199379
0.354473063142
0.35439693508
0.354320815195
0.354225676836
0.354130551251
0.354035438442
0.353997396896
0.353921319934
0.353845251149
0.353788204926
0.353693138107
0.353579074787
0.353522050025
0.353427018977
0.353332000703
0.353255995282
0.353179998037
0.353123005469
0.353066017499
0.352971047771
0.352895081186
0.352800134452
0.352705200494
0.352629262525
0.352553332732
0.352477411116
0.352382520592
0.352268668827
0.352173806409
0.352097925673
0.352022053112
0.351946188728
0.351832407481
0.351756563537
0.351661770104
0.351548034847
0.351491174118
0.351415366966
0.351358516967
0.351263777189
0.351169050187
0.351055394646
0.350979634506
0.350903882542
0.350828138754
0.350771336279
0.350695606799
0.350619885495
0.350506318869
0.350430618006
0.350336003423
0.350241401616
0.350165729369
0.350090065297
0.350014409401
0.349900940888
0.34984421353
0.349768584206
0.349617350087
0.349541745292
0.349485047061
0.349409456573
0.349333874262
0.349258300127
0.349163843955
0.349088288216
0.349012740653
0.348956085346
0.348842788529
0.348748390101
0.34867287933
0.348616251617
0.348521882316
0.34842752579
0.348333182039
0.348257716236
0.348182258609
0.348087948073
0.347974792804
0.347899365837
0.347842800977
0.347767388319
0.347691983836
0.347578892442
0.347484664178
0.347409290355
0.347352765354
0.347258567238
0.347202054501
0.347145546363
0.347070209332
0.346994880989
0.346881903038
0.34682542096
0.346750118678
0.346674824572
0.346580718437
0.346505442727
0.346430175193
0.346354915835
0.346279664653
0.346204421647
0.346129186817
0.346035154777
0.345959938343
0.345847129022
0.34579073126
0.345696745211
0.345602771936
0.345508811436
0.345433652235
0.345358501209
0.345227006588
0.345133097188
0.345057978867
0.345001645491
0.344851445641
0.344738817215
0.344663741817
0.344607440635
0.344513615551
0.344419803242
0.344326003708
0.34421346113
0.344138442965
0.344063432976
0.34400718085
0.343932185169
0.343838452576
0.343782218846
0.343669765693
0.34357606836
0.343519856092
0.343463648423
0.343407445353
0.34333251508
0.343257592983
0.343182679063
0.343107773318
0.343032875749
0.342976707938
0.34288310514
0.342826949593
0.342770798646
0.342695937869
0.342621085269
0.342527531016
0.342433989538
0.342377870783
0.342303052931
0.342246944907
0.342172141363
0.34211604407
0.342059951377
0.341966473774
0.34189170089
0.341835626592
0.341760868016
0.341686117616
0.341611375392
0.34151795911
0.341443235282
0.34136851963
0.341293812154
0.341200439307
0.34114442173
0.341051069323
0.340976396596
0.340920397415
0.340845738996
0.340771088752
0.340715106435
0.340640470499
0.34056584274
0.340509877286
0.340453916431
0.340379309111
0.340304709968
0.340248765976
0.340192826583
0.340118247879
0.340062319217
0.340025035998
0.339969115001
0.339857286804
0.339782744893
0.339708211158
0.339615055486
0.339540540147
0.339447407471
0.339391533997
0.339335665122
0.339261180443
0.33918670394
0.339130851929
0.339075004516
0.339000548453
0.338944711772
0.338888879689
0.338814444066
0.33874001662
0.338646993809
0.338553983773
0.338498183884
0.338423791185
0.338349406662
0.338275030316
0.338237845209
0.338163481126
0.33810771343
0.338033363655
0.337959022057
0.337884688635
0.337810363388
0.337736046318
0.337661737424
0.337587436706
0.337531716532
0.337476000958
0.337420289983
0.33730888183
0.337234619948
0.337160366242
0.337049001013
0.336974767747
0.336844879205
0.336752117005
0.336677916443
0.336603724058
0.336529539848
0.336436821083
0.336381195957
0.336307036275
0.336251421879
0.336177276506
0.336103139308
0.336029010286
0.335954889441
0.335880776771
0.335806672278
0.335732575961
0.335639967061
0.335584407854
0.335491819395
0.335417757826
0.335362217014
0.335306680802
0.335232639672
0.335121593309
0.33504757262
0.334973560107
0.33489955577
0.334825559609
0.334751571624
0.334677591815
0.334640604976
0.334548146823
0.334474189498
0.33441872687
0.33436326884
0.33430781541
0.334252366579
0.334159962081
0.33408604768
0.334012141456
0.333938243407
0.333882825236
0.333808941496
0.333716598317
0.333642732973
0.333550413301
0.333476566352
0.33340272758
0.333328896984
0.333255074563
0.333181260319
0.333089004011
0.333015208163
0.332959866642
0.332904529721
0.332867640995
0.332793869675
0.332720106531
0.332664789538
0.332591040702
0.332535734441
0.332461999913
0.332388273561
0.332314555385
0.332222419673
0.332167144072
0.332093450424
0.332038185554
0.331982925283
0.331909252075
0.331835587043
0.331761930188
0.331688281508
0.331614641004
0.331541008677
0.331430575515
0.331338561934
0.331264960266
0.331191367286
0.331080992379
0.330933854452
0.330841909856
0.330768363376
0.330658060521
0.330566154249
0.330511016618
0.330419130787
0.33034563132
0.330272140029
0.330180287413
0.330051715212
0.329941530398
0.329868084075
0.329813004699
0.329702859742
0.329647794163
0.329574380544
0.329500975102
0.329427577835
0.329335842749
0.329207435091
0.329115730666
0.329024039015
0.32893236014
0.328859026237
0.328804031176
0.328712382961
0.328675727251
0.328639073586
0.328584096921
0.328492479366
0.328437514965
0.328364236251
0.328290965713
0.328199389037
0.328126136895
0.328052892929
0.327961349469
0.327888123899
0.327814906506
0.327741697288
0.327650197263
0.327540414096
0.327467235538
0.327394065157
0.327302613677
0.327247748921
0.327174603068
0.32710146539
0.327010054791
0.326918656966
0.326754176142
0.326681085476
0.326589733642
0.326461864069
0.326370542895
0.326297495154
0.326224455589
0.32613316763
0.326060146461
0.325968881497
0.325877629819
0.325804637266
0.325731652889
0.325658676688
0.325585708663
0.32549451013
0.325458034293
0.325366853645
0.325275685771
0.325202760671
0.325111615792
0.325038709087
0.324965810559
0.324892920206
0.324838257807
0.324728946807
0.324619654713
0.324546803196
0.324455750298
0.324401124692
0.324328297703
0.324237275465
0.324182668255
0.324091666457
0.324000677434
0.323946090152
0.32389150747
0.323836929386
0.323745976134
0.32367322273
0.323564107954
0.323509557464
0.323436830632
0.32334593359
0.323273225154
0.323182351107
0.323073319113
0.323018810015
0.322927971737
0.322855310314
0.322782657066
0.322691852004
0.322619217152
0.322546590477
0.322492125836
0.322401361654
0.322328759506
0.322256165535
0.322165434568
0.32211100212
0.322020291594
0.32198401096
0.321929593842
0.321857044839
0.321802638452
0.32171197136
0.321621317044
0.321530675503
0.321440046736
0.321367552921
0.321295067282
0.321222589819
0.321150120533
0.321095773933
0.321041431932
0.320968983085
0.320878433524
0.320751685601
0.3206611667
0.320588760777
0.320516363031
0.32044397346
0.320353497995
0.320244944299
0.320172585388
0.320100234654
0.320027892095
0.319955557713
0.31984707147
0.319756680319
0.319684376597
0.319612081051
0.31953979368
0.319467514486
0.319377176991
0.319322980626
0.319232663571
0.319142359291
0.319070125065
0.318997899015
0.318925681141
0.318853471443
0.318781269921
0.318709076576
0.318654936932
0.318600801887
0.318564714412
0.318510587032
0.318438424347
0.318366269837
0.31831215932
0.318240019119
0.318167887093
0.318131824146
0.318059704385
0.31796956618
0.317897464815
0.317807349606
0.317735266636
0.317681209775
0.317591125226
0.317555094983
0.31748304063
0.31742900523
0.317356965185
0.317302940517
0.317230914779
0.317122891504
0.317050886207
0.316978889086
0.316906900141
0.316834919372
0.316744954908
0.316690982362
0.316619026121
0.31651110709
0.316457154473
0.316403206455
0.316331282918
0.316259367557
0.316187460372
0.316133535349
0.316061642473
0.315989757772
0.315917881248
0.315810082302
0.315738226217
0.315666378309
0.315594538577
0.31552270702
0.315432929072
0.315361115912
0.315289310928
0.315217514119
0.315163671879
0.315073945031
0.315038057869
0.314966289677
0.314912468898
0.314876590934
0.314804841138
0.314733099518
0.314643433991
0.314589640806
0.314535852221
0.314482068234
0.314428288847
0.314356590151
0.314284899631
0.314213217288
0.314105709102
0.314034047198
0.313962393471
0.313890747919
0.313819110543
0.313747481344
0.31371166981
0.313640052874
0.313532642801
0.313461046306
0.3134073543
0.313335772112
0.313282090837
0.313192632266
0.313121074606
0.31303163903
0.312960099767
0.312888568679
0.312817045768
0.31276340895
0.312691900347
0.31262039992
0.312531035884
0.312459553853
0.312405947695
0.312334479972
0.312263020426
0.312191569055
0.31212012586
0.312066548829
0.311995119942
0.311923699232
0.311870139064
0.311816583496
0.311745183225
0.31167379113
0.311602407212
0.311548874638
0.311459663903
0.311406143593
0.311352627883
0.311316953298
0.311245610259
0.311156442959
0.311085118317
0.310995974522
0.310924668276
0.310853370206
0.310782080311
0.31065734267
0.31058607526
0.310514816026
0.310479189475
0.310425753481
0.310354512643
0.310283279981
0.31022986085
0.310158642496
0.310087432318
0.310016230316
0.309909442643
0.309784881809
0.309713714555
0.30966034448
0.309571404576
0.309518046765
0.3094291273
0.309358000927
0.309251326697
0.309180220763
0.309109123006
0.309038033424
0.308984721604
0.30891364633
0.308842579233
0.308771520312
0.308682708158
0.308593908779
0.308522878473
0.308434102089
0.30836309018
0.308292086447
0.308238839013
0.308167849588
0.308096868339
0.308025895266
0.307954930369
0.307830764539
0.307759822126
0.307688887889
0.307617961829
0.307547043944
0.307493860896
0.307405232703
0.307316617284
0.307228014641
0.307157141725
0.30705084768
0.307015420419
0.306962283362
0.306891441105
0.306802899782
0.30674978112
0.306678963392
0.30657275213
0.306484256797
0.306395774239
0.306307304456
0.306218847449
0.306148091041
0.3060950291
0.306024287
0.30591818918
0.305829788383
0.305759076943
0.305653025113
0.305582334113
0.305493981861
0.30537031017
0.305281988578
0.305211340502
0.305140700602
0.305087726043
0.305017100452
0.30489352534
0.304822922232
0.304769975267
0.304664095134
0.304593518599
0.304505309427
0.304417113031
0.304311294729
0.304240759074
0.304152601002
0.304082083743
0.30401157466
0.303905826365
0.303817716839
0.303729620088
0.303659151885
0.30355346491
0.303465406484
0.303394968942
0.30334214615
0.303271722915
0.303218910855
0.303130900974
0.303060502267
0.302972515381
0.302902135071
0.302831762936
0.302796579935
0.302743809265
0.302638281724
0.302585524851
0.302480024904
0.302409701825
0.302356964882
0.302286656112
0.3022339299
0.302146063099
0.302075778857
0.302005502791
0.301952801107
0.301882539349
0.301829848396
0.301759600946
0.301689361672
0.301601574588
0.301496246337
0.30144358911
0.301390936482
0.301303192322
0.301215460937
0.301145285028
0.301075117294
0.300987419124
0.300882198184
0.30081206111
0.300724401266
0.300619226315
0.300531594576
0.300443975612
0.300373889638
0.300303811841
0.300233742219
0.300181195369
0.300111140056
0.300058603936
0.299988562931
0.299918530102
0.299866010845
0.299813496188
0.29976098613
0.29970848067
0.299638480545
0.299585985817
0.299533495688
0.299463516003
0.299393544494
0.299306091605
0.299201165002
0.299113740218
0.29902632821
0.298956407801
0.29890397286
0.298834066759
0.298764168835
0.298711750757
0.298659337278
0.298606928398
0.298537057045
0.298467193869
0.298379876395
0.298292571697
0.298257653395
0.298187822923
0.298118000626
0.29806563927
0.297995831281
0.297926031469
0.297856239833
0.297786456373
0.297716681088
0.297664354991
0.297542278648
0.297455096591
0.297367927308
0.29729820108
0.297245911775
0.297106496111
0.297036800543
0.296949692581
0.296880015409
0.296810346413
0.296740685593
0.296688445344
0.296618798832
0.296566569314
0.296496937111
0.296427313083
0.296375100428
0.296322892372
0.296253288784
0.296166295797
0.296096710606
0.296044527078
0.295974956195
0.295922783398
0.295853226822
0.295783678423
0.295731522489
0.295661988398
0.295592462483
0.295522944743
0.29545343518
0.295383933793
0.295331813118
0.295227585566
0.295158110751
0.295088644112
0.29507127873
0.295001822311
0.294932374068
0.294828217034
0.294776145415
0.294724078396
0.294672015975
0.294602606568
0.294515856307
0.294463812283
0.294411772857
0.294359738031
0.294307707804
0.294238341321
0.294186321825
0.294099632884
0.29403029093
0.293960957151
0.293908962183
0.293856971814
0.293753004872
0.293718353313
0.293649056327
0.293579767516
0.293527806274
0.293475849631
0.293406581261
0.293337321067
0.293285381287
0.293250757322
0.293181515524
0.293129589541
0.293060362051
0.293008446799
0.292956536146
0.292870028611
0.292800831781
0.292731643127
0.292679757002
0.292610582656
0.292541416487
0.292472258493
0.292420395363
0.292333967034
0.292282116168
0.292195708278
0.292126591165
0.292057482227
0.291988381466
0.291902017012
0.291832934646
0.291781128238
0.29171206018
0.291643000299
0.291625736606
0.291556686945
0.291470386366
0.291401355101
0.291315077517
0.291246064647
0.291211561279
0.2911253118
0.291073568245
0.291021829288
0.290970094931
0.290901122942
0.290849399316
0.290780441635
0.29071149213
0.290659785367
0.290608083203
0.290556385638
0.290487462705
0.290418547948
0.290366867246
0.290297966798
0.290229074525
0.290177410686
0.290108532721
0.290039662933
0.290005231105
0.28993637358
0.289867524232
0.289833102623
0.289729850063
0.289643820315
0.289575005714
0.28952340013
0.289471799144
0.289385807721
0.289317023781
0.289248248017
0.289196671559
0.289127910103
0.289076344376
0.289024783249
0.288938858256
0.28887012746
0.288835765128
0.288767046596
0.288715513063
0.288646808839
0.288578112791
0.288526596121
0.288457914381
0.288423576577
0.288372073703
0.288320575429
0.288269081754
0.288217592678
0.28814894773
0.288080310958
0.288011682363
0.287943061943
0.287840146644
0.287771546664
0.287702954861
0.287634371233
0.287548653197
0.287497228507
0.287445808416
0.287394392924
0.287325846088
0.287274441327
0.287223041166
0.287171645603
0.287120254639
0.287068868274
0.287017486508
0.286948984641
0.286863368805
0.286794885334
0.286726410039
0.286675058933
0.286606597946
0.286538145135
0.2864697005
0.286401264041
0.286315729965
0.286264415652
0.286213105937
0.286144700138
0.286076302516
0.286007913069
0.285939531798
0.285871158704
0.285819884248
0.285768614392
0.285717349135
0.285649002612
0.285580664266
0.285512334095
0.285461091833
0.285375698283
0.285324468284
0.285273242885
0.285204949507
0.285136664305
0.285051319299
0.284983052493
0.284914793863
0.284846543409
0.284761241839
0.284710067029
0.284641841103
0.284573623353
0.284505413779
0.284420163309
0.284351972131
0.284283789129
0.284232657244
0.284130407269
0.284062250839
0.283994102585
0.283925962508
0.283840798908
0.283721591331
0.283636458392
0.283551338227
0.283449210893
0.283398154125
0.28331306973
0.283245011413
0.283176961272
0.283108919306
0.283057893198
0.283006871689
0.282938850163
0.282887839385
0.282836833206
0.282768832121
0.282683842262
0.282581871294
0.282513900869
0.28244593862
0.282394972299
0.282327024358
0.282259084593
0.282191153004
0.282106250016
0.282038336823
0.281987407294
0.281919508409
0.281868589611
0.281800705035
0.281732828634
0.28166496041
0.281614064607
0.281529248489
0.281376616779
0.281291836942
0.281207069369
0.281105365145
0.281037572548
0.280969788128
0.280918955178
0.280851185066
0.280749545228
0.280647923786
0.280563253303
0.280512457146
0.280427807103
0.280343169836
0.28027546922
0.280224699124
0.280157012816
0.280072416429
0.280021664728
0.279970917627
0.279903261979
0.279835614507
0.27973415863
0.27968343759
0.27961581669
0.279548203967
0.279480599419
0.279396105232
0.279345414852
0.279294729071
0.279244047889
0.279159589472
0.279092031937
0.279024482578
0.278973825924
0.278906290872
0.278805003626
0.278737489014
0.278669982579
0.278619358118
0.278568738257
0.278450643131
0.278400038599
0.278349438666
0.278265115665
0.278180805439
0.278113366456
0.278062792585
0.278012223312
0.277961658638
0.277860543088
0.277776294182
0.277692058052
0.277624678345
0.27757414893
0.277506783532
0.277422588281
0.277372077263
0.277287902452
0.277220571802
0.277085935029
0.276984980445
0.276934509284
0.276867221558
0.276799942008
0.276766305299
0.276682222469
0.276598152413
0.276514095133
0.276430050628
0.276346018898
0.276261999943
0.276194793977
0.276094000358
0.275959637483
0.275909259836
0.275858886788
0.275808518339
0.275758154489
0.275707795239
0.275640656725
0.275573526387
0.275506404226
0.275388960117
0.275288313666
0.275221226253
0.275154147015
0.275070309466
0.275003248625
0.274952958359
0.27486915147
0.274802115157
0.274751843288
0.274718331263
0.274617807453
0.274567552447
0.274517302039
0.274467056231
0.274400068974
0.274333089893
0.274266118988
0.274182416854
0.274115464345
0.274048520013
0.273981583856
0.273931387104
0.27388119495
0.273831007396
0.273780824441
0.273713920989
0.273663748765
0.27359685962
0.273529978651
0.273446388938
0.273346098656
0.273262537048
0.273212406215
0.273145572259
0.273062041311
0.27299522575
0.272945119446
0.272878318193
0.272794828636
0.272744740728
0.272694657418
0.272644578707
0.27256112441
0.272460996115
0.272377569923
0.272327520339
0.272277475355
0.272210755863
0.272127367995
0.272027319417
0.271960630586
0.271860613179
0.271777278967
0.271727284571
0.271660632532
0.271610648867
0.271544011136
0.271460725469
0.2714107602
0.271360799531
0.271310843461
0.27126089199
0.271177649758
0.271111065171
0.271044488759
0.270944639472
0.270878083501
0.270828171888
0.270761630224
0.270695096737
0.270645201987
0.270578682808
0.270528798789
0.270478919369
0.270429044548
0.270362551941
0.270312687852
0.270262828361
0.27017973943
0.270129892203
0.269996988749
0.269947158385
0.269847511455
0.269781090388
0.269731279954
0.269698075552
0.269615073491
0.269548681041
0.269465701975
0.269415920667
0.269349552745
0.269250016191
0.269183668708
0.269117329402
0.269050998271
0.268984675317
0.268901783122
0.268852053936
0.26871946526
0.268653183185
0.268603476995
0.268553775404
0.268504078412
0.26843782291
0.268404698225
0.26835501503
0.268321895455
0.268255662437
0.268205993039
0.26815632824
0.26810666804
0.268040461594
0.268007361437
0.267941167255
0.267891526984
0.267841891312
0.267792260239
0.267742633765
0.267676472288
0.267626856545
0.26754417386
0.267494570381
0.267428439564
0.267362316922
0.267312730306
0.267246621973
0.267163998564
0.267097908627
0.267048346539
0.26698227091
0.266916203457
0.266850144179
0.26676758158
0.266718050153
0.266652015403
0.266602494707
0.266536474266
0.266437458934
0.266371458933
0.266321964297
0.266255978604
0.266190001087
0.266124031746
0.266041581568
0.265975630623
0.265942658216
0.265893203439
0.265843753261
0.265777826844
0.265728387397
0.265678952549
0.2656295223
0.26558009665
0.265530675599
0.265464788018
0.265398908613
0.265349504425
0.265300104836
0.265234245872
0.265168395083
0.265102552471
0.265053175877
0.264987347573
0.264921527955
0.264855716003
0.264789912226
0.264724116626
0.264674775291
0.264641883623
0.264576106419
0.264526778881
0.264477455943
0.264411699179
0.26434595059
0.264296644515
0.264230910235
0.26418161489
0.264115894918
0.264066610305
0.264000904641
0.263951630758
0.263885939403
0.263820256223
0.263754581219
0.263721746783
0.263656084043
0.263590429479
0.263557605264
0.263475553666
0.263409921587
0.263360702893
0.263311488797
0.263213074404
0.263163874106
0.263114678407
0.263081883829
0.263016300805
0.262885159287
0.262803212445
0.262721278378
0.26267212407
0.262622974361
0.26255744857
0.262508309592
0.262475552829
0.262410045433
0.262344546214
0.262246312716
0.262164465519
0.26209899696
0.261984446656
0.261886280609
0.261820846798
0.261739066032
0.261690003705
0.261624594422
0.261559193315
0.261477453429
0.261395726319
0.261330353828
0.261281329825
0.261199633375
0.261134285412
0.261068945626
0.261003614015
0.260921961
0.260872975322
0.26080766824
0.260758693294
0.26069340052
0.260611796049
0.260562839499
0.260513887548
0.260432311183
0.260383371496
0.260334436407
0.260269196777
0.260171353173
0.260106133983
0.260024621493
0.259959420699
0.259861634838
0.259796454485
0.259731282307
0.259666118305
0.259552100975
0.259503244071
0.259405544058
0.25935670095
0.259275305991
0.259226475147
0.259145100628
0.25908001021
0.258966121653
0.25890105372
0.258819730301
0.258754680763
0.258705898976
0.258575838226
0.258478312976
0.258397055988
0.258364556769
0.258250825601
0.258153361671
0.258120877782
0.258072155782
0.258023438381
0.257958489
0.257893547795
0.257828614766
0.257763689913
0.257698773237
0.257633864736
0.257585188726
0.257520294533
0.257455408516
0.257390530676
0.257325661011
0.257293229245
0.257228371844
0.257179734159
0.257114891067
0.257082472587
0.256952819617
0.256839399648
0.256758400716
0.256693610767
0.256628828995
0.256547863277
0.256434532734
0.256353598188
0.256272675905
0.256224128668
0.256159406171
0.256127047989
0.256078514549
0.255949114525
0.255900597948
