0.99945660861
0.998913364899
0.998434154853
0.997891189128
0.997539937058
0.997156823501
0.996646119889
0.996103640637
0.995657003905
0.995369933181
0.994827802944
0.994445210608
0.993967073667
0.993520916255
0.99320229371
0.992851867931
0.99243780809
0.992151201867
0.991737288683
0.991482615488
0.991068841297
0.990782432832
0.99043243425
0.990114307377
0.989700818836
0.98935101137
0.988969473743
0.9885880097
0.988270179208
0.988047728268
0.987666442054
0.987285229424
0.986967608443
0.986618284384
0.986332519781
0.986046796569
0.985665896672
0.985475474318
0.985316803075
0.985031227032
0.984713968862
0.984333327021
0.98414303344
0.98382591835
0.983603968193
0.983477150773
0.983286939974
0.982938267954
0.982589657765
0.982336161918
0.9820193381
0.981955979468
0.981607543531
0.981322505573
0.981037509006
0.980879195464
0.980657577969
0.980341024982
0.980151117718
0.979992875717
0.979897936648
0.979803002179
0.979518226365
0.979201857338
0.979012060451
0.978695773185
0.978537648714
0.978347916213
0.978221438099
0.977968506398
0.977873665442
0.977683997327
0.977525954617
0.977273112853
0.97698870496
0.97683071846
0.976609558822
0.976546374953
0.976388424224
0.976040977587
0.975725170662
0.975567286363
0.975314698056
0.975093710115
0.974778056492
0.974462453968
0.974210008742
0.973989145996
0.973673671224
0.973547495623
0.973295168949
0.973074409936
0.972853675963
0.972601439226
0.972286189294
0.972002508046
0.971718868189
0.97146677862
0.971277732906
0.971151712649
0.970805199613
0.970647713895
0.970395763318
0.970206821848
0.969923444135
0.969703067864
0.969419763735
0.969042092349
0.9687588848
0.968507179505
0.96822405065
0.967972414851
0.967689363668
0.967406353877
0.967154824366
0.966934762872
0.966683294681
0.966494715001
0.966274728624
0.966054767286
0.965834830987
0.965583505877
0.96530080422
0.965080953769
0.964829726772
0.964672726506
0.96439015822
0.96429597799
0.964076242004
0.963982077103
0.963887916802
0.963668227317
0.96341718428
0.963197548451
0.963040681045
0.962915196319
0.96282108814
0.962601520273
0.962350616229
0.962099744889
0.962005676568
0.961786201704
0.961504056528
0.961315982739
0.961065246304
0.960971228572
0.960720537104
0.960469878341
0.960313233221
0.960187926324
0.960125275941
0.959968658927
0.959780735372
0.959498884534
0.95934231862
0.959060532678
0.958841394053
0.958684881795
0.958434488752
0.958215421668
0.957996379623
0.957714790928
0.957433243624
0.957214291005
0.957089186464
0.956807731141
0.956620117254
0.956495051549
0.956182423058
0.956151163019
0.955932357568
0.955744829529
0.95549482076
0.955276089915
0.954994901335
0.954776227723
0.954588813126
0.954307725725
0.954151583942
0.953995454935
0.953839338702
0.953558361677
0.953371066655
0.953121368576
0.952965323884
0.952809291967
0.952590868745
0.952372470562
0.952091709691
0.95187336874
0.951655052829
0.951436761957
0.951280855235
0.951124961289
0.950906731226
0.950626186508
0.950501513253
0.95028335473
0.950158703959
0.949940584784
0.94975364542
0.94950442155
0.949379821879
0.949161792129
0.948881504957
0.948663532439
0.948538987956
0.948352186562
0.948165403565
0.947854139449
0.94772964811
0.947605164948
0.947418455535
0.947231764517
0.947013981581
0.946858437671
0.946671801842
0.946422982686
0.946298585372
0.946049815272
0.945863259159
0.945614546292
0.945365866128
0.945272619499
0.945117218669
0.944868603914
0.9447443088
0.944588951406
0.944464674689
0.944216145782
0.943998709816
0.943781298889
0.943532859919
0.943284453652
0.943067124997
0.942942948436
0.942632542803
0.94247735915
0.942198060766
0.941918803774
0.941763678885
0.941546525504
0.941391431275
0.941267365091
0.941081281144
0.940833197831
0.940771182112
0.940616151759
0.940399130727
0.940244131034
0.94015113735
0.939903176678
0.939748217865
0.939562284153
0.939469324195
0.939221453459
0.939004593392
0.938880684596
0.938694836733
0.938570948377
0.938385131173
0.93810643986
0.937889708566
0.937673002311
0.937487274021
0.937332514499
0.93720871608
0.937115872631
0.936899255801
0.936713604162
0.936620785241
0.936497033833
0.936280488544
0.936033038873
0.935878399437
0.935692848976
0.935538237645
0.935259969441
0.93510539388
0.934950831094
0.934734464655
0.934518123256
0.9343327077
0.934147310539
0.933992826959
0.933807463525
0.933591229436
0.933498565348
0.933282367029
0.933097074113
0.932942677403
0.932664795517
0.932448693777
0.932232617077
0.931985702937
0.93186225813
0.931677106251
0.931491972768
0.931276006955
0.93109091333
0.930874994018
0.930751622797
0.930566581294
0.930474067441
0.930227386318
0.930073227223
0.929826599244
0.929580003969
0.929425898529
0.929240988865
0.929086911531
0.928902035593
0.928778795187
0.928563144152
0.928316716485
0.928070321523
0.927854752758
0.927669999461
0.92748526507
0.927208197211
0.926992728603
0.926808061153
0.926684959741
0.926500322952
0.926254169182
0.926069575317
0.92582347878
0.925638927839
0.925392888534
0.92517763097
0.924993144416
0.924777933353
0.924593486656
0.924255382159
0.924132450398
0.923978797196
0.923855883832
0.923763704174
0.923487192796
0.923180006476
0.922934294213
0.922688614653
0.922535081536
0.922289455121
0.922135955219
0.921890381948
0.921644841381
0.921491395134
0.921430020212
0.921215224083
0.921000452993
0.920755030978
0.920632332235
0.920509641668
0.920386959277
0.920264285062
0.920141619023
0.919957635294
0.919743010862
0.919436448475
0.919252535265
0.919068640451
0.918884764033
0.918700906011
0.918547705045
0.918363880749
0.918210707889
0.918026917319
0.917781891842
0.917536899069
0.917291939001
0.917047011636
0.916924560218
0.916740898421
0.916649074421
0.916434836306
0.916281824411
0.916098227
0.91594524321
0.915731087366
0.915547545143
0.915333435801
0.915119351497
0.914966449468
0.914752408088
0.914507820029
0.914293832305
0.914049305566
0.913865931974
0.913652019367
0.913529794834
0.913285370295
0.913193719525
0.913071525652
0.912949339955
0.912766076739
0.912613371445
0.912430141956
0.912277464767
0.912063738165
0.911850036602
0.911666883763
0.91148374932
0.911300633273
0.911178566128
0.911025993695
0.910842923638
0.910659871977
0.910415831712
0.910263323154
0.910019336033
0.909836367155
0.909592437266
0.909348540082
0.909135156873
0.908891321009
0.908647517849
0.908586572169
0.908434216912
0.908220941014
0.90803815303
0.907824923633
0.907611719275
0.907398539956
0.907276734444
0.907094041507
0.90685047954
0.906637389646
0.906515635235
0.906454761095
0.90627215094
0.906089559181
0.905937413435
0.905663583284
0.905511473308
0.905328958199
0.905085633337
0.904933571906
0.904781523249
0.904599081725
0.904355854975
0.904203854864
0.903960681259
0.903869499588
0.903747931182
0.903595982171
0.903535206144
0.903383275018
0.903261739315
0.90304907151
0.902836428743
0.902714929832
0.902502326413
0.902320114839
0.902077194691
0.901955746881
0.901743232886
0.90162180756
0.901378981436
0.901136188016
0.900954114413
0.900772059207
0.900650699289
0.900499010889
0.900256336021
0.900074351333
0.899862059114
0.899710437144
0.899498187849
0.89934659654
0.899104077017
0.898982829519
0.898770666072
0.898528224222
0.898346414296
0.898134325966
0.897922262676
0.897770804227
0.897528497792
0.897316506042
0.897074260416
0.896953149867
0.896771499374
0.896620138016
0.896408253576
0.896226658271
0.896014820332
0.895863522849
0.895772750491
0.895560966208
0.89540970705
0.895167718969
0.895046737193
0.894925763593
0.894714079466
0.894502420378
0.894290786329
0.894109405645
0.893958269127
0.893746699465
0.893535154842
0.893353850808
0.893293420218
0.89317256517
0.893051718298
0.892870463321
0.892719431558
0.892598615347
0.892477807311
0.892296610588
0.892024851528
0.891813511306
0.891662568969
0.891541824298
0.891421087802
0.891239998389
0.891058927372
0.890817527966
0.890636499873
0.890485657182
0.890334827266
0.890214172531
0.890033205758
0.889912571463
0.889761790092
0.88958086931
0.889399966923
0.88918893739
0.889158792358
0.888947791441
0.88879709183
0.888646404994
0.888525864724
0.888345069648
0.888164292968
0.887983534684
0.887742552256
0.887652192276
0.887471486115
0.88729079835
0.88711012898
0.886959585225
0.886809054245
0.886718741789
0.886477931057
0.886417733484
0.886327440957
0.886116776279
0.88590613664
0.885725608308
0.885575182083
0.885394687476
0.885214211266
0.885093904012
0.884883385992
0.884763101222
0.884582689398
0.88440229597
0.884251982166
0.884041564302
0.883951392882
0.883801117403
0.883560703209
0.883470556317
0.883320321718
0.883049931633
0.882929771548
0.882719511073
0.882599373472
0.882419182401
0.882239009725
0.882058855446
0.881878719563
0.881728620379
0.881638567001
0.881458474042
0.88133842229
0.881158359991
0.880978316088
0.880798290581
0.880648283378
0.88049828895
0.8803183125
0.880168346177
0.880018392629
0.879898438989
0.879778493525
0.879628573192
0.879478665634
0.879358748786
0.879178888844
0.878999047298
0.878819224148
0.878669385576
0.878459633037
0.878279865075
0.878040203076
0.87780057378
0.877680771397
0.877471136899
0.877321413302
0.877141761849
0.876932191737
0.876902255194
0.876692713698
0.876483197242
0.87639341214
0.876303631637
0.876273705825
0.876154007686
0.876124084428
0.875884716766
0.875735128585
0.875645381808
0.875435990547
0.875286440691
0.875077092354
0.874957475975
0.874748166986
0.874538883036
0.87438940983
0.874210058846
0.874000839281
0.873761761868
0.873582475271
0.873373330824
0.873164211416
0.873014855741
0.872835645793
0.872626590772
0.872447420682
0.872298126327
0.872208555846
0.872059281931
0.871850319912
0.871611537347
0.871492158073
0.871372786975
0.871253424053
0.871134069307
0.870955052519
0.870716392083
0.870537418219
0.87035846275
0.870239169324
0.870030425503
0.869762077382
0.86958320163
0.869434152556
0.86925531053
0.8690764869
0.868957281367
0.868778488397
0.868599713823
0.868391166738
0.868152857872
0.867974147684
0.867795455893
0.867587005387
0.86737857992
0.867229719916
0.867021337374
0.86687250803
0.866753453754
0.866634407653
0.866426096651
0.866217810687
0.866039299791
0.865890554762
0.865712077592
0.865533618817
0.865325440165
0.865176756457
0.865028085524
0.86481996768
0.864730781984
0.86452269991
0.864314642876
0.864166046038
0.864017461976
0.863779754048
0.863571786439
0.863363843869
0.863126225878
0.862918336963
0.862710473087
0.86253232398
0.862354193269
0.86211671427
0.861938626483
0.861760557092
0.86155283272
0.861374803187
0.861137459093
0.860929809838
0.860722185622
0.860544241938
0.860307012308
0.860188409757
0.860010521261
0.859803007933
0.85968444013
0.859536241874
0.859328785778
0.859269517207
0.859091723757
0.858913948703
0.858736192046
0.858558453784
0.858321498051
0.858084575023
0.857936514737
0.857758859258
0.857670038417
0.857433205325
0.857226003197
0.857018826108
0.856782082952
0.856604547047
0.856397445076
0.856219949029
0.856131207904
0.855953739452
0.855776289395
0.855628428401
0.855391885047
0.855303186846
0.855155366732
0.855037119838
0.854830207448
0.854682428214
0.854534661755
0.854357358867
0.854327810174
0.854180074375
0.85400280828
0.85382556058
0.853648331276
0.853441587006
0.853264397561
0.853028173583
0.852880550204
0.852703419013
0.85255582374
0.852349211819
0.852201647206
0.851995078209
0.851759030016
0.851523014527
0.851346024373
0.851169052614
0.851021590201
0.850903629469
0.850756190051
0.850549796328
0.850372907352
0.850254991588
0.85010760838
0.849960237948
0.849783410292
0.84957713461
0.849488738412
0.849429810168
0.849282498501
0.849076283629
0.848899547953
0.848722830673
0.848605029374
0.848457789247
0.848281117957
0.848163347318
0.848045584854
0.847898393273
0.84769234652
0.847545185598
0.84733918177
0.847103779484
0.846927249231
0.846780154739
0.846574243914
0.846456591826
0.846280129026
0.84622131218
0.846103684621
0.845897856067
0.845692052551
0.845486274075
0.845280520638
0.84507479224
0.84483970473
0.84472217324
0.844487134787
0.844281502968
0.844164010313
0.844046525835
0.843840947671
0.843635394547
0.843400507351
0.843224363415
0.843018885408
0.84281343244
0.842696041986
0.842519971635
0.84234391968
0.842138548983
0.841962536887
0.841845205709
0.841669224272
0.841463935847
0.841287994268
0.841200030378
0.840994799184
0.84078959303
0.840672343613
0.840467176806
0.840262035038
0.840086219166
0.839881123899
0.839676053672
0.839529590268
0.839295275394
0.8391195607
0.838914583475
0.838680354449
0.838504704142
0.838329072231
0.838124191585
0.838036393259
0.837890072936
0.83765598699
0.837480443993
0.837304919393
0.837158662945
0.836953925379
0.836866188374
0.836632245509
0.836486047826
0.836339862918
0.836135225509
0.835959841945
0.835784476777
0.835638353189
0.835433801629
0.835258491649
0.835112414052
0.834937137798
0.83476187994
0.834615845778
0.834411419413
0.834236216743
0.834090228571
0.833944253174
0.833769099561
0.833623152269
0.833448032382
0.833243749098
0.833097847796
0.832922783097
0.832806083518
0.832689392115
0.832543539358
0.832368532913
0.832222708262
0.832047735543
0.831901938997
0.831756155226
0.831581231564
0.831435475898
0.831260585961
0.831056570953
0.830881720875
0.830706889193
0.830532075907
0.830386412221
0.830211632661
0.83012424978
0.829920374275
0.829745643772
0.829541814768
0.829396237952
0.829192451873
0.828988690833
0.828814058441
0.828697647067
0.828581243869
0.828406654402
0.828261177232
0.828057530656
0.827882996378
0.827708480495
0.827592146793
0.827504901882
0.82741766157
0.827243194744
0.827126893746
0.827039673363
0.826923386674
0.826719904641
0.826487384406
0.826313015691
0.826196780102
0.825993387494
0.825819071413
0.825673821639
0.825586677907
0.825412404239
0.825267190235
0.825063912091
0.824889693612
0.824715493528
0.824541311841
0.824396174487
0.824222026526
0.824018877155
0.823844769052
0.823641666182
0.823438588352
0.823380570713
0.82323553556
0.823119516636
0.822974504477
0.822771508918
0.822684518486
0.822568538398
0.822394583595
0.822249635313
0.822133685884
0.821959777072
0.821785886656
0.821640992028
0.821467135338
0.821322268815
0.821119477146
0.821061541268
0.820916710515
0.820742930476
0.820627087336
0.820511252372
0.820279606972
0.820076944075
0.819961147948
0.819758524398
0.819555925887
0.819440166552
0.819266542879
0.819092937601
0.81891935072
0.818745782235
0.818572232147
0.818427621125
0.818225187157
0.818138437407
0.817936039209
0.817820394338
0.817589129124
0.817415701676
0.817242292623
0.817068901967
0.816895529707
0.816751066876
0.81660661682
0.816433293616
0.816288871665
0.816057823627
0.815855682974
0.815711312124
0.815509214395
0.815278276222
0.815105094055
0.814960789634
0.814758784908
0.814585657929
0.814470250163
0.814354850573
0.814239459159
0.814095231389
0.813951016394
0.813777975263
0.813662624729
0.813460781479
0.813316622695
0.813201304865
0.81302834345
0.812884222991
0.812797756847
0.812653656827
0.81253838601
0.812423123368
0.812250244736
0.812192622613
0.81199096128
0.81190454266
0.811760521846
0.811587713732
0.811472518542
0.811414924014
0.811270946635
0.811098190643
0.810983030202
0.810839091148
0.810637597935
0.810436129761
0.810263462683
0.810119587505
0.809946954153
0.809745571828
0.809630507455
0.809544214541
0.809429164476
0.809256604709
0.809141575085
0.808969045978
0.80876778527
0.808681538346
0.808652790394
0.808537803693
0.808365338973
0.808164153383
0.807962992832
0.80776185732
0.807618204427
0.80747456431
0.807417111839
0.807244766693
0.807072439943
0.806957565663
0.806813984311
0.806670415734
0.806526859931
0.806440732582
0.80629719722
0.806153674632
0.805981464391
0.805895366169
0.805723183521
0.805579712034
0.805464944043
0.805292807385
0.805178059834
0.805063320458
0.804891226725
0.804719151388
0.804547094447
0.80443240004
0.804231704501
0.804088365874
0.803973704171
0.803773065864
0.803687085684
0.803486483147
0.803314558044
0.803114002009
0.802913471012
0.80274160723
0.802569761844
0.802397934854
0.802254759748
0.802082966484
0.801939819484
0.801853937415
0.801710810855
0.801510455132
0.801424596059
0.801310124448
0.801109818804
0.800995369677
0.800852319767
0.80079510338
0.800709282632
0.800509052105
0.800366045629
0.800165858026
0.799994288581
0.799851328096
0.799736968906
0.799594031417
0.799451106702
0.799308194762
0.799193874408
0.799050985464
0.798908109294
0.798765245899
0.798650964382
0.798479557435
0.798422425875
0.798279605915
0.798222481508
0.798051120552
0.797936890135
0.797765559839
0.797622798645
0.797451502075
0.797251679327
0.797080422615
0.796937722741
0.796795035643
0.796623827987
0.79650969977
0.796367050996
0.796224414998
0.796081791774
0.795939181325
0.795825102165
0.79571103118
0.79551142663
0.795311847119
0.795197812927
0.795026776968
0.794912763215
0.794855759405
0.794713258822
0.794570771014
0.794456789965
0.794342817093
0.794171873115
0.794000947532
0.793858523599
0.793687631743
0.793573714059
0.793374377785
0.793203538051
0.793118125082
0.793032716713
0.79289037965
0.792662666923
0.792491903839
0.792378072003
0.792207339579
0.792121980266
0.791979724964
0.791837482437
0.791752143053
0.791581478081
0.791467711654
0.791353953402
0.791154896135
0.791012727704
0.790927432777
0.790785284785
0.790586299059
0.790387338371
0.790216820569
0.790074736452
0.789961078357
0.789875840151
0.789762196364
0.789620153128
0.789506527737
0.789421314059
0.789307702976
0.789222500029
0.789080505338
0.788995314656
0.788910128572
0.788739770202
0.788626208175
0.788427494302
0.788313954759
0.788115280233
0.787973385187
0.787774753586
0.787604517856
0.78751940689
0.78732083252
0.787122283189
0.787037198284
0.786838684724
0.786640196202
0.78644173272
0.786356684607
0.786271641093
0.786129912123
0.785959854222
0.785761476588
0.785591458545
0.785534789952
0.785308136021
0.785166493921
0.784996540264
0.784911570335
0.78471332505
0.784600053273
0.784430160936
0.784288598042
0.784118739432
0.783948899218
0.783892289901
0.783807379759
0.783722474215
0.783580975196
0.783411193747
0.783184846417
0.783071685015
0.782901958244
0.782703966927
0.782590840274
0.782392888305
0.782251509372
0.782053600327
0.781912252053
0.781827449221
0.781742650988
0.781573068319
0.78143176348
0.781318728808
0.781149192129
0.781007925616
0.780894921603
0.780725430914
0.780640692469
0.780499471946
0.780301784675
0.780160594813
0.77999118384
0.779878253412
0.7797088731
0.779567736892
0.779426613459
0.779285502802
0.779087969343
0.778918674879
0.778777610212
0.778664767676
0.778495519202
0.778326289125
0.778269883187
0.778128877285
0.778044279875
0.777959687065
0.777790515242
0.777621361814
0.777508603083
0.777395852527
0.777198558729
0.777085830657
0.77691675388
0.776775870618
0.776663173207
0.776578655514
0.776409633925
0.776353297484
0.776212465322
0.776043483592
0.775930839324
0.775761888254
0.775649264427
0.775452192914
0.775367741141
0.77519885139
0.775001836599
0.774804846846
0.77466415521
0.77449534211
0.774410942459
0.774185899206
0.77404526378
0.773932764638
0.773848395646
0.773651552551
0.773482849828
0.773454734496
0.773342278277
0.77317360928
0.773061173502
0.772864430563
0.772780119826
0.772639612151
0.772471019804
0.772386730529
0.772274351983
0.772161981613
0.771993441388
0.771796834376
0.771684498754
0.771572171308
0.77140369547
0.771235238027
0.771066798981
0.77087031001
0.770729976076
0.770617718126
0.770477407187
0.770365167633
0.770196823633
0.770000446061
0.769832141919
0.769663856173
0.769523632104
0.76938342081
0.769187146972
0.769103037058
0.768990897661
0.76887876644
0.76879467339
0.768682556477
0.768514396438
0.768346254794
0.768150112794
0.767982011009
0.76781392762
0.767701882247
0.767561837029
0.767365795185
0.767169778381
0.76705778002
0.766945789836
0.76688979781
0.766693842326
0.766581878713
0.766413948625
0.766246036932
0.766162087985
0.766078143636
0.765994203886
0.765854314524
0.765742412231
0.765574574123
0.765490661968
0.765378786248
0.765238953095
0.765099132718
0.764931365128
0.764791572856
0.764595885136
0.764456123524
0.764316374687
0.764120747777
0.764008972214
0.763925145906
0.763729569075
0.763561951719
0.763338490528
0.763198843892
0.763031284791
0.762891666259
0.762696221777
0.762556633905
0.762389145323
0.762277496488
0.7620821307
0.761886789951
0.761747276175
0.761635674352
0.761496183571
0.761412495234
0.761273024893
0.761105677347
0.760994122536
0.76085469052
0.760687388964
0.760464348839
0.760269215557
0.760157722066
0.759962628132
0.759795424688
0.759711829865
0.759600377254
0.75940535486
0.759238212737
0.759043236843
0.758848285989
0.758653360174
0.758486300833
0.758347098768
0.758207909478
0.758040899193
0.757901738008
0.757818247429
0.757679106685
0.757539978715
0.75734522102
0.757178305781
0.757067039176
0.756955780746
0.756788908432
0.756622054513
0.756510828788
0.756316203442
0.756121603135
0.755954822801
0.755788060864
0.755621317322
0.755482378423
0.755343452299
0.75520453895
0.755037859795
0.754898974551
0.754760102082
0.754621242389
0.754454627619
0.754343561327
0.754176977217
0.754093692061
0.753927135546
0.753760597427
0.753621829714
0.753510824742
0.753399827945
0.753205603225
0.753066886612
0.752900443539
0.752734018863
0.752539879991
0.752456685282
0.752290309662
0.752151677364
0.752040780724
0.751874451094
0.75170813986
0.751541847022
0.751403283709
0.751237024598
0.75109848939
0.750987670422
0.750876859631
0.750655262575
0.750489086246
0.750322928312
0.75018447742
0.750046039303
0.749907613961
0.749769201395
0.749686159987
0.749630801603
0.749520090967
0.749354040344
0.749160337868
0.748966660431
0.74893899427
0.748828334735
0.748662360762
0.748496405185
0.748413434295
0.748247506313
0.74816454922
0.748053946917
0.747888058793
0.747832766839
0.747639261099
0.747556337732
0.747362867762
0.747197056288
0.747003632819
0.746865488528
0.746727357012
0.746644484235
0.746506373159
0.746340656732
0.746202573761
0.746064503566
0.745926446145
0.745760794104
0.74556755664
0.745401944456
0.745291546554
0.745098369899
0.744932809838
0.744767268173
0.744629330838
0.744491406278
0.744298333356
0.744160439457
0.744022558332
0.74382954622
0.743664127195
0.74352629206
0.743360906762
0.743223099733
0.743030191354
0.742864861244
0.742727100204
0.742616900571
0.742451616451
0.742286350727
0.742176183798
0.742038486634
0.7418732669
0.741763130631
0.741597941558
0.741460298049
0.741295142701
0.74113000575
0.740992405676
0.740827302451
0.740689730483
0.740469641905
0.740304596934
0.740112067719
0.74005706397
0.73989206499
0.739809572398
0.739617107568
0.739424667778
0.739342201247
0.739232253027
0.739094829249
0.738902457422
0.738792541906
0.738627683962
0.738462844414
0.738298023262
0.738160686354
0.738050826026
0.737886050864
0.737721294098
0.737611466474
0.737501647027
0.737364384214
0.737227134177
0.737062450996
0.73689778621
0.736760579608
0.736513639918
0.73640390223
0.736266741618
0.736129593781
0.73599245872
0.735827913509
0.735690806552
0.735581130185
0.735444046223
0.735279562333
0.735087687711
0.734950649739
0.734758818041
0.734594410801
0.73445741882
0.734320439614
0.734183473183
0.734046519527
0.733909578646
0.733745266452
0.733608353676
0.733416697252
0.733252440246
0.733060830834
0.73286924595
0.732677686105
0.732540872975
0.73240407262
0.732321998538
0.732157864173
0.732075803889
0.731939046969
0.731829650631
0.731720262468
0.731610882482
0.731474168997
0.731392147038
0.731200780352
0.731036771693
0.730872781431
0.730708809564
0.730544856093
0.730462886257
0.730435564
0.730244322509
0.730080421161
0.729971163815
0.729779983134
0.729616133908
0.729534216193
0.729397696889
0.72926119036
0.729124696605
0.728933626812
0.728769872632
0.728633424868
0.728524275855
0.728469704414
0.728306002356
0.728115039873
0.728005929696
0.727869553472
0.727705918867
0.727542302658
0.727351440331
0.727242387386
0.727078823299
0.726942533946
0.726751750313
0.72661549162
0.726424750911
0.72620679219
0.726070584597
0.725879915429
0.725743738496
0.725607574338
0.725525881976
0.725471422956
0.725280832482
0.725144711759
0.724981383755
0.724926945175
0.724790857667
0.724600356619
0.724464299771
0.724301048418
0.724246635388
0.72413781546
0.723974600898
0.723811404732
0.723648226963
0.723485067589
0.723321926612
0.72321317618
0.723050065863
0.722859793744
0.722723900417
0.722560845288
0.722479324622
0.722316297087
0.722153287948
0.721990297205
0.721827324858
0.721664370908
0.721555745161
0.721419974474
0.721284216563
0.721121323933
0.720931305781
0.720768453009
0.720605618633
0.720442802653
0.720334268886
0.720171483566
0.720008716642
0.719927340079
0.719764600749
0.719574761448
0.719412061976
0.719276493136
0.719059609563
0.718951180041
0.718842758695
0.718680142005
0.71854464215
0.718382059187
0.718273680765
0.718084038711
0.718002770991
0.717840249348
0.717731911806
0.717569420823
0.717406948236
0.717190347248
0.717027917585
0.716838439563
0.716676049758
0.716567800109
0.716459558635
0.716324268291
0.716161936741
0.715999623587
0.715810282002
0.71570209776
0.715566878956
0.715431672927
0.715350555442
0.715242405949
0.715134264632
0.715053164009
0.714890976562
0.714755834408
0.714593680686
0.714431545361
0.714350484597
0.714242410732
0.714107329898
0.71397226184
0.713810197033
0.713648150622
0.713567134315
0.71337811415
0.71327011387
0.713108128779
0.712973155256
0.712838194508
0.712676258473
0.71254132583
0.712379423522
0.712217539609
0.712082650401
0.711920800215
0.711758968425
0.711597155031
0.711489289655
0.711381432455
0.711219661985
0.711057909911
0.710896176233
0.710734460952
0.710599712269
0.710438030714
0.71033025323
0.710141662307
0.709980032874
0.709872290138
0.709737623216
0.70960296907
0.709441400956
0.709279851239
0.709118319918
0.708956806993
0.708768398498
0.708606925431
0.708391656625
0.708230226483
0.708068814736
0.707934319
0.707799836039
0.707719152394
0.707557798902
0.707369576411
0.707235147106
0.707154495654
0.706966326819
0.706697557632
0.706643809927
0.706428842612
0.706321369685
0.706187040025
0.706079585495
0.705998999962
0.70589155974
0.705784127694
0.705676703823
0.705515583348
0.705381330338
0.705247090103
0.705112862642
0.704951806553
0.704817607198
0.704656584835
0.704495580868
0.704361424949
0.704227281804
0.704119976486
0.703959033839
0.70382492902
0.703771290669
0.70361038788
0.703449503488
0.703288637492
0.703127789891
0.702993764277
0.702886552984
0.702832950403
0.702672154925
0.702538172746
0.702377410994
0.702270246713
0.702109515621
0.70200237178
0.701868453476
0.701654210762
0.701573878175
0.701440000752
0.701386453359
0.701225823446
0.701091979237
0.700984913068
0.700851091855
0.700690523261
0.700529973064
0.700449704864
0.700342687752
0.700155427478
0.699994938601
0.699861211923
0.69972749802
0.69964727581
0.699513582347
0.699379901659
0.699246233746
0.699112578609
0.699032391658
0.69889875696
0.698738412186
0.698658246697
0.698497929517
0.698337630733
0.698204062466
0.69809721705
0.698017088353
0.697856844757
0.697696619557
0.697589812978
0.697402921137
0.697269442294
0.697162668419
0.697002522935
0.696869082418
0.696708970661
0.6965488773
0.696415480218
0.696335448101
0.696228745765
0.696148724379
0.696068707592
0.695935356501
0.695882019641
0.695722021326
0.69558870345
0.695428738861
0.695348763465
0.695215481359
0.695108864872
0.694948955471
0.69481571169
0.694602549745
0.694442698599
0.694282865849
0.694096417557
0.693936624665
0.69383010629
0.693723596092
0.693563846635
0.693350875294
0.693217784813
0.693111321627
0.693031479603
0.692898419782
0.692765372737
0.692632338466
0.692525920248
0.692419510206
0.692286509151
0.692180117504
0.692047139444
0.69196735874
0.691860991622
0.691701456275
0.691515354954
0.691302698901
0.69114322794
0.691036924187
0.690930628609
0.690850912291
0.690718061981
0.690585224447
0.690478963617
0.690319587703
0.690213347313
0.690133672387
0.6901071151
0.689947782109
0.689788467515
0.689655719406
0.689496438538
0.689337176066
0.689204471392
0.689071779493
0.688939100369
0.688753371058
0.688647251265
0.688488086905
0.688381987552
0.688275896375
0.688143293901
0.687984187796
0.687878127279
0.687745563131
0.687613011757
0.687480473159
0.687321443704
0.687215434287
0.68713593259
0.687029937482
0.686844465715
0.686712001212
0.686579549484
0.68652657237
0.686420624273
0.686261717459
0.686076349426
0.68602339173
0.685891006432
0.685679216528
0.685546864445
0.68538805932
0.6853086634
0.685149885358
0.68504404355
0.684911752788
0.684779474801
0.684647209588
0.684488508197
0.684329825201
0.684197603424
0.6840918352
0.683986075152
0.68385388659
0.683695277179
0.683563116722
0.683404541037
0.683245983748
0.683061023494
0.682955343163
0.682849671008
0.682717592311
0.68258552639
0.682532703598
0.682374247487
0.682242214781
0.682136597814
0.682083792396
0.682030989023
0.681925388408
0.681767002815
0.681661422641
0.681503067708
0.681423897141
0.681318343538
0.681133644406
0.681028113288
0.680896210887
0.680764321261
0.680606070573
0.680526952128
0.680368729034
0.680210524336
0.680105064758
0.680025975439
0.679894170129
0.679762377593
0.679604243414
0.679525183223
0.679367076638
0.679288030243
0.679129951252
0.679050918655
0.678945549013
0.678761171813
0.678576819652
0.678445154867
0.678339832237
0.67826084563
0.678181863622
0.678102886213
0.677944945193
0.677813341728
0.677681751038
0.677576487685
0.677418607984
0.677313365071
0.677129209646
0.677050293557
0.676918776963
0.676813572885
0.676655782099
0.676603189258
0.676445423
0.676340255715
0.676261385617
0.676129945673
0.675998518504
0.675893385967
0.675814541929
0.6757094237
0.675630590394
0.675472937578
0.675289032544
0.67526276244
0.675131419587
0.675000089508
0.674921297593
0.674789987955
0.674711208304
0.674606175923
0.674474896944
0.674343630741
0.674238626976
0.674159879519
0.6740023984
0.673897421207
0.673766211214
0.673635013996
0.67353006542
0.673398891197
0.673267729749
0.673084125184
0.672979219531
0.672874322055
0.672743211708
0.672585896153
0.672428598995
0.672323744443
0.672140268651
0.672035436583
0.671956817897
0.671852000138
0.671720989435
0.671616190071
0.671537595914
0.671485202364
0.671380421396
0.671249456684
0.671039939717
0.670935193497
0.670778089498
0.670673363719
0.670516290379
0.670385409983
0.670254542361
0.670123687514
0.669992845442
0.669914346331
0.669731199624
0.669626555605
0.669495762079
0.66933882671
0.669181909737
0.669077308642
0.66892042233
0.668763554414
0.668606704893
0.668423737037
0.668240794219
0.668110136108
0.668005618818
0.667874983702
0.667718238426
0.667613751796
0.66745703718
0.667404803062
0.667326455719
0.667221999749
0.667065331123
0.666934787988
0.666778153088
0.666699842537
0.666621536585
0.666569335172
0.666438840581
0.666334454107
0.666203982512
0.666073523692
0.665969165834
0.665916989971
0.665760474646
0.665656141316
0.665525736151
0.665395343761
0.665264964146
0.665108525472
0.664978173962
0.664847835227
0.664665382461
0.664561134979
0.664430837125
0.664352664544
0.66422238713
0.664144226813
0.664092122491
0.663961870626
0.66388372564
0.663805585252
0.663727449464
0.66359723337
0.663519109845
0.663310802931
0.663206661737
0.663050465278
0.662972373946
0.662816205081
0.662712102724
0.662634031321
0.662477902314
0.662399844709
0.662321791703
0.662165699487
0.66206164823
0.66195760515
0.661853570245
0.661723538112
0.661567516414
0.66146351217
0.661359516101
0.661203537328
0.6610995617
0.66107356907
0.660917624024
0.66078768387
0.660683740946
0.660605789118
0.66052784189
0.660423919405
0.660320005097
0.660164148965
0.660086227797
0.659982340061
0.659852491888
0.659696690944
0.659592833868
0.659488984968
0.659333226948
0.659229398488
0.659099624411
0.658995814347
0.658892012459
0.658814166408
0.658710378829
0.658632543509
0.658580655852
0.658476886668
0.658425005142
0.658321248222
0.658269372828
0.65819156357
0.658087825047
0.657984094699
0.657880372528
0.657776658532
0.657698878401
0.657569255069
0.657491487202
0.657335965265
0.657206377704
0.657050889493
0.656895419678
0.656765875551
0.656688155208
0.656558631521
0.65645502177
0.656377319822
0.656247826796
0.656066558021
0.655962987106
0.655807646064
0.655678209248
0.655497019168
0.655315854126
0.655186465856
0.65505709036
0.654901856628
0.654824246661
0.654669040523
0.654539716127
0.654410404507
0.654332823666
0.654203532486
0.65407425408
0.653996693169
0.653893285775
0.653815735595
0.653712342509
0.653608957598
0.653505580864
0.653479737958
0.653324691253
0.653169662944
0.653066320958
0.652911323309
0.652808002274
0.652678861839
0.652575558689
0.652394797851
0.652239879918
0.652059165581
0.651981724244
0.651904287506
0.651749427828
0.651672004887
0.651491369244
0.65131075864
0.651181766396
0.651026992566
0.650872237132
0.650743288323
0.650588566615
0.6505369968
0.65048542903
0.650330737982
0.650201842828
0.650072960449
0.649944090845
0.649815234017
0.649712157752
0.649531793962
0.649402978013
0.649248415738
0.649093871859
0.648965099345
0.648862090533
0.648733341014
0.648527368357
0.648372910326
0.648269948526
0.648166994901
0.648064049453
0.647986845732
0.64790964661
0.647780991628
0.64765234942
0.647497995633
0.647395103329
0.647292219201
0.647240780203
0.647060759806
0.646906476538
0.646803631246
0.64670079413
0.646572259233
0.646418034219
0.646315227763
0.646161033409
0.646058247393
0.645955469554
0.645827008751
0.645724249308
0.64562149804
0.645518754949
0.645338974212
0.64526193299
0.645133541173
0.645107864342
0.644953814091
0.644851124144
0.644774112049
0.644722773207
0.644620101656
0.644543103358
0.644389120559
0.644260815612
0.644132523441
0.644004244044
0.643875977423
0.643696425615
0.643593835824
0.643439966468
0.643311756057
0.643209196926
0.643132282943
0.64302973812
0.642875936216
0.642696523912
0.642517136647
0.642389018216
0.642209673875
0.642107202636
0.642055970083
0.641902284687
0.64185106031
0.641748617688
0.641646183241
0.641492546902
0.641390132896
0.641236527216
0.641159731275
0.640980558631
0.640827002008
0.64067346378
0.640571115182
0.640417607615
0.640315279457
0.640187381268
0.640008344551
0.639957195802
0.639829332872
0.639778191277
0.639701482717
0.639624778757
0.639522513963
0.639318008903
0.639139093804
0.639036867847
0.638985757934
0.638909096897
0.63873023903
0.638679141381
0.638628045777
0.638525860699
0.63839814085
0.638219354523
0.638142739477
0.638040593236
0.637912921932
0.637810794087
0.637657617649
0.637555510244
0.637453411015
0.637325798476
0.637223717643
0.637070611724
0.6369175242
0.636840987337
0.636687927919
0.636636912031
0.636534886386
0.636407365827
0.63625435802
0.636101368609
0.636050376227
0.635922904214
0.635795444976
0.635718975565
0.635617023504
0.63556605054
0.635438627072
0.635362179123
0.635260255679
0.635132862871
0.635030957823
0.63490358801
0.634750761098
0.634572486284
0.634445162461
0.634292390737
0.634139637409
0.634012357022
0.63388508941
0.633732385138
0.633630593021
0.633503363734
0.633376147222
0.63322350427
0.633121752522
0.633020008951
0.632969140231
0.632867408923
0.632740256286
0.632613116425
0.632460565453
0.632333453697
0.632206354715
0.632079268508
0.632028437603
0.631926781923
0.631774313734
0.631672678495
0.631545645944
0.631418626167
0.631317019544
0.631190022763
0.631063038757
0.630936067525
0.630809109069
0.630707551502
0.630631388693
0.630555230482
0.630479076871
0.630352164916
0.630199886819
0.630022252291
0.629920758089
0.629819272062
0.629692426026
0.629616324537
0.629514863038
0.629413409716
0.629261245062
0.629185169634
0.629033032574
0.628931618088
0.628830211778
0.628728813644
0.628551386582
0.628475354078
0.628348643458
0.628171270052
0.627993921685
0.62786725961
0.627765939148
0.627613973785
0.627462026818
0.62736073906
0.627310098248
0.627208822754
0.627031610313
0.626930357304
0.626778493119
0.626727875812
0.62667726055
0.626550731335
0.626474819938
0.626348311164
0.626221815165
0.626019448138
0.62586769433
0.625817113815
0.625690671471
0.625589526794
0.625463107445
0.625361981164
0.625185029845
0.625058651376
0.624982830427
0.624831202326
0.624730127145
0.62462906014
0.624578529703
0.624477474962
0.624426950658
0.624401689272
0.624376428398
0.624250131689
0.624174359796
0.624073337759
0.623921820034
0.623795569316
0.623694577939
0.623543106204
0.623416893811
0.623265455802
0.623240217923
0.62311403619
0.623013100001
0.622912171989
0.622811252153
0.622710340492
0.622634662113
0.6225085417
0.622382434062
0.62228155715
0.622079827854
0.621903341547
0.621777295229
0.621701673571
0.621550444051
0.621500038299
0.621348833307
0.621248040199
0.621122060312
0.6209960932
0.620920519065
0.620844949528
0.620719010521
0.620567900576
0.620467170832
0.620366449265
0.620240558803
0.620139855631
0.620013988165
0.619888133473
0.619762291556
0.619611298119
0.619460323078
0.619309366433
0.619133273598
0.619057812905
0.618932055304
0.618756016124
0.618605145328
0.618429152649
0.618303458923
0.618152643315
0.618026977694
0.617851067286
0.617725432326
0.617650057481
0.617549564842
0.61744908038
0.617298369016
0.617223020233
0.617122562342
0.616997001476
0.616846345301
0.61674591807
0.616645499016
0.616494885765
0.616344290909
0.616243904559
0.616143526385
0.616093340364
0.616018065165
0.615867528563
0.615717010358
0.615591592573
0.615491267543
0.615416029136
0.615315718415
0.61519034151
0.61506497738
0.614939626025
0.614839354139
0.614688961641
0.614563648611
0.614438348357
0.614313060877
0.614262949462
0.614162732765
0.614062524243
0.613987373218
0.613937275089
0.613837084964
0.613711858804
0.613636729241
0.61358664542
0.613536563643
0.613436406222
0.613311220943
0.613110951069
0.613010828395
0.612835633391
0.612685486173
0.612485318499
0.612360230311
0.612260168958
0.612210141347
0.612160115781
0.612035060807
0.611860005306
0.611734980993
0.611659972537
0.611484970691
0.611359984703
0.611284999242
0.611160033694
0.611010091899
0.610910140922
0.6108601685
0.610685281119
0.610560376891
0.610435485438
0.61031060676
0.610210713016
0.61006088773
0.609911080839
0.609761292345
0.609661443569
0.609511685735
0.609461770545
0.609336991513
0.609212225255
0.609087471773
0.608987678185
0.608838003133
0.608738229985
0.608638465014
0.60856364665
0.608538708218
0.608438959598
0.608314285321
0.608139762796
0.608015119179
0.607840639577
0.60774094819
0.607591426438
0.607491755491
0.607367178304
0.607242613893
0.607093153462
0.606943711427
0.606844093624
0.606694682249
0.60661998346
0.606545289271
0.60647059968
0.606346127249
0.606171887307
0.606047445536
0.605972786605
0.605848365274
0.60569907654
0.605549806202
0.60540055426
0.605276191694
0.605176710839
0.605052371269
0.604903180647
0.604778869181
0.604654570491
0.604530284575
0.604430865041
0.604281751069
0.604157503479
0.604058114605
0.603983578315
0.603884203749
0.603759997038
0.603635803103
0.603486787244
0.603337789781
0.603188810714
0.603064675544
0.602940553149
0.60281644353
0.602692346685
0.602593078407
0.602493818305
0.602369754676
0.602245703821
0.602121665742
0.602022444476
0.601923231387
0.601774427082
0.601650437548
0.601551255119
0.601377705541
0.601328124546
0.601253756886
0.601105035365
0.600931550173
0.600733312043
0.600609429819
0.600535106616
0.600436016167
0.600336933894
0.600262627555
0.600114028674
0.599990210325
0.599891164844
0.599742611953
0.599643586912
0.599495064681
0.599445561359
0.599321811995
0.599123839586
0.598975381741
0.598826942292
0.598653786186
0.598530118583
0.598431193699
0.59833227699
0.598208642602
0.598035575921
0.597911972194
0.597788381241
0.597615375369
0.597467104551
0.597318852129
0.597195322496
0.597022402473
0.596898903501
0.596726026401
0.596553174852
0.596405035873
0.596256915289
0.596084131192
0.59596072931
0.595862017003
0.595738638116
0.595615272004
0.595491918667
0.595368578106
0.595171259779
0.595023292496
0.594924657861
0.594801376064
0.594653454772
0.594554850796
0.594431607325
0.594308376629
0.594185158708
0.594111234087
0.59401267508
0.593889487819
0.593766313333
0.593643151622
0.593520002686
0.593396866525
0.593298366794
0.593175253628
0.593052153237
0.592978299135
0.592904449632
0.592781377346
0.592658317835
0.5925352711
0.592436842909
0.592313819169
0.592166207543
0.592067810013
0.591969420659
0.591871039481
0.591772666478
0.591674301652
0.591625122305
0.591477596528
0.591305506372
0.591182600162
0.591035129573
0.590936826067
0.590789386138
0.590617396139
0.590494561469
0.590347176728
0.590175251626
0.590027906743
0.589929687042
0.589806923912
0.589659625531
0.58956143649
0.589414168258
0.589315999656
0.589168762084
0.58904607816
0.588898874314
0.588874342128
0.588776218495
0.588702631136
0.588530945182
0.588457373153
0.588334763324
0.588187648393
0.588065066669
0.58794249772
0.587819941547
0.587672891002
0.587525858852
0.587378845099
0.587207352304
0.587133863058
0.587011391199
0.586888932116
0.586790974047
0.586693024155
0.586595082439
0.58647266679
0.586325784876
0.58622787382
0.586081022565
0.585958660572
0.585811843044
0.585713974912
0.585616114956
0.585469340351
0.585371500835
0.585249212938
0.585029129981
0.584882428962
0.584760192164
0.584662411924
0.584515756895
0.584393558423
0.584295808843
0.584173633366
0.584075902182
0.583978179174
0.583904892284
0.583782757687
0.583660635866
0.583538526819
0.583392012826
0.583269931884
0.583172276329
0.583074628949
0.58292817321
0.582806140814
0.582635316921
0.582513315184
0.58248891637
0.582366929964
0.582318138978
0.582196170457
0.582074214711
0.581927884678
0.581757189558
0.581635279802
0.581513382821
0.581440250764
0.581318374223
0.581220882189
0.581074659467
0.580952821251
0.58083099581
0.580733544656
0.58061174221
0.580514309452
0.580343821798
0.580222060233
0.580075963217
0.580002921608
0.579856852187
0.579735141721
0.579589106026
0.579467423666
0.579345754081
0.579272758462
0.579151109317
0.579029472947
0.578932173049
0.578810559674
0.578688959074
0.57856737125
0.5784457962
0.578299923003
0.578154068203
0.578008231799
0.577911017749
0.577716615711
0.577570834495
0.577473657237
0.577376488156
0.577206461937
0.577157887616
0.576987893591
0.576866484617
0.576817924604
0.576696533515
0.576647980657
0.576526607453
0.576429518088
0.576308167879
0.576138299049
0.575992717123
0.575847153594
0.575750121461
0.575628842792
0.575507576899
0.575410573382
0.575265083437
0.575168100361
0.575046883012
0.574877200187
0.574731777694
0.574659073346
0.574513678448
0.574392530085
0.574271394497
0.574126048654
0.573956501755
0.573883846464
0.573762764531
0.573690121503
0.573617483075
0.573496429247
0.573375388194
0.57327856455
0.573157546493
0.573036541211
0.572988142675
0.572842959331
0.572721987263
0.572528458528
0.572431706424
0.572334962496
0.572189861935
0.572093138447
0.571996423136
0.571875540494
0.571754670627
0.571585474275
0.571392137677
0.571295481641
0.571150512918
0.571029719702
0.570933094327
0.570812324105
0.570667416702
0.570546674586
0.570450090091
0.570256945629
0.570112108744
0.569991425393
0.569870754817
0.569725966989
0.569581197557
0.569460570416
0.56931583471
0.5691711174
0.569050533694
0.56890585011
0.568688859227
0.568568326622
0.56849601319
0.568327299736
0.568230903289
0.568134515019
0.568062229182
0.567941763007
0.567821309607
0.567724956084
0.567580441131
0.567435944574
0.567339623756
0.567219234231
0.567122931809
0.567074783664
0.566954422244
0.566858142307
0.566689672089
0.566617478232
0.566497165357
0.566400924256
0.56630469133
0.566160357272
0.566040092942
0.565967940477
0.565823649342
0.565703420783
0.565583204999
0.565463001989
0.565318775241
0.565222634296
0.565078438208
0.565030376934
0.56491023269
0.56476607646
0.564621938626
0.56457389677
0.564429783464
0.564285688555
0.564141612041
0.563997553924
0.563853514203
0.563709492878
0.563589489159
0.563421505926
0.563301532868
0.563277539789
0.563133592049
0.56301364965
0.562869735636
0.562677878899
0.562557985046
0.562438103968
0.562294263537
0.562174410565
0.562102504913
0.562054570367
0.561910778992
0.5617909669
0.561671167582
0.561527425775
0.561455561515
0.561335797967
0.561192098573
0.561072363131
0.561000527998
0.560880812995
0.560832930571
0.560713233454
0.560665358184
0.560545678952
0.560426012495
0.560306358813
0.560186717906
0.560114939494
0.560043165681
0.559923552879
0.559803952852
0.559708282029
0.559564791124
0.559445229422
0.559349589259
0.559253957271
0.559134428785
0.559014913073
0.558919309702
0.558823714507
0.558704232011
0.558608655212
0.55848919571
0.558345861172
0.55820254503
0.558107011155
0.558035366114
0.55789208983
0.5577010834
0.55760559245
0.557510109675
0.557366900843
0.557319168654
0.557223710407
0.557104399096
0.557032818442
0.556937384724
0.556841959181
0.556722688751
0.556627281604
0.55655573161
0.556460338772
0.556293420978
0.556174209313
0.556078849179
0.555959660509
0.555888153439
0.555792817833
0.555649829753
0.55550686007
0.555387732721
0.555244796764
0.555078061398
0.554958980038
0.554911351071
0.554839911453
0.554720855644
0.554625620194
0.55450658738
0.55438756734
0.554292360507
0.554149565586
0.554006789062
0.553911614933
0.553792658768
0.5536261416
0.553483432528
0.553316961862
0.553269403413
0.553198069573
0.553174292648
0.553055415689
0.552984095646
0.552865239127
0.552746395383
0.552651329586
0.552532508837
0.552413700864
0.552294905665
0.552247391163
0.55215236829
0.552033601196
0.551891097547
0.551796105334
0.55172486654
0.551606145437
0.551534918907
0.551416218244
0.551345003978
0.551202589243
0.551107656307
0.551012731546
0.550894087093
0.550822906554
0.550728006321
0.550609392528
0.55049079151
0.550395919894
0.550301056454
0.550182488651
0.550040224151
0.549992806739
0.549874272152
0.54977945368
0.549660942087
0.54954244327
0.549423957227
0.549329177591
0.549234406132
0.549139642848
0.548997513252
0.548879085975
0.548760671473
0.548618590933
0.548500204536
0.548310812873
0.548239799431
0.548097786344
0.547979456157
0.547861138746
0.547695515831
0.547600885408
0.547529917956
0.547435301841
0.547340693902
0.547269743313
0.547175149682
0.54705691914
0.546938701374
0.546820496383
0.546773217963
0.546678667256
0.546584124725
0.546513223193
0.54641869497
0.546300546189
0.546206036362
0.546040663839
0.545898935891
0.545804460812
0.545686378461
0.545544696503
0.545426642258
0.545332208059
0.545214176809
0.545072556171
0.544954553026
0.544836562655
0.544718585571
0.544600620751
0.54452984799
0.544388316267
0.544293972005
0.544176053175
0.54405814712
0.543963831474
0.543845948414
0.543728078129
0.543633791099
0.543515943809
0.543421675175
0.543327414718
0.543209600643
0.543115358581
0.542997567502
0.542903343836
0.542809128346
0.542714921033
0.542644270913
0.542502984471
0.542479438519
0.542408803729
0.542338173539
0.542220466774
0.542102772785
0.541985091571
0.541867423132
0.541773297579
0.541655652135
0.541538019466
0.541443922529
0.541349833767
0.541255753182
0.541161680773
0.54104410176
0.540950047747
0.540832491728
0.540714948484
0.54064442867
0.540550409405
0.540456398316
0.540315397013
0.540221406365
0.540103929551
0.539962974238
0.539822037321
0.539681118801
0.539563700753
0.539399336947
0.539328902981
0.539211523258
0.539094156311
0.53900027195
0.538835993993
0.53876559682
0.538671741075
0.538530972789
0.538437137485
0.538296399859
0.538202584995
0.538085327913
0.537991531445
0.537874297357
0.537757076045
0.537663308193
0.537546109876
0.537428924334
0.537311751566
0.537194591574
0.537077444357
0.537007162159
0.536913459716
0.53677292138
0.536655820153
0.536538731702
0.536468484763
0.536304593123
0.536210952
0.536117319053
0.536000289366
0.535883272454
0.535742869024
0.535672674207
0.535555693065
0.535438724699
0.535321769108
0.535251601885
0.535134666734
0.534994361416
0.534877454369
0.534760560098
0.534620303836
0.53450343767
0.534363215134
0.534293110765
0.534199645426
0.534059462748
0.534012739277
0.533895939541
0.533802508951
0.53368573221
0.533568968245
0.533428868349
0.53328878685
0.533218752999
0.533148723746
0.533008679039
0.532962001558
0.532915326121
0.532798646471
0.532681979596
0.532518667432
0.532402031217
0.532308731443
0.532215439846
0.532075517779
0.531958930109
0.531842355214
0.531725793094
0.53160924375
0.531516013472
0.531446096129
0.53135288016
0.531259672366
0.531096578401
0.530980098042
0.530863630457
0.530723886219
0.53060744674
0.530537589184
0.530421170145
0.530281484161
0.530165093227
0.530002167382
0.529839266575
0.529746191642
0.529676390808
0.529560066304
0.529467015899
0.529350714391
0.529211169443
0.529118149698
0.52902513813
0.528932134737
0.528792644978
0.528746152479
0.528676417564
0.528606687248
0.528536961531
0.528420762223
0.52835104877
0.528234869902
0.528165168713
0.528025780132
0.52795609274
0.527863183372
0.52772383465
0.527584504323
0.527514846058
0.527375543326
0.527259471768
0.527120203273
0.527050575668
0.526888129143
0.52677211124
0.526702506631
0.526609707639
0.52654011376
0.5264009398
0.526308167381
0.526238593431
0.526122647069
0.525937159461
0.525798065218
0.525751704558
0.525612634843
0.525496757466
0.525380892864
0.525311380235
0.525218703883
0.525195536073
0.525126035708
0.524987048775
0.524894401039
0.524824920603
0.524709130097
0.524593352365
0.524477587408
0.524361835227
0.524246095821
0.524060939342
0.523968373367
0.523875815568
0.523806402585
0.523713859094
0.523667590414
0.523667582749
0.523551919993
0.523459398986
0.523297506898
0.523181885022
0.523066275921
0.522973797838
0.522904444642
0.522788866201
0.522742638402
0.522673300535
0.522580857201
0.522442207529
0.522257371449
0.522141864548
0.52207256654
0.521933984321
0.52181851319
0.521726145484
0.521610697349
0.521495261989
0.521356756419
0.521264429593
0.521218269246
0.521056724128
0.520918276813
0.520825988823
0.520710640333
0.520572239009
0.520503045245
0.520410794047
0.52027243258
0.520157145411
0.520064924873
0.519995764835
0.519880508326
0.519788312316
0.519650033632
0.519534815448
0.519396570489
0.51928138041
0.519143169178
0.519097102856
0.518981945991
0.518820747844
0.518728645859
0.518590508211
0.518498426666
0.518406353297
0.518314288104
0.51819921811
0.518084160891
0.517923102247
0.517808075689
0.51771606364
0.517624059767
0.517509066423
0.517394085855
0.517279118062
0.517187153025
0.517072208227
0.516957276204
0.516842356955
0.516727450482
0.516612556784
0.516497675861
0.516405780321
0.516313892957
0.516199045249
0.516084210316
0.515992351568
0.515854578775
0.515739782168
0.515510227788
0.515395469506
0.515303672078
0.515188936791
0.515051271309
0.514959504541
0.514913624223
0.514798932371
0.514707188087
0.514569586991
0.514454933464
0.514340292712
0.514225664735
0.514111049533
0.513996447106
0.513858941057
0.513744366735
0.513629805189
0.513538165149
0.513423626598
0.513354909599
0.513240391487
0.513102986616
0.513011393589
0.512874019378
0.512759554922
0.51269088238
0.512599326145
0.512507778086
0.512416238203
0.512324706496
0.51221030336
0.51211879005
0.512027284915
0.511912914994
0.511821428255
0.511752818566
0.511684213477
0.511569881881
0.511478425803
0.511364117202
0.511295538173
0.511181250524
0.511112683759
0.511021268561
0.51090701106
0.510815614258
0.510701379753
0.510587158022
0.510450108809
0.510358752887
0.510244569481
0.51017606557
0.510084734176
0.509947752415
0.50981078905
0.509765138683
0.509651021708
0.509536917508
0.509491279405
0.50937719309
0.509240306376
0.509126248166
0.509012202731
0.508943781602
0.508852560585
0.508784150187
0.508670143078
0.508556148743
0.508487758274
0.508396578137
0.508350991134
0.50821424239
0.508100299156
0.507986368696
0.50794080009
0.507849669008
0.507758546103
0.50769020929
0.507621877075
0.50753077461
0.507462453127
0.507348594208
0.507257516271
0.507143680347
0.507075384925
0.506984331516
0.506870526252
0.506802249226
0.506688464402
0.506574692353
0.506506435256
0.506392683648
0.506233452858
0.50611973191
0.505983283635
0.505869590791
0.505778645715
0.505664975867
0.505528588912
0.505437674495
0.505392220353
0.505301318201
0.505210424224
0.505096818251
0.505005942671
0.504892359693
0.504756076983
0.504687942526
0.504665232063
0.504619812669
0.504506273126
0.504392746358
0.504301934142
0.504279232366
0.504211130102
0.504120334238
0.504074939372
0.50396146115
0.503847995703
0.503802613101
0.50373454303
0.503621103133
0.503462308739
0.503326219187
0.50325818131
0.503167471295
0.503076769455
0.502963403653
0.502895390304
0.502691378361
0.502600719446
0.502464746403
0.50239676678
0.502260821331
0.502147547509
0.502102241558
0.501988985621
0.50189839007
0.50178515764
0.501717224007
0.501649294973
0.501536090137
0.501445535977
0.501332354135
0.501196552789
0.501038141135
0.500947631433
0.500834505802
0.500789259126
0.500698771907
0.500585674381
0.500472589631
0.500314292442
0.500223848147
0.500110804276
0.499997773181
0.499862152729
0.499749149738
0.499636159523
0.499545776549
0.499477994683
0.499387626017
0.49934244475
0.499297265527
0.499184326412
0.499139154343
0.499026233112
0.498935905326
0.498868164852
0.498755274282
0.498619822461
0.498574675942
0.498484389036
0.498416679222
0.498348974007
0.498236142202
0.4981007609
0.4979879572
0.497875166275
0.497694727368
0.497559419649
0.497424130327
0.497356492564
0.497198689003
0.497085987504
0.496950762568
0.496860622831
0.496747959656
0.496657838315
0.496545198136
0.496455095191
0.496342478007
0.496207354249
0.49609476517
0.495982188866
0.495847114165
0.495734565966
0.495599524991
0.495509507894
0.495442000437
0.495351997648
0.495284500922
0.495194512441
0.495037052273
0.494924596055
0.494879617145
0.494789665456
0.494677237343
0.494632269675
0.49454234047
0.494429940462
0.494340029653
0.49422765264
0.494115288402
0.49402540621
0.493957999931
0.493913064967
0.493778272339
0.493710882923
0.49359857745
0.493486284753
0.493396459793
0.493261737683
0.493171933163
0.493104585138
0.493014794926
0.492947457633
0.492857681729
0.492723033203
0.492678154449
0.492565966507
0.492476225351
0.492319198002
0.49222947933
0.492072491328
0.491960372371
0.491893107129
0.491758590442
0.49166892287
0.491601677557
0.491534436843
0.491422379206
0.491310334345
0.491175897374
0.491108685787
0.490996676695
0.490929477372
0.490839885429
0.490705512844
0.490571158656
0.490481599417
0.490347275888
0.490302505467
0.490235353667
0.490101063865
0.490033925862
0.489877288407
0.489787792533
0.489720675992
0.489631194425
0.489541721035
0.48945225582
0.489362798781
0.489206268637
0.489139191955
0.489072119871
0.488982697581
0.488826228246
0.48873682844
0.48866978395
0.488558053355
0.488468678077
0.488379310974
0.488245275651
0.488133593601
0.487999592003
0.487887938058
0.4877986241
0.48768699315
0.487575374975
0.487486089633
0.487374494453
0.487307543477
0.487195968738
0.487106718144
0.486972857583
0.486861321168
0.486839015419
0.486727494334
0.486615986024
0.486549087171
0.486459895853
0.486326124207
0.486259245282
0.486147790628
0.486103212343
0.486036348748
0.485924919644
0.485858068314
0.485791221582
0.48572437945
0.48563526376
0.485590708982
0.485501605557
0.485434783353
0.485323423234
0.48521207589
0.485123007213
0.485011682864
0.484922632583
0.484833590478
0.484744556549
0.484655530796
0.484522007497
0.484499755402
0.484388502594
0.484299509545
0.484188279732
0.484099305079
0.484010338602
0.483921380302
0.483832430177
0.48369902032
0.483654554456
0.483587859492
0.483498940027
0.483432255795
0.483321125626
0.483254453658
0.483187786288
0.483076684225
0.483032246977
0.482898947496
0.482787878649
0.482743454686
0.482676822576
0.482543572152
0.482476953838
0.482365933535
0.482277126491
0.482143931255
0.482077340536
0.481966366223
0.481877595971
0.481766644654
0.481655706112
0.481544780345
0.481456048929
0.481367325689
0.481278610625
0.481167728293
0.481079031626
0.481012514491
0.480901662819
0.480835157947
0.480724326716
0.4806799978
0.480613508259
0.4805913461
0.480458383881
0.48039190967
0.480347596085
0.480236821063
0.480126058816
0.4800596076
0.479993160984
0.479926718966
0.479815992489
0.479705278788
0.479594577862
0.47948388971
0.479417482951
0.479373214334
0.479218290269
0.479196160304
0.479151901907
0.479107645553
0.479019138978
0.47893064058
0.478864272146
0.478731549076
0.478643077249
0.478532498963
0.478466158124
0.478355600278
0.478311380717
0.478222947726
0.478178734297
0.478068209666
0.47797979916
0.477891396829
0.47784719873
0.477780905414
0.477758808664
0.477670426773
0.477582053059
0.477493687521
0.477405330158
0.477294894953
0.47716238957
0.47705198247
0.476941588145
0.476853281883
0.476742910553
0.476654622687
0.476566342997
0.476522206218
0.476411873213
0.47627949047
0.476213305997
0.476103008762
0.476036836554
0.475926559759
0.475882452618
0.475816295739
0.475772193708
0.475661947574
0.475617852697
0.475507624448
0.475397408973
0.475331285821
0.475221090786
0.475110908527
0.474956674826
0.474846523227
0.474758411146
0.474604234677
0.474494123958
0.474406044581
0.474339990414
0.474251925344
0.474163868451
0.474053808833
0.473965770336
0.47383372792
0.473723706627
0.473657699982
0.473591697937
0.473503702364
0.473371724335
0.473283749203
0.473173791784
0.473107823465
0.473041859745
0.472953915273
0.472822013894
0.472778050855
0.472668152202
0.472580242478
0.47251431555
0.472404447557
0.472338532893
0.472250653829
0.472184749896
0.47209688514
0.472030991938
0.471899219332
0.471789422879
0.471657683999
0.471525963515
0.471438160079
0.471372312867
0.471262577735
0.471152855377
0.471043145795
0.470955387327
0.470867637035
0.470757960668
0.470648297076
0.470538646258
0.4704728619
0.470450934803
0.470319382949
0.470275536419
0.470122089662
0.469990583798
0.469946752599
0.469837183542
0.469793359496
0.469683808324
0.469574269928
0.469508553022
0.469377133007
0.469223832907
0.46909245275
0.46902676957
0.468917307824
0.468764083352
0.468720309384
0.468588999746
0.468479589099
0.468392069781
0.468326435657
0.468217055671
0.46812956088
0.468063945152
0.467910859673
0.467845259275
0.4677359355
0.467692209566
0.467604763832
0.467539184896
0.46745175347
0.467386185265
0.467298768147
0.467233210673
0.467189508246
0.467102109524
0.466992872618
0.466861805195
0.466730756167
0.466643400369
0.466556052747
0.466446879716
0.466425046643
0.466315888943
0.466228571981
0.466184916566
0.466119437276
0.465988492493
0.465923027
0.465813928065
0.465683026206
0.46559576852
0.465530330621
0.465443087244
0.465355852042
0.465290431006
0.465225014569
0.465159602731
0.465028792853
0.464919798673
0.464854408298
0.464745434558
0.464636473594
0.464527525404
0.46441858999
0.464353234874
0.464287884356
0.464200757487
0.464113638793
0.464004751924
0.463961200754
0.463874104544
0.463808787753
0.463678167967
0.463569332198
0.463460509204
0.463373460007
0.463286418986
0.463199386141
0.463112361472
0.46302534498
0.462916585861
0.462851336522
0.462742597843
0.462612128292
0.462503417719
0.46239471992
0.462286034897
0.462177362649
0.462068703176
0.461960056477
0.461873148317
0.461807972562
0.46167763485
0.461569034142
0.461482162773
0.46137358506
0.461286732088
0.461243308668
0.46115646796
0.461091342794
0.460982811071
0.460874292124
0.460765785951
0.46070068838
0.460613898772
0.460548811931
0.460505423259
0.460418652047
0.46028851107
0.460136702585
0.460049966121
0.459963237834
0.459941557039
0.459833160732
0.4597247772
0.459659753213
0.459616406443
0.459594733824
0.459551390121
0.459486378397
0.459399703254
0.459291370822
0.459161388767
0.45905308444
0.458944792888
0.458923136111
0.458858168845
0.458706596443
0.458663294641
0.458555049079
0.458468461828
0.458403526755
0.458295311854
0.458187109728
0.458143832454
0.458078920376
0.458014012897
0.457905843986
0.457732801833
0.457646292254
0.457559790852
0.457451675596
0.457365192589
0.457278717758
0.457192251103
0.457062566451
0.456976120237
0.456868073966
0.45676004047
0.456673622872
0.456630417138
0.456587213449
0.456500812203
0.456392822142
0.456349629695
0.456263250933
0.456198472226
0.456133698119
0.456047339797
0.456004163702
0.455896232406
0.455766731715
0.455680408141
0.455615670826
0.455572515171
0.45552936156
0.455421486475
0.455313624165
0.45520577463
0.45509793787
0.454990113885
0.454882302675
0.454796062905
0.454752946086
0.45466671858
0.454558945696
0.454429635097
0.454343438252
0.454257249582
0.454171069088
0.454127981908
0.454020272898
0.453955653625
0.453847965055
0.453804893205
0.453675689916
0.453568034562
0.453460391983
0.453352762179
0.453266667534
0.453137540896
0.453072984476
0.452965400662
0.452879342809
0.452814804784
0.452750271359
0.452707251631
0.45264272587
0.452556698677
0.452427673218
0.452363167387
0.452320166054
0.452255667888
0.452169677487
0.452105190052
0.452019213959
0.451933246043
0.451782821862
0.451739848124
0.451653906779
0.451546491596
0.451482048618
0.451331699554
0.451267271907
0.451202848858
0.45109548733
0.451052546296
0.450880802599
0.450794943015
0.450687630032
0.450623248374
0.450537413318
0.450408676064
0.450365767734
0.450258505851
0.450151256743
0.450065466655
0.449979684743
0.449915353675
0.449829586071
0.449722388064
0.449615202831
0.449508030374
0.449379440288
0.449229441772
0.449079468295
0.44895093953
0.448865263906
0.448843846278
0.448736765801
0.448672523647
0.448608286092
0.448544053136
0.448437008429
0.448287167302
0.44824436015
0.448201555042
0.448137351213
0.448030355563
0.447944767832
0.447859188276
0.447816401565
0.447730834274
0.447666664171
0.447581111188
0.447474181456
0.447345882642
0.447260360319
0.447153468913
0.447089340201
0.446982469235
0.446939724426
0.44689698166
0.446832871345
0.446747398078
0.446661932987
0.446597839535
0.446533750681
0.44644830603
0.446341511715
0.44625608546
0.446170667382
0.446106609188
0.445999855753
0.445850422405
0.445701014096
0.445636989629
0.445530292404
0.445508954491
0.445402272596
0.445295603476
0.445188947131
0.44514628817
0.445039649709
0.444975672765
0.444933024024
0.444826411114
0.444741129984
0.44465585703
0.444570592252
0.444506649034
0.444442710416
0.444357466078
0.444272229916
0.444165696211
0.444016570487
0.443910067442
0.443803577172
0.443739689143
0.44361192688
0.443548052648
0.443462894158
0.443399030657
0.443292601707
0.443250033705
0.443186185533
0.443079782134
0.44297339151
0.442909563267
0.442845739624
0.442739377105
0.442675565725
0.442633027361
0.44259049104
0.442462894342
0.442399102892
0.442314054779
0.442271533789
0.44218649794
0.442080214626
0.441973944087
0.441888936854
0.44174019387
0.441655209121
0.441570232549
0.441506505485
0.44142154322
0.441357826887
0.441230408018
0.44112423968
0.441081775921
0.440996854537
0.440911941328
0.440827036296
0.440742139439
0.440657250759
0.440572370254
0.440423849045
0.440338991025
0.440254141181
0.440169299512
0.44008446602
0.439999640704
0.43987241806
0.439766413242
0.439681618586
0.43961802796
0.439533247612
0.43944847544
0.439342521722
0.439278955624
0.439173022346
0.439109468512
0.439067101844
0.438961194117
0.438876477133
0.438791768325
0.438728242085
0.438664720444
0.438601203402
0.438495351885
0.438431847107
0.438368346927
0.438283687176
0.4381990356
0.438093232629
0.438050915017
0.437987442432
0.43794512993
0.43788166501
0.437797052271
0.437733598082
0.437691297844
0.437648999651
0.437564409395
0.437500972069
0.437416396122
0.437247268756
0.437204992024
0.437120444693
0.437014772027
0.436930243092
0.436845722333
0.43676120975
0.436676705343
0.436549964063
0.436423241179
0.436381004305
0.436275421064
0.43619096367
0.436085403424
0.436043182902
0.435916533603
0.435853215851
0.435747696485
0.435642189895
0.435536696079
0.435452310225
0.435389026199
0.435304654653
0.435199201718
0.435135936088
0.435072675058
0.435009418627
0.434882919562
0.434798597072
0.434693205456
0.434608901873
0.434524605955
0.434377107772
0.434271767257
0.434187504043
0.434103249005
0.434019002143
0.433955822363
0.433871589809
0.433829476598
0.433724202513
0.433618941715
0.433555791061
0.433471597343
0.43342950355
0.433303234436
0.433219065246
0.433134904233
0.433008678043
0.432903503603
0.432840405072
0.432714221806
0.432609083136
0.43248293513
0.432398845656
0.432314764359
0.432251708752
0.432167641763
0.432125611334
0.432020544205
0.4319364997
0.431873471687
0.43178944149
0.431705419469
0.43160040344
0.431495400186
0.431432404366
0.431348417093
0.431285432004
0.431180467076
0.431096504331
0.430991562398
0.43092860337
0.430844665153
0.43073975388
0.430613877215
0.430508994047
0.43042509671
0.43034120755
0.430278296045
0.430215389139
0.430131520419
0.430005732668
0.429879963825
0.429817086046
0.429754212867
0.429649434454
0.429565620922
0.429481815566
0.429418966914
0.429314229382
0.429272337946
0.429188561206
0.429146675902
0.429104792642
0.429021032254
0.428958217328
0.428853536006
0.428748868992
0.428686073995
0.4285604978
0.428518643156
0.428455865022
0.428393091488
0.428267558217
0.42816296121
0.428121125984
0.428016546862
0.427953805521
0.427870157553
0.427786517762
0.42768197952
0.427619262707
0.427556550493
0.427452040356
0.427389340406
0.427347542995
0.42728485071
0.427201268151
0.427138586597
0.427096801449
0.427013237286
0.426950569529
0.426887906371
0.426804362648
0.426783477995
0.426679062394
0.426616419165
0.426553780535
0.426491146505
0.426324144907
0.426303272007
0.426240656372
0.426178045336
0.42607370383
0.425969375099
0.425844197485
0.425781615577
0.425698180186
0.425614752972
0.425510480451
0.425427071632
0.42534367099
0.425260278523
0.425218585356
0.425156049438
0.425093518118
0.425030991398
0.424926790418
0.424843438831
0.424780930507
0.424697593229
0.424635095636
0.424593433129
0.424489285804
0.424405977141
0.42434350101
0.424239384345
0.424135280455
0.42403118934
0.423968740803
0.423906296865
0.423843857526
0.423760612228
0.423656567104
0.423490121987
0.423406911437
0.423302909748
0.423282110943
0.423219717594
0.4231157389
0.423032565142
0.422990981329
0.42288703074
0.422783092925
0.422699951872
0.422616818994
0.422492135008
0.422450577768
0.422409022571
0.42232591831
0.422222049481
0.422159734315
0.422035117781
0.421910519644
0.421868991019
0.421785939902
0.42172365693
0.421640620121
0.421516080237
0.42139155875
0.421350055675
0.421287804896
0.421204811011
0.421101080153
0.421038847769
0.420955878413
0.420872917232
0.420748490791
0.420707019398
0.420644816142
0.420520423428
0.420416776884
0.420375321844
0.420313143116
0.4202302453
0.420168077303
0.420085193794
0.419981600906
0.419919451306
0.419878020793
0.419815878858
0.419670898893
0.41954665028
0.419484532873
0.419422420064
0.41938101408
0.419277508062
0.419194712446
0.419111925006
0.419029145742
0.418946374654
0.418904992176
0.418780857006
0.41871879632
0.418615373596
0.418511962113
0.418387885198
0.418305177474
0.418222477926
0.418181131218
0.418119114989
0.417995096328
0.417953760862
0.417829766728
0.41776777656
0.417705790991
0.417602491929
0.417499205643
0.417457894705
0.417416585811
0.417333974156
0.41727202078
0.417189423433
0.417044898259
0.416962323396
0.416900397614
0.416797198198
0.41673528468
0.416632105704
0.41657020445
0.416467045914
0.416363900152
0.416322645425
0.416281392741
0.416178269975
0.416075159984
0.415951444858
0.415848362972
0.415786519972
0.415704069794
0.415539193964
0.415456768314
0.415353747748
0.415291941541
0.415188941415
0.415106550513
0.415044762701
0.414982979489
0.414900609027
0.41481824674
0.41473589263
0.41459179261
0.414509460984
0.41444771763
0.41434482226
0.414241939665
0.414221364679
0.41418021624
0.414139069844
0.414097925493
0.414056783186
0.413974504704
0.413851102311
0.413748281036
0.413645472537
0.413604352714
0.413460449941
0.413419339316
0.413296019705
0.413193267416
0.413090527901
0.413008345488
0.412885087197
0.412802925224
0.412700234254
0.412638625805
0.41249489064
0.412392237996
0.412330652542
0.412269071686
0.412166447147
0.412063835383
0.411961236394
0.411879166401
0.411756076741
0.411674027188
0.411571476744
0.41150995261
0.411427927585
0.411345910736
0.411284403465
0.411202400924
0.411120406559
0.41103842037
0.410935949642
0.410833491179
0.41073104549
0.410649098138
0.410608127527
0.410505709944
0.410403305136
0.41028043674
0.410178060037
0.410034754114
0.409911940396
0.409850540435
0.409789145073
0.409707292256
0.409604987093
0.409523152161
0.409441325405
0.409298148255
0.409216343983
0.409093652904
0.408991424392
0.408848325936
0.408807445262
0.408787005692
0.408684815505
0.408603072553
0.408562204143
0.408480473455
0.408378321593
0.408276182505
0.408174056193
0.408133209245
0.408051521482
0.407929005166
0.407786095782
0.40768403079
0.407561571195
0.407520754908
0.407479940664
0.407377913997
0.407296301862
0.407214697902
0.407133102119
0.407051514512
0.406908755873
0.406766022273
0.406684471458
0.406643699116
0.406562160565
0.406460248874
0.406378728719
0.406276840022
0.40615459045
0.4060119892
0.405910146494
0.405849047002
0.405767588167
0.405686137508
0.40562505488
0.405523260719
0.405421479333
0.405319710723
0.405217954887
0.405136559416
0.405055172122
0.404953449501
0.404851739656
0.404729704704
0.404628022964
0.40454668677
0.404445028024
0.404323054393
0.404241748859
0.404119805888
0.404038520794
0.403916608483
0.403835343829
0.403733774509
0.403611908188
0.403490060263
0.403429143199
0.403347927601
0.403287021269
0.403205819979
0.403104329864
0.40298255859
0.40290138796
0.402820225507
0.402718783937
0.40263763988
0.402556503998
0.402434815506
0.402394256763
0.402292868849
0.402211767716
0.402110402797
0.402049589977
0.401948245498
0.401887444943
0.401786120904
0.40168480964
0.401624029014
0.401502481558
0.401320199977
0.401218947479
0.401117707755
0.400975993604
0.400874784541
0.400793826488
0.400712876611
0.40063193491
0.400571234
0.400490306608
0.400429616429
0.400368930849
0.400288023896
0.40020712512
0.400126234519
0.400004913949
0.399903827526
0.399843181804
0.399701693005
0.399620853504
0.399499609584
0.399438994522
0.399317778196
0.399216778643
0.399135988199
0.399055205931
0.398994624596
0.398873475722
0.398772532379
0.398691786903
0.398611049604
0.398510139476
0.398429420572
0.398348710356
0.398247833444
0.398187313428
0.398126798012
0.398025949205
0.397945279357
0.397884782337
0.39778396419
0.397703318871
0.397642840247
0.39754205276
0.397421124639
0.397320365257
0.397280065081
0.397179323585
0.397118884819
0.397038306951
0.396917455481
0.396776485349
0.396675807727
0.396595274828
0.396494620202
0.396414105699
0.396313474068
0.396212855211
0.39611224913
0.396051891614
0.395951305973
0.395870846658
0.395770284012
0.395669734141
0.395589303443
0.39550888092
0.395408364264
0.395348060403
0.39528776114
0.39518727259
0.395066703192
0.394966242747
0.394865795076
0.394845707075
0.394765360181
0.394705105375
0.394644855169
0.394524368554
0.394444054364
0.39436374835
0.394243304658
0.394142948968
0.394122879363
0.394002472464
0.393922211418
0.393862020999
0.393781774261
0.393681477336
0.393621305314
0.39356113789
0.39346086907
0.393440816839
0.393320514184
0.393220276025
0.393140094695
0.393059921541
0.392979756564
0.392879561839
0.392759345033
0.392659178414
0.392579054316
0.392498938395
0.392398804991
0.392278661769
0.39217855647
0.392078463946
0.391998399124
0.391918342479
0.39181828317
0.391738244921
0.391658214848
0.391578192951
0.391518181894
0.391438174305
0.391358174892
0.391278183655
0.39115821213
0.391078241333
0.390998278712
0.390958300468
0.390918324267
0.390818392709
0.39073845666
0.390638548097
0.390538652309
0.390438769295
0.390338899057
0.390259012065
0.390179133248
0.390099262608
0.390039364993
0.389999435805
0.389859699743
0.38971998872
0.389640165092
0.389560349639
0.389440641791
0.389320952339
0.389241169591
0.389141452653
0.389081628623
0.388961994359
0.388882248403
0.388842378491
0.388782577456
0.388702849896
0.388623130512
0.388543419304
0.388443791792
0.388344177055
0.388204737885
0.388105153808
0.387965757562
0.387906023979
0.387866204145
0.387766663503
0.387647231596
0.387547719059
0.387468118228
0.387348732311
0.387229365301
0.38712990642
0.387050348513
0.386911141849
0.386831606425
0.386771960224
0.386712318621
0.386652681617
0.386593049212
0.386573172766
0.38645392482
0.386394307745
0.386275087393
0.386235351363
0.386136020232
0.386016839738
0.38589767764
0.385778533938
0.385699115023
0.385619704285
0.385540301722
0.385480755166
0.385401366911
0.38528229986
0.38526245714
0.385202932045
0.38514341155
0.385044220945
0.384984712713
0.384945043114
0.384865710048
0.384746725779
0.384667413152
0.384568283867
0.384469167357
0.38442952433
0.384310607513
0.384231339855
0.384092641127
0.384072829067
0.383973776432
0.383874736572
0.383795513882
0.383716299368
0.383637093031
0.383557894869
0.383478704883
0.383379728899
0.383300557309
0.383201604319
0.383122451126
0.383063091596
0.382964169267
0.382845479335
0.382766362933
0.382687254708
0.382608154658
0.382529062785
0.382469749246
0.382410440305
0.382252305615
0.382173250534
0.382054683242
0.381955891218
0.381896622136
0.381817603847
0.381659591797
0.381560850873
0.381422635042
0.381304184259
0.381244965766
0.381185751872
0.381087072268
0.381027870638
0.380968673607
0.380889751387
0.380791110108
0.380672757437
0.380593865877
0.380475543866
0.380416389759
0.380317809801
0.380219242618
0.38014039807
0.380002439784
0.379903913481
0.379785698781
0.379706899201
0.379588715161
0.379569019609
0.379490242513
0.37939178264
0.379313023941
0.379253960281
0.379175215889
0.379057114631
0.378958710969
0.378820967304
0.37874226788
0.378702921234
0.378604563562
0.378506218665
0.378368557271
0.378309567196
0.378211260624
0.378073654418
0.377975378507
0.377857464787
0.37775921698
0.377680627932
0.377602047061
0.37750383247
0.37746455021
0.377385991823
0.377268169572
0.377169998416
0.37713073353
0.377071840034
0.37695406684
0.376836312041
0.376757819062
0.376659714336
0.376600857633
0.376522389182
0.376443928907
0.376385089066
0.376287032886
0.376208597139
0.376110563953
0.376032146602
0.375953737428
0.375894935912
0.375816541046
0.375777346679
0.375659775841
0.375542223399
0.375483454077
0.375365929229
0.375287589551
0.375209258049
0.375150514787
0.375091776125
0.375013465063
0.374974312598
0.374876440378
0.374778580933
0.374680734263
0.374563335122
0.374485079248
0.37440683155
0.374328592028
0.374230804123
0.374152582997
0.374054818087
0.373976615357
0.373898420804
0.373742056224
0.373624804252
0.373527108327
0.373429425178
0.373331754803
0.373253627702
0.373175508777
0.373077871617
0.372960723889
0.372843594557
0.372746001344
0.372648420395
0.372531340119
0.372492317449
0.372433787275
0.372297234756
0.372199712572
0.372141205394
0.371985208736
0.371926718421
0.371770766731
0.371731783919
0.37163433583
0.371536900517
0.371419995004
0.371322587795
0.371205717541
0.371108338438
0.371030444865
0.370972029667
0.370855213068
0.37081627829
0.370699486219
0.370641097082
0.370543792074
0.370465957266
0.370349220384
0.370232501897
0.370135250545
0.370115801807
0.369999120113
0.36990189942
0.369804691503
0.369688058865
0.369610313993
0.369532577297
0.369454848777
0.369377128433
0.369318843541
0.369241137505
0.369163439645
0.369085749962
0.368949812689
0.368833314955
0.368775072987
0.36867801326
0.368619783556
0.368542151104
0.368406313988
0.368309302806
0.36827050191
0.368192906251
0.368095923174
0.368018345911
0.367940776824
0.367882605374
0.367746889876
0.367591817621
0.367456155778
0.367359269791
0.3672817702
0.367243023471
0.36714616559
0.367107426014
0.367029952996
0.366894394886
0.366816944351
0.366700783879
0.366623353785
0.366545931866
0.366487870792
0.366391112557
0.366313715166
0.366216979925
0.36612025746
0.366062230112
0.365965528087
0.365907513004
0.365849502519
0.365752828599
0.365694830379
0.365617506572
0.365520863312
0.365404908263
0.365327615117
0.365211690728
0.365115101122
0.364979897137
0.364902648959
0.364844718191
0.364767484322
0.364690258628
0.364593738008
0.36451653071
0.364477930127
0.364304252799
0.364227076161
0.364188490908
0.364111326535
0.364034170337
0.363937736588
0.363841315613
0.363725627307
0.363609957397
0.363532854343
0.363475032419
0.363378672765
0.363282325886
0.363128198984
0.36301262412
0.362897067653
0.362820040228
0.362781529581
0.362723767444
0.362646758415
0.362531260201
0.362492764885
0.362415780384
0.362338804059
0.36224259515
0.362184875937
0.362050215658
0.361992511775
0.361915580419
0.361838657238
0.361800198714
0.361723287797
0.361646385056
0.361588713366
0.361531046276
0.361434944677
0.361319639623
0.36122356613
0.361146716533
0.361089084702
0.361012249413
0.360935422301
0.360839399908
0.360800994528
0.36074339029
0.360647393448
0.360570605172
0.360436245362
0.360340289399
0.360244346212
0.360186786431
0.360090863684
0.359994953712
0.359918234932
0.359860701212
0.35978399674
0.359726473752
0.359649783588
0.359573101601
0.359438927796
0.359381432402
0.359285616965
0.359228133834
0.359170655303
0.359132338837
0.359036556616
0.358940787169
0.358845030497
0.358710992619
0.358615266607
0.35851955337
0.358442991979
0.358366438764
0.358289893725
0.358213356862
0.358175091496
0.358060307663
0.357926416443
0.357849918416
0.35769694689
0.357620473391
0.357544008068
0.357486664441
0.357429325414
0.357371990985
0.357276443824
0.35721912166
0.357161804094
0.357104491128
0.356989878992
0.356913481121
0.356837091427
0.356722522215
0.356684336566
0.356627061924
0.356569791882
0.35649343898
0.356436179668
0.356378924956
0.356264429329
0.356207188414
0.356111797108
0.356035493262
0.355978270743
0.355940124952
0.355901981205
0.35580663078
0.355749426657
0.355654096671
0.355596904812
0.355520656154
0.355444415672
0.355368183367
0.355272904482
0.355234796505
0.355196690572
0.355101434682
0.355082385037
0.355025239168
0.354910961739
0.354796702194
0.354644384751
0.354530168642
0.354454034448
0.354358878715
0.354320819794
0.354263735245
0.354187629668
0.354149579945
0.354073486632
0.353959361992
0.353883289119
0.353807224421
0.353750181264
0.353674130875
0.353579079386
0.353503047393
0.353446028763
0.353370011078
0.353275000469
0.353180002636
0.353123010068
0.353066022098
0.353009038728
0.352876095416
0.352800139051
0.352724190863
0.352610283909
0.352515375501
0.352439457972
0.352382525191
0.352287647443
0.352154840058
0.35205999297
0.352003090849
0.351946193327
0.351870337118
0.351775528355
0.351680732367
0.351585949155
0.351491178717
0.351415371565
0.351339572588
0.351320624122
0.351263781788
0.351169054786
0.351112224716
0.351055399245
0.350979639105
0.350922824366
0.350847078534
0.350752407741
0.350657749724
0.350563104482
0.350487397486
0.350392775239
0.350317086639
0.350241406215
0.350184651263
0.350090069896
0.349995501304
0.349882035856
0.34978749537
0.349692967658
0.349598452721
0.349560650323
0.349466153271
0.349409461172
0.349333878861
0.349277197493
0.349220520724
0.349144958853
0.349050518011
0.348956089945
0.34888055669
0.348823912114
0.348786151618
0.348691759322
0.34857850543
0.348484141238
0.348389789822
0.348295451181
0.348201125315
0.34812567382
0.348031370949
0.347974795359
0.347899368392
0.347823949601
0.347748538987
0.347691986391
0.34756004822
0.347446978288
0.347390450221
0.347296246995
0.347202056545
0.347089045378
0.346994883544
0.346900733974
0.346825423515
0.346768946037
0.346693649887
0.346599541197
0.346543082115
0.346448993865
0.346373732463
0.346298479237
0.346185614728
0.346072768615
0.345997548093
0.345922335747
0.345865931853
0.345809532558
0.345734340653
0.345659156923
0.345583981369
0.345490023424
0.345396078255
0.345320931317
0.345245792556
0.34517066197
0.345114319397
0.345095539561
0.345057981422
0.344982871277
0.344926544033
0.344851448196
0.344757589896
0.344701281049
0.344551149672
0.344476094715
0.344363527609
0.34426973574
0.344213466751
0.344138448586
0.344044687377
0.343988436784
0.343875949395
0.343744737357
0.343707252803
0.343632289826
0.343538597603
0.343426183797
0.343313788388
0.343257597582
0.343145230278
0.343051604485
0.342976713048
0.342920549837
0.342826954703
0.342714657407
0.342658515657
0.342546245954
0.342471409706
0.342377875893
0.342284354855
0.342228248364
0.342134747767
0.34207865354
0.342003868392
0.341854322624
0.341798251392
0.34170480956
0.341611380502
0.341574012456
0.34151796422
0.341461920582
0.34136852474
0.341237792023
0.341200444417
0.341107084345
0.341013737047
0.340957734801
0.340883072294
0.340827080778
0.340733771806
0.340659133827
0.340603160708
0.340472574648
0.340397965285
0.340342013627
0.340304715078
0.34023012411
0.34017418625
0.340099609591
0.340025041108
0.339950480801
0.339894565936
0.339801384714
0.339726848935
0.339652321332
0.339559173325
0.339484664118
0.339428787579
0.339372915638
0.339279805957
0.33922394628
0.339075009626
0.339019166813
0.338944716882
0.338870275127
0.338777234431
0.33868420651
0.33862839589
0.338535388409
0.338460991622
0.338349411772
0.338256442617
0.338200667255
0.338126307261
0.338051955442
0.337959027167
0.337884693745
0.337810368498
0.337754629929
0.337717473438
0.337643166588
0.337550294522
0.337457435232
0.33740172579
0.337327453688
0.337271754977
0.337197497183
0.337141809203
0.337049006123
0.336956215818
0.336900547767
0.336826330853
0.336770673533
0.336677921554
0.336585182349
0.336492455919
0.336436826193
0.33636266038
0.336288502742
0.336232889879
0.336177281616
0.336084611396
0.335936366128
0.335880782392
0.335843729124
0.335751104894
0.335695536489
0.335639972682
0.335547376558
0.335491825016
0.335417763447
0.335343710053
0.335251154809
0.335177119812
0.335029074857
0.3349920686
0.334936563048
0.334899561902
0.334825565741
0.334788570726
0.334714586829
0.334640611108
0.334511174803
0.334437221566
0.334344791518
0.334307823075
0.334252374244
0.334159969746
0.334086055345
0.333993673842
0.333901305114
0.333864361199
0.333772010356
0.33369813888
0.333605811032
0.333531957951
0.333476573506
0.333402734734
0.33334736102
0.333255081717
0.33323662739
0.333144363417
0.333089011165
0.333033663513
0.332959874307
0.332904537386
0.332830761978
0.332738554215
0.332664797203
0.332572612436
0.33249887382
0.332443575223
0.332351421116
0.332296134783
0.33224085305
0.332148727048
0.332111880224
0.332038192708
0.331964513368
0.331909259229
0.331835594197
0.331780350789
0.33166987777
0.33159623931
0.331541015831
0.331467391679
0.331393775704
0.331320167904
0.331283367071
0.331228169653
0.331172976833
0.331080999022
0.331044211474
0.330915471154
0.330878692804
0.330823529112
0.330749984677
0.330639683354
0.330547779638
0.330455888697
0.33036401053
0.330272145139
0.330180292523
0.330106819628
0.330014990007
0.329941535508
0.329868089185
0.32983136909
0.329721221068
0.329666153955
0.329592738292
0.329500980723
0.329409235417
0.32933584837
0.329280813451
0.329207440712
0.32913407615
0.329042381944
0.328969035778
0.328877364567
0.328785706132
0.328767375978
0.328712388582
0.328639079207
0.328584102542
0.328492484987
0.328437520586
0.328327605581
0.32825433913
0.328181080856
0.328089519511
0.32805289855
0.327943047931
0.327888129521
0.327833215709
0.327814912127
0.327705101366
0.327613606451
0.327577012062
0.327485535032
0.327394071289
0.327339198868
0.327266042794
0.327156324014
0.32708318838
0.327028342021
0.326955220695
0.326882107546
0.326827278049
0.326754179208
0.326717632853
0.326589737219
0.32649839816
0.326461866113
0.326407071876
0.326334020047
0.32627923654
0.326206199019
0.326151426244
0.326078403031
0.325987135512
0.325859382447
0.325768145589
0.32574989975
0.325713409605
0.325640435448
0.32554922925
0.325494511663
0.325403325904
0.325330386495
0.325239223732
0.325166302719
0.32505693653
0.324947588737
0.324892921739
0.324820039563
0.324710731628
0.324637869891
0.324528592617
0.32445575132
0.324401125714
0.324364711197
0.324273683849
0.324200871169
0.324109866816
0.324018875239
0.323946091174
0.323800547574
0.323727788038
0.323673223752
0.323618664064
0.323564108976
0.323509558486
0.323436831654
0.323345935123
0.323255050855
0.323164179363
0.3231096626
0.323018811548
0.322946139904
0.322873476436
0.322800821144
0.322728174029
0.322691853537
0.322564747912
0.322510281738
0.322419515001
0.322365061091
0.322328761039
0.322292463032
0.322219873148
0.322111003653
0.32203843421
0.321984012493
0.321893319851
0.321838910399
0.321784505545
0.321657578771
0.321621318577
0.321530677036
0.32151255026
0.321458173001
0.321385677142
0.321331310613
0.321240709952
0.321204473264
0.321095775466
0.32100520802
0.320932763261
0.320878435057
0.320769792447
0.320697374261
0.320606863025
0.320570662107
0.320480168757
0.320407783274
0.320353499528
0.320281128353
0.320208765355
0.320154498471
0.320064063886
0.320009809266
0.31988323304
0.31977475906
0.319702453294
0.319612082584
0.319539795213
0.319467516019
0.319395245001
0.319304917726
0.319232665104
0.319196541859
0.319124301501
0.319052069319
0.318979845313
0.318943736376
0.318871524634
0.318799321068
0.318709078109
0.318654938465
0.31860080342
0.318510588565
0.318420386486
0.31836627137
0.318294125036
0.318167888626
0.318113794972
0.317987594843
0.317897466859
0.317789330652
0.317735269191
0.31768121233
0.317609143668
0.317555097538
0.317465030874
0.317356968251
0.317266929692
0.317194908043
0.317104892479
0.316996890665
0.316960894149
0.316906903207
0.316852916863
0.316816928523
0.316708975766
0.316637017481
0.316583054133
0.316457157539
0.31638522787
0.316259370623
0.316205439468
0.31611556443
0.316061645539
0.316043673597
0.315971790941
0.315828050667
0.31579212058
0.315756192538
0.315702304307
0.315612500809
0.315486797374
0.315397024536
0.315325215464
0.315217517185
0.315127782673
0.315073948097
0.315038060935
0.314948351972
0.314858655785
0.314786908033
0.314679301735
0.314643437057
0.314571713833
0.31451792678
0.314446217864
0.314338669821
0.314302824561
0.314231140173
0.314159463961
0.314087795926
0.313926572739
0.313854931275
0.313783297988
0.313729578387
0.31364005594
0.313568447181
0.313496846598
0.313407357366
0.313299987151
0.313192635332
0.313138966321
0.313067414793
0.312960102833
0.312906453751
0.312852809268
0.312781290445
0.312727656693
0.312638277327
0.312584655839
0.312513167676
0.31242381897
0.312388083064
0.312316617385
0.312245159882
0.312209434197
0.312120128926
0.31203083643
0.311959411631
0.31187014213
0.311798735728
0.311780885404
0.311709489222
0.311638101215
0.311566721385
0.311459666969
0.311406146659
0.311334793401
0.311263448318
0.311192111412
0.311156446025
0.311085121383
0.310995977077
0.310960322932
0.310889020774
0.310835549521
0.310675163355
0.310603893901
0.310550447176
0.31049700505
0.310425756036
0.310354515198
0.310229863916
0.310176449384
0.310087435384
0.310051833361
0.309980635447
0.309927242377
0.309838264148
0.309802676433
0.309731507135
0.309589193068
0.309500263383
0.309446911704
0.309429128833
0.30935800246
0.309286884262
0.309197998013
0.309126898212
0.309073578726
0.308984723137
0.308895880322
0.308842580766
0.308789285809
0.308753758392
0.308700471099
0.308611669165
0.308540636816
0.308469612643
0.308416349879
0.308345340014
0.30829208798
0.308150105042
0.308043639301
0.307954931902
0.307883975181
0.307813026636
0.307795290778
0.307742086268
0.307671154075
0.307600230058
0.307529314217
0.307458406553
0.307387507064
0.307316615751
0.307245732615
0.307192575628
0.307086275451
0.307015418886
0.306944570498
0.306891439572
0.306820605492
0.306749779587
0.306661258705
0.306590451196
0.306537350931
0.30646655773
0.306395772706
0.306324995858
0.306236536295
0.30611271437
0.306077341276
0.306024285467
0.30593586934
0.305882825795
0.305812108223
0.305741398827
0.305670697607
0.305617677058
0.305546990146
0.305493980328
0.305458643004
0.305370308637
0.305299650341
0.305229000221
0.305158358278
0.30508772451
0.30503475455
0.304946481503
0.304875872264
0.30484057071
0.304717031368
0.30457587421
0.304505307894
0.304487667593
0.304399473751
0.304328927876
0.304258390177
0.304187860654
0.304117339306
0.304046826135
0.304011572616
0.30397632114
0.303923447759
0.303870578978
0.303835335678
0.303764855211
0.30369438292
0.303623918805
0.303571076085
0.303518237963
0.30346540444
0.303394966898
0.303324537531
0.303289325913
0.303218908811
0.303183703325
0.303113298487
0.303042901824
0.303007706559
0.30293732216
0.302884539227
0.302814169136
0.302743807221
0.302655866326
0.302603107921
0.302532770534
0.30248002286
0.302409699781
0.302339384879
0.302251502749
0.302181206243
0.302110917912
0.30205820703
0.301987933008
0.301935232857
0.301882537305
0.301847409492
0.301777159998
0.301742038317
0.30170691868
0.30161912853
0.301566460572
0.301496243782
0.301443586555
0.301408484292
0.301338285898
0.30126809568
0.301197913638
0.301127739773
0.301057574083
0.300987416569
0.300917267231
0.30084712607
0.300776993084
0.300759461115
0.300741929657
0.300671808936
0.300566643695
0.300531592532
0.300461496338
0.300391408321
0.300251256814
0.300181193325
0.300146164646
0.300076113421
0.300041090874
0.300006070372
0.29995354345
0.299848503405
0.299813494144
0.299725979935
0.299673477542
0.299585983773
0.299533493644
0.299463513959
0.299428527182
0.29939354245
0.299306089561
0.299218649447
0.299166191511
0.29909625475
0.299026326166
0.298938926932
0.298869016744
0.298816589468
0.298764166791
0.298694277042
0.298641865096
0.298571989655
0.298502122391
0.298467191825
0.298397336824
0.298310029571
0.298240192967
0.298187820879
0.298117998582
0.298048184462
0.297978378518
0.297926029425
0.297838791157
0.297751565664
0.297699236501
0.297629471437
0.297559714549
0.297542276604
0.297489965837
0.297402791444
0.297367925264
0.297298199036
0.297263338988
0.297176197811
0.297123919236
0.297071645261
0.297001953781
0.296949690537
0.296862595349
0.296845177845
0.296792928398
0.296723269622
0.296671030906
0.296618796788
0.296514342351
0.296375098384
0.296322890328
0.296235887121
0.296166293753
0.296061919032
0.295992346105
0.295940171775
0.295888002044
0.295835836912
0.295748905245
0.295714136156
0.295644604108
0.295575080237
0.295522942699
0.295436057023
0.29536655768
0.295297066513
0.295210214052
0.295123374365
0.295036547454
0.294949733318
0.294880291207
0.294845573218
0.294776143371
0.294758787187
0.29468936756
0.294672013931
0.294602604524
0.294515854263
0.294411770813
0.294359735987
0.294273021496
0.294238339277
0.29416898097
0.29409963084
0.294047623608
0.293978287785
0.293908960139
0.293839640668
0.293753002828
0.293649054283
0.293562444547
0.293510484838
0.293475847587
0.293423895543
0.293320006785
0.293268068538
0.293233445595
0.293198824696
0.293112281391
0.29306036154
0.293008446288
0.292921931088
0.292835428663
0.292766235921
0.292697051355
0.292610582145
0.292558706752
0.292506835957
0.292472257982
0.292420394852
0.292333966523
0.292264833057
0.292212988323
0.292178427723
0.292109312653
0.292092035163
0.29204020576
0.291988380955
0.29195383364
0.291884745143
0.291815664821
0.291729325917
0.291660263992
0.291573948083
0.291487644949
0.29140135459
0.291280569549
0.291211560768
0.291177059443
0.291125311289
0.291073567734
0.291039074585
0.29097009442
0.290901122431
0.290849398805
0.290797679778
0.29074596535
0.290659784856
0.29064255029
0.290590849659
0.290521922638
0.290453003794
0.290366866735
0.290332415489
0.290263519128
0.290246296316
0.290177410175
0.290091313997
0.290056879102
0.289988015446
0.289936373069
0.289867523721
0.289747057034
0.28967823017
0.289609411481
0.289575005203
0.289506198779
0.289437400531
0.289334218488
0.289299828562
0.289231054842
0.289196671048
0.289127909592
0.289076343865
0.288956042233
0.288887309393
0.288835765128
0.288767046596
0.28869833624
0.288646808839
0.288595286036
0.288543767833
0.288406408441
0.288320575429
0.288269081754
0.288183269182
0.288131787771
0.288063153043
0.287960216281
0.287891601994
0.287788695893
0.287754397947
0.287685808187
0.287617226604
0.287548653197
0.287462948446
0.287394393435
0.287325846599
0.287240174553
0.287188777457
0.28712025515
0.287051741019
0.286966109852
0.286914737284
0.286846247681
0.286794885845
0.286760647175
0.286675059444
0.286640827928
0.286589484488
0.286538145646
0.286486811403
0.28645259113
0.286367049389
0.286281520423
0.286213106448
0.286178902527
0.286144700649
0.286042107281
0.285888251722
0.285854067219
0.285819884759
0.285751525973
0.285700262249
0.285580664777
0.285529416382
0.285426933391
0.285358621616
0.285290318018
0.285222022596
0.285187877951
0.285119594793
0.28505131981
0.284983053004
0.284914794374
0.284880668125
0.284829482584
0.284778301642
0.284744183569
0.284693010292
0.284641841614
0.284573623864
0.28450541429
0.284386067209
0.284351972642
0.284249701205
0.284198572386
0.284096329054
0.284045214031
0.283994103607
0.283891896557
0.283755649617
0.283687538155
0.283636459925
0.283602410326
0.283568362771
0.28353431726
0.283449212426
0.283381137757
0.283313071263
0.283262026759
0.283176962805
0.283125930564
0.283057894731
0.282938851696
0.282836834739
0.282700840744
0.282649851428
0.282598866711
0.282445940153
0.282377986591
0.282310040694
0.282225119821
0.282191155048
0.28210625206
0.282055316399
0.281919510453
0.281817677457
0.281749799012
0.281681928743
0.281631031407
0.281563175447
0.281495327662
0.281461406836
0.281427488054
0.281376613713
0.281240971288
0.281190113811
0.281122310994
0.281037568971
0.280952839724
0.280851181489
0.280817299499
0.280749541651
0.28069872863
0.280614050483
0.280546317163
0.280478592019
0.280427803526
0.28036009269
0.280292390031
0.280258541767
0.280207773203
0.280123169151
0.280021661151
0.279987829239
0.279903258402
0.27981870034
0.279751063088
0.279700340515
0.279683434013
0.279649622541
0.279615813113
0.27954820039
0.279446796634
0.279345411275
0.279311620243
0.279260937528
0.279193367729
0.279092028871
0.278990707898
0.27894005431
0.278838760931
0.278754363835
0.278686855356
0.278602481765
0.278518120439
0.278450640576
0.278383168889
0.278366302245
0.278298840778
0.278248250043
0.278180802884
0.278113363901
0.27806279003
0.277995365355
0.277961656083
0.277911096009
0.277826839438
0.277776291627
0.277708901701
0.277658364621
0.277607832141
0.277557304259
0.277489940905
0.277405748209
0.277355238724
0.277271066468
0.277237401143
0.277170076625
0.277119588601
0.277052278391
0.277001801099
0.276934505196
0.27686721747
0.27678311931
0.276749483623
0.276682218381
0.276648588825
0.276598148325
0.276514091045
0.276413239172
0.276379625969
0.276329209997
0.276295601904
0.276194789889
0.27614439078
