0.99945660861
0.998913364899
0.998370268868
0.997891189128
0.997348371082
0.996837618413
0.996422728194
0.995880311285
0.995401829417
0.995082905381
0.994636497578
0.994222065728
0.993839589901
0.993425324126
0.993011144711
0.992597052166
0.992278577811
0.991896476038
0.991514447849
0.991164319984
0.99081425395
0.990464249748
0.9900824975
0.989732622581
0.989382809494
0.989064851251
0.988778732523
0.988397305273
0.988015952117
0.987634672035
0.987316994844
0.986935849666
0.986650039073
0.98636426987
0.985983308653
0.985697636031
0.985412004799
0.98506295617
0.98474569289
0.984428480711
0.984111319631
0.98382591835
0.983540558461
0.983223540462
0.982906573563
0.982621347045
0.982304477237
0.981987658529
0.981670890921
0.981322505573
0.981164169037
0.980847534289
0.980594263284
0.980277720517
0.979992875717
0.979644788794
0.979328399328
0.979075324547
0.97879065451
0.978506025864
0.978189820359
0.977905279094
0.977589170679
0.977304716796
0.977051903648
0.976767527948
0.976514784296
0.97623048678
0.975914649196
0.975662015921
0.97540941535
0.975156847483
0.974999009173
0.974620252419
0.974336231355
0.974146906633
0.973894502287
0.973673675312
0.973452873375
0.973169021964
0.972979810684
0.972696028258
0.972506862969
0.972223149528
0.972097067951
0.972002512134
0.97178189978
0.971561312464
0.971309243335
0.971120212951
0.970899700752
0.970616221861
0.970458751473
0.970175336968
0.969891963855
0.969608632132
0.969388291631
0.969136504575
0.968884750223
0.968601565669
0.968318422506
0.968129683393
0.967972414851
0.967720811756
0.967437797366
0.967186263767
0.966934762872
0.966683294681
0.966463286842
0.966180456413
0.965866248925
0.965552092538
0.96530080422
0.965080953769
0.964829726772
0.964609929976
0.96439015822
0.964201802358
0.964013464892
0.963762376887
0.963542701711
0.963291675026
0.963009309097
0.96272698456
0.962538791196
0.962287895328
0.962099744889
0.961848906253
0.961598100321
0.961378671958
0.961159268634
0.960908552639
0.960720537104
0.960469878341
0.960250578751
0.960062627602
0.959843374513
0.959592830214
0.95934231862
0.95918576548
0.95893530703
0.958716182713
0.958434488241
0.958184127903
0.957965089435
0.957777362105
0.957558370138
0.957308124265
0.957057911095
0.95680773063
0.95658884955
0.956401257125
0.956182422547
0.955932356546
0.955651071386
0.955432322656
0.955213598965
0.954994900313
0.954744989657
0.95452634466
0.954307724703
0.954120356097
0.95390178264
0.953652015065
0.953402280193
0.953215000501
0.952965322862
0.952809290945
0.952528465687
0.952278877984
0.952029322985
0.95177980069
0.9515303111
0.951280854724
0.951031430542
0.950844383867
0.950595016917
0.950408013166
0.950221027812
0.950002901482
0.949815955986
0.949629028886
0.949473270355
0.949255229874
0.949006071412
0.948756945655
0.948538987445
0.948289923008
0.948040891275
0.947760769667
0.947511807431
0.947262877898
0.946982871777
0.946671802353
0.946454083803
0.946205293263
0.945956535427
0.945707810296
0.945583459994
0.945428033614
0.945241538822
0.945023984814
0.94483752988
0.944588951917
0.944371473027
0.944216146293
0.94396765009
0.94375024274
0.943501807858
0.94325340568
0.943036080601
0.942818780562
0.942632543314
0.942446324463
0.942260124008
0.942042913394
0.941794703352
0.941577546393
0.941391431786
0.941143307593
0.94095723591
0.940740175531
0.940523140191
0.940368130278
0.940120140989
0.939872184404
0.939717228147
0.939500310848
0.93934538525
0.939159491396
0.93891166154
0.93872581061
0.938509007776
0.938354163938
0.938137404028
0.937951629748
0.937703959325
0.937456321606
0.937177768263
0.936899256312
0.936713604673
0.936497034344
0.936280489055
0.936002110475
0.93581654775
0.935631003422
0.935383639599
0.935136308481
0.934889010067
0.934672650783
0.934425413689
0.9341782093
0.933931037614
0.93365300856
0.933436792356
0.933189718783
0.933035314407
0.932757418724
0.932541306254
0.932325218822
0.932078292418
0.931831398717
0.931677106762
0.931491973279
0.931276007466
0.931090913841
0.930874994529
0.930659100257
0.930504905392
0.930289054043
0.930073227734
0.929826599755
0.929641650232
0.92942589904
0.929179356909
0.929025284685
0.928809605033
0.928655563469
0.928470730455
0.92825511519
0.928101119616
0.927947136817
0.92773158236
0.927516052943
0.927269764269
0.927085069226
0.926838837784
0.926654185665
0.926531094472
0.926315704559
0.926069575317
0.925823479291
0.92563892835
0.92542364217
0.925208381029
0.924993144927
0.924777933864
0.924593487167
0.924409058867
0.92425538267
0.924132450909
0.923948068599
0.923732979155
0.923517914749
0.923302875383
0.923087861056
0.922842161056
0.922627200384
0.922504376957
0.92235085917
0.922166654688
0.922013165006
0.921890382459
0.921644841892
0.921460707929
0.921245908222
0.921031133555
0.920847060912
0.920663006665
0.920478970815
0.92029495336
0.92008028958
0.919896311984
0.919712352783
0.919467102466
0.919252535265
0.919037993104
0.918823475982
0.918639624092
0.918425153471
0.918210707889
0.917996287346
0.917781891842
0.917598144197
0.917414414947
0.917200087407
0.916985784905
0.916771507443
0.916587860976
0.916373630015
0.916190023406
0.91594524321
0.915761679525
0.91560872384
0.915394607343
0.915180515886
0.914997028851
0.914752408088
0.914538391748
0.914324400447
0.914140999261
0.913896492962
0.9137131347
0.913529794834
0.913285370295
0.913071525652
0.912827162434
0.91267445203
0.912521754401
0.912369069547
0.912155332214
0.91194161992
0.911727932665
0.911514270449
0.911392188997
0.911209082148
0.910995480741
0.91081241375
0.91069037931
0.910507342979
0.910293823844
0.910080329748
0.909866861202
0.909653417184
0.909470485097
0.909287571407
0.909074195352
0.908830367664
0.908617045265
0.908373278897
0.908190475583
0.908038153541
0.907916305105
0.907703090016
0.907520354155
0.907337636689
0.907124489563
0.906911367477
0.906667830038
0.906454761606
0.906241718214
0.905998270711
0.905785280974
0.905633160778
0.905420213965
0.905207292191
0.905024807742
0.904781524271
0.904659894545
0.904477465284
0.904234254887
0.904021472616
0.90386950061
0.90371754138
0.903565594924
0.90338327604
0.903170593926
0.902957936851
0.902745304815
0.902532697819
0.902320115861
0.902168286936
0.902016470786
0.901864667411
0.901621808582
0.901439685923
0.901227232738
0.901014804592
0.900832743253
0.900681039524
0.900529348569
0.900347336286
0.900195673437
0.900044023362
0.89983173472
0.899649792955
0.899437550814
0.899225333712
0.899013141649
0.898800974625
0.898679747568
0.898528225244
0.898316115452
0.898134326988
0.897922263698
0.897710225447
0.897589071974
0.89743764163
0.897225660611
0.897074260927
0.896862322832
0.896680681537
0.896499058638
0.896317454135
0.896105605465
0.895924040821
0.895712238652
0.895500461523
0.895288709433
0.895046737704
0.894895521981
0.894714079977
0.894502420889
0.89429078684
0.89407917783
0.89386759386
0.8936862561
0.893504936736
0.893323635768
0.893112141223
0.892930880113
0.892779843241
0.892598615858
0.892357007963
0.892145627882
0.89199465744
0.891813509773
0.891572008166
0.891360721088
0.891179637807
0.890968397229
0.890787353807
0.890576159731
0.890455488644
0.890274497343
0.890063364076
0.889822099574
0.889671325868
0.889520564937
0.889309521096
0.889098502294
0.888917648964
0.888706676662
0.888525863191
0.888345068115
0.888164291435
0.887983533151
0.887802793264
0.887591953312
0.887351024028
0.887200459832
0.886989691421
0.886778948049
0.886568229716
0.886417731951
0.886267246961
0.886116774746
0.885996406172
0.885785780841
0.88557518055
0.885394685943
0.885154055084
0.88494352991
0.884733029774
0.884522554678
0.884432358731
0.884221919405
0.884041562769
0.883891279625
0.883710956715
0.883530652201
0.883350366083
0.883170098361
0.88295980927
0.88271950954
0.882539306204
0.882269035694
0.882028829988
0.881848697171
0.88166858275
0.881488486725
0.881278397947
0.88109834178
0.880888299502
0.880708283194
0.880558283656
0.880378301073
0.880198336887
0.880018391096
0.879808477591
0.879598589125
0.879388725699
0.879208862691
0.878999045765
0.878819222615
0.878609452191
0.878429668899
0.87818998646
0.878040201543
0.877920382807
0.877710719693
0.877531028382
0.877321411769
0.877141760316
0.876992064824
0.876842382107
0.876692712165
0.876483195709
0.876303630104
0.876154006153
0.876004394976
0.875824878428
0.875675295356
0.875465900518
0.875286439158
0.875106996193
0.874897669319
0.874778065204
0.874568777677
0.874508985839
0.874359515188
0.874210057313
0.874030724725
0.873821526623
0.873642233893
0.873433082292
0.87322395573
0.873014854208
0.872805777724
0.872656452709
0.872507140468
0.872357841003
0.872208554313
0.872059280398
0.871910019258
0.871730922753
0.871581689718
0.871432469458
0.871253422009
0.871104229854
0.870955050475
0.87080588387
0.870626900807
0.870537416175
0.870328636583
0.870119882031
0.870000604957
0.869851520113
0.869672635163
0.869523578424
0.8693447272
0.869195698565
0.86898707994
0.868778486353
0.868629506264
0.868510331391
0.868391164694
0.86824221782
0.868033713659
0.867855015735
0.867676336208
0.867497675077
0.867289260341
0.867051102731
0.866842741651
0.866664166368
0.866455851788
0.866336826128
0.866128550895
0.865950049197
0.865831058284
0.865652587246
0.865474134603
0.865265963104
0.86508755032
0.864909155932
0.864701052396
0.864522697866
0.864344361732
0.86419576234
0.864047175722
0.86389860188
0.863720330132
0.863571784395
0.863423251433
0.863274731246
0.863096523884
0.862918334919
0.862799552495
0.86262139419
0.862443254281
0.862235447637
0.862057347586
0.861879265931
0.861701202672
0.861582504053
0.861434142277
0.861285793275
0.861078126646
0.860929808305
0.860751843159
0.860544240405
0.86033666269
0.860099461677
0.859921582378
0.859743721476
0.85956587897
0.859417690935
0.859239882155
0.859032461829
0.858854692907
0.858676942381
0.858499210252
0.858291879351
0.85811418708
0.857936513204
0.857758857725
0.85755161625
0.857344399814
0.857196403404
0.856989229892
0.856841264142
0.856634133554
0.856427028005
0.85619036661
0.855953737919
0.855805861594
0.855687569732
0.855480578648
0.855273612603
0.855125795044
0.854918871923
0.854741529177
0.854534652557
0.854327800976
0.854120974435
0.854032342153
0.853855091388
0.853677859018
0.853471111171
0.853264388363
0.853057690594
0.852880541006
0.852703409815
0.85252629702
0.852349203132
0.852083596026
0.851877041338
0.851759021329
0.851582006646
0.851434508463
0.851228032469
0.851021581514
0.850933110198
0.850756181364
0.850579270926
0.850372898665
0.850196028085
0.850019175901
0.849812871603
0.849636059277
0.849429801481
0.849223568724
0.849017361006
0.848811178327
0.848634470245
0.84845778056
0.848251665844
0.848075016017
0.847868947802
0.847662904627
0.84748631612
0.847309746009
0.847162618302
0.846927240544
0.846750728687
0.846574235226
0.846397760162
0.846221303493
0.846044865221
0.845868445345
0.845721442834
0.845574453098
0.845368688929
0.8451629498
0.844986621904
0.844810312404
0.8446340213
0.844428371596
0.844252120351
0.844105258365
0.843929040846
0.843752841722
0.84363538586
0.84348857753
0.843312424396
0.843106935658
0.843018876721
0.842813423753
0.842637341138
0.842490619678
0.842373251708
0.842167877434
0.842021196854
0.841815865505
0.841610559194
0.841434602286
0.841258663773
0.841053425426
0.840877526772
0.840730958613
0.84049647613
0.84032063573
0.840174116116
0.839998309442
0.839793224906
0.839646751282
0.839500290433
0.839353842359
0.839148836518
0.838973137155
0.838826735071
0.838651069434
0.838446149952
0.838241254998
0.838065650681
0.837948591356
0.837773017699
0.837568205016
0.837421925573
0.837246407104
0.837070907032
0.836895425355
0.836749204677
0.836632237333
0.83648603965
0.836339854742
0.836135217333
0.835959833769
0.835755242861
0.835638345013
0.835492234201
0.835316918089
0.835141620373
0.834966341053
0.83479108013
0.834645043412
0.834469816215
0.834353008303
0.834207009911
0.834061024294
0.833885858417
0.833710710935
0.83353558185
0.833360471161
0.833214559639
0.833068660893
0.832806076875
0.832601872796
0.832456027704
0.832281030458
0.832106051607
0.831960249951
0.831785304826
0.831610378098
0.831464619877
0.831289726874
0.831114852268
0.830910855145
0.830765158244
0.830590338826
0.830415537804
0.830240755178
0.830095117043
0.829920368143
0.829745637639
0.829570925532
0.82936711799
0.829192445741
0.828988684701
0.82884315643
0.828668539369
0.828581237737
0.828435745237
0.828290265512
0.828086615359
0.827970255085
0.82776664428
0.82762122332
0.827446735031
0.827243188612
0.827068740181
0.826894310147
0.826690831691
0.826487378785
0.826283950406
0.826138659752
0.82596432783
0.825790014304
0.825586671775
0.825412398107
0.825209102078
0.825034868269
0.82488968748
0.824715487396
0.824570334713
0.824396168355
0.824251043777
0.824076911145
0.82387377966
0.823728701071
0.823612647399
0.823467591805
0.823293541956
0.823148514468
0.822974498345
0.822771502786
0.822626521288
0.822423568653
0.822249629692
0.822046723558
0.821843842463
0.821698942725
0.821496104554
0.821351235477
0.821206379174
0.821061535647
0.82085877617
0.820713963303
0.820540204725
0.820337509635
0.820192742758
0.820047988656
0.819874300597
0.8197295746
0.819526979666
0.819382284329
0.819208666788
0.819063999556
0.818890415741
0.818745776614
0.818601150263
0.818427615504
0.818225181536
0.818051686635
0.817878210131
0.817675844126
0.81747350316
0.817300087976
0.817155589375
0.817011103549
0.81683773742
0.8166932797
0.816577722721
0.816375517682
0.816202219006
0.816000060468
0.815884552545
0.815682433355
0.815566947916
0.815393735089
0.815220540657
0.815047364622
0.814874206982
0.814643358746
0.814470244031
0.814325995821
0.814152914832
0.813979852239
0.813835647464
0.813662618597
0.813489608126
0.813316616563
0.813143642884
0.812941863509
0.812826572252
0.812624832225
0.81245193213
0.812279050432
0.81210618713
0.811904536528
0.811731713084
0.811530108983
0.811328529921
0.811213353128
0.811098184511
0.810925446915
0.810723942971
0.810608809102
0.810436123629
0.810263456551
0.810119581373
0.809975718969
0.809831869341
0.809630501323
0.809457920094
0.809314116455
0.809170325592
0.808997793419
0.808796529135
0.80862403682
0.808451562902
0.808336590509
0.808164147251
0.807991722388
0.807790583299
0.807618198295
0.807445831687
0.807273483475
0.807129874017
0.806957559531
0.806756549215
0.806584274587
0.806412018355
0.806297191088
0.806182371996
0.80606756108
0.805837963777
0.80569448207
0.805551013138
0.805407556981
0.805206739823
0.80503463076
0.804891220593
0.804747823202
0.804575763195
0.80437504977
0.804231698369
0.80405969355
0.803887707127
0.803744399161
0.80360110397
0.803429166603
0.803285899517
0.803142645206
0.802970756896
0.80282753069
0.802684317259
0.802512478005
0.802312022126
0.802111591285
0.801939813352
0.801710804723
0.801567690937
0.80136735361
0.801224270485
0.801109813183
0.800938142559
0.800823705697
0.800680671117
0.800480444166
0.800308840995
0.80013725622
0.79999428296
0.799822731911
0.799651199258
0.799536854377
0.799393934772
0.799251027942
0.799108133887
0.798908103673
0.798765240278
0.798593821068
0.798479551814
0.798308163264
0.798165353525
0.797993998701
0.797851217066
0.797737000957
0.797594242318
0.797480044605
0.797308763365
0.797108958502
0.79693771712
0.796823566419
0.796652355698
0.796509694149
0.796338517153
0.796167358554
0.795967696772
0.795796578031
0.795625477686
0.795454395737
0.795283332184
0.795169300035
0.795055276062
0.794884255434
0.794684754617
0.794570765393
0.794456784344
0.794285828102
0.794114890255
0.793972456103
0.793773069751
0.793602187092
0.79345979893
0.793317423542
0.79314658994
0.793032711092
0.792890374029
0.792776513578
0.79263419951
0.792463439492
0.79232115353
0.792150427238
0.792036619931
0.791894372294
0.791723691992
0.791553030087
0.791382386577
0.791154890514
0.791069587922
0.790898996535
0.790756851099
0.790671569969
0.790501021506
0.790330491439
0.790188397102
0.790074730831
0.789989486493
0.789819011615
0.789733781074
0.789591740393
0.789421308438
0.78925089488
0.789080499717
0.788910122951
0.788768156365
0.788654592294
0.788484261518
0.788370717888
0.788200417772
0.788001757554
0.787859872728
0.787718000677
0.78754777108
0.787377559878
0.787207367073
0.787037192663
0.78686703665
0.786753609528
0.786611837122
0.786498428396
0.786328330637
0.786158251274
0.786044875252
0.785874826549
0.785704796242
0.785563118372
0.785421453277
0.785251472027
0.785081509172
0.784911564714
0.784769958384
0.78462836483
0.784458469427
0.784345216046
0.78423197084
0.784090425831
0.783920588683
0.783807374138
0.783665867453
0.783496076295
0.783326303534
0.783156549168
0.782986813198
0.782873666105
0.782760527188
0.782590834142
0.782477715665
0.782364605364
0.782194955243
0.782025323518
0.781827443089
0.781686115256
0.781516538718
0.781346980577
0.781205696179
0.781092677859
0.780923165708
0.780725424782
0.78055595249
0.780386498593
0.780217063093
0.780047645988
0.77985001595
0.779708866968
0.779595956979
0.779454830992
0.779313717779
0.779172617342
0.779031529679
0.778834028414
0.778749392679
0.778580135008
0.77846730678
0.778326282993
0.778128871153
0.777987878025
0.77779050911
0.777621355682
0.777452220651
0.777283104016
0.777114005776
0.776944925933
0.776775864486
0.776634994
0.776465966279
0.776296956954
0.776127966025
0.775930833192
0.775761882122
0.775592949447
0.775424035169
0.775226991761
0.7750862618
0.774973687029
0.774776700854
0.774636011773
0.774523469707
0.774354671937
0.774214021181
0.774045257137
0.773904634486
0.773792145564
0.77362342751
0.773426613032
0.773229823592
0.773089275037
0.772892528521
0.772780113183
0.772611505506
0.772442916225
0.772330533591
0.77216197497
0.771993434745
0.77185299861
0.77171257525
0.771544084081
0.771431766856
0.771235231384
0.771094864234
0.770870306433
0.770729972499
0.77064577827
0.770449342955
0.770337105445
0.770196820056
0.770028494452
0.769860187244
0.769691898432
0.769551671808
0.769355375996
0.769243218203
0.769103032459
0.76893482643
0.768766638796
0.768626496488
0.768514391839
0.768402295366
0.768262186272
0.768094072223
0.76792597657
0.767785910911
0.767617848984
0.767449805453
0.767281780319
0.767169773782
0.767057775421
0.766917788968
0.766693837216
0.766553883978
0.766357970906
0.766218048329
0.766078138526
0.765910263626
0.765770381928
0.765602540754
0.765406749301
0.765294879713
0.765099127608
0.764987280504
0.764819525178
0.764679743126
0.764512021526
0.764344318322
0.764176633515
0.76398102449
0.763729563965
0.763561946609
0.763450211926
0.763282625231
0.763115056932
0.762947507029
0.762779975522
0.762612462411
0.762444967696
0.762277491377
0.762110033455
0.761914689129
0.761719369842
0.761524076106
0.761384595545
0.761189344221
0.761022005873
0.760854685921
0.760659503072
0.760492222978
0.76032496128
0.760213463702
0.760046232664
0.759934755526
0.7597954206
0.759628235552
0.759461068901
0.759349634687
0.759182498695
0.759071084921
0.758931829201
0.758792586256
0.758653356086
0.758514138691
0.75834709468
0.758180069065
0.758040895105
0.757929565135
0.75779041417
0.757623449876
0.757428681449
0.757150484275
0.756983590499
0.756816715119
0.756677666354
0.7565108247
0.756371804041
0.756204996113
0.756066003559
0.755871435445
0.75567689237
0.755510161093
0.755343448211
0.755176753725
0.755010077636
0.754898970463
0.754787871466
0.754649009217
0.754482391382
0.754315791943
0.7541492109
0.754010407416
0.753843860099
0.753649578147
0.753566322118
0.75342757229
0.753261089359
0.753094624824
0.752983658688
0.752817224813
0.752706279117
0.752512143822
0.75234576207
0.752207124662
0.752096223934
0.751874447006
0.751708135772
0.751541842934
0.751375568492
0.751209312446
0.75101537031
0.750849154122
0.750655258487
0.750516776935
0.750378308158
0.750239852156
0.750101408929
0.749962978477
0.7498245608
0.749630798026
0.749492411009
0.749326363452
0.749188004541
0.74902199071
0.748883659903
0.748773004456
0.748690018236
0.748524059594
0.748302810019
0.748192197496
0.74805394334
0.747860410517
0.747694543854
0.747501055999
0.747335229195
0.747197054244
0.747031261166
0.746865486484
0.746727354968
0.746589236228
0.746340655199
0.746202572228
0.746064502033
0.745981666048
0.745843616292
0.745677973449
0.745484746715
0.745374342681
0.745236349136
0.745125963498
0.744987992948
0.744932808305
0.744822445151
0.744684502706
0.744518988635
0.744325912136
0.744243172731
0.744105283941
0.743939834256
0.743746832875
0.743608990075
0.743416031618
0.743333342801
0.743195538327
0.743085303945
0.742947522466
0.742809753762
0.74264444818
0.742506707581
0.742396524299
0.742286349194
0.742176182265
0.742038485101
0.741873265367
0.741735596308
0.741542881088
0.741405242689
0.741295141168
0.741157525765
0.74104744264
0.740909850231
0.740799785502
0.740662216089
0.740524659451
0.740387115587
0.740277089695
0.740167071978
0.740057062437
0.739919562009
0.739754578358
0.739644599478
0.739479646487
0.739369688047
0.73917728045
0.739012379581
0.738874976244
0.738737585681
0.738627682429
0.738462842881
0.738352960069
0.738243085432
0.738105753635
0.738023360688
0.737803668649
0.737611464941
0.737501645494
0.737364382681
0.73719968417
0.737089895382
0.736952670895
0.736842900503
0.736678260246
0.736541074084
0.736403900697
0.736239309496
0.736129592248
0.736019883177
0.735910182282
0.73577306766
0.735608546977
0.73544404469
0.735361800445
0.735197325753
0.735032869456
0.734895836595
0.734758816508
0.734594409779
0.734457417798
0.734347833411
0.734210864425
0.734073908214
0.733909577624
0.733772649518
0.733608352654
0.73352621112
0.73341669623
0.733307189515
0.733170317619
0.733033458499
0.732896612153
0.732732413402
0.732568233046
0.732458789696
0.732239927523
0.732075802356
0.731911695585
0.731747607209
0.731638225179
0.731501509139
0.731364805874
0.731228115384
0.731064103659
0.730900110331
0.730790791665
0.730708808031
0.730599503673
0.730462884723
0.730298958847
0.730135051366
0.730025789933
0.729861913113
0.729779981601
0.729643439302
0.729479605405
0.729315789905
0.729151992801
0.728988214093
0.728797162185
0.728633423335
0.728496988346
0.728415133485
0.728306000823
0.728142317162
0.728005928163
0.727869551939
0.727733188491
0.727596837817
0.727460499919
0.727296911303
0.727215123894
0.72710608117
0.726942532413
0.72675174878
0.726615490087
0.726451996518
0.726288521345
0.726125064569
0.725988864641
0.725879913896
0.725770971328
0.725634804615
0.725471421423
0.725335282815
0.725199156982
0.725063043924
0.724899725118
0.724736424708
0.724627567988
0.724491508586
0.724382670262
0.724219428106
0.724056204346
0.723920198599
0.723729812015
0.723566643444
0.723430683687
0.723267548841
0.723131617189
0.72296851607
0.722778254682
0.72264236902
0.722479323089
0.722289126086
0.722071788744
0.72190880771
0.721773003809
0.72161005599
0.721447126568
0.721284215541
0.721148470405
0.721012738044
0.720877018458
0.720741311647
0.720551343573
0.720415667422
0.720280004047
0.720144353446
0.719981589588
0.719818844126
0.719710357371
0.719628997671
0.719466292067
0.71930360486
0.719168046239
0.719005392758
0.718842757673
0.718707242487
0.718571740077
0.718409154048
0.718273679743
0.71811112744
0.717921506337
0.717813162663
0.717704827165
0.717515259717
0.717325717308
0.717163272316
0.716946707608
0.716811371274
0.716676047714
0.716513676306
0.716351323294
0.716188988678
0.716053723883
0.715864374633
0.715702095205
0.715539834174
0.715377591538
0.715134262077
0.714999096928
0.714863944554
0.714728804955
0.7145666543
0.714458564083
0.714323462809
0.714134342488
0.713972259285
0.713864214036
0.713702161493
0.713594136684
0.713432114801
0.713270111315
0.713135122461
0.713027140577
0.712892174719
0.712730232552
0.712568308782
0.71251433828
0.712433386359
0.712325457618
0.712163579838
0.71202869574
0.711866851686
0.711678056873
0.711570185365
0.7113814299
0.711246619897
0.711084864758
0.710923128014
0.710815313738
0.710653607654
0.710491919967
0.710357194279
0.710249422928
0.71008778123
0.709953093868
0.709818419281
0.70965682664
0.709522180158
0.709387546452
0.709226002867
0.709091397265
0.708929887406
0.70879530991
0.708633833777
0.70847237604
0.708310936699
0.708176417968
0.708015012354
0.707853625135
0.707665363298
0.707530905887
0.707396461251
0.70723514455
0.707073846246
0.706912566338
0.706751304827
0.706590061711
0.7064557065
0.706267630667
0.70610644274
0.705945273208
0.705784122073
0.705649843512
0.705488726103
0.70532762709
0.705193391964
0.705032326677
0.704924960039
0.704763925412
0.704602909181
0.704441911346
0.704280931908
0.704119970865
0.703959028218
0.703798103968
0.703637198113
0.703503123954
0.703369062569
0.70323501396
0.703100978125
0.702940151987
0.702806144258
0.702698947273
0.702538167125
0.702377405373
0.702216662017
0.702055937057
0.701948797304
0.701788103004
0.70165420514
0.701493544567
0.701386447738
0.701252588199
0.701145509766
0.701011673223
0.700904613186
0.700744038461
0.700583482132
0.700449699243
0.70031592913
0.700155421857
0.700021679849
0.699861206302
0.699727492399
0.699593791271
0.699460102918
0.69932642734
0.699192764537
0.699032386037
0.698925477257
0.698845301037
0.698711684224
0.698604799972
0.698444488924
0.698310910436
0.698097212962
0.697963667689
0.697830135192
0.697696615469
0.69758980889
0.697456312162
0.697376220258
0.697269438206
0.697082589289
0.696949141107
0.696789020152
0.696655600075
0.696548873212
0.69641547613
0.696282091823
0.696122047518
0.695962021609
0.695802014096
0.695722017238
0.695588699362
0.69545539426
0.695322101934
0.695162168516
0.695028904295
0.694869004092
0.694709122286
0.694549258876
0.694442693489
0.694336136278
0.694202951262
0.694096412447
0.693989881808
0.69383010118
0.693670338949
0.693563841014
0.693483972929
0.693350869673
0.693191162629
0.693111316006
0.69297824852
0.692818584401
0.692712151874
0.692552518415
0.692392903352
0.692286503529
0.692180111883
0.692073728413
0.691940760573
0.691834395499
0.691674863218
0.691541933703
0.691435599289
0.691355853844
0.691196376751
0.691036918055
0.69090404986
0.69077119444
0.6906117848
0.690532086878
0.690399267228
0.690266460354
0.690133666255
0.689974330198
0.689841564204
0.689708810985
0.689549523985
0.689443342871
0.689284086531
0.689124848588
0.689018700178
0.688859492895
0.688700304007
0.688567660653
0.688408505492
0.688249368726
0.688090250357
0.687957665768
0.687851607295
0.687719045702
0.687559988653
0.68745396084
0.687321437572
0.687215428155
0.687082927882
0.686950440384
0.686817965661
0.68671199508
0.686553054539
0.686420618141
0.686261711327
0.686102822908
0.685917476338
0.685758627777
0.685679210396
0.685546858313
0.685388052677
0.685255728699
0.685096956789
0.684991119069
0.684832377819
0.68472656054
0.684620751436
0.684488501554
0.684356264446
0.684250483959
0.684118269846
0.683933191552
0.683774572942
0.683695270536
0.683563110079
0.683404534394
0.68332525345
0.683219552678
0.683140282465
0.683008175664
0.682849664365
0.682717585668
0.682559108095
0.682400648919
0.682242208649
0.682162995157
0.682030982891
0.6818989834
0.681793393005
0.681661416509
0.681476670876
0.68134472504
0.681239177569
0.681080871693
0.680896204755
0.680737938737
0.680632438278
0.680526945996
0.68039509214
0.680236884376
0.680105058626
0.679920524037
0.679788728947
0.679709658024
0.679551529977
0.679419770657
0.679261676335
0.67912994512
0.67899822668
0.678813842326
0.678655818523
0.678497813116
0.678366155996
0.678234511651
0.678102880081
0.677971261287
0.677865975449
0.677734379649
0.677602796625
0.677444913858
0.677365979374
0.677287049488
0.677129203514
0.676971375935
0.67686616777
0.676734669061
0.676603183126
0.676471709967
0.676340249583
0.676235090474
0.676156226508
0.675998513905
0.675840818165
0.675735697892
0.675604309048
0.675472932979
0.67531529856
0.675183950596
0.675026349903
0.674895030044
0.674737463077
0.674606171324
0.674448638083
0.674317374434
0.674186123561
0.674054885463
0.67392366014
0.673739966149
0.673608771486
0.673530060821
0.67342512042
0.673320188196
0.673215264148
0.673084120585
0.672979214932
0.672848094365
0.672690766546
0.672559674084
0.672402379992
0.672245104296
0.672087846996
0.671956813298
0.671773388095
0.671642385058
0.671485198276
0.671380417308
0.671223261187
0.671118500659
0.670987561497
0.670909004132
0.670751903199
0.670620999807
0.67049010919
0.670359231348
0.670228366281
0.670071345064
0.669992841354
0.669835847732
0.669757357819
0.669626551517
0.669495757991
0.669391132368
0.669312668516
0.669155754609
0.669077304554
0.668920418753
0.668841982495
0.668711265619
0.668580561518
0.668476007435
0.668345326329
0.668214657998
0.668084002442
0.667953359661
0.667796605188
0.667718234849
0.66763986911
0.667535388611
0.667457033603
0.667300337383
0.667221996172
0.667065327546
0.666934784411
0.66680425405
0.666647634481
0.666517132226
0.666412739619
0.66625616604
0.666099610857
0.665995250955
0.665838726432
0.665708303382
0.665577893107
0.66542141764
0.665317110882
0.665186738933
0.665056379758
0.664899965611
0.664743569861
0.664639316247
0.664509010728
0.66440477551
0.664274492986
0.664144223236
0.664040016635
0.663935818209
0.663805581675
0.663675357916
0.663545146932
0.663414948723
0.663310799354
0.66315459063
0.663024430746
0.662894283637
0.662686074835
0.662529939695
0.662373822952
0.662243739718
0.66211366926
0.661983611576
0.661853566668
0.661671525258
0.66154151101
0.661411509537
0.661333514785
0.661203533751
0.661073565493
0.660917620446
0.660787680293
0.660631768973
0.660501856925
0.66032000152
0.660216095388
0.66008622422
0.659930395682
0.65982652021
0.659696687367
0.659566867299
0.659488981391
0.659385140667
0.659281308119
0.659099620834
0.659021762519
0.658892008882
0.65873632138
0.658580652274
0.658425001565
0.658295306693
0.658113755334
0.657984091122
0.657880368951
0.657724801023
0.657621099292
0.657517405737
0.657361880734
0.657258207618
0.657102713275
0.657024973002
0.656843596917
0.656714057901
0.656584531659
0.656480919864
0.656325517502
0.656170133535
0.656066554444
0.655937092078
0.655833531383
0.655729978864
0.655600549713
0.655497015591
0.655341729737
0.655186462279
0.655057086783
0.654953595584
0.654798374116
0.654669036946
0.65453971255
0.65441040093
0.654281102084
0.654125960333
0.653970836977
0.653815732018
0.653686491938
0.653479734381
0.653350527516
0.653247171222
0.653117987352
0.653014649454
0.652859657937
0.652730512392
0.652627205154
0.652498082605
0.652343152408
0.652188240607
0.652033347203
0.651930095153
0.651801041589
0.651646194174
0.651568777366
0.651439759571
0.651310754552
0.651181762308
0.651026988478
0.650898024339
0.650794862225
0.650691708288
0.650562777364
0.650433859215
0.650279174299
0.650176061242
0.650047181418
0.64991831437
0.649737921963
0.649609085575
0.649480261961
0.649351451123
0.649222653059
0.649093867771
0.648939342799
0.648810585615
0.648656093858
0.64852736478
0.648398648477
0.648321424827
0.648166992857
0.648064047409
0.647961110137
0.647883912548
0.647729531167
0.647575168183
0.647446546415
0.647317937422
0.647189341205
0.647086473429
0.646906474494
0.646752209622
0.646623669615
0.646495142382
0.646366627925
0.646238126242
0.646135334095
0.645981161203
0.645852697846
0.645724247264
0.645570123428
0.645441700951
0.645313291249
0.645210572686
0.645107862298
0.644953812047
0.64482545089
0.644671434365
0.644568766902
0.644440444071
0.644286473536
0.644132521397
0.644055552226
0.643927280495
0.643824672308
0.643696423571
0.643542541951
0.643465608039
0.643363036644
0.643234833898
0.643081007466
0.642952832825
0.642875934172
0.642747779971
0.642645265809
0.642568385552
0.642465885697
0.642312151245
0.642132817636
0.642030352529
0.641927895599
0.641774225533
0.641620573863
0.641492544858
0.641338926914
0.641185327367
0.641082937889
0.640929369002
0.640801408981
0.640699050163
0.640519941905
0.640417605571
0.6402641164
0.640085068952
0.639931619639
0.639778188722
0.639650343677
0.639548077351
0.639420255301
0.639292446027
0.639164649527
0.639011310591
0.638883542196
0.638781336679
0.638628043733
0.638474769183
0.638321513029
0.63819381362
0.63809166329
0.637963986876
0.63788738716
0.637759731186
0.637632087987
0.637529982626
0.637402362422
0.637300275457
0.63714716034
0.637045093815
0.636917522156
0.636840985293
0.636738943296
0.636662417164
0.636560389475
0.636432866362
0.636305356024
0.63617785846
0.636050373672
0.635922901659
0.635871916431
0.635769952106
0.635667995958
0.63554056227
0.635438624517
0.635311213824
0.635183815906
0.635030955268
0.634954531847
0.634852641107
0.634725289179
0.634597950027
0.634445159906
0.634317848859
0.634190550586
0.634037809522
0.633885086855
0.633783281963
0.633656037345
0.633503360668
0.633376144156
0.633198062501
0.633070876649
0.632943703571
0.632841974308
0.632714824226
0.632587686919
0.632460562387
0.6323842938
0.632231770423
0.632079265442
0.631977605675
0.631850542463
0.631723492027
0.631647267897
0.631545642878
0.631444026035
0.631342417368
0.631240816876
0.631164621874
0.631012245665
0.630910671746
0.630809106003
0.630656772719
0.630555227416
0.63037754281
0.630301399929
0.630199883242
0.630047623542
0.629946127296
0.629844639225
0.629717790634
0.62961632096
0.629514859461
0.629311960993
0.629210524022
0.629083739307
0.628956967366
0.628880910334
0.628779508112
0.628678114066
0.628576728195
0.628450007355
0.62832329929
0.628196604
0.628069921485
0.627943251745
0.62781659478
0.627664623285
0.627512670186
0.627386056656
0.627259455902
0.627132867922
0.627006292717
0.626930353727
0.626854419335
0.626829108893
0.626677256973
0.626550727758
0.626424211319
0.626272408454
0.62614592012
0.626019444561
0.625892981777
0.625791820747
0.625715955341
0.625640094534
0.625513670075
0.625387258391
0.625286138241
0.625159749553
0.625033373639
0.6249070105
0.624780660136
0.624654322548
0.624527997734
0.624401685695
0.624250128112
0.624149099943
0.62399757302
0.623896565292
0.62382081486
0.623694574362
0.623568346639
0.623442131691
0.62334116893
0.623240214346
0.623139267937
0.622987863655
0.622861707472
0.622735564064
0.622584208837
0.622407650991
0.622281553573
0.622180684837
0.622054610925
0.621953760585
0.621827709157
0.621752084433
0.621626053445
0.621500035233
0.621399229861
0.621273234644
0.621122057246
0.620970898755
0.620870136308
0.620744194746
0.620643450694
0.620492349947
0.620341267595
0.620265733318
0.620139853076
0.620013985609
0.619913300834
0.619787456362
0.619661624666
0.619535805744
0.619384839901
0.619259049085
0.619183580727
0.619082963404
0.618982354257
0.61885660432
0.618730867159
0.618630286628
0.618479431162
0.618353732325
0.618228046264
0.618127506614
0.618052107241
0.617901322293
0.617775682222
0.617675179363
0.617624931
0.617449077825
0.617323483744
0.617197902438
0.617072333908
0.616971888281
0.616846342746
0.616745915515
0.616670600458
0.616519984141
0.616419583482
0.616294094157
0.616193711895
0.616093337809
0.615967881699
0.615842438363
0.615742092893
0.615591590018
0.615466185008
0.615390948134
0.615290639457
0.61514019177
0.61501483275
0.614914554732
0.614764153036
0.614688959086
0.61458870764
0.614463404831
0.614313059855
0.61421283907
0.614137678846
0.614012422027
0.613912225769
0.613761946713
0.613686814083
0.613586644398
0.613461443789
0.6133612925
0.613236114886
0.613110950047
0.612985797983
0.612885685529
0.612810606555
0.61271050841
0.612585397226
0.612460298818
0.612335213184
0.612185127287
0.612085080242
0.611935025004
0.611809993026
0.611684973823
0.611609968432
0.611484969669
0.611384979856
0.61128499822
0.611210017358
0.611085059475
0.610960114367
0.610835182034
0.610735245365
0.610660298229
0.610560375869
0.610385531923
0.610235685175
0.610135797562
0.610035918126
0.609911080328
0.609811219288
0.609686404486
0.609561602458
0.609436813206
0.609287082966
0.609187273026
0.609037573446
0.608912837849
0.608838002622
0.608738229474
0.608588585083
0.608438959087
0.60831428481
0.608189623308
0.608015118668
0.607915412972
0.607765869759
0.607666184503
0.60751667195
0.607367177793
0.607242613382
0.607118061745
0.606893900993
0.606769385126
0.606644882035
0.606520391718
0.606445703661
0.606296341342
0.606171886796
0.6060972202
0.605972786094
0.605848364763
0.605699076029
0.605574682803
0.605450302352
0.605325934676
0.605226449734
0.60507723765
0.604928043962
0.604803729941
0.60465456998
0.604530284064
0.604381157829
0.604281750558
0.604182351464
0.604033268153
0.603884203749
0.603759997038
0.603660640868
0.603536457153
0.603412286213
0.603312958659
0.603213639281
0.603064675544
0.602940553149
0.602890907768
0.602791623139
0.602642711524
0.602568262615
0.602344946549
0.602220898249
0.602121668808
0.601997643503
0.601873630974
0.601749631219
0.601650440614
0.601501670036
0.601352917854
0.601253759953
0.601129824073
0.601005900969
0.60088199064
0.600782871575
0.600658984241
0.600535109682
0.600411247899
0.60028739889
0.600163562656
0.600014976039
0.599866407817
0.599742615019
0.599618834995
0.59947031583
0.599346563912
0.599247571575
0.599123842652
0.599000126504
0.598876423131
0.598752732532
0.598604320678
0.598480658185
0.598357008467
0.598233371524
0.598109747356
0.597986135963
0.597837819155
0.597714235867
0.597565952785
0.597442397602
0.597318855195
0.597170621169
0.597047106866
0.596898906567
0.596750724663
0.596602561155
0.596454416044
0.596306289328
0.596182864451
0.596059452349
0.59591137469
0.595837342758
0.595689292693
0.595565931691
0.595417915352
0.595294582456
0.595171262334
0.594998635626
0.594850689805
0.594678109598
0.594554853351
0.594480905736
0.594357669929
0.594283734578
0.594160519211
0.593988039161
0.593840219046
0.59371704967
0.593593893069
0.593495376987
0.593372243381
0.593224499917
0.593101394416
0.59297830169
0.592805993336
0.592707542662
0.59255988198
0.592436845464
0.592313821724
0.592117010311
0.592018616869
0.591920231603
0.591821854513
0.591698894647
0.59162512486
0.591502185435
0.591354674988
0.591182602717
0.591084286947
0.590985979353
0.590863106358
0.590740246138
0.590617398694
0.590494564024
0.590371742129
0.590298055124
0.590199812939
0.590077021704
0.589954243245
0.589806925956
0.589684175602
0.589561438023
0.589438713218
0.589291460316
0.589168763617
0.589021544441
0.588849811987
0.588702632669
0.588604523344
0.588481898185
0.588383807256
0.588236686192
0.588114099359
0.5879915253
0.587868964016
0.587746415508
0.587623879774
0.587501356816
0.587378846632
0.587280847684
0.587133864591
0.586986899894
0.586888933649
0.58679097558
0.586668539492
0.586497150431
0.586374745003
0.586276829859
0.58617892289
0.586056550677
0.58593419124
0.585787376777
0.585689510689
0.585616116489
0.585542726887
0.585420421104
0.585298128097
0.585200302889
0.585053580407
0.584931325724
0.584833531177
0.584711299489
0.584613523337
0.58446687444
0.584369118728
0.584246935586
0.58414919827
0.584027038123
0.583904890751
0.583733906404
0.583562946584
0.583465266501
0.583343177894
0.583172275307
0.583025807304
0.582928172188
0.582806139792
0.582708523073
0.582562113324
0.582440119253
0.582318137956
0.582196169435
0.582074213689
0.581903497106
0.58178157202
0.581684041149
0.581562139058
0.581415873412
0.581293999426
0.581196509436
0.581074658445
0.58097718685
0.580855358854
0.580709182123
0.580611741188
0.580465595117
0.580319467441
0.580222059211
0.58010031042
0.579978574405
0.579856851165
0.57975948177
0.579662120552
0.57956476751
0.579443087705
0.579297088802
0.579224096249
0.579126779999
0.579053798177
0.578932172027
0.57878623751
0.57871327715
0.578567370739
0.578445795689
0.578324233414
0.578202683915
0.57808114719
0.577959623241
0.577813811364
0.57769231552
0.577570832451
0.577473655193
0.577352195119
0.577230748331
0.577109313807
0.576987892058
0.576890763856
0.576769365102
0.576672255297
0.57652660592
0.576405245491
0.576259629839
0.576114032584
0.575919932037
0.575847152572
0.575750120439
0.575653096482
0.57560458757
0.575483324231
0.575362073668
0.57524083588
0.575143854847
0.57504688199
0.574901438035
0.574756012477
0.574659072324
0.574513677426
0.574416757713
0.57429561957
0.574198718254
0.574053381609
0.573932281792
0.573811194749
0.573690120481
0.573544848223
0.57342380206
0.573351180495
0.573205951161
0.573084940768
0.572963943151
0.572842958309
0.572746179633
0.572625217786
0.572528457506
0.572407518654
0.57231077677
0.572189860913
0.572117317531
0.571972244563
0.571851364476
0.571730497165
0.571633812513
0.571512968196
0.571392136655
0.571271317888
0.57119883276
0.571102193077
0.571005561569
0.570884783683
0.570739867082
0.570619117301
0.570522526674
0.570425944223
0.570305227656
0.570232803849
0.57008797003
0.57001556002
0.569846621213
0.569750095994
0.569629450968
0.5694846938
0.569388199241
0.569291712859
0.569146998615
0.569026417464
0.568905849088
0.568809403586
0.568688858205
0.568592431099
0.568471908713
0.568351399103
0.568230902267
0.568158610298
0.568038133903
0.567941761985
0.567845398243
0.567724955062
0.567628609716
0.567508189531
0.567435943552
0.567339622734
0.567243310092
0.567147005626
0.567074782642
0.566930350471
0.566761869523
0.566665605937
0.566545287952
0.566449042763
0.566376864236
0.566256576911
0.566136302362
0.565991989765
0.565871743321
0.565775555364
0.565679375582
0.565607246112
0.565487040547
0.565366847758
0.565246667744
0.565126500505
0.565030375912
0.564886204352
0.564766075438
0.564669981505
0.564525855935
0.564429782442
0.564381748762
0.564285687533
0.56418963448
0.564021561311
0.563925530742
0.563853513181
0.56368549009
0.563637488092
0.563565488926
0.563445500538
0.563325524925
0.563253545689
0.563133590516
0.562965675246
0.562869734614
0.562749820321
0.562605940032
0.56251003006
0.562390154092
0.562294262515
0.562174409543
0.562030603349
0.561934742433
0.561814927785
0.561719085265
0.561599293613
0.561479514735
0.561383700831
0.561335796945
0.561216046173
0.561096308175
0.561000526976
0.560880811973
0.560761109746
0.560641420294
0.560521743617
0.560426011473
0.560306357791
0.560162790236
0.560067088752
0.559995318005
0.559875710313
0.559780033358
0.559660448661
0.559588703975
0.559493051548
0.559421317593
0.559325679473
0.559206143322
0.559134427763
0.558991010442
0.55891930868
0.558823713485
0.558728126466
0.55860865419
0.558536976956
0.558441414465
0.558321972849
0.558226428754
0.558107010133
0.557987604287
0.557868211216
0.55774883092
0.557605591428
0.557414634054
0.557271437486
0.557175983328
0.557056677638
0.556889670419
0.556794248965
0.556698835687
0.556579580586
0.556484185704
0.556388798998
0.556269577112
0.556221891935
0.556126527713
0.556007333933
0.555911988107
0.555792817322
0.555673659311
0.555578342101
0.555435381616
0.555316261932
0.555244796253
0.555125697008
0.55503042681
0.55491135056
0.554792287086
0.554673236386
0.554578005024
0.554482781839
0.554363764354
0.554292359996
0.554149565075
0.554030583361
0.553935407187
0.553816448468
0.553673714868
0.553578569355
0.553507215585
0.553364521843
0.553269402902
0.553150515723
0.553007867972
0.552865238616
0.552722628167
0.552603799754
0.552508746221
0.552413700864
0.552294905665
0.552199878704
0.552033601196
0.551914846878
0.551843600419
0.551748612294
0.551653632345
0.551511177753
0.551392479644
0.551273794311
0.551131388774
0.550965272232
0.550870359736
0.550775455415
0.550704282541
0.550585671303
0.55049079151
0.550372203268
0.5502536278
0.550111354102
0.55001651519
0.549897978047
0.549755750339
0.549660942087
0.54954244327
0.549423957227
0.549281790839
0.549210714544
0.549115953304
0.548997513252
0.548855402053
0.548736990105
0.548642269746
0.548500204536
0.548405504617
0.548334485043
0.548287141215
0.548145121996
0.548050452736
0.547955791653
0.547861138746
0.547742834109
0.547600885408
0.547482608876
0.547387996849
0.547317043194
0.547222445475
0.547104209824
0.546985986948
0.546867776846
0.54674957952
0.546631394969
0.546489590371
0.546371433924
0.546229663052
0.546135159357
0.546017041237
0.545922555938
0.545757226339
0.545615535183
0.545544696503
0.545426642258
0.545308600787
0.545190572092
0.545072556171
0.544978152633
0.544860159707
0.544789370084
0.544671397599
0.544577028809
0.544459079318
0.544341142603
0.544246802429
0.544105307498
0.543987409108
0.543845947903
0.543704505094
0.543563080681
0.543421674664
0.54330385037
0.54318603885
0.543068240105
0.542950454136
0.542809127835
0.542714920522
0.542597172877
0.542526530423
0.542455892567
0.542338173028
0.542244006594
0.54212631005
0.542032162013
0.541914488464
0.541796827689
0.541702708268
0.541538018955
0.541396876615
0.541255752671
0.541091131832
0.540973560483
0.54085600191
0.540714948484
0.540597418016
0.540503402839
0.540409395838
0.540268400667
0.540056943936
0.539939485008
0.539798551157
0.539681120334
0.539563702286
0.539422817491
0.539305427548
0.53918805038
0.539070685987
0.538929865579
0.538742141315
0.538671750273
0.538554442091
0.538437146683
0.538366775571
0.538249500603
0.538155689827
0.538038437855
0.537921198657
0.537827416497
0.537733642513
0.537639876706
0.537522680943
0.537405497956
0.537264895235
0.537147740353
0.537030598246
0.53689004458
0.536772930578
0.536585574747
0.536491909096
0.536374838529
0.536257780738
0.536140735721
0.536023703479
0.535883281652
0.535766277516
0.535672683405
0.535532307568
0.535368559009
0.535274999646
0.535134675932
0.535017753556
0.534900843955
0.534783947129
0.534667063078
0.534550191802
0.534433333301
0.534293119963
0.534199654624
0.534082834448
0.533966027048
0.533849232422
0.533732450572
0.533615681496
0.533475575468
0.533358834498
0.533242106303
0.533102049331
0.532985349241
0.532775321272
0.532658656952
0.532518677142
0.532402040927
0.532285417487
0.532192127933
0.532075527488
0.531935623817
0.531842364923
0.531725802803
0.531609253459
0.531492716889
0.531422801079
0.53130628495
0.531166482458
0.531026698361
0.530956813212
0.530863640166
0.530723895928
0.530560884745
0.530467746448
0.530351335074
0.530234936475
0.530118550651
0.529978904525
0.529909088361
0.529839276795
0.529769469829
0.529676401028
0.529560076524
0.529443764795
0.52937398389
0.529257692602
0.529141414088
0.52902514835
0.528885646326
0.528769408693
0.528653183835
0.528536971751
0.528420772443
0.52830458591
0.528188412152
0.528095482343
0.528002560711
0.527886420168
0.5277702924
0.527607734987
0.527491637879
0.527375553546
0.527259481988
0.527143423206
0.527050585377
0.526957755725
0.526818526577
0.52670251634
0.526586518877
0.52647053419
0.52630817709
0.52616903379
0.52607628181
0.52593716917
0.525821256023
0.525705355651
0.525612644552
0.525566292068
0.525473593232
0.525380902573
0.525241881913
0.525126045417
0.525010221695
0.524871250092
0.524755454475
0.524685983237
0.524593362074
0.524477597628
0.524338696544
0.524222959692
0.524107235616
0.524060949562
0.523875828854
0.523760143103
0.523644470127
0.523528809926
0.523390034548
0.523274402452
0.523181905973
0.52308941767
0.522973818789
0.522858232683
0.522742659353
0.522627098797
0.522511551016
0.52241912199
0.522303597204
0.522211186574
0.522141883966
0.522026389841
0.521957099498
0.521841625812
0.521772347733
0.521679984115
0.521587628673
0.521518367457
0.521402942316
0.521310611402
0.521195209257
0.521033667716
0.520941369506
0.520826008241
0.520710659751
0.520618390158
0.520480001097
0.520364690932
0.520249393543
0.520157164829
0.520087998659
0.51997273193
0.519834428717
0.519742236796
0.519603964243
0.519534834866
0.519396589908
0.519281399828
0.519189256963
0.519074089879
0.51895893557
0.518843794036
0.518728665277
0.518613549293
0.518521465704
0.518406372715
0.518314307522
0.518130201664
0.518038160999
0.517923121665
0.517808095107
0.517693081323
0.517578080315
0.517463092081
0.517348116623
0.517256145454
0.517118204031
0.517049240218
0.517003266898
0.516865359201
0.516773430957
0.51663555392
0.516543646115
0.516474720628
0.516382827131
0.516267971758
0.516084229734
0.515969407576
0.515854598193
0.515739801586
0.51560206252
0.515487294017
0.515395488413
0.515303690985
0.51523484828
0.515234840615
0.515143057495
0.515051282551
0.514959515783
0.514844818821
0.514753070449
0.514684264536
0.514569598233
0.514432015534
0.514271525635
0.514179828363
0.514088139268
0.514019377812
0.513973539396
0.513881868697
0.513790206173
0.513698551826
0.513606905654
0.513515267659
0.51342363784
0.513309112063
0.513194599062
0.513080098835
0.512988507852
0.512896925045
0.512782458033
0.512668003797
0.512553562336
0.512416249445
0.512278954951
0.512164556925
0.512073047702
0.511981546655
0.511912926236
0.511821439497
0.511707092571
0.511547028337
0.511432712071
0.511295549415
0.511204117865
0.511066985869
0.510952723259
0.510861322368
0.510747082753
0.510632855912
0.510541483638
0.51045011954
0.510335925915
0.510244580212
0.510176076301
0.510061913336
0.509947763146
0.509856452192
0.509742324997
0.509696677696
0.509582568386
0.509491290136
0.509422836814
0.509331572873
0.50919469229
0.509057830103
0.508966598865
0.508852571316
0.508761358474
0.508601755675
0.508510565317
0.508419383136
0.50832820913
0.508191463452
0.508077522773
0.507940810821
0.50784967974
0.507735777385
0.507621887806
0.507530785341
0.507462463858
0.507371375701
0.50728029572
0.507189223914
0.507098160285
0.507029867929
0.506893297014
0.50677950197
0.506711231076
0.506597456472
0.506506445987
0.506415443679
0.50630170229
0.506165229487
0.506119742641
0.50602877508
0.505915077127
0.505846864487
0.505778656446
0.505664986598
0.505528599643
0.5054149579
0.505301328932
0.505187712739
0.505119549155
0.50505139017
0.504937802082
0.50482422677
0.504710664232
0.504597114469
0.504506283857
0.504415461421
0.504279243097
0.504211140833
0.504074950103
0.503961471881
0.503848006434
0.503757243274
0.503689176269
0.503575741482
0.503530371144
0.503439636601
0.503326229918
0.503212836011
0.503122130084
0.503008759172
0.502940742757
0.502850061357
0.502691388582
0.502600729666
0.502464756623
0.502351459806
0.502238175765
0.502170211472
0.502079599568
0.501966346187
0.50187575268
0.501762522293
0.501671947182
0.501581380247
0.501513460411
0.501400270905
0.501309728498
0.501241827058
0.50115129896
0.501038150333
0.500947640631
0.500834515
0.500721402144
0.500608302063
0.500495214757
0.500427368505
0.500336913991
0.500223857345
0.500088206233
0.499997782379
0.499862161927
0.499749158936
0.499658765742
0.499545785747
0.499478003881
0.499387635215
0.499297274725
0.49918433561
0.499116578273
0.499003659597
0.498913333855
0.498823016289
0.49868755527
0.498597258144
0.498484398234
0.49841668842
0.498348983205
0.498281282589
0.49816845845
0.498033086345
0.49792029031
0.497852618821
0.497739843227
0.497649631949
0.49753687935
0.497446686468
0.497333956864
0.497221240034
0.497153616069
0.497085996702
0.496973307978
0.496883166196
0.496815565226
0.496702907162
0.496590261873
0.496477629359
0.496410055982
0.496319965301
0.496274923026
0.496229882796
0.496162326283
0.496049742314
0.495959684337
0.495847123363
0.495757083782
0.495689559462
0.495554524618
0.495419508171
0.495352006846
0.495262012233
0.495104541334
0.495014569206
0.494969586207
0.494857137654
0.494744701876
0.494654762451
0.494519868644
0.49442994966
0.494340038851
0.494227661838
0.4941152976
0.49404788519
0.493935541392
0.493823210369
0.493733354749
0.493643507305
0.493531209497
0.493418924464
0.493329105636
0.493216843599
0.493127043167
0.492969912084
0.492857690927
0.492767923199
0.492678163647
0.492565975705
0.492498669071
0.492386501569
0.492341638145
0.492274346842
0.492184632258
0.492117351686
0.492072500526
0.491937959311
0.491825855684
0.491713764832
0.491601686755
0.491489621453
0.491377568927
0.491287936103
0.491198311456
0.491063889815
0.490974285608
0.49092948657
0.490839894627
0.490772706035
0.490638342649
0.490481608615
0.490392057552
0.490302514665
0.490190597554
0.490123453419
0.490011556748
0.489899672852
0.489787801731
0.489675943385
0.489564097814
0.489452265018
0.489362807979
0.489273359117
0.489228637751
0.48918391843
0.489116843281
0.489005061585
0.488893292664
0.488803886726
0.488714488964
0.488647446007
0.488535717967
0.488424002702
0.488267622792
0.488133602799
0.488021933524
0.487932607301
0.487865618
0.487753979385
0.487664677691
0.487575384173
0.487463778773
0.487396821665
0.487285236706
0.487195977936
0.487062105111
0.486972866781
0.486883636627
0.486772110433
0.486660597013
0.486482202114
0.486437608499
0.486326133405
0.486236962527
0.486147799826
0.485969498951
0.485858077512
0.485768949558
0.485657551114
0.485568441557
0.485479340176
0.485412519505
0.485323432432
0.485234353535
0.485167549728
0.485078485139
0.4849671659
0.484855859436
0.484811340428
0.484722308543
0.484633284834
0.484522016695
0.484433011382
0.484321766239
0.48421053387
0.484099314277
0.483988107459
0.483899151202
0.483810203121
0.483743497426
0.483632331488
0.483521178325
0.483410037937
0.483343359836
0.483298910324
0.483187795486
0.483098912814
0.48294338781
0.482876741903
0.482787887847
0.482699041966
0.482610204262
0.482476963036
0.482210554168
0.48207736813
0.482032976872
0.481922007669
0.481811051242
0.481722295298
0.48163354753
0.481522624318
0.481433894946
0.481278638219
0.481145580954
0.48107905922
0.481034713952
0.480968199883
0.480857353321
0.480746519534
0.480657861703
0.480569212047
0.480414094824
0.480325467652
0.480214695186
0.480103935494
0.479993188578
0.479904600242
0.479793876321
0.479683165175
0.479594605456
0.479483917304
0.479417510546
0.479328975355
0.479218317863
0.479129801069
0.478997041206
0.478908544851
0.47877581616
0.478709458458
0.478598872507
0.478421961558
0.478333518347
0.478245083312
0.478134551017
0.478068237771
0.477979827265
0.477913524751
0.47780303078
0.477714644802
0.477648360683
0.477537897373
0.477471625519
0.477361182648
0.47727283755
0.477184500628
0.477096171882
0.477052010575
0.476963694093
0.476853309988
0.476787085657
0.476676721992
0.476544302457
0.476456032987
0.476367771693
0.476279518575
0.476169213675
0.476058921551
0.475992752408
0.475904534038
0.475794274107
0.475684025417
0.475595835663
0.475507654086
0.47537539705
0.475287235912
0.475199082951
0.475110938165
0.475044834942
0.474934673122
0.474802495803
0.474714387809
0.474604264315
0.474516174718
0.474406074219
0.474362037596
0.474273970483
0.474185911546
0.474119872709
0.474053838471
0.473965799974
0.473921783791
0.473811752278
0.473745739501
0.473657729621
0.473569727916
0.473481734387
0.473393749034
0.473283778841
0.473173821422
0.473085864686
0.472953944911
0.472844025818
0.472778080494
0.472712139769
0.472602248781
0.472514345188
0.472426449772
0.472316591999
0.472206747001
0.472162812579
0.472096914778
0.472009058198
0.471921209793
0.471811410786
0.471701624553
0.471591851095
0.471504041527
0.471438189717
0.471350394457
0.471240661879
0.471152885015
0.471043175433
0.470977355815
0.47088960348
0.47080185932
0.470692190618
0.470604465365
0.470450964952
0.470363261672
0.470275566569
0.470165959187
0.47005636458
0.469946782748
0.469881039781
0.469749567644
0.469640021582
0.46955239393
0.469464774455
0.469377163156
0.469267660529
0.469158170678
0.469070587995
0.468961121138
0.468807889001
0.468698452805
0.468632797219
0.468589029384
0.468501499845
0.468392099419
0.468304588276
0.468217085309
0.468129590518
0.46806397479
0.467976494308
0.467889022001
0.467823423136
0.467735965138
0.467648515315
0.467539214534
0.467408070461
0.467276944783
0.467167687437
0.467102139162
0.467014748615
0.466883678126
0.46677446677
0.466643430007
0.466556082385
0.466468742939
0.466359580128
0.466228601619
0.466184946204
0.466097641506
0.466010344984
0.465901235829
0.465813957703
0.465683055844
0.465573985014
0.46546492696
0.465377689714
0.465268654654
0.465137829446
0.465028822491
0.464919828311
0.464832642166
0.464745464196
0.464636503232
0.464549343658
0.464440405689
0.464331480495
0.464222568076
0.464113668431
0.464026557914
0.463917681265
0.463830589144
0.463743505199
0.463634661765
0.463547596216
0.463460538843
0.463395251178
0.463308208113
0.463221173224
0.463155902423
0.463047127974
0.462981869437
0.462894865208
0.462807869156
0.462720881279
0.46261215793
0.462546930053
0.462438227145
0.462286064535
0.46215565937
0.462047002452
0.461916631013
0.4618080022
0.461699386162
0.46161250253
0.461482192411
0.461395329219
0.461286761726
0.461134788698
0.46104795821
0.460917727808
0.46083091776
0.460744115888
0.460679019849
0.460592232285
0.460483759328
0.460418681685
0.460331918649
0.46024516379
0.460158417106
0.460049995248
0.459963266961
0.45989822611
0.459724806327
0.459594762952
0.459486407525
0.459378064873
0.459269734996
0.45911809463
0.459053113567
0.458901508972
0.458793235305
0.45870662557
0.458598374898
0.458511783559
0.458425200396
0.458338625409
0.458252058597
0.458143861581
0.45803567734
0.457927505874
0.457840977899
0.4577544581
0.457646319849
0.457559818446
0.457473325219
0.457343600709
0.457235511003
0.457149048436
0.457062594045
0.456997758618
0.456889709792
0.456824886629
0.456716858243
0.456608843143
0.456500840308
0.456392850247
0.456306467397
0.456220092722
0.456133726224
0.456047367902
0.455982604526
0.455896260511
0.455788341991
0.455702016373
0.455615698931
0.455529389665
0.455378368123
0.455292081341
0.455141099146
0.455033270051
0.454947015973
0.454817650186
0.454752974191
0.454688302796
0.454602081422
0.454580527356
0.454494316202
0.454321918423
0.454235731797
0.45419264155
0.454063383074
0.453977220977
0.453912604769
0.45384799316
0.453761851503
0.453675718022
0.45354653313
0.453438893105
0.453331265856
0.453245173255
0.453116049683
0.453029977522
0.452943913537
0.452836345053
0.452750299464
0.452664262051
0.452535221262
0.452449204289
0.452384696925
0.452320194159
0.452277194871
0.452191202426
0.452083723368
0.451976257084
0.451911783446
0.451825825749
0.451739876229
0.451696904534
0.451610967278
0.451546519701
0.451417638344
0.451353204564
0.451267300012
0.451138458513
0.450988166682
0.450880830704
0.450730581797
0.450666197073
0.45055889942
0.450473070496
0.450365795839
0.450279985311
0.450194182958
0.450086941516
0.45000115756
0.44991538178
0.449829614176
0.449722416169
0.449615230936
0.449529491948
0.449443761137
0.449358038501
0.449229469877
0.44912234341
0.449036651435
0.448972387818
0.448886710151
0.448822457266
0.448715379344
0.448629726204
0.448544081241
0.448437036534
0.448351409967
0.448265791575
0.448158780084
0.448051781367
0.44792339977
0.447837822259
0.447752252924
0.447666691765
0.447538365356
0.447452824637
0.447345910236
0.44723900861
0.447153496507
0.447046617876
0.44693975202
0.446832898939
0.446768793222
0.446619231102
0.446491054928
0.446426973739
0.44636289715
0.446277468851
0.446192048729
0.446127989002
0.446063933875
0.445957185549
0.445893142686
0.445765070757
0.44567969969
0.445572997355
0.445508982086
0.445423635547
0.445380965344
0.44529563107
0.445210304972
0.445146315764
0.445039677304
0.444954375733
0.444847760268
0.444762477094
0.444698520079
0.444613251213
0.44454930493
0.44444273801
0.444336183865
0.444229642495
0.444144418597
0.444059202876
0.443952694721
0.443867497395
0.443803604767
0.443697127272
0.443633246907
0.443548080242
0.443441633407
0.443356485138
0.443271345045
0.44320749534
0.443101089386
0.443037251945
0.442909590861
0.442845767218
0.442739404699
0.442654323882
0.442547984869
0.44244165812
0.442335344146
0.442250302165
0.44216526836
0.442037732982
0.441931467554
0.4418252149
0.441718975022
0.441655237227
0.441570260654
0.441464051435
0.441336617236
0.441230436123
0.441124267785
0.441060572914
0.441018112221
0.440933196969
0.440848289892
0.440742167544
0.440636057971
0.440551179511
0.440487526031
0.44042387715
0.440360232869
0.44027538098
0.440190537268
0.440084494125
0.439999668809
0.439872446165
0.439808841741
0.439724042997
0.439639252429
0.439554470037
0.439427311779
0.439342549827
0.439236608885
0.439173050452
0.439088313028
0.43900358378
0.438897683718
0.438812972866
0.43872827019
0.438622403343
0.438516549271
0.438431875212
0.438326044135
0.438262551621
0.438199063705
0.438114420306
0.437966314031
0.437860539164
0.437754777072
0.437606731606
0.437522145439
0.437416424227
0.437331856456
0.437162745442
0.437014800132
0.436909140241
0.436803493125
0.436740110987
0.436676733448
0.436592237217
0.436486628426
0.436402150592
0.436254334054
0.436190991775
0.436127654094
0.436043211008
0.435937668647
0.435853243956
0.435768827442
0.435705520421
0.435621118215
0.435536724184
0.435473434027
0.435410148469
0.435346867509
0.435262500051
0.435220319388
0.435135964194
0.435009446732
0.434882947667
0.4348407854
0.434798625177
0.434714310863
0.434651080492
0.434587854721
0.434503560847
0.434419275149
0.434377135366
0.434292861932
0.434229662222
0.434166467111
0.434103276599
0.434040090687
0.433955849957
0.433829504192
0.433745283902
0.433640020038
0.433555818144
0.433471624426
0.433366393777
0.433303261519
0.43324013386
0.433155970803
0.433050778478
0.432945598929
0.432861464488
0.432777338222
0.432672191888
0.432588084019
0.432525008482
0.432461937545
0.432377850116
0.432230716788
0.432146651843
0.432041582159
0.431978546481
0.431915515401
0.431852488921
0.431768460768
0.431663437074
0.43160042899
0.431537425505
0.431453428012
0.431348442644
0.431285457554
0.431180492626
0.431096529881
0.431012575313
0.430907643599
0.430844690703
0.430802724661
0.430718798708
0.430634880932
0.430571947965
0.430509019597
0.43042512226
0.430362204624
0.430236383147
0.430173479307
0.430089614675
0.430026721566
0.429921909938
0.429817111085
0.429733281201
0.429670414154
0.429607551705
0.429544693855
0.429439940993
0.429314254421
0.429251418033
0.429167643337
0.429083876817
0.429000118473
0.428916368305
0.428832626314
0.428748892498
0.428686097501
0.428539593728
0.428434963506
0.428330346059
0.428246661299
0.428162984716
0.428058400484
0.427953829027
0.427891092285
0.427807450449
0.427765632598
0.427661097422
0.427598382142
0.427514768923
0.427431163879
0.427368465462
0.427222187041
0.427117717785
0.427034151577
0.426950593546
0.426846157505
0.42676261787
0.426679086411
0.426574683585
0.426470293533
0.426365916257
0.426303296024
0.426219809533
0.426115462917
0.426031994822
0.425948534903
0.425865083161
0.425781639594
0.425677346633
0.425593921462
0.425468799037
0.425343695007
0.425239455701
0.425156073455
0.425093542136
0.42498933349
0.42488513762
0.424780954524
0.424697617246
0.424614288144
0.424572626659
0.424426827558
0.424322700672
0.424239408362
0.424135304472
0.424052030558
0.42396876482
0.423864694145
0.423802257873
0.423719016663
0.423635783629
0.423531753834
0.423427736814
0.423323733081
0.423261336666
0.4231781486
0.423094968711
0.423032589159
0.422970214206
0.422887054757
0.422803903483
0.422699975889
0.422637625464
0.422554498719
0.422492159025
0.422409046588
0.422325942327
0.422242846241
0.422118217444
0.422014374165
0.421993607042
0.421910543661
0.421827488456
0.421765202417
0.421661402573
0.421599128799
0.421536859624
0.421433087885
0.421350079692
0.421267079675
0.421204835028
0.421163341152
0.421059615403
0.420976644002
0.420914420817
0.420810725729
0.420707043416
0.420582641503
0.420499717114
0.420416800901
0.420375345861
0.420271717203
0.420147379676
0.420064498212
0.420002342479
0.419919475323
0.419795189918
0.419733054114
0.41965021353
0.419567381122
0.41948455689
0.419401740834
0.419318932953
0.419236133249
0.419153341721
0.419029169759
0.418925707177
0.418842946309
0.418718820337
0.41861539608
0.418532665872
0.41842926461
0.418367229984
0.418284524304
0.418160481115
0.418057125843
0.418015787311
0.41793311638
0.417850453624
0.417726474821
0.417623173204
0.417540541108
0.417478572402
0.417354648787
0.417272043264
0.417168798368
0.417086211241
0.41698298883
0.416900420098
0.416817859543
0.416755944492
0.416673398245
0.416590860174
0.416487699083
0.416405179408
0.416322667909
0.416219540033
0.416157669439
0.416054562003
0.415951467342
0.415869000811
0.415786542457
0.415683481011
0.415621650275
0.415539216449
0.415456790798
0.415353770232
0.415271362978
0.415188963899
0.415147767426
0.415065380611
0.414983001973
0.414880040173
0.414818269224
0.414715327864
0.414612399279
0.414509483468
0.414406580433
0.414283113654
0.414221387163
0.414118519898
0.413995096042
0.413912823692
0.413809994753
0.413748303521
0.413686616888
0.413624934854
0.413563257419
0.413398806743
0.413316593669
0.41325493923
0.413172740464
0.413090549874
0.413008367461
0.412926193223
0.412844027161
0.412782407981
0.412720793399
0.412638647778
0.412577043927
0.412494912614
0.412392259969
0.412310147052
0.412228042311
0.412145945745
0.412043336536
0.411961258367
0.411899705106
0.411858672153
0.41177661238
0.411715072916
0.411674049161
0.41163302745
0.411550990161
0.411509974583
0.411427949558
0.411345932709
0.411243423145
0.411161424692
0.411099931218
0.411017947073
0.410935971104
0.410854003312
0.410792532833
0.410710579348
0.410628634039
0.410526213901
0.410444286988
0.410362368252
0.410280457691
0.410219030136
0.410116661098
0.410014304835
0.409932429022
0.409850561386
0.409768701926
0.409686850641
0.409605007533
0.409523172601
0.409461801767
0.409379981143
0.409298168695
0.409216364423
0.409093673345
0.408991444832
0.40890967122
0.408848346376
0.408787026132
0.408684835945
0.408603092993
0.408521358217
0.4084600625
0.408398771383
0.408296629741
0.408255776661
0.408174076633
0.408051541922
0.407969862334
0.407908608009
0.407806527687
0.407745285626
0.407684048164
0.407602405368
0.407520770749
0.407439144305
0.407357526038
0.407275915947
0.407194314031
0.407092323135
0.406990345013
0.406908771714
0.406766038625
0.40668448781
0.406602945171
0.406501028369
0.406399124343
0.406297233092
0.406195354616
0.406113861033
0.406032375626
0.405930530365
0.405808332915
0.405747241088
0.405645431597
0.405543634881
0.405462206707
0.405360432986
0.405279023207
0.405217971239
0.405095881099
0.405014497893
0.404892438413
0.404831415572
0.404709383686
0.404648374642
0.404546703122
0.404445044376
0.404363726578
0.404262090828
0.404140144791
0.404058857653
0.403957260228
0.403875991486
0.403774417056
0.403672855401
0.403571306521
0.403469770416
0.40338855073
0.403287037621
0.403226135887
0.403144940729
0.40304345828
0.402941988605
0.402840531706
0.402759375384
0.402678227239
0.402576803554
0.402475392645
0.402353716417
0.402252333613
0.402171236567
0.402090147698
0.401988798109
0.401867195465
0.401765873981
0.401664565272
0.401603786179
0.40150249791
0.401380968851
0.401218958721
0.401158213354
0.401056981295
0.400955762011
0.400874795783
0.400773599494
0.400631946152
0.400530780524
0.400429627671
0.400348714586
0.400227360289
0.40016669004
0.400085803527
0.399984706884
0.399883623016
0.39980276512
0.399721915399
0.399620864747
0.399540033422
0.399418801766
0.399337990882
0.399236988774
0.399156196286
0.399035022884
0.398954250836
0.398893677165
0.398812919425
0.398732169861
0.398631244404
0.398530331722
0.398429431815
0.398328544682
0.398227670325
0.398167151843
0.398066297926
0.39798562399
0.397904958231
0.397844464276
0.397783974921
0.397703329602
0.397622692458
0.397521907526
0.397400982471
0.397280075812
0.397199481593
0.39711889555
0.397038317682
0.396937606846
0.396836908784
0.396756359533
0.396675818458
0.396595285559
0.396514760836
0.39641411643
0.396313484799
0.396212865943
0.396092140178
0.395991549427
0.395890971451
0.395810518268
0.395750183747
0.395669744872
0.395569207776
0.395488787298
0.395408374995
0.395348071134
0.395247574918
0.395106902189
0.394986345056
0.394865806318
0.39478545738
0.394725201042
0.394624784031
0.394524379796
0.394383835329
0.394303535446
0.394183100953
0.394102821511
0.393982417678
0.393902158676
0.39382190785
0.393721605815
0.393661430727
0.393581204429
0.393500986307
0.393420776361
0.393340574591
0.393240333877
0.393160150503
0.393059932783
0.392959727839
0.39285953567
0.392759356275
0.392719288094
0.392639157865
0.392559035812
0.392438868061
0.392378791085
0.392238629358
0.392158548185
0.392038441755
0.391938367116
0.391818294412
0.391738256163
0.391638219849
0.391638201453
0.391538177915
0.391458168282
0.391378166825
0.391258179969
0.391178198952
0.391058242757
0.390998271558
0.390878342957
0.390778416509
0.390698485059
0.390578602448
0.390498690927
0.390378838977
0.390278976403
0.390179126605
0.390059323711
0.389959502018
0.389899615134
0.38981977311
0.389739939261
0.3896002497
0.389540390411
0.389440635148
0.38934089266
0.3892810533
0.389161388376
0.389061681658
0.388961987716
0.38888224176
0.388742706522
0.388682913151
0.388603195811
0.388483635132
0.38842386169
0.388344170923
0.388264488331
0.388164896589
0.388085232393
0.387985663646
0.387906017847
0.387846288863
0.387746750776
0.387706939118
0.387607418916
0.38750791149
0.387388519441
0.387308934961
0.38720946586
0.387110009533
0.387010565982
0.386911135206
0.386771953581
0.386672553464
0.386573166123
0.386473791557
0.386394301102
0.386294949531
0.386215477472
0.386116148896
0.386056557883
0.385977110352
0.385937389652
0.385838096847
0.385738816816
0.385659401989
0.385599846235
0.385500596864
0.385401360268
0.385341824443
0.385242608287
0.385163244561
0.385064051401
0.38498470607
0.384885535905
0.384786378515
0.3847070618
0.384627753262
0.384528629087
0.384409697451
0.384310601381
0.384231333723
0.384132260648
0.384053011386
0.3839737703
0.383854924001
0.383736096098
0.383676689045
0.383597486796
0.383498495481
0.383399516941
0.38334013595
0.383260968448
0.383142232526
0.383063085464
0.382964163135
0.38286525358
0.382766356801
0.382687248576
0.382588374792
0.382489513782
0.382410434173
0.382311596159
0.38221277092
0.382113958456
0.382034917683
0.381936128725
0.381837352031
0.381738588113
0.381659586176
0.381560845252
0.38152135246
0.381402886346
0.381304178638
0.381225221669
0.381146272876
0.381087066647
0.381027865017
0.380870019554
0.380751654619
0.38069247905
0.38063330808
0.380574141709
0.380436104729
0.380357237697
0.380258665404
0.380219240063
0.380140395515
0.380041851327
0.379943319914
0.379903910926
0.379785696226
0.379706896646
0.379647802326
0.379549322525
0.379470547473
0.379391780596
0.379313021896
0.379234271373
0.379175213845
0.379096477629
0.379017749589
0.37889967286
0.378801289637
0.378742265836
0.378643903054
0.378545553047
0.378427549901
0.378348891358
0.37827024099
0.378171939528
0.378093307557
0.378014683761
0.377936068142
0.377837810115
0.377759212892
0.377680623844
0.377582400566
0.377503829915
0.377444907292
0.377385989268
0.377307439057
0.377228897022
0.377169995861
0.377091468134
0.377012948583
0.376914810641
0.376836309486
0.376757816507
0.376679331705
0.376620473468
0.376542002973
0.376463540654
0.376365474253
0.376287030331
0.376188986925
0.376110561398
0.375992938438
0.375894933357
0.375816538491
0.3757381518
0.375679367148
0.375600994765
0.375503040785
0.375424686799
0.375346340988
0.375268003354
0.375170092809
0.375013463019
0.374935160133
0.374837293023
0.374719869354
0.374641597128
0.374543768343
0.374465514513
0.374348149098
0.374269915708
0.374152580953
0.374054816043
0.373957063908
0.37383977821
0.373800687065
0.373722510907
0.373624802208
0.37356618312
0.373507568631
0.373429423134
0.373351285812
0.373253625658
0.373175506733
0.373097395983
0.372999769044
0.372941199012
0.372863112791
0.372726481577
0.372609389038
0.372511825974
0.37243378472
0.372336244652
0.372277726742
0.372199710017
0.372102200609
0.372004703975
0.371926715866
0.371829242227
0.371712292257
0.371575872087
0.371478444439
0.371381029565
0.371303106865
0.37122519234
0.371127810682
0.371010969555
0.370913616002
0.370855210002
0.370816275224
0.370738411799
0.370660556551
0.370582709479
0.37052432954
0.3704659542
0.370407583459
0.370329762959
0.370251950635
0.370096350515
0.370018562718
0.369882453749
0.369804688437
0.369726931301
0.369610310927
0.369532574231
0.369454845711
0.369377125367
0.369260560181
0.369202284487
0.36910516855
0.36904690512
0.368949809623
0.368891558456
0.368813897389
0.368736244497
0.368678010194
0.36860037161
0.368503334879
0.368445118972
0.368406310922
0.368328700954
0.368251099163
0.368154108421
0.368076525026
0.367998949807
0.36790199228
0.367805047529
0.367727500926
0.367669346339
0.367553050962
0.367494910172
0.367398019076
0.367301140755
0.367223647296
0.367107422437
0.366991215975
0.36691375522
0.366836302641
0.366758858239
0.366642706965
0.366603993961
0.366487867215
0.366410459605
0.36633306017
0.36627501596
0.366236322375
0.366139597354
0.366062226535
0.366004203787
0.365946185638
0.365849498942
0.365791493057
0.365714159031
0.36563683318
0.365578844158
0.365482206008
0.365443554325
0.365385580633
0.365308289531
0.36525032657
0.365173049775
0.365095781157
0.364999206882
0.36492195666
0.364844714614
0.364748173555
0.364670949905
0.364593734431
0.364516527133
0.364420029508
0.364362137066
0.364284954296
0.364207779702
0.364130613284
0.364053455043
0.363976304977
0.363879878893
0.363802747223
0.363706344134
0.363648508412
0.363571401271
0.363494302306
0.363417211516
0.36335939879
0.363263054466
0.363185988204
0.363089666875
0.36301261901
0.362935579321
0.362820035118
0.362723762334
0.362627502325
0.362550503516
0.362396530426
0.362319556145
0.362281072071
0.362204110054
0.362127156213
0.362011740782
0.361896343747
0.36181942261
0.36174250965
0.361684830295
0.361627155539
0.361569485382
0.361473378674
0.361454158865
0.361377284741
0.361300418792
0.361261988884
0.3611851352
0.361089079592
0.361012244303
0.360935417191
0.360839394798
0.36074338518
0.360685785542
0.360589796364
0.360532208989
0.360474626214
0.360417048037
0.360340284289
0.360244341102
0.360148410689
0.360071675557
0.359994948601
0.359879873498
0.359803166982
0.359688122538
0.359592266221
0.359534758563
0.359458088839
0.359381427292
0.35930477392
0.359228128724
0.359170650193
0.359074862861
0.359017396594
0.358940782059
0.358864175699
0.358787577516
0.358710987509
0.358634405677
0.358557832022
0.358481266543
0.358385571191
0.358328160112
0.358270753632
0.358175086897
0.358117692681
0.358041174214
0.357964663923
0.357888161808
0.357792545662
0.357716061943
0.357620468792
0.357544003469
0.357448433313
0.357352875932
0.357276439225
0.357200010695
0.35712359034
0.357085383229
0.357008975138
0.356932575223
0.356856183485
0.356779799922
0.356722517616
0.356665239909
0.356569787283
0.356455260996
0.356378920357
0.356321670244
0.35626442473
0.356169025759
0.356111792509
0.355997339806
0.355921048224
0.355844764818
0.355768489588
0.355692222533
0.355615963655
0.355539712953
0.355463470427
0.355368178768
0.355291954638
0.355234791906
0.355158582084
0.355101430083
0.355025234569
0.354949047232
0.354891912094
0.354815739064
0.354758614657
0.354682455936
0.35462534226
0.354549197846
0.354492094902
0.354415964796
0.354339842867
0.354263729113
0.354206649164
0.354130549718
0.354054458449
0.353978375356
0.353902300438
0.353826233697
0.353750175132
0.353674124743
0.35359808253
0.353522048492
0.353408013278
0.353331999681
0.35325599426
0.353198995559
0.353104007946
0.353066016477
0.352990039672
0.352914071044
0.352819121755
0.352724185242
0.352648245229
0.35255333171
0.352496389731
0.352439452351
0.352363542999
0.352287641822
0.352230721305
0.352154834437
0.352097924651
0.352003085228
0.351889295294
0.35183240697
0.351737603317
0.351661769593
0.351604899665
0.351529080249
0.351472221052
0.351415366455
0.351339567478
0.351282723612
0.351187994054
0.351093277271
0.351036453334
0.350979633995
0.350903882031
0.350828138243
0.350771335768
0.350733470006
0.350657744614
0.350600955936
0.350544171856
0.350487392376
0.350430617495
0.350373847212
0.350279240295
0.350203563959
0.3501278958
0.35001440889
0.349938761171
0.349844213019
0.34978749026
0.349711867068
0.349636252053
0.349560645213
0.34948504655
0.349428352918
0.349352768562
0.349258299616
0.349182733657
0.349126064553
0.349050512901
0.348974969426
0.348918317185
0.348823907004
0.348767267027
0.348691754212
0.348635124966
0.34855962697
0.348503008456
0.348427524257
0.348352048234
0.348333180506
0.348257714703
0.348201120716
0.348125669221
0.348050225902
0.347955933252
0.347880508329
0.347823945002
0.347767386275
0.347729683012
0.347635433796
0.347578890398
0.3475223516
0.347465817401
0.347390445622
0.347333922154
0.347258564683
0.347202051946
0.34710787427
0.346994877923
0.346919557245
0.346844244742
0.346750116123
0.346693644777
0.346618356803
0.346561896188
0.346505440172
0.346411357032
0.346317286667
0.346223229077
0.346147992203
0.346035152222
0.345903528828
0.345809527448
0.345715538844
0.345640357158
0.345565183648
0.345490018314
0.34543364968
0.345358498654
0.34530214075
0.345245787446
0.34517065686
0.345114314287
0.345001642936
0.34494531416
0.344870216278
0.344795126573
0.34473881466
0.344663739262
0.344588672041
0.344494849512
0.344401039758
0.344344760038
0.344269727564
0.344194703267
0.344100934393
0.344025928492
0.343969679432
0.343875941218
0.343800959846
0.343744729181
0.343669762116
0.343613542183
0.343538589427
0.343482380224
0.343407441776
0.343351243305
0.343276319164
0.343201403199
0.343126495411
0.343051595798
0.342976704361
0.342883101563
0.342808228523
0.342695934292
0.342621081692
0.342564947607
0.342471401019
0.342396572947
0.342340457258
0.342265643494
0.342190837905
0.342116040493
0.342078644853
0.342041251257
0.341966470197
0.341891697313
0.341798242705
0.341742176073
0.341704800873
0.341630056605
0.341555320513
0.341480592597
0.341443231705
0.341387194199
0.341349838417
0.34131248468
0.341237783336
0.34120043573
0.34112574665
0.341032396798
0.340920394349
0.340864399768
0.34078974748
0.340696443618
0.340621809727
0.340547184011
0.340472566472
0.340397957108
0.340342005451
0.34024876291
0.340192823517
0.340099601415
0.340043674286
0.339950472624
0.33989455776
0.33982001176
0.339726840759
0.339652313156
0.339596422819
0.339521909524
0.339428779403
0.339372907462
0.33931704012
0.339242557485
0.339186700874
0.339112232548
0.339056386668
0.338981932649
0.338907486806
0.33883304914
0.338758619649
0.338702802896
0.338646990743
0.338572581692
0.338479581876
0.338405191222
0.338312214401
0.338219250355
0.338070534455
0.337977603624
0.337884685569
0.337810360322
0.337754621753
0.337680310815
0.337624582977
0.337568859737
0.337513141097
0.337420287428
0.337346013282
0.337253182097
0.337141802049
0.337086118668
0.337011881314
0.336919096119
0.336826323699
0.336770666379
0.336715013658
0.336640817185
0.336566628887
0.336510993029
0.336381193913
0.336307034231
0.336214346637
0.336140205352
0.336066072242
0.335991947309
0.335862248349
0.33575109774
0.335677007555
0.335602925546
0.335510334532
0.335417756293
0.335288169753
0.335195622174
0.335066080091
0.334973563173
0.334899558836
0.334807064912
0.334733078971
0.334659101206
0.334548149889
0.33445570451
0.334363271907
0.334270852078
0.334178445025
0.334030620311
0.333975194475
0.333901300515
0.333808944562
0.333698134281
0.333605806433
0.333495029878
0.333402730135
0.333291987307
0.333199715669
0.333089006566
0.33297831586
0.332886087657
0.33279387223
0.332720109086
0.3326094797
0.332554171905
0.332462002468
0.332406706937
0.332351416006
0.332277701918
0.332203996006
0.33205660871
0.332019766996
0.331946089701
0.331854004579
0.331817174107
0.331761932232
0.331669872659
0.3315962342
0.331485791841
0.331412173821
0.331338563978
0.33126496231
0.331172971723
0.331080993912
0.330989028875
0.330915466044
0.330841911389
0.330768364909
0.330713210415
0.330658060521
0.330602915225
0.330547774528
0.330474260753
0.330400755154
0.330308884653
0.330272140029
0.330198656914
0.330143549943
0.330070081136
0.329978256625
0.329886444889
0.329794645928
0.329702859742
0.329611086332
0.329519325696
0.329445926385
0.329335842749
0.329262463879
0.329152410903
0.329097391314
0.329042376323
0.328987365932
0.328914025898
0.328895692166
0.328877358946
0.328804031176
0.328730711582
0.328657400163
0.328584096921
0.328529124855
0.328455835921
0.328382555163
0.328309282581
0.328236018174
0.328162761944
0.32808951389
0.328034583215
0.32794304231
0.327888123899
0.327814906506
0.327705095745
0.32761360083
0.32752211869
0.327448942177
0.327412356986
0.327302613677
0.327192888765
0.327119749043
0.327028335889
0.326918656966
0.326827271917
0.326754173076
0.32669935431
0.326626269777
0.326553193419
0.326461859981
0.32638880202
0.326315752235
0.326187934784
0.326114907483
0.326041888358
0.326005381861
0.325932375
0.325859376315
0.325804632667
0.325749893618
0.325658672089
0.325603945304
0.325549223118
0.325476267357
0.325403319772
0.325312146789
0.3252392176
0.325148067611
0.325075156819
0.32502047909
0.32496580596
0.324892915607
0.324856473497
0.324765377164
0.324710725496
0.324601435957
0.324510375394
0.324401119582
0.324346498574
0.324237270355
0.324164461763
0.324109860684
0.324000672835
0.323927890815
0.323818733115
0.323727782417
0.323636844495
0.323527735851
0.323436826033
0.323345928991
0.323255044723
0.323164173231
0.323091485235
0.323018805416
0.322964300916
0.322873470304
0.322800815012
0.322691847405
0.32256474178
0.322492121237
0.322419508869
0.322310605648
0.322183575141
0.322110997521
0.322038428078
0.321947727771
0.321838904267
0.321784499413
0.321675703502
0.321603183115
0.321458166869
0.321313183327
0.32125882293
0.321168232489
0.321077654823
0.321023314355
0.320932757129
0.320824106854
0.320751682535
0.320661163634
0.320588757711
0.320516359965
0.320407778675
0.320335401368
0.32022685125
0.320136406444
0.320082145693
0.320009805178
0.31993747284
0.319828989662
0.319756677764
0.319666299389
0.319557862202
0.319485580963
0.319395240913
0.319286849716
0.319214599138
0.319142356736
0.31907012251
0.319015952206
0.318925679097
0.318835418252
0.318763218774
0.318654934888
0.318600799843
0.318510584988
0.318420382909
0.318330193604
0.318312157276
0.318240017075
0.318167885049
0.318077731515
0.318005617885
0.317897462771
0.317807347562
0.317717245127
0.317609139069
0.317501051407
0.317447014475
0.317374972386
0.317302938473
0.317230912735
0.317158895174
0.31706888472
0.316996885555
0.316888902138
0.316780937117
0.316690980318
0.316565062262
0.316529090273
0.316421186572
0.316313301267
0.316223410899
0.316133533305
0.316061640429
0.315953816444
0.315863977176
0.315810079747
0.315756186917
0.315684337476
0.315630455377
0.315558619732
0.315486792264
0.315379067925
0.315253410991
0.315199565684
0.315145724976
0.315091888868
0.314984230447
0.314912468387
0.314840714503
0.314751033646
0.314625501907
0.31453585171
0.314482067723
0.314392437966
0.31435658964
0.314302820984
0.314249056926
0.314195297468
0.314141542609
0.314069876617
0.314016132489
0.313944480805
0.313854927698
0.313783294411
0.31372957481
0.313640052363
0.313532642801
0.31344314897
0.313353667404
0.313282091348
0.313192632777
0.313121075117
0.313049525634
0.312977984327
0.312906451196
0.312834926241
0.312763409461
0.312674024985
0.312584653284
0.312513165121
0.312459554364
0.312370213323
0.312263020937
0.312191569566
0.312102268383
0.312012978442
0.311923701276
0.311834436885
0.31176303457
0.311691640432
0.311638100193
0.311548876682
0.311477507072
0.311388306556
0.311334792379
0.311281282801
0.31120994385
0.311138613076
0.311085120361
0.311031632244
0.31096032191
0.310889019752
0.310817725769
0.310710800126
0.310621709476
0.310550446154
0.310443567012
0.31037232413
0.310301089424
0.31024766876
0.31015864454
0.310087434362
0.310034032094
0.309945039045
0.309856058261
0.309802675922
0.309731506624
0.309660345502
0.309589192557
0.309518047787
0.309464694575
0.309393564114
0.309304662534
0.309162446579
0.309091350866
0.308966953041
0.308895879811
0.308807049772
0.308718232508
0.30868270918
0.308593909801
0.308522879495
0.308434103111
0.308327588314
0.308238840035
0.30816785061
0.308079125326
0.307990412818
0.307954931391
0.30788397467
0.307777554919
0.307688885845
0.307653421793
0.307600229547
0.307511586024
0.307440680403
0.307369782958
0.30729889369
0.307210293601
0.30708627494
0.306979993159
0.306909148859
0.306856020999
0.306785191007
0.30671436919
0.30664355555
0.306572750086
0.306501952797
0.306431163685
0.306360382749
0.306289609989
0.306218845405
0.306165777332
0.306112713859
0.306041969715
0.305953551032
0.305900505955
0.305776751992
0.305723722245
0.305635349552
0.305564660597
0.305476310899
0.305387973977
0.305334977956
0.305281986534
0.305211338458
0.305140698558
0.305017099941
0.304911176883
0.304840571732
0.304769974756
0.304664094623
0.304575875232
0.304505308916
0.304381837538
0.304311293707
0.304223125415
0.304170230572
0.304117340328
0.304029200142
0.303958697191
0.303888202416
0.3038353367
0.303747237394
0.303694383942
0.30364153509
0.303571077618
0.303500627811
0.303412577561
0.303359753236
0.303271722915
0.303236514364
0.303166103393
0.303078101177
0.30302530598
0.302954919537
0.302884541271
0.302831762936
0.302743809265
0.302673455527
0.302585524851
0.302515189509
0.302444862343
0.302356964882
0.302286656112
0.302198781647
0.302146063099
0.302058209074
0.302005502791
0.301917669206
0.301847411536
0.301777162042
0.301706920724
0.301671803131
0.301619130574
0.301548907652
0.301461140497
0.301338287942
0.301268097724
0.301215460426
0.301127742328
0.301075117294
0.301022496859
0.300969881023
0.30089973373
0.30081206111
0.30075946367
0.30070687083
0.300636754196
0.300584172086
0.300531594576
0.300443975612
0.300356369422
0.300268776008
0.300198710475
0.30014616669
0.300041092918
0.299988562931
0.299936037543
0.299901023172
0.299813496188
0.29976098613
0.29970848067
0.299673479586
0.299603483549
0.299533495688
0.299463516003
0.299393544494
0.29928860256
0.299218651491
0.299166193555
0.299096256794
0.299008847341
0.298973887137
0.29890397286
0.298851542518
0.298816591512
0.298746695631
0.298676807926
0.298606928398
0.298537057045
0.298449729352
0.298397338868
0.298327492044
0.298257653395
0.298205279774
0.298100546841
0.298048187017
0.298013283023
0.297943481167
0.297856240344
0.297786456884
0.297734124654
0.297681797023
0.297612034003
0.297559717104
0.297507404803
0.297437662223
0.297367927819
0.297298201591
0.297263341543
0.297193627579
0.297071647816
0.297001956336
0.296949693092
0.296932273032
0.29688001592
0.296810346924
0.296740686104
0.296688445855
0.296653621577
0.296549161008
0.296479530848
0.296427313594
0.296357697742
0.296305491219
0.296270689426
0.296218490567
0.296166296308
0.296079316097
0.296009741125
0.295922783909
0.295835839467
0.295766293112
0.2957489078
0.295696754932
0.295627224929
0.295557703102
0.295488189962
0.295418684487
0.29533181414
0.295262327061
0.29517547971
0.295088645134
0.295001823333
0.29493237509
0.294862935023
0.294793503132
0.29474143458
0.294689370626
0.29460260759
0.294550555901
0.294481160802
0.294411773879
0.294325051724
0.294273024562
0.294203662168
0.294099634417
0.294064962418
0.293960958684
0.293874302959
0.293804987576
0.29373568037
0.29366638134
0.293614412433
0.29354512771
0.293493169534
0.293354636882
0.29328538282
0.293216136934
0.293146899224
0.29307766969
0.292973840719
0.292921933132
0.292870030144
0.292800833314
0.292697053399
0.292627877009
0.29254141802
0.292472260026
0.292385824031
0.292299400812
0.292230271434
0.292161150233
0.292092037207
0.292005657423
0.291953835684
0.291902018545
0.291850206004
0.29174659472
0.291677530751
0.291608474957
0.29153942734
0.291470387899
0.29134958855
0.291280571593
0.291211562812
0.291142562207
0.29103907714
0.290952853211
0.290814921498
0.290728730784
0.290659787411
0.290556387682
0.290521925193
0.290453006349
0.29038409568
0.290349643412
0.290280745007
0.290194633499
0.290142972726
0.290091316552
0.290005233149
0.28991916252
0.289867526276
0.289781476087
0.289729852107
0.289661027286
0.289557805386
0.289506201334
0.289420204801
0.289317025825
0.289265443235
0.289196673603
0.289145101744
0.289059158867
0.289024785293
0.288956044277
0.288870129504
0.288784227507
0.288715515107
0.288646810883
0.28859528808
0.288543769877
0.288475086093
0.288406410485
0.288320577473
0.288217594722
0.288148949774
0.288028840789
0.287977373175
0.28792591016
0.287891604038
0.28785729996
0.287771548708
0.287737251785
0.287668664069
0.28760008453
0.287548655241
0.287480090009
0.287411532954
0.287360120528
0.287291577781
0.28718877899
0.287120256683
0.28700036283
0.286931863007
0.28686337136
0.28681200799
0.286760649219
0.286692178012
0.286623714981
0.286555260126
0.286503924351
0.286401266596
0.286332838313
0.286298627238
0.286230211219
0.286127602521
0.286059206943
0.28599081954
0.285939534353
0.285854069774
0.285768617458
0.285683177917
0.285597751152
0.285529418937
0.285478175142
0.285409857236
0.285341547505
0.285273245951
0.285204952573
0.285136667371
0.285068390344
0.28501718794
0.28493186082
0.28488067068
0.284812424314
0.284658899884
0.28459068009
0.284522468472
0.284471315124
0.284403117814
0.284351975197
0.284300837179
0.28423266031
0.28414745072
0.284079292246
0.284028178756
0.283977069866
0.283942999827
0.283857833672
0.283806740111
0.283738622518
0.2836705131
0.283585387826
0.283517296805
0.283432194525
0.283347105021
0.283279042616
0.283228001177
0.283193976107
0.283108922372
0.283040888583
0.28297286297
0.282938853229
0.282887842451
0.282802834707
0.28273483771
0.282666848889
0.282615862639
0.282547888126
0.282479921789
0.282411963628
0.282344013643
0.282276071834
0.282225120843
0.282157193342
0.282089274017
0.282021362869
0.281970434873
0.281902538032
0.281851620767
0.281800708101
0.2817328317
0.281664963476
0.281597103427
0.281512289864
0.281461407858
0.281376614735
0.281325744993
0.281257925825
0.281190114833
0.28110536259
0.281037569993
0.280969785573
0.280885066545
0.280783420575
0.280732604489
0.280681793001
0.280614051505
0.280546318696
0.280495524071
0.280444734046
0.280377021166
0.280309316462
0.2802585433
0.28022469708
0.280173931582
0.280123170684
0.280072414385
0.279987830772
0.279920173081
0.279852523565
0.279784882225
0.279700342048
0.279666529554
0.279598910699
0.279548201923
0.279480597375
0.279396103188
0.279345412808
0.279311621776
0.279260939061
0.279210260945
0.279142697278
0.279058254191
0.27899070892
0.278923171825
0.278838761953
0.278788122162
0.278703732731
0.278653105204
0.278585608989
0.27851812095
0.278467510286
0.278433772399
0.278366302756
0.278281977199
0.278214525953
0.278096505944
0.278012221268
0.277944802725
0.277877392358
0.277826839949
0.277776292138
0.277692056008
0.277641520461
0.277590989514
0.277523622071
0.277489941416
0.277388912225
0.277338404273
0.27727106749
0.277203738884
0.277153247794
0.277069106199
0.277001802121
0.276951329427
0.276884039657
0.276833577695
0.276766302233
0.276699034947
0.276631775836
0.276564524902
0.276497282144
0.276446855441
0.276379626991
0.276312406717
0.276245194619
0.276177990697
0.276127593121
0.276043607382
0.275942841357
0.275875674227
0.275808515273
0.275724578079
0.275640653659
0.275573523321
0.27550640116
0.275422509955
0.275338631526
0.2752883106
0.275237994274
0.275154143949
0.275087072888
0.275020010003
0.274952955293
0.274869148404
0.274802112091
0.274718328197
0.274668063993
0.274584300539
0.274517298973
0.274450305584
0.274400065908
0.274333086827
0.274282857882
0.274215893109
0.274148936512
0.274081988091
0.274015047846
0.27398158079
0.273914652809
0.273847733004
0.273797548516
0.273730643019
0.273647022646
0.273580135545
0.273513256621
0.273479820224
0.273412953564
0.273362808934
0.273312668903
0.273295956581
0.273212402638
0.27312886147
0.273062037734
0.273011925297
0.272995222173
0.272961817459
0.272895014163
0.272828219042
0.272761432098
0.272677959915
0.272627882738
0.272561120322
0.272494366081
0.272444305767
0.272394250051
0.272310834079
0.272244110499
0.272210751775
0.272144040459
0.272077337319
0.272027315329
0.271960626498
0.271893945842
0.271810606519
0.271760609058
0.27169395293
0.27157732438
0.271527348381
0.27146072087
0.271410755601
0.271360794932
0.271327490374
0.271260887391
0.271194293094
0.271077771855
0.271011199531
0.270961275654
0.270894717639
0.270844804493
0.270778260786
0.270711725254
0.270645197899
0.27057867872
0.270478915792
0.270429040971
0.270362548364
0.270296063933
0.270196352617
0.270113273906
0.270063432811
0.270013596315
0.269963764419
0.269913937121
0.269847507878
0.269764482822
0.269698071975
0.269598471035
0.26956527481
0.269515484304
0.269449104118
0.269382732107
0.269349549168
0.269299778591
0.269233424977
0.269183665131
0.269133909885
0.269100742276
0.269050994694
0.26898467174
0.268918356962
0.268769183714
0.268719466793
0.268669754471
0.268620046747
0.268570343623
0.268520645098
0.268454387552
0.268388138182
0.268321896988
0.268288779457
0.268239106993
0.268189439128
0.268139775862
0.268090117195
0.268023912793
0.267957716567
0.267874982782
0.267808804952
0.267759176945
0.267693013424
0.267626858078
0.267560710908
0.267494571914
0.267444973035
0.267362318455
0.26729620399
0.267246623506
0.267213572405
0.267114431367
0.267048347561
0.266982271932
0.266949237183
0.266899688893
0.266833631659
0.2667840941
0.266734561139
0.266685032778
0.266635509015
0.266585989852
0.266519971455
0.266453961234
0.266420959189
0.266371459955
0.266288971962
0.266222990357
0.26619000262
0.266074563172
0.266025096131
0.26595914723
0.265893206505
0.265827273956
0.265744869768
0.265695433387
0.265646001605
0.265596574421
0.265497734363
0.265464791595
0.26539891219
0.265333040962
0.265267177909
0.265201323033
0.265151937241
0.265086096672
0.26498735115
0.264888624023
0.264855719069
0.26480636547
0.26475701647
0.264691224958
0.264608997065
0.264576109485
0.264526781947
0.264477459009
0.264395264331
0.264329517787
0.264296647581
0.264230913301
0.264148756948
0.264099469269
0.264017333356
0.263968057941
0.263902364541
0.263853099857
0.263787420765
0.263738166811
0.263672502028
0.263590432545
0.263508375838
0.263475556732
0.263409924653
0.263360705959
0.263295088187
0.263229478591
0.26318027676
0.263114681473
0.263032698861
0.262967121969
0.262868772473
0.262786828187
0.262721281955
0.2626557439
0.262590214021
0.262524692318
0.262491934532
0.262426425093
0.26236092383
0.262311803248
0.262262687265
0.262131733795
0.262066269324
0.261984450233
0.261919004158
0.261837208062
0.261771780383
0.261690007282
0.261624597999
0.261559196892
0.261526499405
0.261444764629
0.261379386006
0.26131401556
0.261248653289
0.261183299195
0.261134288989
0.261052616045
