6329
16899
850
6303
9956
8771
35794
18443
18946
8157
4707
9705
8349
645
7440
43242
2450
4761
11798
13876
8901
19182
5319
9089
12003
17584
39327
174
1163
11769
12115
36300
18516
20182
36715
499
27703
2457
4194
6090
45968
8876
14174
15853
18715
53415
56016
683
3216
11353
13021
16732
21116
51268
53617
62098
3843
4282
7181
10094
18754
24017
28808
318
1199
9045
15967
25303
26301
37143
45137
56214
59255
364
539
982
4716
6206
6834
7093
10761
12072
15859
16015
16981
18231
23427
26528
36056
42224
49761
51687
20
251
448
693
726
1525
1540
1897
2317
2359
2494
5580
5930
6134
6379
7134
7423
7641
7924
9099
12731
14717
18172
19992
20382
22003
31306
31822
31936
35427
40186
40240
43962
49427
51200
51891
57580
57983
10
120
764
766
1400
1469
2885
3525
3879
4615
4825
6395
6837
6997
8784
10995
12035
12233
12578
13938
14171
14861
17018
19314
22253
24967
26583
27610
28460
29695
31098
33815
36340
37704
38492
39514
40136
43637
47531
138
458
556
708
738
1052
1255
1319
1492
1958
2016
2253
2503
2616
2642
2876
3639
3641
4233
4646
4935
5720
5764
6146
6656
8207
8478
8550
8707
8717
9030
9485
10634
11130
11487
13177
14786
14901
14995
15452
15988
16075
16703
16951
17322
19807
21146
21193
22653
23670
23983
26167
26252
26627
31671
31908
32317
32384
41429
41589
42915
45696
52807
54530
54709
58404
58954
61316
285
430
611
886
1020
1185
1228
1467
1542
1671
2148
2236
2268
2288
2483
2697
3258
3376
3516
3619
3939
3973
4130
5006
6265
6495
6648
6899
7170
7284
8327
8808
8932
9405
10081
10994
11828
11918
12939
12947
13002
13337
14272
15776
15981
16190
16805
18115
18338
19661
19994
19999
21454
21531
22393
24719
24876
27276
27446
28979
31647
31843
32164
32655
32693
33558
34399
35082
36619
37655
40672
40688
42998
44040
44837
45627
45796
47142
47803
49077
51833
52212
52243
53207
54954
55117
57172
61196
62486
44
65
518
628
737
843
1267
1325
1365
1381
1390
1607
1628
1959
2055
2113
2269
2380
2620
2719
2979
3058
3203
3247
3271
3775
4017
4177
4865
5025
5178
5188
5450
5503
5796
6043
6130
6221
6597
6652
6731
7004
7299
7340
8099
8418
8592
8868
8951
9062
9270
9282
9335
9395
10998
11553
11583
11584
11954
12423
12435
12610
12978
12979
13442
13518
13673
13839
14620
15336
15932
16236
16848
17531
17693
17886
18867
20243
20955
21099
21428
22009
24547
24766
25519
25642
25711
26047
26462
26674
28195
29792
30322
30413
31166
31555
31693
32959
33561
34830
36164
36230
37314
37378
38864
39446
39595
40935
41380
41424
42233
49056
49161
51791
52073
52285
54738
56738
56952
57709
58668
58731
59080
59395
59948
61932
163
212
273
276
312
315
398
408
425
441
496
834
866
975
994
1186
1345
1791
1866
2034
2067
2093
2306
2604
2685
2755
2882
2939
3014
3193
3236
3328
3371
3514
3609
3710
3974
3987
4011
4217
4227
4457
4787
4885
5240
5489
5620
5695
5920
5995
6074
6104
6153
6528
6658
6690
6802
6999
7410
7468
7541
7547
7701
7744
7905
7938
8195
8534
8597
8617
8856
8869
8965
9376
10325
10444
10469
10565
10567
10568
10624
10686
10797
11034
11077
11630
11757
11808
12537
12975
13195
13330
13663
13942
13978
14290
14728
14967
16254
16389
16406
16591
16602
16784
16923
17100
17288
18287
18745
19030
19329
19523
19861
20721
20826
21038
22054
22538
22741
23011
23319
23998
24220
24320
25497
26027
26196
26394
27626
27819
28119
28359
28454
28553
29631
31937
32141
32464
33004
33009
33317
33408
33945
35156
35262
35303
35866
36036
36383
36561
36579
36642
36671
37131
38609
38761
38899
39184
39189
40245
40797
41552
42276
43001
43077
43111
44983
45161
45209
45638
45734
47211
47868
48053
48911
49417
49695
50167
50389
50398
52145
52515
52543
52634
52662
53370
53826
54118
54293
54331
54854
56211
58461
58871
59061
59540
59667
59786
61507
33
60
84
162
249
296
380
393
676
840
847
858
950
981
1287
1407
1430
1501
1627
1638
1799
1820
1911
1948
2053
2276
2353
2440
2700
2708
2791
2958
3042
3169
3255
3292
3475
3612
3765
3875
3931
4110
4502
4519
4737
4802
5285
5560
5634
5932
6044
6463
6568
6590
6701
6710
6735
7210
7230
7283
7437
7490
7508
7584
7803
7822
8149
8538
8627
8887
8891
8894
8968
8974
9162
9596
9894
9985
10085
10270
10284
10459
10489
10691
10939
12379
12459
12552
12834
13027
14169
14246
14451
14561
14562
14892
14984
15078
15119
15221
15514
15762
15893
16638
16644
17230
17580
17639
19138
19220
19273
19347
19565
19654
20041
20149
20224
20393
20509
20754
21588
21639
21760
21856
22364
23113
23817
23965
24617
24702
24735
24867
24965
25406
25523
25757
25933
26203
27029
27753
27901
27985
28197
29629
29764
30141
30876
31022
31099
31549
32041
33126
33635
34449
35256
36279
36364
37050
37227
37450
38100
38402
38480
40363
40670
40724
41216
41511
41676
41989
42688
42879
43329
43470
43497
44142
44289
45044
45862
46460
47476
47659
47902
48306
49122
49625
50025
50506
50652
50677
50920
51153
51342
51360
52172
52619
53093
53476
55374
56452
56950
57191
57273
57782
59597
59971
60144
60194
60206
61414
61846
61948
19
55
89
133
390
606
659
881
1080
1314
1389
1543
1688
1722
1764
1951
1955
1963
2019
2026
2086
2198
2221
2343
2431
2443
2596
2622
2672
2711
2861
2912
2980
2986
3137
3354
3742
3861
3898
3907
3977
4086
4100
4175
4493
4534
4567
4776
4781
4801
4945
5307
5329
5438
5637
5712
5825
6116
6902
7056
7152
7392
7557
7593
7951
8344
8506
8678
8749
8782
8836
9044
9093
9140
9306
9630
9889
9993
10011
10019
10086
10169
10428
10829
10897
10963
11020
11068
11375
11468
11482
11582
11678
11898
12296
12313
12457
12540
12760
12771
12871
12953
13264
13711
13773
14300
14409
14521
14582
14731
14970
15011
15199
15348
15747
15857
16308
16535
17073
17334
17460
17471
17819
18072
18107
18507
18749
18890
18980
18994
19251
19326
19456
19539
19766
19850
19892
20376
20498
21101
21219
21512
21806
21820
21893
22824
22893
23055
23096
23453
23457
24217
24695
24713
25099
25381
25538
25602
25803
25989
26430
26454
26588
27026
27879
28048
28403
28449
28486
28592
28889
29145
29402
29993
30007
30049
30202
31222
31308
32144
32339
32739
33039
33359
33409
34227
35447
36324
36798
36840
36980
37020
37205
38574
39265
39278
40966
41695
41788
42158
42505
42572
42821
42892
42894
43622
43799
43806
43824
44200
44258
44595
44669
44939
45156
45208
45685
45695
46222
46280
46479
46990
47180
47201
47316
47375
49023
50512
50733
50820
51380
51621
52266
52321
52341
52380
52397
52399
52610
52639
54638
54835
55073
55544
55963
56093
56147
56345
56504
56777
56799
57121
57238
57840
58063
58130
58144
58503
60008
60531
60818
60943
60972
61107
61113
61126
61546
62096
62268
22
131
142
196
204
229
250
262
392
396
436
528
580
596
684
825
888
898
909
917
1041
1176
1248
1337
1399
1403
1409
1550
1620
1637
1694
1745
1747
1756
1804
1840
2017
2154
2219
2239
2310
2335
2357
2393
2448
2554
2704
2821
2957
2974
3125
3128
3135
3146
3190
3491
3654
3707
3896
4063
4164
4178
4188
4300
4322
4350
4507
4586
4697
4708
4749
4984
5085
5223
5266
5337
5559
5624
5689
5913
5935
6072
6261
6541
6653
6713
6758
6760
6793
6914
7025
7108
7116
7156
7161
7213
7522
7524
7605
7606
7714
7846
7871
7946
8150
8309
8582
8601
8813
8858
9110
9122
9232
9291
9308
9418
9438
9447
9489
9655
9723
9818
9955
10047
10053
10265
10346
10422
10478
10513
10566
10638
10879
10920
10937
11365
11454
11564
11661
11663
11910
11975
11980
12014
12028
12198
12243
12247
12467
12535
12558
13086
13247
13385
13394
13521
13541
13603
13617
13630
13759
14390
14498
14503
14551
14675
14676
14746
15148
15333
15396
15476
15693
15842
15864
15886
15892
16000
16084
16185
16205
16315
16559
16634
16670
16736
17033
17684
17686
17844
17997
18120
18303
18308
18378
18687
18766
19064
19702
19715
19823
19825
20006
20175
20768
20886
20981
21128
21172
21780
22440
22628
22746
22751
22776
22902
22982
23349
23455
23593
23594
23622
23663
23885
23929
23961
24131
24152
24349
24750
25055
25939
26386
26435
26640
26657
27046
27052
27207
27259
27445
27582
27642
27643
27691
27752
27800
27974
28170
28837
28973
29208
29478
29712
29833
29864
30272
30770
31013
31352
31364
31510
32309
32624
32708
32720
32878
32898
33415
33430
33482
33512
33553
33679
34147
34175
34633
35016
35571
35925
37351
37539
38203
38862
39261
39481
40463
40836
40848
40948
42248
42293
42309
42425
42820
42849
42978
43278
43370
43943
44156
44192
44206
44461
45164
45657
45979
46353
46785
47183
47486
47740
47924
48213
48343
48473
49649
50211
50445
50647
50975
52186
52540
52958
53105
53291
53852
53884
53956
54017
54281
54558
55135
55366
56047
56204
57005
57453
57820
57822
58384
58491
58902
58920
58921
59233
59319
59566
59789
60065
60235
60587
60613
60692
61109
61234
61240
61281
61382
61742
61
81
110
159
209
240
300
329
337
449
453
459
624
715
805
878
920
931
945
978
1051
1075
1210
1226
1339
1417
1418
1561
1696
1732
1773
1795
2118
2162
2250
2252
2381
2459
2479
2542
2586
2627
2675
2750
2860
2880
2921
2993
3064
3123
3133
3401
3414
3425
3535
3560
3691
3693
3720
3852
3853
3859
3947
3978
3994
4078
4134
4145
4165
4216
4254
4330
4542
4574
4577
4794
4817
4821
4849
5117
5157
5162
5171
5380
5448
5469
5578
5625
5896
5921
6053
6164
6222
6349
6350
6424
6550
6609
6743
6804
6826
7034
7071
7186
7207
7402
7500
7529
7569
7598
7616
7673
8016
8282
8316
8398
8475
8487
8661
8755
8909
8952
9021
9141
9767
9796
9808
9879
9900
9918
10027
10199
10300
10315
10541
10622
10688
10731
10952
10959
11089
11099
11124
11213
11216
11336
11728
11845
11949
12215
12239
12276
12541
12572
12655
12699
12818
12886
13008
13222
13245
13355
13472
13489
13682
13789
13899
14060
14078
14144
14218
14279
14363
14386
14612
14690
14865
15258
15274
15484
15610
15656
15800
15871
15937
15951
15969
15998
16226
16577
16589
16961
17443
17508
17537
17594
17738
17751
18105
18390
18435
18728
18903
18906
19171
19386
19569
19655
19657
19719
19761
19839
20103
20262
20330
20844
20966
21119
21450
21453
21830
21970
21984
22452
22818
23121
23288
23365
23815
24537
24562
24571
24841
24974
25042
25165
25488
25544
26279
26463
26637
26661
26827
26995
27523
27566
27567
27706
27869
28025
28184
28188
28589
28673
29032
29140
29184
29362
29516
29632
30058
30071
30109
30232
30783
30968
31104
31358
32527
32725
33363
33651
33882
34032
34188
34233
34239
34612
34857
34873
34893
35448
35659
35776
35911
35927
35958
36022
36334
36595
36598
36941
36992
37222
37232
37239
37354
37926
37967
38463
38501
38933
39016
39093
39185
39206
39540
39556
39784
39862
40039
40291
40401
40435
40660
40663
40803
40923
41127
41340
41377
41798
41840
42060
42139
42277
42370
42774
42890
43074
43313
43650
43759
44015
44064
44092
44145
44170
44179
44326
44342
44624
44809
45063
45347
45840
45923
46025
46110
46219
46301
46349
46508
46667
47145
47315
47713
47998
49192
49305
49731
49758
49993
50084
50152
50343
50477
50657
50963
51019
51094
51330
51603
52274
52587
52602
52667
53039
53131
53363
53548
53653
53695
53768
53775
53809
54084
54137
54448
54626
54667
54925
55046
55259
55817
55895
56780
57118
57281
57638
57658
57962
58098
58169
58527
58662
58739
59403
59825
59960
60289
60722
62012
62111
62131
62226
62415
8
11
202
339
422
475
607
650
682
807
951
964
965
1001
1004
1022
1098
1104
1204
1213
1216
1283
1301
1317
1406
1755
1875
1906
1937
1999
2018
2122
2124
2174
2182
2218
2245
2410
2687
2699
2710
2720
2815
3033
3071
3147
3406
3419
3420
3426
3431
3572
3626
3638
3653
3704
3757
3857
3937
3967
4036
4146
4157
4166
4285
4481
4491
4522
4539
4726
4736
4824
4861
5005
5008
5308
5340
5473
5486
5591
5622
5757
5786
5788
5807
6239
6256
6276
6282
6373
6375
6778
6800
7006
7077
7256
7261
7314
7321
7375
7479
7568
7777
7832
7878
7947
7982
8145
8208
8334
8378
8560
8654
8793
8830
8838
8943
9217
9415
9436
9440
9469
9573
9660
9737
9740
9922
10251
10418
10535
10737
10864
11054
11332
11648
11703
11752
11880
11887
12250
12308
12567
12724
13037
13079
13395
13399
13432
13474
13543
13811
13919
13921
13931
14100
14287
14344
14459
14494
14579
14599
14791
15157
15170
15522
15569
15632
15812
15822
15965
16175
16212
16219
16396
16419
16619
16630
16838
16871
16928
16958
16996
17034
17057
17194
17687
17930
17945
18258
18664
18718
18740
18796
18963
19087
19297
19301
19322
19534
19583
19653
19664
19683
19974
20178
20192
20246
20291
20340
20482
20562
20579
20939
21117
21171
21423
21573
21724
21818
21860
21974
21993
22019
22110
22175
22303
22379
22445
22506
22524
22795
22953
23039
23071
23108
23339
23393
23401
23429
23519
23623
23910
24344
24391
24590
24696
24895
24941
25286
25370
25762
25771
25791
25821
25918
25970
25984
26035
26102
26444
26466
26473
26600
26611
26751
26853
27074
27099
27190
27244
27249
27332
27475
27613
27623
27776
27860
28294
28526
28779
28956
28958
29024
29070
29088
29120
29197
29397
29427
29500
29793
29842
29995
30277
30282
30495
30564
30598
30894
31026
31260
31342
31668
31686
32037
32076
32173
32350
33015
33386
33427
33473
33972
34120
34467
34511
34559
34781
35007
35014
35094
35103
35148
35240
35736
35814
35930
36478
36509
37084
38025
38036
38200
38413
38623
38657
38732
38896
38958
39066
39111
39204
39473
39583
39603
39720
39941
40399
40614
41109
41295
41327
41562
41590
41606
41653
41894
41913
41980
42001
42025
42056
42341
42660
42801
42829
42850
42853
43327
43431
43512
43663
43800
43870
44540
44555
44562
44947
45075
45807
45834
45935
46021
46085
46197
46243
46385
46406
46420
47033
47277
47672
47712
47995
48022
48142
48284
49158
49232
49370
49493
49891
49949
49956
49964
50086
50109
50391
50541
50752
50784
51308
51325
51426
51525
51545
51708
51733
52158
52279
52334
52664
52704
52725
53154
53317
53873
53947
53980
54073
54349
54486
54706
54830
55203
55342
55875
56206
56359
56466
56735
57187
57349
58088
58141
58641
59051
59205
59240
59277
59384
59647
60558
60727
60935
61093
61350
61364
61784
61838
61860
61980
62173
62206
62511
62577
18
96
109
206
217
469
472
486
581
593
713
824
869
1014
1086
1092
1133
1145
1197
1205
1238
1277
1308
1326
1392
1439
1532
1554
1699
1749
1769
1855
1987
2021
2070
2106
2111
2135
2217
2228
2234
2271
2309
2315
2419
2617
2701
2773
2802
2820
2903
2956
2963
2989
3105
3196
3227
3438
3536
3537
3634
3659
3674
3681
3689
3711
3915
3986
4093
4190
4241
4386
4461
4472
4543
4656
4671
4766
4872
4983
5031
5082
5124
5135
5231
5322
5326
5515
5575
5584
5606
5657
5756
5877
5987
6070
6075
6098
6219
6290
6314
6460
6486
6859
6950
7197
7219
7294
7298
7372
7455
7496
7527
7578
7591
7712
7755
7762
7769
7789
7877
7955
8031
8113
8172
8174
8199
8227
8319
8368
8490
8556
8562
8604
8659
8816
8967
9127
9183
9437
9563
9568
9641
9728
9999
10038
10083
10125
10129
10157
10177
10187
10420
10496
10598
10602
10673
10699
10818
10894
10927
11085
11262
11406
11601
11714
11844
11878
12007
12093
12150
12191
12202
12406
12426
12439
12634
12793
12959
13046
13101
13105
13116
13134
13201
13305
13390
13733
13776
13886
13947
14688
14703
14750
14832
14868
14951
15096
15319
15345
15497
15646
15654
15749
15941
16069
16128
16450
16544
17075
17106
17153
17260
17385
17474
17730
17757
17799
17996
18128
18427
18461
18535
18550
18581
18582
18599
18872
19123
19146
19293
19349
19390
19411
19545
19556
20000
20093
20275
20278
20289
20365
20370
20559
20609
20895
20918
21079
21164
21406
21468
21562
21569
21757
22020
22100
22161
22261
22297
22540
22612
22770
22968
22993
22997
23034
23112
23361
23479
23655
23722
23744
23810
23848
24082
24135
24480
24741
24993
25050
25183
25623
25655
25674
25689
25704
25747
25802
25936
25949
25995
26136
26297
26596
26606
26849
26866
27287
27422
27537
27671
27792
27834
27896
28017
28118
28169
28217
28252
28333
28788
28874
28895
29037
29102
29296
29528
29628
30009
30139
30442
30502
30687
30754
30814
30937
31059
31171
31370
31388
31407
31450
31465
31480
31486
31788
31911
31998
32008
32225
32301
32357
32492
32733
32924
33177
33708
34213
34384
34518
34609
34698
35624
35655
35681
35798
35987
36042
36136
36149
36282
36417
36535
36716
36805
36826
36922
37005
37215
37236
37507
37709
37810
37914
38102
38163
38481
38873
39334
39414
39427
39631
39645
39745
39777
39851
40057
40079
40353
40388
40506
40565
40624
40690
40718
40765
40767
40942
41037
41434
41501
41598
41643
41855
42372
42388
42477
42707
42779
42791
42887
42889
43003
43078
43107
43216
43309
43387
43433
43524
43568
43635
43713
44020
44257
44291
44515
44516
44542
44629
44803
45381
45416
45460
45602
45833
46015
46132
46335
46627
46922
46993
46996
47261
47270
47601
47693
47844
48093
48195
48538
48658
48804
48931
49072
49331
49716
49720
49858
50053
50266
50452
50792
50870
50896
50997
51000
51013
51020
51280
51318
51334
51403
51498
51782
52000
52196
52234
52407
52412
52588
52624
52759
52800
53132
53737
53746
54111
54199
54247
54353
54384
54465
54580
55295
55489
55588
56330
56450
56520
56741
56824
56871
57060
57065
57159
57160
57565
57730
58101
58189
58320
58343
59181
59362
59397
59519
59570
59609
59696
59762
59993
60043
60063
60152
60261
60424
60465
60768
60850
60945
60948
61386
61470
61707
61751
62016
62145
62167
9
23
38
83
87
100
156
188
199
203
271
394
550
558
574
594
779
808
826
899
960
961
1151
1320
1509
1578
1579
1668
1673
1690
1758
1765
1845
1862
1890
2066
2077
2123
2125
2136
2145
2189
2207
2248
2278
2387
2392
2464
2477
2551
2557
2693
2706
2771
2874
3204
3272
3307
3399
3456
3487
3561
3567
3569
3629
3669
3729
3776
3778
3808
3921
4030
4055
4066
4080
4101
4139
4212
4447
4474
4541
4595
4619
4621
4627
4722
4744
4964
5041
5096
5115
5177
5195
5235
5316
5336
5362
5875
5892
5929
6003
6037
6062
6087
6103
6165
6169
6262
6285
6330
6354
6355
6368
6491
6500
6536
6566
6584
6611
6636
6645
6797
6858
6951
7125
7305
7309
7317
7367
7464
7538
7658
7807
7853
8048
8170
8221
8287
8389
8428
8448
8459
8489
8568
8591
8641
8699
8908
9027
9202
9344
9359
9468
9535
9639
9804
9965
10014
10017
10028
10151
10209
10257
10262
10288
10342
10354
10364
10403
10406
10430
10491
10529
10612
10635
10716
10739
10898
10906
11246
11250
11264
11302
11331
11424
11444
11509
11515
11606
11627
11633
11660
11964
11973
11996
12050
12051
12129
12145
12200
12375
12557
12596
12839
12859
12992
13012
13202
13231
13400
13405
13505
13535
13771
14089
14153
14162
14210
14215
14362
14468
14528
14553
14605
14695
14846
14937
15109
15190
15374
15540
15718
15829
16055
16057
16107
16133
16191
16266
16340
16344
16392
16422
16453
16459
16513
16545
16804
16976
17053
17058
17099
17102
17110
17210
17241
17560
17605
17750
17756
17842
17879
17892
17947
17962
18013
18093
18216
18305
18399
18416
18782
18860
19018
19086
19115
19124
19334
19550
19632
19785
19786
19802
19851
19954
20055
20101
20118
20277
20518
20576
20617
20654
20686
20690
20746
20751
20783
20811
20821
20938
21103
21162
21366
21508
21541
21696
21865
21930
22181
22346
22410
22635
22689
23152
23211
23214
23341
23346
23350
23465
23511
23551
23582
23592
23603
23630
23659
23717
23783
23833
23896
23984
24202
24279
24343
24359
24364
24544
24636
24697
24908
25041
25117
25139
25142
25394
25660
26049
26092
26108
26210
26213
26361
26362
26400
26428
26623
26765
26863
26883
26893
26930
26932
26948
27114
27241
27319
27323
27485
27521
27608
27704
27712
27717
27796
27839
27849
27989
28133
28237
28390
28402
28593
28778
28785
28834
28912
29121
29187
29211
29339
29342
29368
29597
29636
29690
29721
29789
29936
29997
30129
30374
30525
30559
30682
30733
30812
30935
31008
31037
31046
31084
31108
31122
31138
31147
31223
31446
31514
31525
31594
31605
31673
31785
31806
31999
32018
32177
32217
32333
32590
32873
33002
33007
33016
33108
33116
33152
33262
33268
33279
33414
33634
33674
33766
33927
33944
34030
34407
34451
34636
34791
34838
34843
34957
35019
35037
35044
35135
35181
35336
35368
35695
35743
35809
35834
35838
35858
35876
35966
36147
36238
36345
36397
36568
36644
36985
37051
37133
37159
37320
37447
37501
37958
37990
38011
38195
38324
38369
38435
38514
38515
38552
38628
38664
38682
38953
38964
39187
39244
39248
39283
39488
39579
39690
40026
40031
40168
40173
40288
40376
40622
40723
40828
40842
41191
41297
41336
41523
41524
41783
41996
42039
42129
42254
42476
42485
42534
42687
42872
42925
43053
43163
43191
43196
43468
43991
44026
44033
44181
44188
44212
44235
44236
44255
44313
44386
44412
44429
44575
44612
44798
44829
44970
45077
45400
45478
45536
45667
45814
46112
46279
46378
46419
46448
46553
46599
46756
46847
46885
46957
47087
47115
47150
47192
47560
47587
47593
47613
47625
47702
47804
47860
47888
48115
48352
48359
48550
48769
48873
48874
48993
49150
49351
49459
49539
49671
49857
49867
50052
50151
50186
50295
50329
50552
50558
50584
50669
50697
50761
51033
51203
51366
51381
51438
51779
52260
52393
52506
52529
52653
52669
52723
52792
52969
52994
53169
53344
53372
53512
53539
53669
53882
53883
53897
54045
54047
54369
54479
54661
54769
54824
55044
55128
55314
55599
55721
55758
55759
55773
55904
55951
56191
56428
56478
56620
56637
56641
56778
56794
56963
56997
57312
57617
57706
57714
57734
57880
57928
57981
58161
58190
58263
58294
58452
58615
58696
58700
58767
58791
58807
58943
59059
59092
59098
59377
59393
59492
59567
59722
59969
60105
60263
60319
60390
60496
60564
60708
60721
60745
60779
61020
61063
61206
61259
61473
61571
61610
61655
61840
61845
61928
62079
62130
62316
62332
62455
62468
62480
62492
3
4
6
97
349
365
397
464
479
583
632
672
758
829
895
947
1143
1172
1203
1355
1359
1388
1674
1735
1785
1812
1901
2058
2147
2175
2282
2418
2460
2588
2818
2819
2896
2905
2968
3078
3210
3295
3332
3337
3477
3499
3589
3597
3823
3833
3882
3897
3928
4048
4172
4297
4468
4554
4591
4665
4743
4818
5100
5281
5346
5368
5524
5557
5650
5687
5889
5960
5963
5988
6057
6092
6109
6308
6365
6632
6718
6775
6860
6897
6906
7041
7065
7166
7254
7324
7596
7685
7763
7817
7887
8010
8042
8071
8139
8164
8234
8410
8466
8518
8554
8660
8704
8779
8789
9034
9178
9198
9225
9297
9473
9537
9704
9841
9848
9937
10048
10228
10264
10311
10374
10385
10523
10525
10747
10762
10853
11145
11240
11266
11347
11357
11371
11450
11488
11516
11640
11906
11937
11946
12188
12284
12310
12329
12586
12671
12784
12896
13038
13091
13100
13137
13206
13216
13263
13376
13427
13797
13800
13870
13875
13928
14150
14212
14244
14285
14771
14936
15061
15203
15241
15251
15609
15620
15725
15796
15977
16047
16116
16182
16466
16475
16504
16555
16560
16565
16607
16669
16687
16719
16828
16900
16916
16962
17027
17032
17098
17131
17228
17299
17366
17480
17643
17653
17658
17691
17758
17950
18019
18094
18103
18104
18179
18294
18334
18387
18428
18565
18589
18768
18888
18977
18999
19052
19116
19180
19248
19253
19472
19553
19558
19585
19764
19832
20038
20059
20144
20281
20406
20507
20558
20600
20613
20706
20818
20876
20977
21106
21148
21153
21235
21459
21532
21644
21687
22066
22178
22325
22334
22427
22548
22624
22686
22688
22704
22814
22854
22885
23102
23132
23729
23936
23946
23964
24108
24204
24490
24580
24991
24994
25156
25358
25464
25489
25612
25622
25783
26006
26007
26155
26175
26480
26550
26613
26663
26686
26754
26935
27109
27116
27271
27419
27486
27532
27534
27538
27602
27859
27998
28021
28233
28352
28376
28416
28541
28842
28974
29099
29316
29514
29808
29834
29891
29962
30025
30082
30090
30167
30302
30401
30609
30620
30639
30747
30773
30778
30799
30852
30895
31009
31073
31105
31144
31170
31401
31571
31876
32224
32344
32352
32467
32555
32563
32596
32821
32835
32893
32900
33035
33107
33293
33299
33463
33471
33566
33710
33793
33808
33821
33887
33939
33964
34011
34035
34118
34309
34312
34320
34350
34489
34677
34706
34798
35009
35359
35643
35706
35741
35832
35835
35869
35941
36029
36045
36081
36275
36506
36520
36844
36944
36957
37042
37081
37200
37276
37347
37398
37412
37494
37517
37524
37538
37615
37642
37741
37868
37929
38236
38286
38322
38416
38482
38554
38620
38697
38797
38860
39071
39078
39149
39154
39199
39262
39320
39590
39767
40336
40469
40530
40538
40547
40802
40839
40883
40937
40976
41079
41089
41188
41194
41299
41349
41411
41450
41480
41507
41611
41640
41660
41666
41680
41722
41768
41772
41811
41828
41831
41915
42010
42024
42098
42369
42478
42546
42700
42715
42851
42864
42881
42906
43088
43176
43291
43378
43405
43416
43420
43576
43598
44195
44197
44410
44638
44689
44934
44940
45006
45160
45225
45296
45434
45528
45544
45584
45752
45901
45918
46077
46095
46139
46186
46206
46331
46350
46975
47081
47539
47566
47604
47680
47757
47835
47847
47983
48028
48106
48215
48307
48350
48437
48573
48623
48730
48758
48867
49058
49194
49202
49212
49216
49228
49312
49367
49465
49478
49499
49541
49551
49616
49633
49673
49687
49719
49811
49866
50038
50040
50316
50377
50378
50380
50539
50546
50571
50583
50631
50884
50887
50927
51006
51093
51177
51229
51241
51259
51276
51482
51540
51573
52024
52075
52104
52110
52137
52236
52261
52281
52444
52636
52706
52838
53075
53098
53194
53197
53469
53582
53586
53830
53913
53917
53919
53943
53987
54019
54052
54070
54107
54183
54209
54243
54442
54481
54528
54585
54710
54874
54901
54927
54932
54960
55141
55270
55272
55552
55560
55586
55698
55723
55754
55783
55801
55861
56011
56380
56457
56490
56569
56589
56598
56614
56665
56710
56723
56912
57149
57204
57210
57247
57287
57321
57333
57473
57674
57689
58192
58229
58247
58304
58548
58649
58740
58764
58945
58948
59021
59067
59155
59185
59236
59491
59630
59787
59802
59815
59963
60020
60034
60172
60482
60569
60685
60854
60947
60967
61137
61238
61250
61287
61341
61389
61390
61543
61614
61621
61635
61679
61712
61736
62004
62052
62104
62290
62310
62325
62379
62383
62519
62555
5
64
76
98
195
248
287
367
376
419
507
517
605
678
686
695
748
828
838
882
1009
1029
1044
1096
1144
1297
1410
1434
1440
1493
1563
1590
1739
1847
1857
1872
1876
1943
1957
1991
1996
2150
2159
2224
2430
2445
2621
2629
2664
2769
2873
2929
2937
2952
3062
3116
3121
3156
3182
3230
3304
3312
3330
3515
3554
3586
3614
3623
3696
3717
3744
3822
3854
3868
4051
4081
4094
4114
4140
4174
4324
4331
4353
4382
4441
4674
4746
4823
4847
4856
4907
4965
5019
5073
5097
5125
5318
5334
5387
5454
5618
5642
5746
5754
5957
6168
6178
6293
6372
6522
6607
6622
6923
6930
6949
6956
7054
7175
7295
7488
7551
7625
7682
7923
7939
8013
8023
8123
8239
8286
8405
8453
8536
8669
8673
8706
8715
8911
8930
8956
9091
9180
9214
9349
9377
9386
9424
9456
9464
9503
9614
10126
10136
10208
10249
10380
10388
10582
10636
10720
10772
10854
10862
10863
10903
10948
10974
11018
11173
11344
11412
11795
11814
11869
11924
11935
12041
12070
12368
12392
12415
12427
12534
12598
12714
12729
12773
12932
12990
13001
13017
13084
13109
13210
13229
13243
13323
13389
13507
13580
13636
13705
13723
13840
13900
13939
13952
14079
14141
14373
14495
14584
14872
14880
14950
15017
15072
15257
15310
15320
15411
15417
15548
15585
15626
15667
15801
15960
16003
16222
16224
16286
16300
16330
16474
16508
16590
16614
16867
16977
16989
17148
17179
17267
17327
17419
17511
17558
17977
17983
18275
18379
18600
18673
18719
18826
18843
18905
18949
19098
19107
19196
19223
19282
19289
19303
19584
19744
19746
19801
19821
19837
19917
19966
20133
20136
20208
20212
20315
20319
20535
20584
20595
20631
20645
20684
20896
20927
21066
21135
21186
21310
21363
21415
21425
21533
21611
21671
21898
21976
22193
22267
22280
22291
22366
22375
22631
22648
22922
22996
23215
23216
23223
23279
23311
23406
23558
23652
24033
24060
24088
24142
24237
24345
24361
24462
24518
24543
24558
24607
24760
24869
24926
25346
25417
25445
25568
25618
25659
25740
25781
25857
25906
25920
25994
26028
26032
26184
26288
26387
26419
26420
26426
26452
26553
26666
26788
26892
27071
27188
27232
27245
27278
27291
27313
27400
27658
27673
27976
28010
28035
28037
28238
28469
28552
28582
28652
28718
28727
28825
28926
29113
29138
29238
29242
29463
29479
29604
29621
29649
29679
29788
29905
29935
29994
29998
30230
30243
30273
30359
30392
30406
30553
30590
30631
30669
30941
30963
31027
31043
31058
31309
31310
31462
31482
31490
31504
31661
31888
31960
32025
32050
32151
32404
32489
32502
32603
32677
32866
32894
32895
32978
33096
33208
33219
33243
33244
33436
33443
33543
33575
33676
33856
33974
34057
34076
34201
34220
34225
34243
34267
34276
34341
34423
34463
34614
34794
34894
34905
35005
35048
35068
35171
35172
35180
35226
35227
35231
35309
35446
35531
35550
35679
35734
35848
35887
35896
35938
35946
36007
36053
36065
36097
36220
36297
36483
36542
36552
36571
36586
36603
36624
36807
36813
36948
37019
37031
37067
37086
37118
37149
37189
37297
37324
37374
37446
37467
37586
37646
37755
37865
37907
38077
38118
38135
38383
38546
38602
38622
38634
38665
38859
38904
39065
39074
39080
39084
39139
39178
39270
39294
39517
39532
39585
39700
39723
39852
39863
39899
40089
40115
40201
40239
40269
40359
40400
40417
40517
40532
40669
40675
40735
40876
40879
40949
40956
40997
41003
41060
41276
41343
41366
41465
41672
41780
41784
41882
41890
41906
42012
42036
42069
42073
42108
42178
42218
42288
42307
42310
42486
42504
42553
42839
43064
43075
43089
43186
43235
43288
43407
43422
43500
43542
43575
43653
43723
43748
43903
43978
43980
43989
44107
44281
44360
44415
44445
44491
44496
44525
44552
44565
45039
45074
45176
45243
45361
45364
45454
45502
45569
45583
45589
45659
45662
45781
45878
45981
46103
46111
46169
46260
46337
46369
46462
46664
46681
46758
46792
46893
46973
46981
47038
47066
47170
47212
47329
47344
47505
47507
47572
47591
47733
47946
48031
48042
48133
48206
48223
48280
48384
48477
48540
48774
48908
48944
49002
49013
49036
49221
49236
49238
49247
49258
49322
49362
49411
49414
49440
49565
49571
49615
49715
49759
49799
49843
49997
49998
50062
50068
50112
50117
50128
50130
50146
50155
50273
50281
50350
50449
50519
50522
50562
50719
50745
50805
50837
50883
50897
51017
51028
51061
51169
51201
51225
51228
51376
51462
51487
51596
51725
52176
52332
52405
52508
52514
52738
52844
52970
52990
53036
53050
53128
53200
53206
53331
53691
53692
53731
53804
53857
54042
54056
54114
54155
54390
54402
54555
54655
54686
54700
54713
54798
54884
54924
55100
55127
55223
55262
55283
55409
55567
55761
55843
55886
55921
55997
56041
56056
56151
56152
56157
56199
56245
56274
56291
56307
56374
56646
56790
56851
56866
57161
57200
57205
57568
57601
57652
57669
57684
57844
57921
57977
57987
58252
58261
58276
58278
58484
58666
58704
58962
59011
59165
59203
59265
59275
59340
59481
59486
59564
59571
59741
59745
59795
60002
60053
60085
60131
60148
60177
60187
60200
60296
60330
60366
60435
60466
60505
60570
60591
60598
60610
60737
60799
60900
61070
61123
61185
61241
61260
61522
61589
61866
61940
61991
62068
62184
62203
62242
62246
62266
62328
62349
62393
62461
62469
62515
111
153
231
234
316
343
344
366
387
403
598
665
681
688
704
724
786
904
941
1003
1038
1155
1206
1303
1358
1420
1421
1463
1477
1485
1495
1523
1575
1650
1666
1768
1797
1819
1829
1831
1850
1868
1873
1877
1888
1953
2088
2096
2110
2115
2177
2211
2238
2260
2286
2328
2370
2371
2417
2469
2491
2660
2686
2767
2786
3000
3028
3029
3031
3032
3117
3177
3353
3411
3465
3497
3511
3601
3718
3721
3752
3815
3961
4002
4248
4259
4463
4538
4644
4728
4785
4813
4832
4897
4900
4909
4926
4962
5004
5167
5204
5345
5463
5554
5732
5853
6187
6232
6348
6370
6404
6405
6423
6470
6732
6816
6992
7090
7126
7374
7382
7483
7670
7690
7818
7852
7855
7941
7948
8009
8018
8058
8112
8118
8158
8268
8401
8580
8588
8696
8738
8823
8852
8966
8998
9158
9177
9193
9206
9303
9409
9454
9460
9462
9478
9649
9721
9746
9799
9813
9914
10143
10150
10299
10391
10402
10408
10441
10692
10705
10741
10798
10799
10868
10875
10888
11234
11282
11341
11525
11558
11578
11683
11746
11749
11753
11763
11915
11941
11976
12104
12148
12236
12268
12337
12391
12466
12515
12564
12666
12695
13092
13124
13128
13326
13368
13392
13415
13453
13469
13555
13565
13576
13635
13712
13721
13757
13798
13836
13891
14140
14207
14225
14255
14262
14339
14369
14404
14441
14445
14541
14552
14576
14646
14737
14943
15091
15184
15204
15247
15357
15421
15541
15670
15708
15730
15858
15973
15984
15999
16033
16118
16136
16177
16184
16290
16312
16360
16407
16449
16476
16581
16629
16731
16791
16856
16921
16926
16959
16974
17151
17217
17229
17287
17290
17306
17489
17553
17575
17642
17683
17704
17719
17795
17796
17797
17861
17883
17901
17925
18010
18032
18039
18065
18073
18262
18369
18465
18660
18679
18700
18773
18945
18959
19009
19029
19164
19172
19173
19230
19233
19245
19331
19431
19505
19555
19692
19795
19816
19826
19886
19891
19894
19915
19965
20032
20074
20099
20210
20248
20261
20265
20392
20414
20503
20596
20722
20935
20951
21041
21065
21121
21250
21325
21352
21372
21426
21429
21484
21486
21530
21595
21615
21699
21701
21732
21756
21802
21899
22039
22233
22273
22308
22439
22508
22513
22575
22684
22691
22700
22850
22881
22903
22908
22973
22985
23229
23293
23315
23372
23409
23440
23491
23501
23559
23579
23609
23620
23837
23867
23890
23938
23960
23985
24271
24404
24422
24433
24458
24468
24471
24505
24513
24522
24532
24592
24672
24747
24959
24986
25054
25061
25071
25103
25203
25205
25255
25261
25287
25317
25318
25334
25391
25440
25475
25611
25617
25635
25653
25703
25812
25855
25875
25877
25882
25907
25946
25969
25998
26232
26233
26259
26268
26370
26495
26535
26891
26906
26958
26974
27040
27122
27222
27356
27405
27433
27463
27524
27580
27646
27669
27692
27895
28130
28191
28192
28290
28327
28438
28601
28668
28709
28775
28791
28797
28833
28925
29049
29209
29274
29297
29385
29401
29539
29600
29614
29828
29844
29862
29870
29951
30021
30022
30080
30266
30441
30511
30603
30641
30696
30712
30765
30789
30928
30957
31089
31204
31337
31353
31431
31441
31467
31505
31572
31574
31910
31930
31949
32135
32302
32359
32423
32459
32602
32653
32684
32714
32801
32820
32846
33025
33103
33216
33236
33365
33539
33578
33675
33683
33783
33785
33872
33906
33918
33957
33999
34000
34096
34172
34420
34445
34458
34478
34494
34495
34544
34545
34584
34696
34705
34806
34809
35022
35130
35150
35151
35260
35261
35351
35394
35412
35441
35515
35582
35620
35628
35635
35640
35644
35839
35865
35955
36015
36026
36075
36084
36141
36197
36215
36229
36249
36266
36298
36318
36325
36396
36449
36453
36684
36771
36812
36962
36978
37037
37061
37318
37379
37506
37566
37649
37775
37906
37955
38114
38154
38183
38211
38238
38317
38375
38386
38387
38568
38586
38591
38608
38749
38806
38920
38968
38971
38974
38976
38988
39085
39101
39150
39220
39224
39324
39332
39404
39450
39499
39632
39679
39772
39799
39845
39937
39965
40012
40018
40036
40052
40066
40279
40503
40536
40584
40639
40650
40657
40659
40746
40869
41086
41111
41123
41268
41367
41381
41454
41514
41610
41628
41630
41731
41770
41841
42020
42022
42055
42137
42153
42215
42328
42431
42586
42622
42680
42769
42806
42938
42955
42960
42977
43114
43151
43289
43364
43384
43421
43441
43492
43565
43685
43693
43752
43872
43906
43940
43971
44288
44328
44362
44370
44413
44495
44656
44742
44846
44962
44985
45159
45169
45190
45217
45236
45319
45664
45709
45715
45809
45888
45889
45938
46250
46251
46254
46261
46291
46408
46447
46558
46568
46652
46776
46790
46815
46846
46864
46944
46967
47017
47032
47072
47075
47113
47118
47250
47257
47308
47324
47334
47393
47405
47422
47428
47434
47610
47616
47632
47636
47656
47688
47703
47892
47900
47928
48015
48074
48108
48165
48171
48207
48324
48348
48693
48932
48933
48986
49070
49076
49183
49205
49211
49313
49335
49336
49392
49398
49399
49420
49471
49526
49561
49688
49694
49721
49801
49862
49871
49905
50105
50168
50198
50358
50359
50490
50494
50508
50582
50654
50663
50760
50789
50811
50813
50893
50998
51007
51098
51121
51218
51247
51367
51499
51765
51802
51852
52033
52084
52167
52182
52188
52191
52220
52312
52324
52346
52404
52463
52501
52524
52527
52545
52649
52740
52768
52791
52823
52889
52972
53009
53018
53078
53118
53146
53202
53211
53441
53446
53560
53579
53650
53665
53682
53701
53753
53839
53878
53923
53954
53963
54072
54171
54205
54223
54234
54305
54365
54372
54375
54624
54682
54694
54762
54868
54930
55258
55281
55308
55337
55400
55504
55506
55509
55529
55597
55749
55770
55804
55821
55822
55850
56004
56006
56035
56084
56085
56120
56155
56218
56223
56229
56234
56279
56314
56352
56624
56760
56801
56823
56933
57009
57025
57054
57069
57110
57125
57166
57203
57239
57263
57313
57342
57411
57433
57436
57447
57504
57525
57528
57547
57636
57699
57717
57854
57897
57906
57964
57985
58037
58050
58160
58318
58335
58383
58396
58444
58458
58467
58475
58573
58575
58587
58812
58832
58859
58887
58901
58988
59005
59045
59095
59134
59204
59304
59374
59380
59401
59524
59607
59622
59698
59813
59974
60003
60009
60113
60134
60182
60197
60253
60314
60429
60440
60493
60501
60553
60634
60639
60661
60798
60825
60915
60946
60982
61051
61058
61066
61088
61105
61161
61175
61209
61297
61306
61324
61374
61423
61482
61570
61579
61586
61600
61730
61759
61867
61906
62000
62029
62057
62074
62119
62157
62160
62285
62298
62299
