0
3437
107
414
3980
1684
1912
698
19
686
348
23
3918
1240
171
58
532
230
833
3830
563
192
436
324
596
88
312
1202
3303
115
437
848
1098
3105
4027
111
332
453
1537
1650
1860
3789
5
143
617
769
803
1660
2863
3144
3187
3536
4017
4023
53
91
198
239
480
739
1591
1909
2217
2443
2456
2682
3077
3200
3672
3998
7
25
49
118
339
568
594
732
757
885
995
1347
1890
2448
2558
2668
2734
2805
2943
2962
3136
3265
3491
3526
3533
3592
3690
3790
3847
3949
29
59
133
136
199
260
387
556
584
727
770
773
795
889
1085
1171
1317
1536
1791
1806
1831
2017
2214
2335
3019
3279
3442
3568
3610
3775
3799
3838
3861
3873
3891
3898
3921
4002
77
175
185
269
280
313
342
413
504
645
720
740
799
982
991
1213
1214
1465
1501
1545
1739
1835
1944
1976
2041
2286
2474
2499
2535
2700
2702
2711
2841
2846
3045
3221
3504
3508
3511
3521
3556
3586
3612
3670
3758
3791
3880
4000
4031
40
96
119
130
169
173
219
225
243
291
329
364
428
462
470
498
539
580
634
654
736
742
800
905
966
1013
1029
1091
1106
1155
1215
1259
1283
1308
1356
1471
1585
1618
1758
1840
1872
1889
1896
2152
2277
2439
2453
2570
2673
2783
2864
2894
2934
3204
3231
3280
3295
3327
3443
3530
3539
3561
3566
3571
3616
3621
3628
3701
3711
3728
3743
3902
3916
3927
3967
4014
8
31
100
170
178
252
285
310
322
343
345
350
368
458
506
525
542
543
544
567
591
622
653
678
694
697
776
782
837
857
862
961
1010
1047
1051
1073
1110
1138
1177
1237
1275
1278
1321
1343
1357
1359
1406
1429
1458
1469
1475
1519
1590
1593
1598
1626
1654
1674
1676
1704
1716
1733
1734
1778
1781
1789
1808
1814
1850
1899
1982
1991
2114
2132
2209
2234
2304
2321
2357
2360
2367
2371
2385
2387
2406
2421
2459
2501
2502
2523
2557
2587
2646
2677
2693
2731
2759
2789
2791
2813
2836
2837
2840
2861
2869
2884
2904
2949
2956
2957
3042
3069
3123
3129
3153
3157
3198
3205
3234
3324
3331
3345
3419
3439
3452
3483
3538
3555
3573
3583
3598
3633
3664
3671
3674
3679
3680
3698
3705
3740
