0.988153385158
0.980294505398
0.974420850042
0.968564971351
0.960785412297
0.95255530673
0.948693479476
0.857861463506
0.851922095788
0.851653606846
0.849829108014
0.844826264054
0.84346322293
0.842555141836
0.840287207158
0.838475090693
0.836664935792
0.816530471871
0.816486704495
0.805378372946
0.804491133459
0.804464652358
0.804021216511
0.802691767154
0.80180599884
0.801363298579
0.801355329729
0.799585877261
0.799143789989
0.799132878794
0.79736587828
0.797322601295
0.796881127011
0.792916808088
0.791596430961
0.791589688088
0.791149807574
0.789830901618
0.789391511495
0.78895224397
0.788074076712
0.787196399845
0.786319213369
0.785442517284
0.784566311589
0.784544856993
0.784523524995
0.783647809691
0.782772584778
0.782335156218
0.781460666891
0.780586667955
0.779713159409
0.778840141255
0.778403816074
0.778402835292
0.774050739874
0.773180909259
0.772746177848
0.772662443626
0.771793348597
0.770924743959
0.770490625537
0.768755745617
0.767455597109
0.767022459468
0.766156551979
0.765291134881
0.764858610229
0.763130105389
0.762698193725
0.76183473819
0.761834370397
0.761402826527
0.756669452291
0.756239379592
0.742176566297
0.742155847288
0.742155479495
0.742153640529
0.741727736152
0.740876295191
0.738325405043
0.737900604045
0.737475925645
0.736626936637
0.73620262603
0.734930552393
0.734506732176
0.732390205646
0.731544158983
0.730698602711
0.730276008472
0.72985353683
0.729008961339
0.72816487624
0.727743017586
0.727321281531
0.726899668073
0.726478177213
0.72605680895
0.725635563285
0.724793439749
0.724372561877
0.723951806603
0.723110663847
0.721429972107
0.721010075017
0.720590300524
0.720569704112
0.720528879081
0.720508650462
0.720488544441
0.720468561018
0.720048909123
0.718790811622
0.718371650118
0.717533694903
0.716696230078
0.716277681562
0.715859255644
0.715440952324
0.715022771602
0.714604713477
0.714186777949
0.71376896502
0.713351274688
0.712933706954
0.712098939279
0.711264661994
0.706276039366
0.705860555793
0.705445194817
0.705029956439
0.704199847476
0.7041879555
0.702943834136
0.702940033608
0.702525530816
0.696743455934
0.696330792108
0.695093658812
0.694269434538
0.693857506298
0.693445700655
0.69303401761
0.692622457163
0.692211019313
0.692191158487
0.692151804629
0.692132311596
0.691720996344
0.69130980369
0.690898733633
0.690487786174
0.690076961313
0.68966625905
0.689255679384
0.688434887845
0.687614586698
0.68720462002
0.686794775941
0.686385054459
0.685975455575
0.685565979288
0.685156625599
0.684747394508
0.684338286014
0.683929300119
0.68352043682
0.68311169612
0.682703078017
0.682294582512
0.681886209605
0.681477959295
0.681069831583
0.680661826469
0.679846184033
0.679031031989
0.678623639863
0.678216370335
0.677809223404
0.677402199072
0.676995297336
0.676588518199
0.676581284935
0.6765778522
0.675358372972
0.674952084225
0.674545918076
0.673733953571
0.672922479457
0.602767176994
0.602765583224
0.602764234649
0.602757982167
0.602735791985
0.602670079623
0.602669098841
0.601520113285
0.601137363295
0.600754735903
0.600372231108
0.599989848911
0.599607589312
0.589748650828
0.589369701366
0.589350330931
0.589331083094
0.589311957854
0.58893313099
0.588554426724
0.588175845055
0.587419049511
0.587040835636
0.586662744358
0.586284775678
0.585906929595
0.585529206111
0.584774126934
0.584396771243
0.584019538149
0.583642427652
0.583265439754
0.582888574453
0.58251183175
0.582135211644
0.581758714137
0.581382339226
0.581006086914
0.580629957199
0.580253950082
0.579878065563
0.579502303641
0.579126664317
0.578751147591
0.578375753462
0.578000481932
0.577625332998
0.577250306663
0.576875402925
0.576500621785
0.576125963242
0.575751427298
0.575377013951
0.575002723201
0.57462855505
0.574254509496
0.573506786181
0.57313310842
0.572759553256
0.57275832728
0.572384894714
0.572011584746
0.571638397376
0.571265332604
0.570892390429
0.570519570852
0.570146873872
0.569774299491
0.569401847707
0.56902951852
0.569026208383
0.569025350199
0.569003650408
0.568982073214
0.56889735821
0.568876394005
0.568855552397
0.568814236976
0.568811294631
0.5687704696
0.568767649853
0.568747421234
0.568375214646
0.568003130655
0.567631169261
0.567259330466
0.566887614268
0.566516020668
0.566144549665
0.56577320126
0.425797533224
0.425480372999
0.425163335371
0.424846420341
0.424529627908
0.424436576261
0.424418186607
0.424417451021
0.424381039507
0.424363017647
0.423886480423
0.423728819793
0.423412149958
0.423095602721
0.422779178082
0.42246287604
0.422146696596
0.42183063975
0.421514705501
0.42119889385
0.420883204797
0.420567638341
0.420252194483
0.419936873223
0.419621674561
0.418991645029
0.418676814159
0.418362105887
0.418047520213
0.417733057137
0.417104498777
0.416790403494
0.416476430809
0.416162580721
0.41584885323
0.415535248338
0.415221766043
0.414908406346
0.414595169246
0.414282054745
0.413969062841
0.413656193534
0.413343446825
0.413030822714
0.412718321201
0.412405942286
0.412093685968
0.411781552247
0.411469541125
0.4111576526
0.410845886673
0.410534243343
0.410222722611
0.409911324477
0.409600048941
0.409288896002
0.408977865661
0.408666957918
0.408356172772
0.408045510224
0.407734970274
0.407424552921
0.407114258167
0.406804086009
0.40649403645
0.406184109488
0.405874305124
0.405564623358
0.405255064189
0.404945627618
0.404636313644
0.404327122269
0.404018053491
0.40370910731
0.403400283728
0.403091582743
0.402783004356
0.402474548566
0.402166215374
0.401549916784
0.401241951385
0.400934108584
0.400626388381
0.400318790775
0.400011315767
0.399703963357
0.399396733544
0.399089626329
0.398782641712
0.398475779692
0.39816904027
0.397862423446
0.39755592922
0.397249557591
0.39694330856
0.396637182126
0.396331178291
0.396025297053
0.395719538412
0.39541390237
0.395108388925
0.394802998077
0.394497729828
0.394192584176
0.394190500015
0.394138150801
0.394085924185
0.393231540879
0.393181521022
0.393131623762
0.393081849099
0.393032197035
0.392933260698
0.392883976427
0.392834814753
0.392785775676
0.392736859198
0.392639394034
0.392590845348
0.392494115771
0.392397876583
