0
3437
414
107
3980
1684
1912
698
348
23
686
19
3830
1240
171
239
848
1171
2558
3918
58
88
173
192
230
803
833
1047
3341
4023
29
91
111
115
387
532
995
1001
2677
3303
3789
4027
312
334
436
480
596
630
771
1202
1215
1283
1347
1585
1656
1704
1909
2214
2222
2302
2335
2406
2502
2668
2760
3045
3105
3610
3621
3633
3891
4000
4017
1
5
25
49
53
143
175
188
219
278
323
324
372
453
504
584
594
636
703
720
739
757
766
770
795
857
885
889
915
939
982
1000
1013
1098
1343
1536
1537
1538
1545
1591
1650
1660
1673
1791
1835
1860
1890
1910
2041
2456
2642
2805
2961
2962
3077
3136
3162
3187
3200
3263
3265
3279
3397
3405
3536
3549
3586
3592
3677
3680
3730
3740
3759
3794
3880
3887
3921
3927
3996
3998
3
7
41
62
73
77
85
100
119
148
169
198
214
243
271
280
322
332
339
360
362
389
413
428
450
470
477
508
556
563
564
567
580
669
678
682
713
714
726
732
736
769
784
800
806
818
836
839
856
961
968
1067
1085
1091
1117
1174
1197
1209
1248
1259
1267
1292
1302
1312
1321
1379
1419
1479
1499
1518
1554
1577
1590
1621
1626
1685
1696
1702
1706
1716
1722
1724
1725
1790
1808
1888
1896
1906
1976
1983
2017
2037
2106
2139
2142
2179
2225
2232
2238
2247
2260
2321
2401
2411
2439
2443
2448
2634
2637
2641
2657
2662
2682
2700
2728
2754
2756
2759
2765
2771
2779
2783
2791
2815
2829
2840
2848
2863
2869
3019
3035
3157
3171
3185
3191
3256
3274
3304
3314
3326
3329
3363
3378
3383
3422
3438
3439
3442
3448
3454
3490
3502
3503
3504
3507
3533
3539
3544
3546
3548
3556
3561
3568
3628
3629
3659
3662
3670
3685
3690
3694
3738
3752
3775
3799
3803
3823
3831
3838
3841
3861
3872
3873
3916
3931
3949
3950
3989
4031
14
28
31
48
56
59
68
92
99
101
104
121
127
133
136
137
142
146
150
158
163
176
179
199
203
204
227
232
246
249
257
260
261
265
269
281
285
291
299
307
320
326
329
331
345
350
353
357
363
364
366
394
403
404
408
432
437
439
460
461
464
