0.991842310505
0.986580919481
0.982763108304
0.971833592805
0.968517604641
0.965207284832
0.96143135008
0.959074933582
0.955780924756
0.95061716827
0.947805779456
0.94266423367
0.940330953318
0.93846641129
0.936603720154
0.93288458464
0.928246481397
0.920391644057
0.917165077098
0.914863724628
0.909353157309
0.902494562427
0.900211603194
0.89838731806
0.895654476463
0.893834818558
0.891108917804
0.887934060132
0.884312674837
0.882504585006
0.880247075533
0.877992458079
0.873942244313
0.872144912789
0.870349316477
0.868555571057
0.866763676528
0.864526526864
0.862292269219
0.860953033392
0.858278379202
0.854718420375
0.852940870257
0.850278246863
0.848505323974
0.845407509669
0.843639676733
0.840991860472
0.839228654765
0.837027366128
0.834828969509
0.832633464909
0.828252751293
0.825192533225
0.822573752829
0.819524061708
0.818218488974
0.815176548462
0.813440643407
0.810840487608
0.809541855718
0.80608462138
0.802203995566
0.798333781018
0.796187093686
0.793186335514
0.789763921077
0.786775540744
0.782516754619
0.779119558581
0.77615211646
0.773189417249
0.771076624371
0.769810267405
0.768123526661
0.766017674628
0.765176097307
0.76307452546
0.761814762296
0.759298706389
0.753867149009
0.753032281171
0.752197876056
0.748451208528
0.74720359184
0.743053545603
0.740982397789
0.738088644294
0.734788273028
0.733552224413
0.731494495564
0.729439774413
0.728208121667
0.726977510046
0.725338314083
0.724110131758
0.72288299056
0.721656890488
0.720431831543
0.719615703983
0.718392380249
0.717170097641
0.715948856161
0.713915882988
0.712291494158
0.71066895622
0.708238966777
0.706621056068
0.705408837684
0.70298821838
0.702182039363
0.700571185179
0.699766394331
0.697355492209
0.696151255795
0.695349009923
0.694146508721
0.692544908995
0.691344952769
0.690545483234
0.688150313691
0.686157366052
0.68496284682
0.679800478502
0.677819561658
0.676236933572
0.675446255773
0.673866404025
0.673862933603
0.671496684243
0.669921459724
0.666386950658
0.663251887158
0.662077496373
0.661295147587
0.66129098308
0.656609962286
0.655052205557
0.654274021277
0.652719040886
0.651166027068
0.650002510272
0.648065783467
0.645745343677
0.642273649248
0.641117998742
0.637276588696
0.634592911409
0.633444201746
0.630768622111
0.629241867818
0.627717080098
0.626574617195
0.624673057333
0.623913150609
0.623153706607
0.621636322454
0.620499412226
0.619363543125
0.618606875461
0.614081792292
0.612951822909
0.609568971281
0.608443166404
0.606569254236
0.602086741577
0.597619498774
0.595391487888
0.59316798855
0.592427516189
0.590948075316
0.589839738228
0.587994977605
0.586889301175
0.586152761958
0.584313785372
0.583211695044
0.583208803026
0.582474577424
0.580274908317
0.579176519773
0.578444839147
0.577713621244
0.575523437957
0.574429560962
0.57079290581
0.57078978243
0.570063423118
0.568974751755
0.566801226493
0.565354176225
0.56427001641
0.563547821605
0.55744172988
0.55421655109
0.553143265264
0.549575208786
0.548506434509
0.547083214471
0.545661613964
0.544241864348
0.543532625784
0.542823849943
0.541761669467
0.540347009803
0.539287142943
0.537875722339
0.536114251843
0.533653259964
0.53154891178
0.529098446847
0.528049685337
0.525955748418
0.525607086694
0.524910110288
0.524213596604
0.523517545644
0.522126947572
0.521085126905
0.520391158198
0.516239261069
0.513135662727
0.5103855847
0.510384080851
0.509697284349
0.50661312037
0.505586916602
0.504561753961
0.503878890603
0.502173987984
0.500812078734
0.499791890364
0.49640163517
0.495385842668
0.495383876096
0.49436912472
0.493693202207
0.48696821857
0.483955545283
0.48261850739
0.481950682528
0.481283320389
0.480616420972
0.479949984279
0.479949290195
0.479616245369
0.478285338555
0.475962238108
0.475299040475
0.473643186486
0.472320608684
0.471659956027
0.471659608985
0.470339807521
0.469680543033
0.468034406226
0.467376761268
0.467374100611
0.466388616461
0.463112075426
0.462130987143
0.460824836005
0.457893486273
0.45724301352
0.456917950665
0.456268171997
0.4552943716
0.45464574974
0.45432161233
0.450765586648
0.448509118302
0.444979352146
0.442737922295
0.441140487076
0.440182997663
0.437319205477
0.433832125511
0.431619962885
0.430988461773
0.430042077709
0.427211601574
0.426897412708
0.426269382017
0.424701676746
0.421263992452
0.421261216115
0.418148363314
0.41690606794
0.416285440816
0.414736128781
0.413807790912
0.413189477403
0.413188436276
0.41257058549
0.412261833618
0.41102832998
0.408567453782
0.407953073417
0.407952726375
0.406112592981
0.402144628215
0.402142893004
0.40092442786
0.39517162509
0.393662338588
0.393059294935
0.392456714006
0.391854595799
0.390051248878
0.390050207751
0.389750016253
0.388250909655
0.387652030509
0.386455776066
0.385858285089
0.385856318516
0.38466272473
0.383471328878
0.383173682356
0.382281436875
0.381390348201
0.38138861299
0.380795055158
0.380201960048
0.379609327661
0.376066836625
0.373713080784
0.373711692615
0.37312415018
0.372537070469
0.372534988216
0.367858363289
0.36785697512
0.367274059915
0.366691607432
0.366109617673
0.365528090636
0.364366540413
0.364076413138
0.362339235596
0.360894036219
0.360893689177
0.359739773881
0.357438537092
0.357151186156
0.357150145029
0.356288786303
0.356001898089
0.355428468704
0.353997613738
0.352284035064
0.351713613378
0.350858848454
0.350574158174
0.348303229737
0.346604226835
0.344908578675
0.344905108253
0.34377687408
0.34265072216
0.339844654659
0.336495350444
0.334824689322
0.333435710781
0.33260361928
0.331772568906
0.329838387077
0.327633975061
0.324072049661
0.3240718183
0.32270528182
0.321886609284
0.321885799519
0.32106816811
0.321065970176
0.3186211736
0.317807822377
0.309506688776
0.308972128116
0.308438030179
0.308436989053
0.307903353839
0.307370181348
0.30683747158
0.305243275421
0.305240152042
0.304974664763
0.304444037248
0.304178897012
0.303913872456
0.303384170388
0.302854931042
0.302326154419
0.302061939628
0.302060898502
0.301005543189
0.300214981071
0.29942557576
0.298899806836
0.298374500635
0.298373228147
0.296538531748
0.296537721983
0.296276052168
0.296275705126
0.29575271254
0.295752365497
0.295751324371
0.295749936202
0.294444826191
0.293923453135
0.293402542801
0.293399766464
0.293397684211
0.292357598755
