2173
317
1524
2015
3313
2002
528
1950
1231
816
454
2022
1185
323
3945
87
2637
94
3597
1387
3846
569
1555
2457
85
462
1841
866
2502
1203
2522
1635
1317
2731
3125
267
2164
3154
4005
1453
806
2181
3903
88
182
1153
2128
2138
227
1383
447
296
3955
807
3584
1714
1546
673
63
1180
941
1167
3651
3936
2284
746
1409
3058
1046
1768
3386
3919
1233
3933
332
1299
1328
2861
1537
2864
2890
3807
877
919
409
2923
3934
1883
3180
3238
979
1940
1983
1191
750
2238
223
2089
2263
1512
2289
1593
4003
65
1064
1818
190
2708
3357
3143
262
263
1974
356
1421
432
44
560
864
573
593
1680
681
1676
1762
3839
723
1823
2018
4135
2709
995
1946
1078
2220
2327
557
471
3494
1322
1241
513
1268
236
552
1353
589
2825
1376
612
102
641
2901
703
1682
1732
3159
2210
3218
850
1816
854
905
1909
3419
547
163
1036
3526
1901
1077
3599
3808
258
1092
250
1483
604
2752
2157
3777
3886
1225
2760
1050
1274
4073
16
559
1900
1528
1554
2510
1556
2520
1356
157
716
1662
202
1710
2643
801
1824
1752
2883
273
839
1791
286
1132
382
3029
1128
939
3074
1938
483
3211
1400
540
523
2063
2066
565
1407
2076
579
2105
3502
1168
2153
2156
3639
2281
119
742
2341
795
2370
3956
825
2477
861
2493
4086
4128
8
2657
1011
957
2751
26
3673
51
1023
1614
2415
79
1692
1084
2929
2980
1099
126
586
1148
1828
3132
187
3157
1863
198
3304
1930
1371
1441
1402
3448
315
3455
3788
1464
1410
3536
2112
479
3732
497
1176
3763
3874
1622
1729
564
1724
3091
4042
3500
2483
2453
4137
718
1784
3818
19
741
775
25
1987
774
1890
2036
2045
840
2074
107
3503
894
2043
145
975
153
969
161
1472
168
2953
2245
179
2144
2267
189
196
1039
2319
3327
2337
1146
3400
336
2367
355
1224
2403
3387
1188
2035
363
379
381
2445
3437
2462
1249
2545
458
472
2635
2733
3558
495
1331
1433
1401
546
3633
2831
2886
607
625
1527
660
2829
3021
699
1591
1613
732
791
796
1728
841
844
3229
1788
873
707
903
1869
906
2909
3339
3412
1792
914
2627
922
3514
927
59
1847
1967
2411
1002
2020
1015
3652
1072
1075
2031
2033
1097
3809
1114
