0.991842310505
0.988014319424
0.982763108304
0.979428495542
0.968517604641
0.965207284832
0.963318218489
0.960959488377
0.958132829706
0.955780462033
0.952492121564
0.947337272494
0.942196999196
0.940797030985
0.937069219417
0.932420704907
0.929173431097
0.925931825643
0.921773219032
0.91900497913
0.911189473239
0.908437197278
0.906146834478
0.903859248015
0.901118424447
0.898381996747
0.894739673239
0.89201296272
0.891104753298
0.889289722623
0.886570878394
0.884308163288
0.882500073457
0.879791756175
0.879340717003
0.877087372037
0.87483715045
0.87258947384
0.871242256043
0.863629191431
0.860503845112
0.858274677418
0.8551589326
0.854269694818
0.85027466076
0.848501737872
0.846730665874
0.84496156045
0.837910819873
0.834833249696
0.83307652211
0.831321645415
0.82738236947
0.826070549976
0.823886613449
0.822141453936
0.821269568263
0.819527185088
0.819091878495
0.817351924615
0.815613705946
0.813010195406
0.810843610988
0.80868014995
0.803499504077
0.802637566947
0.799624662299
0.795759653384
0.792332033313
0.791048439918
0.789765771969
0.788911238406
0.78720355945
0.785071910613
0.780817751717
0.77742217521
0.77615061261
0.773188144761
0.771497586553
0.768965451024
0.767700829269
0.765595555639
0.763913442124
0.76223306382
0.756790979494
0.754700744359
0.752196256525
0.750112383831
0.748863378974
0.748031287473
0.745953430177
0.741806854361
0.740564790348
0.739323767462
0.735196394648
0.733136236503
0.731901460377
0.729436188311
0.728204535564
0.725744816173
0.724107008378
0.722062582813
0.720837176826
0.720428939525
0.717575211563
0.71635362304
0.711886148875
0.711074879906
0.709454077179
0.707430358465
0.706217445996
0.702989259507
0.702586112158
0.700170351445
0.699365791958
0.697356649016
0.693750302216
0.692549189182
0.691749025563
0.691349117275
0.687756652163
0.684174482635
0.682981698614
0.68178995572
0.679014427932
0.67782615546
0.677034552215
0.675057684197
0.674267700482
0.671901219761
0.670719194048
0.668751811849
0.666394469906
0.665217302783
0.661304170684
0.658180443895
0.657010564658
0.655841726549
0.653896323689
0.651565588314
0.649239364487
0.648077467221
0.647690399494
0.646529890397
0.644984280145
0.642283944833
0.639590781726
0.638821851905
0.637285496112
0.636134357154
0.635367509586
0.633452530759
0.632687302721
0.63154032827
0.630776257039
0.626964923983
0.625442796919
0.623163192427
0.622024894031
0.622020729524
0.62126244233
0.616725791088
0.615970742955
0.61483903836
0.61333171843
0.611826596435
0.611074556
0.608821442395
0.607696331602
0.605075468952
0.60507199853
0.603950358159
0.599476405874
0.597244808885
0.595759352614
0.594646503978
0.593534580788
0.592423814406
0.591683804767
0.590574773595
0.58946666787
0.586149407217
0.585045465998
0.583575163902
0.582840706939
0.580640806471
0.579542070884
0.57917605705
0.578444376424
0.573707366156
0.571887939613
0.571524355074
0.571160886216
0.569345508499
0.568620074633
0.566808514379
0.566084700043
0.563195342416
0.560672577027
0.559593044442
0.557796175641
0.557078145342
0.555643588592
0.554926946461
0.553852966551
0.552779912087
0.551350908013
0.548500650473
0.548497758454
0.547074307055
0.546718704487
0.546363217599
0.544942542538
0.542815983653
0.542107670535
0.539986201602
0.537516302307
0.535755294534
0.535051608645
0.534348385479
0.533294418335
0.532592351977
0.531540235725
0.530839326174
0.530138879345
0.528390480771
0.528387357392
0.526641850836
0.526639884264
0.525593552049
0.524896575642
0.521767180497
0.52037878036
0.519685274375
0.518645883004
0.51760764844
0.515879378313
0.515188880028
0.513809387306
0.512431745476
0.511399641991
0.50796866718
0.507966006523
0.506254278741
0.502160453339
0.501819773585
0.497403314623
0.4970642544
0.493006521386
0.489637320085
0.488628468426
0.487620657895
0.484605902355
0.484271237999
0.483268054697
0.478607393711
0.477942345186
0.474956394148
0.4742938906
0.473631849774
0.472639771822
0.471318582189
0.470988545063
0.470328817852
0.469999127767
0.468681639918
0.467694767599
0.467037354002
0.464741207165
0.462124393341
0.462122426769
0.461142379613
0.459837616644
0.459834146222
0.459182285301
0.458530887102
0.453342027897
0.453018353211
0.451402062032
0.45107908143
0.451078387346
0.450432773184
0.449787621745
0.449787274703
0.449786233577
0.44656949948
0.445927124378
0.445285212
0.442405571554
0.441766204152
0.439851109644
0.438576655027
0.437622057632
0.43445043902
0.432552233899
0.431288306228
0.43002634513
0.428137394467
0.427508438331
0.427194133784
0.421882537323
0.420634457912
0.419388229393
0.419387188266
0.418764710251
0.418142694958
0.417210539625
0.415350046423
0.415040253424
0.414111684193
0.414109948983
0.413800618707
0.412873321964
0.407951222526
0.407644205865
0.406723849966
0.40336332472
0.401838768361
0.400012979378
0.396981334451
0.396375745823
0.395166072415
0.394259945246
0.393656438871
0.39245116133
0.390946733419
0.390946386377
0.390345424977
0.388246398107
0.387946900693
0.386750183527
0.38287858081
0.38228386617
0.381986682371
0.381392661816
0.380799103983
0.380206008874
0.380204620705
0.378134166975
0.377838602706
0.377247821211
0.376362632255
0.373715394398
0.373421565341
0.373420177172
0.37107417194
0.367282157566
0.364665459423
0.364085089193
0.363505181687
0.362057784376
0.3614794964
0.360324655659
0.358883620788
0.35802017981
0.356870660382
0.356296536912
0.355722876165
0.344137913643
0.342448396561
0.338247566482
0.337688712869
0.334905550153
0.332684133069
0.331299666076
0.330746596499
0.328816232135
0.327164889695
0.326066269789
0.326065922747
0.326065344343
0.324968575329
0.324694643357
0.323873541526
0.321962842886
0.32196180176
0.320327811429
0.319512262273
0.319511221147
0.31815463321
0.317341976072
0.31734162903
0.317341397668
0.316800127526
0.316797351189
0.315446547289
0.315445737524
0.303265366276
0.301153151803
0.301150375465
0.3011495657
0.299832656254
0.298518870188
0.296685099234
0.295900552514
0.295378022651
0.293292761787
0.291734658017
0.290180718752
0.290179677626
0.28992089983
0.289919164619
0.289401956069
0.287595717129
0.287080590832
0.286565927259
0.285538335322
0.285025059917
0.285023787429
0.285022977664
0.283742160606
0.283739731311
0.283738690184
0.28169611551
0.281695074384
