0.991842310505
0.988014319424
0.982763108304
0.971833592805
0.968517604641
0.965207284832
0.962846241105
0.957663975701
0.955782312925
0.953432952952
0.950617399631
0.945467640513
0.942197114876
0.940330721957
0.938000333623
0.934278421772
0.929636038342
0.92500603275
0.917164961417
0.914403893721
0.912565264177
0.910269580063
0.907976787967
0.906602500879
0.904314336012
0.900203736904
0.89701279961
0.895191753537
0.888380819117
0.886115790397
0.878894767784
0.87484339721
0.873494444202
0.870799777245
0.869005569102
0.86721321185
0.86542270549
0.863634050022
0.861847361126
0.860062407441
0.858279304648
0.856498052746
0.85560812088
0.853829645316
0.849393404949
0.845409707603
0.842317445973
0.840993827045
0.838790224793
0.8361498121
0.833513679594
0.830882058636
0.828691759668
0.825193805713
0.823447258031
0.821266791926
0.820395368976
0.817349263958
0.814308942977
0.812573963368
0.809542665483
0.806517267316
0.803066511099
0.800913229966
0.798763419254
0.795328974021
0.792330298102
0.791046704707
0.788055663717
0.785922858073
0.78464435463
0.782941302903
0.780390658457
0.776149224442
0.774032382738
0.772763596477
0.770651382003
0.7676994411
0.766015013971
0.763912169636
0.761392527626
0.760134152631
0.758876818761
0.756783691608
0.754693456473
0.752189547043
0.750938806975
0.749689108034
0.748856553811
0.747608590081
0.743873374946
0.741801070324
0.738492370046
0.737253082371
0.735190263569
0.733953752232
0.730253704039
0.726151086901
0.724922210492
0.72369437521
0.722876396758
0.72205888103
0.720833475042
0.719201219923
0.71675700175
0.71512948954
0.71472287177
0.713503712542
0.707835703747
0.704605087962
0.701783403563
0.699770674518
0.698564355852
0.697760721811
0.695754008164
0.694951993653
0.693749839493
0.692548726459
0.691348770233
0.690149739452
0.688154015475
0.685365531445
0.684569532333
0.679408667865
0.677428445105
0.673479451979
0.67269039371
0.671507789593
0.669932565074
0.668359422809
0.666003353353
0.664434491274
0.663259059363
0.659740514238
0.65895955362
0.6577889803
0.655840454061
0.65117747946
0.648851602676
0.645757605835
0.64498497423
0.643826894428
0.640361331078
0.639207415783
0.635752726421
0.633837400552
0.633454613012
0.632689384974
0.632685220468
0.631538246016
0.630010566278
0.626202703644
0.625441871474
0.620514103679
0.619378234578
0.618243406603
0.615978030841
0.613715894139
0.612962696897
0.610330844578
0.609579729589
0.608829077324
0.608825606902
0.606576657803
0.605079633459
0.603584344325
0.602091021764
0.598367606064
0.597623894642
0.596509310795
0.594283382162
0.592801511993
0.591691439695
0.590582408524
0.589474302798
0.583585690849
0.582484178925
0.582117239645
0.579552597831
0.578820685843
0.576628188942
0.576263100554
0.575168529473
0.573346789316
0.570437997326
0.569711869375
0.568986204147
0.567898573911
0.564283898098
0.563200779411
0.562479278689
0.560318015585
0.559238830042
0.559235938024
0.55672196437
0.556004628155
0.554571459574
0.552782572744
0.551710559407
0.54992687821
0.548145510627
0.547078008838
0.545656408331
0.544946244321
0.542819222713
0.539285523413
0.538579523909
0.533306911854
0.531903588902
0.530852051054
0.529801554333
0.529101801589
0.52770379995
0.52770067657
0.525607202375
0.524910225968
0.523517777005
0.520392546367
0.519352460911
0.518659649011
0.517621298766
0.516929643673
0.516583989648
0.516238451303
0.514857570413
0.512790240063
0.508671890346
0.508669229689
0.507983589994
0.504906366859
0.503881898302
0.502858470872
0.499456300563
0.499454796713
0.498096589246
0.495724440169
0.49504759221
0.494033187876
0.493357496725
0.492682268296
0.491670293258
0.490322728418
0.4879694353
0.48495306023
0.483949067162
0.48394710059
0.482610062697
0.481274875695
0.479941655266
0.476950151553
0.476286259836
0.475291405546
0.474628670636
0.474627976552
0.473965704365
0.47297316369
0.47231204831
0.471981664141
0.471651395653
0.470001904105
0.469672329701
0.464101145679
0.462792218203
0.462138275029
0.46083189253
0.459527360922
0.45789938599
0.455625218492
0.455300734041
0.45465211218
0.454003953042
0.453356256627
0.45238557961
0.451739040003
0.451737998876
0.447871833153
0.446585810463
0.445622537013
0.443698997812
0.442418990519
0.442099248978
0.441140718438
0.439545828194
0.437953829969
0.437317701627
0.43731492529
0.435093855248
0.434776774363
0.432877875158
0.429095462285
0.42752255138
0.426894057967
0.426266027276
0.425638459309
0.424071795164
0.424070754037
0.422195453701
0.4212589025
0.420011632854
0.419388692116
0.419388345074
0.418143967447
0.417211812113
0.414732889721
0.414113882127
0.413495337257
0.41133523096
0.408259048952
0.40703132935
0.404582483948
0.404580748737
0.404577278315
0.403660392838
0.403049714257
0.401830092306
0.399700063
0.396668186711
0.396062829444
0.394853850121
0.394249881022
0.393646374647
0.393043330994
0.388539186038
0.388538144911
0.387639768352
0.387041351928
0.386742317238
0.384654048675
0.384057945867
0.38316477494
0.382569828938
0.38197534566
0.378714768566
0.378418972936
0.374586354625
0.369608612754
0.36902430938
0.368148837605
0.367857206482
0.366692185836
0.366691838794
0.366109849034
0.366108460866
0.366103602275
0.365522075238
0.362912780662
0.360023770077
0.36002272895
0.356858629586
0.356571510011
0.355424304198
0.346639046735
0.345790528571
0.345507920544
0.344660790548
0.34212715117
0.341565058496
0.341003428546
0.341002040377
0.33820291372
0.334861938518
0.332642140963
0.331534266599
0.330704604394
0.329600200452
0.328772851861
0.328221864537
0.327671339937
0.327671108575
0.327396019796
0.325200746557
0.325197854539
0.324376058623
0.324375248858
0.323827963318
0.323281140501
0.321916339232
0.321371135945
0.319195991154
0.317840328663
0.317298595798
0.316486864106
0.315406290394
0.314327798936
0.314058378512
0.312713358649
0.31244463231
0.312443591183
0.312174980525
0.311369842635
0.31029829202
0.310030606808
0.306829952333
0.30656377097
0.304439757061
0.302322683997
0.301266865961
0.300739477507
0.298897608902
0.297585558047
0.29732342551
0.296537837663
0.294970016711
0.294969206946
0.294968859904
0.293925998111
0.291070072215
0.291069031088
0.289257933558
0.288741187731
0.287194189311
0.287192801142
0.285906778451
0.28513634478
0.285135303654
