0.991842310505
0.988014319424
0.982763108304
0.979428495542
0.968517604641
0.965207284832
0.960018078585
0.956252323737
0.95343260591
0.950148314266
0.947805779456
0.945933833861
0.940797378027
0.937069913501
0.934743573993
0.926861204639
0.924085329809
0.921775185604
0.919929152493
0.917624329601
0.914862567821
0.911645602362
0.907060712256
0.905229486278
0.902943056623
0.900659518986
0.897467771927
0.894736318498
0.892463192126
0.890193073454
0.883401226355
0.881594061969
0.878887479898
0.874835183878
0.867660433558
0.865869464475
0.864080346283
0.862293078984
0.860507662576
0.857388331655
0.853386935157
0.850723617679
0.848507290547
0.847178813028
0.844967113125
0.841434917673
0.839671249243
0.837909431705
0.836149580738
0.831759612664
0.830006124138
0.827816981978
0.826067657958
0.82432018483
0.821702908283
0.819089680562
0.815612086415
0.812575814259
0.809544747736
0.807814858079
0.80479235193
0.801344950455
0.798764229019
0.79747531431
0.795329552424
0.792330645145
0.790191824102
0.78805612644
0.785923089434
0.784644585991
0.781665691478
0.780390658457
0.776572500238
0.772341477488
0.771074079395
0.768964178536
0.768120981685
0.766015129651
0.763912285317
0.762651828068
0.760134731034
0.758877397165
0.757621104422
0.754277237202
0.751356877139
0.750523397469
0.749690380523
0.745949959755
0.741803383939
0.738908010914
0.737668376197
0.736429782606
0.734368120612
0.729026794202
0.726975543474
0.724518137698
0.722473133729
0.720839027717
0.719614662857
0.718391339122
0.71757636837
0.716354779847
0.71472761468
0.713508455452
0.71229033735
0.707025707266
0.703392638217
0.702183196171
0.700974795251
0.699365213555
0.69815924193
0.695349588327
0.69254571876
0.68815332139
0.687355702748
0.683775384112
0.682582947133
0.680598097145
0.679012229998
0.678219932669
0.677032354281
0.675450651641
0.674660436565
0.673475981557
0.672686923288
0.671504203491
0.670716302029
0.66874868847
0.667176703011
0.664823178532
0.662864472388
0.660127350604
0.659346158625
0.658175238262
0.658171073755
0.658167603334
0.656608111394
0.655439620327
0.650779422064
0.649616136629
0.64884119141
0.64729268914
0.646519132089
0.641890861708
0.639581989991
0.636126259503
0.634976277352
0.634210123869
0.633061761248
0.630768390749
0.630004782241
0.629241636457
0.628097785385
0.624295706787
0.623156482945
0.622397501666
0.620502304244
0.619366435143
0.617853678219
0.615588186776
0.612950319059
0.608443050723
0.607693092542
0.606569022875
0.605445994335
0.604324006921
0.602829758914
0.600591915166
0.597986785096
0.593907535466
0.589470832376
0.587258438389
0.586153456043
0.585417379549
0.584314248095
0.583579328409
0.582844871445
0.580644970977
0.579912364905
0.579909472887
0.578445764593
0.574796384561
0.573703201649
0.572611059865
0.570793252852
0.569341343993
0.568253482395
0.567166661924
0.566442616226
0.565719033252
0.561392458218
0.559233277367
0.556719650755
0.555643819954
0.555640696574
0.554565906899
0.55277713575
0.551348131675
0.551345239657
0.550274614488
0.548848849474
0.545294674684
0.54387527211
0.540690812937
0.539277541442
0.5378663522
0.537161278143
0.536456666808
0.535048947988
0.531891326745
0.530489623323
0.528740299303
0.527342760387
0.524901781275
0.523857184271
0.522813628393
0.521771113642
0.520729755698
0.51934285941
0.51761239135
0.515195358149
0.514505322586
0.512782489454
0.50934630901
0.508317328904
0.507631920571
0.504554350394
0.503189202083
0.50148522491
0.500464342456
0.499444385447
0.497069344352
0.496391570947
0.495375894125
0.492673245199
0.492671278626
0.49199651292
0.490648485357
0.490311738749
0.488966256162
0.488963595505
0.487619616768
0.486948321484
0.485272454729
0.484268114619
0.48359913295
0.483264815636
0.483264121552
0.479929161747
0.476937195311
0.474947371051
0.473292095466
0.471969980388
0.471639711899
0.470979521966
0.47064960052
0.469660530267
0.46834350514
0.467028330905
0.466699797628
0.465714891881
0.46440341943
0.45788203388
0.452381646465
0.451412010575
0.450766165052
0.450120782252
0.449798264373
0.448188104273
0.446580489149
0.446579448022
0.445295507585
0.444013186678
0.438592618968
0.438590883757
0.43510056473
0.432251695359
0.430357654744
0.427526137483
0.425330170159
0.421891444739
0.421579222445
0.421267115832
0.420331490077
0.42033044895
0.418151833736
0.416288795558
0.415668631157
0.415048929479
0.414120244568
0.413501699697
0.411649072784
0.409186345694
0.406118608379
0.405506078907
0.405504343696
0.402145553661
0.402145206619
0.40123121316
0.400318260828
0.398799025783
0.395772008086
0.395167344903
0.394563144443
0.394559674021
0.392448847716
0.391545843927
0.390944419804
0.390043266907
0.386155006165
0.384961296698
0.384364962528
0.382579083397
0.381093858487
0.380500532016
0.379907668267
0.379019240251
0.37842753331
0.369358973736
0.367899776991
0.367316861785
0.366734409303
0.365280649552
0.3646998166
0.364699469558
0.364119099328
0.359785005047
0.359208567963
0.358057197644
0.357194797791
0.35662044296
0.355759893999
0.355473237147
0.355469419683
0.354896453021
0.352610948811
0.35175514276
0.351754101634
0.35118414267
0.349194665452
0.348059721797
0.348059374755
0.347492423491
0.346642864199
0.345794346035
0.345229245662
0.343537183605
0.342692482904
0.342129927508
0.341567834834
0.339884680193
0.339044606721
0.337368508605
0.337367120436
0.335416396263
0.334859856264
0.334303778989
0.333193012606
0.332638323499
0.329325111672
0.328223021345
0.328221980218
0.327396482519
0.325475256933
0.323013455289
0.322467326556
0.322194435711
0.321649001062
0.321376457259
0.320831716695
0.320015473455
0.319743623736
0.319742813971
0.319739921953
0.319196569557
0.319195181389
0.315951146639
0.315950105512
0.315409992178
0.313255207195
0.31218041752
0.311911922542
0.311107247375
0.31083921512
0.310303497653
0.310303150611
0.310302109484
0.308965187272
0.308164329569
0.307098100268
0.306565621861
0.305502168898
0.304440798188
0.304175657952
0.304174385463
0.303644452033
0.303643642268
0.303639940485
0.303636817105
0.302578685455
0.297849078753
0.297324697998
0.297323656872
0.296014960758
0.29236951387
0.290812451226
0.290553326388
0.29029431723
0.289776645958
0.288227565284
0.288225483031
0.28745192598
0.286936799683
0.286679410056
0.28642213611
