44
754
40
762
3154
159
36
6589
8440
2349
3245
10348
2915
3
634
652
7
10512
405
654
2839
116
176
2103
102
6620
210
629
9970
2847
212
1877
2261
2868
833
11630
948
554
5310
2934
650
17285
229
651
1076
1901
2836
1891
108
747
853
927
6991
349
15606
1168
5215
42
6595
9952
2809
3063
658
8385
4902
1936
646
2971
1082
2966
10542
3596
80
168
6050
2625
1898
730
1791
680
1910
568
8479
8379
4532
1786
9530
9405
6677
1430
49
2344
13213
264
1505
2903
2876
226
6365
1863
7441
773
20349
29
4545
11799
1866
3124
970
26
3256
8500
123
385
2874
1302
6191
740
324
697
7778
7307
3618
149
1956
2168
6785
1559
753
553
50183
5699
446
2840
1771
7358
7844
4841
6640
237
1100
3384
14657
30
10963
157
1895
307
7183
7642
3158
7155
2180
17607
207
11558
6948
28481
1449
5668
2009
22500
2283
37
5656
7084
759
11140
7528
16494
3458
217
1864
2130
620
6121
1933
3739
8428
8474
2007
10969
9416
746
7546
4871
35
3362
719
4618
75
8917
1307
11277
2207
1542
2842
2232
17
208
13097
8308
13142
3427
5591
11948
8947
37901
15159
639
2885
83
1777
7524
5670
433
4840
10877
3710
9923
3128
8031
1451
7648
17050
37365
1083
3415
12
782
2810
7008
9577
636
8493
2044
2318
13438
2176
13403
8946
27245
109
21854
145
1843
236
13589
3523
7114
14283
6316
12583
47
1875
7406
180
1914
13826
1074
2843
11378
16265
3056
223
3341
10509
6664
1867
1578
10902
20050
5655
2901
13599
493
5430
641
6205
7148
878
1622
6782
317
5575
13835
7362
959
250
220
2920
10532
1998
11692
4090
3218
18980
4786
736
21776
3180
12038
7607
5642
4613
755
29603
5819
7260
3160
2386
13816
2001
14207
298
303
2895
8941
436
320
1431
9009
1314
8217
6977
16266
182
638
2068
20386
248
4023
10554
3212
8483
661
195
11204
7521
3085
7227
9580
11931
2821
1878
11739
8056
1911
2157
10835
2177
7170
9982
1158
15946
2201
1142
11527
3324
3637
156
9663
1883
5090
13
16500
1872
7112
969
7560
11
13848
209
2045
1143
30377
2189
160
170
173
2339
5684
1978
28956
191
1984
1847
19451
8082
6256
9595
28859
6687
8013
351
7256
2938
219
4960
6203
1146
3007
55294
1971
1315
876
29479
5221
3638
13170
1876
31533
2278
36027
11003
15088
13596
7670
9421
1970
9954
2873
679
14547
11050
8231
7572
9725
16809
1139
37699
2354
2910
1386
9
5210
2218
10346
2962
9587
5902
16722
10991
2034
6621
42847
15543
3348
2194
5708
1955
6217
23322
6957
5632
2879
6587
5270
11208
15947
6787
24822
174
20930
15034
112
1521
15128
4659
6223
623
1067
7411
887
147
474
9520
44981
10685
1170
15309
824
1452
11490
11856
2400
4985
211
188
2241
25062
802
7153
1798
676
6615
1513
2276
1854
23
2392
11559
20148
11177
3186
8906
8503
14294
449
22495
7537
22948
12620
7583
1987
9111
1159
11577
14039
2222
4087
31763
4181
3259
22950
2853
6208
2841
2262
7549
8821
76
10551
9749
10334
467
370
15251
721
888
5206
2379
13429
2077
2944
6598
2051
18243
2849
8262
8467
1718
1931
11260
7669
7671
10650
7318
3089
152
13108
653
18
11584
189
28816
10
1949
6612
35375
167
6648
2865
13436
1815
3182
268
2553
28350
42102
7911
3761
10333
5724
5208
8191
1805
745
4101
7206
14942
6318
8337
26250
21
2198
3062
8897
1699
9740
6629
28131
3417
269
4655
1093
2073
738
6896
7385
5408
2217
2279
11051
95
5639
2929
5841
8473
1138
2428
2871
9154
280
6683
27058
5690
686
3924
2036
15850
4334
5629
20139
10086
171
13442
5432
10494
7632
835
20165
18529
3084
8427
14951
11261
5146
9911
18647
1109
2980
2389
19109
32563
412
14912
11612
3183
418
11017
8482
2896
2022
15048
677
5605
2970
41309
2517
5665
2175
648
42236
3333
11183
55578
2352
2778
3767
3801
8696
14230
9109
1094
756
5211
1080
10488
3379
5714
6533
9402
1961
8478
3055
11946
4846
12087
17830
11593
3662
7098
922
32349
9334
13285
6101
13199
13265
6193
14275
3885
7179
2812
13110
5154
2932
1507
1701
240
4
16728
647
9242
2024
5592
13105
26358
1503
3645
11730
5155
7375
3725
1557
8617
1720
3122
2806
27710
7937
6590
24580
19700
8544
16240
14814
5623
12230
1770
6580
5694
35343
7987
8565
3314
11507
3778
1310
79
22257
11899
8819
7122
6222
12053
5415
8820
5318
2507
24814
6864
3992
627
4423
8541
238
967
6277
387
2215
18419
7467
3109
834
7758
3422
6984
11987
6908
655
621
301
1447
23929
8165
8913
11618
255
8923
8951
3108
2394
3146
12094
417
6884
11568
7686
11530
12882
29791
29477
2850
7824
2134
5
8715
5308
9785
14826
8111
2235
3376
13202
4630
16317
1097
3661
267
6195
14077
6145
7729
2264
4690
2774
10842
10138
9449
214
4622
666
7870
2008
11699
2946
10588
362
14411
11431
7518
6233
51628
1913
11139
1531
6652
22741
15200
44901
760
13560
7527
5595
23320
2807
1780
6
6880
25688
183
7025
11358
1721
17558
9571
12253
1525
9562
582
8255
2303
28846
3099
1543
13096
1240
144
657
731
6904
47758
4041
3135
15220
901
11511
6905
26557
34646
12287
10564
6064
8329
13340
1999
7272
23842
2398
246
431
19
6923
25859
22425
4383
3216
10205
1550
5285
1568
12636
9582
6340
16565
8243
6906
3337
1329
1393
16430
4542
151
25106
4999
8425
3401
977
2989
20323
21408
11955
2137
3006
5418
20032
7692
8902
546
572
2149
17315
3394
5400
5084
8834
24032
15979
11951
3233
6711
6106
24168
6115
7379
13636
4629
8470
7445
17058
2340
2030
3344
570
5378
6588
3350
419
1915
3381
2327
2986
32107
6901
2161
50
6204
11968
19137
40988
262
41323
10066
2031
854
39048
7033
5728
2870
25153
38517
1149
12577
43573
10872
45168
1586
5646
7551
2974
11343
15358
32699
11531
6347
2987
17143
15271
3045
39556
148
6215
20711
12833
22372
16730
7187
13264
24036
490
624
32032
36237
1950
17379
2284
14265
10173
19271
1756
17991
1110
78
7473
886
706
3189
1860
7865
2085
2837
5815
32144
8214
7230
21575
1533
9601
10339
12519
4988
8781
4567
5021
1554
589
3861
15726
12632
4795
17314
25400
415
11787
24765
38908
2101
1989
6109
11755
27312
6196
375
7469
3024
2884
2257
8408
8799
5636
2900
7873
21775
10895
3846
30518
3317
9124
21606
27
9041
3131
37983
4234
7545
9221
16137
4548
1693
5746
6918
31
11765
299
2908
4249
9135
1528
3029
18811
3813
1889
199
662
5791
18007
27979
2820
16588
8465
0
30598
17497
16343
9030
8521
2805
5598
45
1695
8164
21619
43
234
3439
8748
154
3073
295
36940
8472
11939
3061
41
18340
1986
18949
2032
2421
12328
1443
6727
15348
7438
896
44688
2003
6382
11373
127
9463
49598
4889
8894
3426
2209
17225
1785
5663
3545
14237
5638
18974
31020
8985
24438
9972
5657
7699
14120
993
1530
7746
3421
1418
7735
7683
12663
7649
34477
1590
1410
2524
8240
691
5887
8039
11533
2255
14266
16375
25839
12037
12548
2542
6825
27980
61
22291
24
28836
7503
8002
17309
1165
56
3219
5715
1069
1077
2174
14160
12120
25853
5518
7125
31434
1625
6280
12553
8075
2813
2272
1239
7347
8920
7103
25862
18316
3425
16028
17291
32149
7210
7789
16197
576
7224
13301
564
29056
656
235
15904
13546
2
1645
33747
3284
3815
9018
20147
10196
10208
11374
7162
557
38
716
10238
6230
8496
818
11022
13727
4730
32151
3025
13821
1994
1087
9332
4771
200
4862
10586
12167
13453
2195
5041
2221
18649
503
5823
10281
1353
24084
282
4691
241
23895
7302
5422
16724
22071
7223
12089
17718
27994
2933
2337
3835
3434
1945
2182
18417
29627
1714
1155
2358
66
5647
4627
12959
1909
9949
6770
13232
25585
14151
6279
1182
31921
2014
2992
3103
10024
10458
13909
300
13576
34645
13951
327
20044
13908
10850
5437
3215
1563
8117
1511
2256
2403
2924
11334
37773
17672
3210
6776
7126
2536
3788
2016
3221
2905
5095
42091
3241
424
13400
14787
62
30757
3470
1658
7515
32209
344
2141
9635
2872
31568
32200
1776
7685
8688
8032
29103
263
15202
11824
16559
8125
11864
25295
7696
8115
4639
626
7990
18308
9975
7315
1164
10129
3869
413
2360
12525
18645
1997
32245
42618
3175
19036
5364
10947
21023
7928
491
7755
13178
25447
279
8092
13158
2404
6915
1873
6650
16198
49417
5209
7282
5493
19400
2038
19902
8706
5532
2701
2424
20423
5691
14345
32809
35212
3847
3081
20977
33875
3998
2186
36410
277
15685
11674
15067
15114
12774
389
1930
9552
7851
6636
2858
6120
1318
4617
7797
1782
30268
10254
7000
4987
3228
161
2055
7796
7296
1160
16849
7437
27592
6933
2377
1257
12594
1881
88
5548
6073
1880
8509
17753
14193
14654
6852
12575
2978
8622
11217
8222
5726
27139
18263
3503
2922
336
8099
6197
8578
1603
14200
28433
6220
7428
9189
7882
5626
3358
12071
1967
32383
29515
9721
10483
963
722
630
19865
2253
3672
6188
9167
603
2263
11198
4037
20367
22675
2477
11122
12043
7662
717
670
1973
6263
908
11583
11641
6791
9868
12414
97
5375
5734
6940
29976
15635
87
2268
20324
23151
9574
41288
13051
18140
1587
25592
1403
26138
8537
24391
1519
42808
386
37490
24824
3118
1501
4916
56576
11035
7237
6605
1567
2958
883
254
26634
3311
8933
486
6286
1794
13717
20036
34413
14611
7846
38118
140
23273
20697
11960
2869
3519
2878
10638
22658
3147
10315
12239
29395
5599
14
11268
2093
12659
2163
4648
5695
17240
5012
3864
3048
10366
16244
218
22563
18020
2472
9208
14897
8297
2260
7419
9240
644
22575
663
10548
15046
3153
14614
2365
6959
4774
8873
27407
2857
9112
36363
947
20881
37619
18774
1917
14068
2906
11996
6663
7690
13415
5019
15832
42447
42328
10714
11556
11732
21418
10271
4012
25689
1974
8227
6240
1520
8256
4647
53014
99
53608
1558
14261
12732
41873
3106
5589
20644
7277
3653
3237
15570
124
8618
4915
8495
2111
14231
10044
11015
8704
3395
51
18715
21358
8938
33321
633
7636
19903
945
7517
5466
8611
6917
2976
8035
6513
3018
2146
2160
4570
2573
12001
614
12054
77
2493
6847
225
7082
37696
11624
6826
8052
2598
4034
2246
232
752
10378
23796
9615
23502
7677
35979
7647
2089
1099
5637
6174
15585
6110
8990
1252
376
6341
143
10356
3330
13399
12468
8588
9155
5619
1309
1454
27709
16777
24211
3919
4657
33070
9488
8171
5226
21490
7684
23837
3037
8216
34225
46275
1939
6320
13537
1709
13772
9355
8988
5901
3134
32418
35319
3149
2965
8180
7111
16205
18590
1703
18654
30616
8283
38543
5718
5770
10163
6870
34813
355
5761
1932
193
6053
3340
1902
35243
20900
12352
2048
12395
2288
8506
38196
9026
8844
12133
3939
1924
6107
6187
19851
3071
3743
12437
2164
1290
590
9290
28042
1092
4018
4283
12898
27140
11192
6614
749
10630
880
21075
41409
8978
2240
6792
175
6329
892
2848
10423
2449
9002
1775
3309
5444
2473
3204
30951
29161
3889
7479
4710
1205
995
5414
9165
18587
2882
8601
2890
836
6331
2916
5680
9134
2969
567
5219
3518
8025
3698
19566
8041
163
8270
10456
8962
9148
5042
537
5347
7587
19125
5377
9566
21446
12902
2347
11536
484
5572
28815
2356
3706
714
4843
9062
905
981
2265
28639
28563
9593
2636
11723
18267
3656
1725
9059
3688
1029
2140
9019
15409
8490
23637
30997
6306
2557
8583
5049
3784
6214
31155
2594
8934
18494
9823
24603
1948
8768
1697
4217
2911
8054
7417
3231
3163
3251
2501
25219
275
7885
17706
4612
19498
1906
3950
3052
23452
1685
4663
26713
3036
16202
7001
3270
6969
2994
4847
5732
9575
4628
8307
27797
28623
13099
5994
28457
5083
17695
13132
7298
10347
13768
9973
7435
7906
5246
11514
8507
1814
5617
2132
42466
8066
31901
12244
13366
8915
30302
1972
7872
1120
16345
3695
14054
1
7416
22595
2375
13483
5618
14768
24206
2133
10673
3378
22440
9847
7848
24454
14181
15428
15267
13039
22142
31795
2825
26718
1900
3020
1154
18322
1079
6234
16170
2183
25991
1887
12203
18128
7108
11566
3065
667
4681
20790
3511
16696
27202
2219
162
105
527
7150
3289
7376
9390
5733
3558
1995
11842
8875
6644
7986
674
1264
14434
12100
28574
6805
8981
11720
23377
460
3346
4533
5132
6907
3227
358
9104
3232
13209
950
17063
18398
11052
12627
45186
9315
12138
18418
17107
24446
13035
14092
8289
7262
7485
12838
2366
22423
6253
25670
1185
19366
1545
6303
3946
794
32396
6879
7403
8074
4005
20029
36555
3690
13459
3742
3749
5628
8292
7536
6738
13647
8144
265
20078
511
297
190
12554
10414
13031
7841
1398
8909
7701
5472
11321
26371
28331
20932
4772
7360
11462
5346
5719
18588
10912
39512
3074
15049
18755
20167
9542
37105
18927
4559
5281
23237
27274
5659
18769
21553
23562
3198
11731
3492
6130
10653
3200
23512
1988
15333
8485
15630
10412
11496
5434
3354
3398
48095
6961
2092
18867
2902
5195
47340
11743
5152
2332
12875
32917
2236
52144
51146
14067
13228
25330
1005
915
9532
9001
12069
7402
3730
378
625
10911
89
12112
24595
54
5473
293
5913
15139
9110
37078
25457
2822
12331
17642
4171
1524
242
12576
14701
38025
12386
9329
17245
5315
5754
8889
28006
7152
16595
16719
12293
9114
9632
28612
28829
10392
65
13155
18999
11001
18961
2000
668
9649
29869
19369
33641
5760
1148
44797
17983
13580
2410
1946
13725
1179
19664
8475
11274
4825
5199
3177
1003
31963
18857
32476
32258
11421
15
11603
27309
16218
10320
17996
9497
5683
5317
10916
1117
19794
8548
2732
2359
25446
1316
41469
3923
7576
1667
7011
14855
7088
22635
36979
12109
15133
11532
22893
158
7243
3290
1540
7734
14778
11690
1981
1288
3844
38897
26230
1795
266
5964
1778
11994
12869
724
4582
8274
10552
23893
7594
5881
12078
1465
6209
34145
32219
14354
8306
21039
21596
28152
18372
25453
6225
1919
53
17069
17104
4665
6960
21382
25581
8942
10058
6186
47101
3703
49484
11764
16140
7603
27466
8272
9673
37834
26405
34622
3141
6275
12895
18640
18036
54335
6756
6860
3396
10698
13019
25
4997
2887
1303
25616
6912
3209
132
27586
3678
1459
14458
2917
6983
3380
37077
11871
2968
11220
1983
29906
13481
7547
125
2597
18317
19082
22414
14571
253
2441
5402
3908
2510
5273
29185
12357
13853
12179
1797
19719
17943
7331
249
24599
20051
4701
27199
8004
454
43686
3079
31160
15503
11265
2918
7523
9013
11964
20082
2835
5747
10968
20395
8234
11977
26295
32164
7454
2912
7790
34
352
727
5907
23391
4666
14737
4676
32623
33405
11967
4784
5731
58
628
4093
19046
364
6582
24843
2328
34971
21173
6201
12769
6604
1662
8686
14015
15421
3564
6237
8112
34554
3236
9244
3668
36012
35680
22839
10603
11227
178
12235
18250
13335
30689
3445
10091
18844
9619
1207
18597
16751
16510
281
1429
18475
6061
8979
3544
18206
14527
25532
3574
7171
5842
5438
10492
17366
1594
11156
7205
8469
6994
26716
1249
3875
6992
1696
9738
7143
1722
2556
7190
3850
2893
3632
9027
45508
1546
19486
1800
14186
1717
9149
11920
3139
9223
47668
22490
14559
4340
7483
3711
8145
7349
3098
3302
27606
4581
8030
8419
1202
7240
53520
2052
22165
2072
1868
3753
252
6248
7611
2297
4764
7675
2454
28659
15964
7703
7507
6351
4819
2642
19827
3467
134
18657
3604
30002
11626
8574
1012
10023
5094
13356
1553
6368
1480
7032
10221
291
2312
381
2166
5227
12429
12317
17239
11540
12778
10686
1711
21213
2457
2305
632
4535
21422
32255
8944
31829
13478
5010
10293
8027
593
7434
5662
13900
2618
13014
22087
11491
5565
21470
1446
22234
6249
11549
289
18333
1905
2818
24722
6118
7271
13448
2135
50859
10644
22116
33928
98
1886
23933
2717
4312
13379
35213
35354
5622
8303
7281
3022
13517
7941
6213
11441
8950
1013
2094
23079
8040
4669
1190
3010
7691
10446
8011
1213
13971
6362
1141
18506
184
6147
2059
13795
230
3170
24696
3504
2282
1304
4678
5216
25706
5003
8957
24850
2321
19190
2230
13401
41588
27320
404
20355
1497
2455
24721
1455
41152
468
2528
6314
15591
9621
5018
1584
9319
12265
10448
47882
9741
1491
3674
15253
24826
44885
19981
2907
27555
28332
973
47213
2682
5641
27728
28932
21728
5649
1870
6503
1810
2930
14083
703
6290
10495
10959
49030
50435
12999
3790
4547
4003
11042
3996
6618
27337
8900
1959
3104
1957
2023
21607
3654
2025
14164
2002
4370
8740
10600
10540
4649
9222
11300
9116
72
8380
7274
22186
1345
23713
9567
6952
16780
4829
11538
4537
17941
17979
11599
5767
11866
32251
2248
17201
6269
18228
1659
7510
23667
6284
11774
3631
7626
2346
305
6356
18897
5274
32732
6359
2436
32805
2382
1562
32894
7747
21061
1637
32980
18113
8802
11655
3627
4913
11847
8005
13847
6928
33633
14329
2519
5428
33763
6736
7948
7604
10880
7575
17797
18375
12019
35162
6973
6895
8755
11988
15722
35649
2281
11190
35967
7931
12257
36021
25852
12294
8265
5486
5564
36956
1104
1017
7465
26196
8653
2117
5338
12162
37202
5620
6238
32977
4695
5648
26032
16454
38440
1166
3070
8757
38739
17793
185
1247
9025
4964
14971
27348
22187
4725
29729
8693
12783
40127
9578
12666
9243
5798
41474
4851
22842
14484
2405
569
1500
29585
6886
5180
6032
3406
5785
13098
42848
3323
43039
43121
4865
7695
597
21121
7457
13975
32039
1331
3451
1634
9804
45405
13123
1660
9611
29193
46125
14127
30747
3479
30705
17209
11436
9723
47768
8049
47820
13446
2789
3599
7956
49656
17743
10198
48780
5450
49295
2888
1156
82
14725
22121
1783
3762
6570
3014
30418
16769
51103
3874
51342
32
7493
5667
22573
53496
3883
6603
53774
12782
13916
18214
7242
54557
18489
31436
55669
56693
9883
28366
19143
10418
18664
43288
2192
4359
11875
14170
12720
14360
5927
6881
12161
2041
20758
2104
136
12631
2066
13023
6955
12528
3148
13113
8918
3388
7048
2128
10131
24783
2302
19044
24667
14653
10354
19787
10973
16260
12791
5962
22505
430
8999
4718
4434
13116
18731
489
4723
21044
1698
10510
1598
36079
6198
595
6310
4776
3789
7488
10243
20572
2443
15441
4793
10886
17105
7927
5294
42329
19329
13935
921
9379
26448
15968
20893
13468
45030
960
1128
1122
5312
1450
9579
28611
2832
1992
7899
7817
1106
4119
40490
16406
21321
31525
11335
1380
3066
12066
2005
5459
11670
2170
8118
9803
22471
5955
1253
3093
10380
31051
24356
13921
30207
17403
1313
12973
560
22509
29057
8291
3719
1664
2295
7900
17835
22044
11836
1411
1444
2991
37368
15714
6381
7407
30701
8580
3570
23460
1538
3404
3407
2718
31289
1571
8898
24999
5966
1004
9128
11698
4994
1935
9417
11676
6117
8912
2097
169
12076
8973
964
2050
6192
3372
7641
3686
12796
6330
18797
1832
32275
12808
1842
8020
12675
9087
1893
6291
5367
3823
6943
1925
12990
23618
6335
2102
92
20440
7981
32926
3888
20256
17300
5496
25358
9274
8458
8058
17096
9299
1322
8152
24338
2606
16645
635
6628
9363
14183
34394
3682
31134
9487
9431
9548
13715
3796
26669
8726
4886
6111
6909
17327
4538
6985
8568
27707
2299
8604
6694
13466
7116
8843
17791
15895
14105
7194
2453
4736
39001
23035
912
10081
7034
13907
15032
4914
21668
31050
2561
9152
18006
1226
2921
10372
2633
1934
16040
10990
2672
9017
2712
18646
1270
4990
14487
2773
10515
7506
14498
4244
5163
14468
9129
20225
13045
27812
10614
40043
30129
575
22799
18880
5271
3433
7672
129
9719
2923
11092
7558
10681
3019
2937
9235
6104
14895
7727
5425
8486
6057
1350
10930
5753
1347
1560
31203
2308
24155
44286
10934
11119
24828
23666
9914
3117
6921
4626
45704
9604
10110
4749
3280
32591
6328
5792
32671
11519
11255
4991
5712
11808
25249
9918
50279
8298
11812
5820
1748
8448
3476
3576
3938
13794
12767
1874
30484
7784
26614
10776
11913
14292
1888
11817
3641
8590
3673
8929
21701
7270
14304
2043
14238
1982
10442
8742
8709
7794
6967
6168
4631
6827
465
3023
26962
334
12011
3876
3898
3142
3853
6281
36579
17446
3899
42846
8926
3927
11230
12218
12665
562
18123
12695
36970
6840
4051
9035
4085
577
4066
6823
9141
879
9068
4082
4091
15244
563
9108
4519
19106
8908
15445
13837
11652
6658
2448
13918
6418
6642
10103
12903
4541
150
29563
9258
6832
17241
18502
6795
8136
3428
9159
21827
6862
18482
865
8267
9388
4778
15731
13020
9373
20068
9445
4644
8466
2707
4673
19325
29561
3247
27996
11775
3830
6018
1428
42627
5174
987
8741
11927
5004
9677
1539
7992
7231
146
9729
10272
6380
43711
7312
12013
18676
29494
5014
16564
10076
1382
7420
5046
10213
10085
15142
11214
17205
17321
17089
4890
7562
8903
8953
7462
10535
7501
2990
17208
17369
31421
1574
7529
5288
8895
7526
32327
7593
3140
8311
32822
5344
13972
33044
5410
5431
13543
10468
2494
6865
17578
8295
5446
7392
7646
21176
3173
3763
17742
26709
21109
3397
15619
10662
3331
12777
5582
42700
5603
8163
33327
14094
4945
14229
22294
18294
115
15326
13203
10931
5681
5697
13252
10955
8086
3351
2011
25756
14601
4007
5033
5748
24659
14986
2975
13474
25759
8108
2029
9612
22533
38023
22572
3432
1990
5811
22295
11180
15043
15184
7384
12691
14575
22452
8060
29136
8252
3897
13515
36108
15453
1413
12197
29173
9961
8352
3206
8384
6125
6298
6071
23621
3811
12367
354
584
1081
6076
10139
8582
8609
3307
29213
1570
9563
2181
2239
29749
3443
10363
39026
18822
60
38060
6241
16183
15824
8754
3191
23735
16181
2413
6285
768
19884
689
8776
39817
39172
30379
30289
16251
4320
3409
17294
737
24530
10622
16743
12106
25488
6512
1907
16503
6534
12248
14418
2065
17805
6900
2465
2827
1964
10395
3112
22173
9121
25100
9170
1051
2834
17313
44869
6271
9175
2604
74
6863
13554
14549
26686
17435
9305
7519
43921
1208
25697
7257
1387
6074
9300
17628
21666
12491
18736
2925
7022
9748
3003
1391
2852
7105
47999
7191
17660
3069
1499
2942
49447
5305
5103
7193
18158
12969
2988
11622
2483
13287
49796
9659
7466
1671
19122
8140
7484
1536
51218
8454
27537
13307
50925
21391
3639
34736
3531
52550
10029
34637
27698
54049
9992
3321
4809
7738
23049
3360
19155
23379
13538
23402
16279
3891
18944
26114
10144
19776
7605
13844
28432
2119
10368
7921
10344
11703
9366
10415
10373
315
3437
7674
7798
23923
18492
16920
3546
20140
3655
38090
9540
24918
46825
342
1976
7397
7964
1966
3756
19754
19721
14613
3685
1940
11014
7337
3004
2943
7477
13539
7123
5320
8062
7269
5983
10619
40079
13373
26476
6143
14477
8395
30840
631
6190
29779
2833
14538
19246
678
11036
40414
4061
9064
16024
2324
3786
21166
14532
20889
30428
5919
936
2388
20450
2329
14710
31303
11215
3338
4166
31706
6703
20979
25798
23071
16400
21091
6311
11438
8151
15117
6364
14935
1124
31830
21687
4450
5001
4327
8212
7997
5594
15245
6843
1118
23654
11872
485
32802
1209
12015
2883
11759
12084
44920
15469
15716
33150
14489
14307
22548
4641
11174
13929
11888
1271
7448
1448
9415
20371
7079
2819
9051
6899
33863
23926
34603
7836
34924
7629
19749
7239
9168
16403
3120
2995
12187
12205
9187
28219
23450
10337
7113
21591
7570
16448
16
28880
243
1535
10970
3040
9289
23614
16678
5075
35289
765
13416
12333
36345
9352
5491
1595
9693
68
28167
1745
24260
9538
1741
228
12771
1787
7579
5433
1869
7470
24314
10374
17564
37547
12961
1740
3507
5576
24613
37761
3486
13618
7532
1921
5616
10355
29868
17633
32161
13138
38495
1192
17944
2100
9870
37974
1951
38997
1075
13147
5654
38876
13758
38786
4957
13368
13433
5786
21603
10130
21458
30307
8135
2269
40535
25384
10220
42387
18388
1151
7396
13562
8051
3870
18584
13509
8959
23656
3123
881
1015
3828
41158
43013
7370
13728
14009
42251
10876
852
10435
42977
10889
12738
2367
8842
8471
5993
2294
42593
42243
14946
10514
10918
991
10539
26561
8121
8356
8316
23454
6100
14003
19795
984
9877
2062
1181
27527
10798
45137
4767
10846
11340
27102
9602
14243
46274
27526
26762
4831
27739
8566
8646
10482
10950
332
8553
11242
4352
24853
46226
8922
3732
10976
14362
8595
14735
15342
11031
19705
14386
11046
4766
28088
16095
2891
19756
34842
14554
8855
11510
6446
8928
14763
1394
11288
14663
18670
6867
10560
6816
14851
4961
11482
2940
6610
11523
6885
20475
11753
2859
51856
18058
12299
15745
9117
673
7068
1632
46
3091
3167
15140
1669
11777
9328
11783
7250
11801
11811
3152
3715
5257
56654
13021
9220
29931
22769
15337
3366
9494
29753
179
13227
30244
4615
3517
5161
11979
2401
2015
6357
1140
12391
3133
15727
227
2829
15868
3389
11788
17045
8377
3452
40541
447
7613
31473
16085
16154
22308
1375
31810
9629
22362
22317
2172
20058
2118
10186
9913
5597
471
3689
5588
2165
12942
31417
10201
17211
2208
5661
16530
2171
649
2199
32393
10206
3843
7639
222
12747
23023
22545
2173
22633
5808
5743
15578
28664
5874
7774
23236
2373
16195
20518
10257
11629
4077
897
3956
10367
1285
17282
33292
44799
23658
17224
5752
5452
23629
5884
2425
1123
2462
12788
14012
17384
7614
1000
10670
10932
18003
353
22125
4151
6261
13447
17731
1255
13827
29192
34105
4436
1278
8732
10752
2675
17246
11028
17868
1626
12910
18307
25415
4693
35483
8539
13755
8629
36032
13793
1384
1389
29609
4662
24832
7602
14320
4566
2191
8624
2880
5914
18360
7293
9042
10353
25026
13939
30781
4873
5946
25052
14410
4653
14033
26717
6741
10852
14301
1517
11407
14140
1631
6954
2979
8828
14509
177
14391
3041
22441
4839
18179
5442
11682
67
59
270
6941
9080
14393
25976
3383
19257
19263
28011
164
9031
13897
3244
5745
2601
14557
23503
14570
4467
23150
14040
19586
29130
6377
13503
32725
8772
9126
5404
1899
15301
7329
19861
40794
605
18194
1462
9164
578
1861
6617
5530
14909
21211
2040
2012
12458
5612
14316
20070
2042
42502
20129
1489
20024
8965
15025
502
12237
27692
12172
14564
9458
16718
9028
15089
3624
15388
20062
5607
3111
15224
6199
9554
15315
924
2202
39163
20648
16053
15394
920
1599
44434
28635
45252
2271
5772
25563
45641
3385
44100
900
2292
2380
5982
22952
10332
46035
12763
20987
21948
10477
15769
46519
46365
28961
15913
15960
29478
28995
12885
11905
4141
5898
46643
8266
1965
6082
16091
1916
10420
3501
26111
8037
12972
29778
16273
9760
36486
16319
6094
2670
9605
29827
10167
16835
13259
9957
28953
50845
8100
51458
12423
6935
16647
30663
10860
10496
4445
30682
13824
30412
8558
54437
8435
17061
13502
52421
54154
22667
5730
3941
13311
17120
9782
4576
2904
101
15673
17215
6383
4954
3129
18001
31285
31315
12785
2851
8211
4937
6743
215
8065
17452
10550
12977
6872
8691
13942
11389
13812
17781
6811
3201
31693
8134
5481
14156
17734
32635
33923
14346
17792
221
3203
11546
420
5201
71
14409
2722
23928
42023
32470
1773
23896
32939
2105
24166
11456
24120
24724
18716
383
5445
24954
379
9338
2079
24375
18297
7184
19553
24006
24450
10756
4624
17518
5381
6370
828
12645
18411
3496
7228
33762
18477
7157
3548
7214
43646
5461
659
23978
2998
2231
7651
33645
11725
18691
24610
3804
7388
17817
5717
3357
26796
7404
3809
890
7471
8800
18996
3826
35221
6838
5709
1027
7422
6737
15723
16182
3906
5112
7704
5706
12513
12081
7596
15080
12445
1544
12396
7852
3930
104
12569
2371
1197
14062
19340
445
10518
25707
35977
4126
16655
30248
9889
19685
17962
36565
19555
26529
3539
26380
23729
8080
36602
8067
25890
18746
10531
2555
8015
14574
15538
7845
19793
6123
1356
19808
1258
1196
19897
7311
2823
15798
19113
19929
1256
33536
4261
15815
37572
6185
10274
2826
17290
38002
20134
4638
15668
15965
20190
27024
16071
26863
12804
10303
3873
2999
1537
39128
6219
8109
16088
1250
4733
9620
27351
28020
9658
27538
27394
39761
13389
24466
6523
6424
3072
14947
1071
40129
1617
20698
13005
69
20704
8381
8484
20792
31299
103
16544
21977
12343
21024
10183
4956
4864
13297
28138
21145
41997
1708
10649
41779
319
8896
6584
21184
42603
6746
21212
1879
13797
8725
13660
3166
21360
3326
17082
21377
10982
11029
14448
4959
8734
28917
8279
926
8899
3364
3416
5196
2058
43483
2057
6868
44800
43276
5136
18302
43714
692
21702
11816
43224
21736
15757
5236
10424
3583
9130
761
33790
810
29351
43818
22104
16267
28805
619
11672
5399
29636
22172
9011
14172
5296
7372
2162
2190
3728
11518
14086
4777
27333
44782
22459
2323
23410
21157
47752
23635
29884
1486
6586
1001
46179
26954
3797
14182
14556
1518
13641
9252
22921
42434
10964
5596
14341
48841
48218
9318
9481
9511
13654
7513
27623
9257
3976
3922
1772
9247
14359
30653
11222
11891
23390
2506
31063
24784
50648
11422
5763
23986
2499
30866
11845
23601
17373
2502
3994
2513
9772
7540
9826
13789
43822
27982
12146
12139
23757
2673
31658
19075
28918
5920
9737
4165
501
5883
9553
1458
5985
23949
52207
39321
1494
32328
2705
10187
1072
1532
4632
2830
32951
10135
24289
1371
22860
2748
9977
24355
32792
24465
32710
20553
15736
131
15558
33376
15461
3213
55523
3064
3114
5880
106
15144
10132
8143
224
25329
24769
24806
258
24815
33282
758
283
7592
5000
6349
33845
10165
12698
2977
15750
19812
3050
20794
3164
19855
6403
5679
4787
429
6283
1859
9644
25104
25423
33852
25177
6388
8556
15660
15664
3305
8513
1979
16231
34199
1732
13117
3179
13120
34148
10493
25503
34223
18869
5981
25610
6833
25935
12268
25687
24245
25698
24656
688
34649
15303
8838
10966
4512
1985
15375
3438
25796
14944
20038
6067
21741
8937
13467
35211
8854
26214
11152
19311
10785
8459
20646
2147
26320
13606
2309
26349
16467
980
6936
2167
5687
26451
3601
21645
26454
16803
10908
3418
8848
5412
894
10349
612
26604
16459
5451
6916
26712
14252
3717
6342
14131
28298
17161
36866
7424
3178
5489
5554
10781
27034
29183
7280
27145
2417
37981
1007
1144
37979
38208
17486
21862
1070
8545
37945
958
3884
17257
9139
12150
38616
1259
1261
27753
20189
2954
1306
27780
3881
32988
11704
7401
3935
13431
17987
21865
27984
38475
5771
9560
33229
28075
2378
9383
9502
11619
9541
22122
2571
39251
2420
1358
18220
11756
5803
4172
7304
9702
1508
26004
4140
2719
28778
39818
4271
5984
17914
17375
28883
4402
7618
17912
20908
2914
7855
1980
10030
5396
9765
2945
23172
1552
14474
18093
11925
41947
41861
1580
3928
11956
18178
42320
7923
1644
13941
9872
13924
25591
330
10059
29509
18356
29525
7782
24091
29584
23146
4607
14615
14939
4751
43502
4553
6292
29675
1807
637
29716
1769
29748
6849
13513
12093
3989
4852
43252
5031
19219
1865
12555
4712
4848
18643
1295
17790
15008
30071
8113
1672
12506
3352
14583
23891
18414
30321
30775
18278
4976
10430
19347
1922
30424
46003
12587
44317
7700
492
19061
5038
8422
30752
22558
30770
9730
1804
46289
10599
2049
24350
11034
28161
5070
31734
2187
8557
2210
2196
6055
2076
8879
2197
13080
31089
15655
916
2159
2017
31940
2099
12245
13381
552
6766
8773
9806
7415
1707
4534
19562
5306
2313
16034
28996
26363
6360
3692
13109
49918
711
4543
31923
2314
20454
24867
31925
5420
9489
5455
48364
49443
2399
10994
7151
26344
19908
19870
7542
2444
13640
2451
5802
10687
9683
13432
8982
2334
2470
13439
32709
5625
8876
11138
25662
3419
5634
33575
33228
27622
12572
5610
34039
11278
5633
32996
16729
25830
33769
11312
20466
26462
16795
1266
33626
6740
2345
33308
2623
20
12103
11452
33528
2184
19691
2624
33612
4203
2694
5873
9528
120
6964
204
30999
21353
13920
118
9414
5832
17705
19602
42405
20961
2720
11702
14088
2342
21648
34171
9432
6319
21643
34233
4414
2941
34481
292
11894
25275
27847
347
9573
35070
2967
2434
26600
27179
21254
21424
408
5970
6023
1665
9752
6027
9253
428
11199
622
35228
14856
34913
2959
442
11814
9640
27399
14226
8969
35297
7983
35383
10042
17982
35449
11319
17626
29118
35771
8126
12064
3038
574
35878
4821
35896
27785
660
27744
35964
9944
12281
36047
13661
2490
10251
36117
23904
36943
4704
36241
3318
693
696
8242
1968
8249
529
6265
6406
36752
22456
9406
6384
4932
795
672
37038
6510
8233
5912
37383
766
3393
2178
12313
3735
3447
37560
979
22503
9407
37687
12490
968
2152
12772
6408
18644
10397
13233
3475
5067
22809
783
32727
12559
3495
38248
29163
7814
38250
6034
10809
38316
6631
22981
18689
1268
23038
5326
38577
6801
3680
6718
278
39059
2019
3744
6869
39104
15042
15560
19060
39162
2355
8648
33837
3707
6956
2317
23990
23473
23366
6934
12221
8654
1064
15386
5436
15385
40033
1172
19829
6902
3750
40404
1193
8905
23619
1312
23772
8992
1324
30084
1030
1246
5652
30149
4008
3780
1362
41363
15680
3986
7053
18208
7236
13276
36957
15721
15694
9040
1330
1461
7374
21958
15387
12473
4169
13419
42468
1523
5673
3929
11112
9151
5704
4098
4134
1405
16035
5852
7292
1556
11146
4163
43171
11445
5776
13682
4105
24578
4332
13561
43470
11253
24515
1611
43620
11318
13718
1291
4306
7398
16153
16393
7630
44056
1702
44083
4369
1784
4573
24820
36700
10705
10190
20269
1758
24849
4419
16492
7582
4640
7876
6056
23189
1677
45089
4643
19628
13849
11838
45201
45203
6099
11504
17371
11616
45565
16676
11539
45902
6049
32848
20611
4738
7743
46119
6169
1700
4633
7644
3193
11617
16821
46363
32199
4096
23639
1845
21347
4728
46781
25623
8012
46983
47116
6332
42852
17579
47437
1927
7909
2098
1305
8048
47987
4949
25609
