0.994297889143
0.991207255665
0.98938323484
0.98896254523
0.985530294886
0.983851354032
0.982278648229
0.979590530924
0.977602973401
0.975895983093
0.974190485651
0.972729814271
0.971339719415
0.971166027138
0.969707628913
0.968770664737
0.96804222821
0.967418071037
0.966516866653
0.965339014521
0.964508014532
0.964092648417
0.963538965883
0.962570409885
0.961429520906
0.960531110906
0.959943917507
0.959149765119
0.958286929777
0.957665926692
0.956976159892
0.956148771852
0.955425102178
0.954701700884
0.954081860159
0.953393384938
0.952636350394
0.951982790685
0.951398214614
0.950745077976
0.950023450973
0.94940513169
0.94868401287
0.947517075486
0.946865272673
0.945802300291
0.945425256003
0.944637136576
0.944020576052
0.943369977223
0.942719603907
0.942035241984
0.941487930373
0.940701450425
0.94012035025
0.93943693822
0.938753770341
0.938343987402
0.938070848477
0.937695347375
0.937149298765
0.936569295718
0.936330523119
0.935716680566
0.935103034949
0.934864449346
0.934455516278
0.933944479474
0.933433578723
0.932752617526
0.932378182489
0.931901737525
0.931527473333
0.930983227592
0.930371136964
0.929929197487
0.929555330273
0.928739885771
0.928230410791
0.927721079319
0.927313711802
0.926634970952
0.926227842617
0.925922554607
0.925549493777
0.924939195457
0.924295215428
0.923685327133
0.922940188911
0.922466162475
0.921856879278
0.921281635008
0.920909509781
0.920030275915
0.919590798452
0.919117632448
0.918678374287
0.918205443736
0.917631334491
0.917226188565
0.917091160425
0.916618638036
0.916146239275
0.915775152778
0.915539045964
0.914965772922
0.914257869961
0.913920863394
0.913247041605
0.912708159739
0.912203107439
0.91159722683
0.910924267337
0.910386072574
0.910184289842
0.909848035609
0.909410997797
0.908806045336
0.908436450461
0.907697487467
0.90736169296
0.907059530461
0.906824549974
0.906522477556
0.906321123486
0.905784291747
0.905549477755
0.904945808797
0.904610523715
0.904409382113
0.904074195809
0.903571535323
0.903169505589
0.902901535466
0.902432684046
0.901963955632
0.901495348984
0.901060322159
0.900859575672
0.90039125542
0.900157140335
0.899789306705
0.899321264773
0.899020444796
0.898619428943
0.898519188957
0.898084880919
0.897951268608
0.897684073806
0.897550491315
0.896949504916
0.896448830567
0.89604838937
0.895581323423
0.895114377377
0.894680896844
0.894347518379
0.894014202661
0.893547664776
0.893247811464
0.892948008474
0.892614953681
0.89214878047
0.892082194237
0.891582879806
0.890884086859
0.890584680848
0.890218809126
0.889753262136
0.88925460126
0.888889006616
0.888191263582
0.887693038824
0.887560201833
0.887261354947
0.88689616598
0.886597432783
0.885834256557
0.885734732252
0.885535701038
0.885436193506
0.885204031011
0.884938740341
0.884507727415
0.884109963185
0.883811698411
0.883513483958
0.883115942758
0.882817845721
0.882387349053
0.882321128116
0.881990060702
0.881559766562
0.881361204392
0.880864897433
0.880534104612
0.880203372674
0.879740452951
0.879013261409
0.878682815867
0.878319396841
0.878187263106
0.877823947208
0.877658828186
0.877295621628
0.877130552306
0.876833466665
0.876470430951
0.876371434088
0.876107470408
0.875645634768
0.875447741062
0.875117966471
0.874722318841
0.874194933213
0.873700649046
0.873338264402
0.872910086862
0.872679574408
0.872218638338
0.87202113105
0.871724912053
0.871198427238
0.870935243228
0.870573431998
0.870343226441
0.870080171651
0.869817156621
0.869488444368
0.869192655897
0.868831205614
0.868436985618
0.868042854461
0.867747318218
0.867386167999
0.86709073799
0.866664094317
0.866401596168
0.866073529393
0.865384800702
0.865220855843
0.864925794857
0.864729115075
0.864466910155
0.864171977146
0.864106443311
0.863778811412
0.863516751244
0.863221981624
0.862763551056
0.862272517892
0.862010685723
0.861683452045
0.861454425
0.86119271708
0.860898343197
0.860767527134
0.860538621854
0.860309747015
0.860048213046
0.859852088662
0.859786718837
0.859590624272
0.859231176279
0.858969808184
0.858545170529
0.858316561585
0.857990030542
0.857696204601
0.857500349218
0.857402429603
0.857206607146
0.856912915395
0.856749775055
0.856293065351
0.855869088706
0.855608231279
0.855445215189
0.85515182723
0.854891078521
0.854662956017
0.854402281858
0.854239380699
0.854076495072
0.853620502291
0.853359987172
0.853164626926
0.853001843805
0.85257868224
0.852318326162
0.852123085195
0.851830266923
0.851602553201
0.851374870542
0.850952117139
0.85069200956
0.850431941742
0.850106912882
0.849944421748
0.849619486697
0.849327098329
0.848969804211
0.848742473801
0.848450238261
0.848093130518
0.847865916903
0.847508930925
0.846957376173
0.846892498379
0.846243880716
0.845854817098
0.845563076695
0.845206574049
0.845012150027
0.844688159276
0.844590973979
0.844040390863
0.843878480599
0.843425215728
0.843036798831
0.842357359075
0.842098568548
0.841969188194
0.841613444095
0.841322436146
0.841063804659
0.840546675874
0.840320476139
0.839932781135
0.839577468806
0.839351398912
0.839093070595
0.838899350449
0.838544256179
0.838318326067
0.838189236458
0.837995620683
0.837769763878
0.837608456227
0.837253634685
0.836898889557
0.836802153424
0.836640939581
0.836350792685
0.836092926578
0.835770650477
0.835641757184
0.835351783617
0.834836416698
0.834546583533
0.834321192045
0.834095832862
0.833934879323
0.833806127675
0.833516476536
0.833291224208
0.832937319632
0.832679981588
0.832390522416
0.832165423537
0.831876054446
0.831683169261
0.831458164812
0.831008256556
0.830686963274
0.830494217249
0.830397852002
0.830237256304
0.829819778559
0.829562921984
0.8293703058
0.829113518183
0.828953046735
0.828792590818
0.828407564705
0.827990549171
0.827862257247
0.827701906322
0.827573637385
0.827317128709
0.82715683059
0.826900385904
0.826515794667
0.826387617053
0.826163330149
0.825971108459
0.825746881815
0.82571485139
0.825458632218
0.825202450941
0.825010341698
0.824626192791
0.824306134555
0.82405013282
0.823762178938
0.823634215035
0.823314349386
0.823154439548
0.822866642841
0.822706776491
0.822514957993
0.822259235199
0.821811820643
0.821428415373
0.82114091873
0.82094928288
0.820693802374
0.82034258222
0.82011911723
0.819959518638
0.819863766565
0.819608455661
0.819353185137
0.819129855579
0.818810867757
0.81852383084
0.818332500645
0.818173076003
0.817949906728
0.817663019532
0.817439920458
0.817312448585
0.817121259414
0.816898233647
0.816738948165
0.816420425039
0.815974598398
0.815624391504
0.815465231515
0.815210605849
0.814924200123
0.814796924565
0.81470147442
0.814446968035
0.814256114338
0.814128890966
0.813906273982
0.813715483653
0.813620096875
0.813302181952
0.812920769032
0.812698317922
0.812602990785
0.812475897253
0.812094680648
0.811967626256
0.811840581803
0.811554769371
0.811332505257
0.811046787254
0.810856333022
0.810570693297
0.810285103272
0.809904395471
0.809587210517
0.809428639474
0.809333504302
0.809079837848
0.808857912315
0.808636017224
0.808414153196
0.808192318987
0.808002199609
0.807748742515
0.807653706123
0.807558675322
0.807463650112
0.807305287187
0.806956945286
0.80676697128
0.806671992664
0.806482052206
0.806292134112
0.806133886119
0.805912365021
0.805817436726
0.805564321941
0.805342879121
0.805216355897
0.804805224845
0.804678742003
0.804489036377
0.804204519873
0.803920054311
0.803604042278
0.803446058938
0.803003788955
0.802814280887
0.8026879546
0.802466907515
0.802309035378
0.802245890872
0.802119609315
0.801898641751
0.801740825526
0.801015103241
0.800920463828
0.800668119394
0.800447351872
0.800289678535
0.80013202073
0.800005905668
0.799690663364
0.799154908872
0.79906037942
0.79880833008
0.798556319879
0.798398832917
0.798146886704
0.797832010317
0.79770607666
0.797485716679
0.797296861545
0.797013619846
0.796824820003
0.796636043147
0.796415831023
0.796164199163
0.79572394638
0.795472421997
0.795315239447
0.795032350619
0.794812360281
0.794435308539
0.794341058649
0.794089753567
0.793838491351
0.793587265167
0.793493065599
0.793336078744
0.793147715019
0.792927985607
0.792771054664
0.792519998082
0.792237606875
0.792080744891
0.791923897817
0.791892530266
0.79179843134
0.791704338006
0.791516168111
0.791359377571
0.791139896037
0.790763712802
0.790544313895
0.790168274169
0.789886302306
0.789573062292
0.789416463719
0.789291196042
0.789040690509
0.788852837452
0.788633703818
0.788602401499
0.788414600626
0.788132943116
0.787820048518
0.787538497862
0.787288270649
0.78694427688
0.786662880916
0.786475311149
0.786256509885
0.786068988575
0.785975236307
0.785725258215
0.785381611725
0.785287900459
0.785100494702
0.784944340323
0.784756975568
0.784507190685
0.784319878737
0.784226230839
0.783976530447
0.783758075219
0.783602054408
0.783321256708
0.783071701067
0.782822185185
0.782697441844
0.782603890861
0.782105054793
0.78188686049
0.781450570042
0.781076701586
0.780983247518
0.780983215213
0.780889766737
0.780734031701
0.780609454855
0.780422608223
0.780298056227
0.780080116015
0.779924461742
0.779644326916
0.779519837045
0.77920865834
0.779115316097
0.77886643327
0.778617588339
0.778399881718
0.778275491247
0.778151110716
0.777902379474
0.777715857756
0.777653688613
0.777467196715
0.777249650998
0.777094279393
0.776814650887
0.77662825901
0.776317656825
0.776100272012
0.775945015339
0.775913965868
0.77572768271
0.775572463312
0.775448298976
0.775293107534
0.775044833533
0.774858654745
0.774672497701
0.774331268495
0.774269234785
0.773990115704
0.773773057047
0.773525026575
0.773060082819
0.772812166657
0.772564290255
0.772440366965
0.772254500666
0.771975743152
0.771851867698
0.771542223481
0.771387423427
0.771108826196
0.770799334806
0.770675553161
0.770520840082
0.770242396299
0.770087726708
0.769994932408
0.769561971862
0.769067330475
0.768850964512
0.768541921666
0.768418321425
0.768202044922
0.767707824744
0.767522528753
0.767368132511
0.767244627322
0.767152004487
0.767121131452
0.766905037596
0.766658111086
0.766411224336
0.76619523423
0.765979273322
0.765855879337
0.765732495291
0.76554743786
0.765115728512
0.765054065067
0.764807437379
0.764684137823
0.764560848208
0.764406750167
0.764191045214
0.763913747017
0.763759714208
0.763513294638
0.763390099453
0.763174531796
0.762866631429
0.762466453642
0.762404897052
0.762312566826
0.762097151376
0.761912533791
0.761666413664
0.761297308955
0.76117429269
0.761051286365
0.760836049214
0.760590101173
0.760405666235
0.76019052165
0.760159789017
0.760067594845
0.759852497475
0.759668151997
0.759268817247
0.758992414894
0.758808173786
0.75853185468
0.758255585895
0.758071434247
0.757856618925
0.757672515735
0.757457757568
0.757151013969
0.756752345199
0.756568376199
0.75632311961
0.756139203416
0.756047253395
0.755894016407
0.755740794329
0.755648868537
0.75549567193
0.755311855758
0.755036177782
0.75469930292
0.754515584284
0.754454349501
0.754331887391
0.754056384608
0.753903348905
0.753750328733
0.753536127206
0.75338314431
0.753291362027
0.753077226973
0.75292429067
0.752740787608
0.752649044464
0.75231270512
0.752190417581
0.751915309913
0.751670808765
0.751151385702
0.750845921879
0.750662672286
0.750540518317
0.750448909362
0.750143587184
0.749929898189
0.74977728183
0.74953312796
0.74931952594
0.749105954361
0.748922917236
0.748861909831
0.748800904912
0.748770403383
0.748648403484
0.748404434126
0.7482519737
0.748069040946
0.747947098201
0.747642285448
0.74755085355
0.74742895305
0.747276592025
0.74712424591
0.746941451694
0.746819600895
0.746606388398
0.74636275203
0.745966932936
0.745875603544
0.74575383972
0.74554077943
0.745266886927
0.745084320089
0.744993044747
0.744962620875
0.744810510835
0.744719252266
0.744536751901
0.74438468597
0.74426304391
0.744171818889
0.743928583227
0.743654988925
0.743563801179
0.743411834026
0.743259882405
0.742804138745
0.742713003184
0.742530748834
0.742470002355
0.74240925836
0.742287777825
0.742014486694
0.741589470697
0.741498409685
0.741346653758
0.741255608278
0.741134222173
0.740952161654
0.740800465367
0.7405274451
0.740315130311
0.74004220261
0.739890595783
0.739708688091
0.739557115433
0.73943586911
0.739314632106
0.739163099828
0.739011583082
0.738860081867
0.73861771285
0.738435961714
0.738223946988
0.738042244309
0.737860563995
0.737709180818
0.737588085459
0.737497270463
0.73746700004
0.737376192498
0.737164333707
0.73698276149
0.736740699992
0.736498678253
0.736377682294
0.736226451323
0.736014754678
0.735742619072
0.735621685238
0.735379848011
0.735168273751
0.734926511074
0.734745214693
0.73459415146
0.734443103758
0.733990076205
0.733718317076
0.73341641923
0.733205126397
0.733054222204
0.732903332921
0.732752459169
0.732661942373
0.732390425532
0.732239604586
0.731938013637
0.731726934515
0.731636481707
0.731515885833
0.731425445451
0.73124458146
0.731093878552
0.730943191175
0.730882920573
0.730641863637
0.730611734238
0.730461098425
0.730310476279
0.73025023177
0.730099631368
0.729949046497
0.729678042188
0.729587715494
0.729316772689
0.729226468982
0.729015781868
0.728925496177
0.728835216077
0.728564411189
0.728413984737
0.72829365538
0.728203414419
0.727992874542
0.727601958355
0.727451631925
0.727331381466
0.727090910989
0.726970690351
0.726940636744
0.726880531395
0.726730278893
0.72633971744
0.726129446565
0.725769057377
0.725648946078
0.725498820933
0.725348711319
0.725258653006
0.725108568242
0.724958500873
0.724808447793
0.724718423027
0.724538390269
0.724238392206
0.723998433019
0.723728528944
0.723458673326
0.723039006916
0.722769283004
0.722559529629
0.722379765252
0.721990359324
0.721810665769
0.721690882491
0.72151122621
0.721391467782
0.721301656105
0.721181915071
0.720912535332
0.720673129678
0.720403845611
0.719805661052
0.719566439289
0.719387047661
0.719327255422
0.719177785696
0.718938670166
0.718819125448
0.718490435559
0.718311178743
0.71774370383
0.717445109172
0.717385397695
0.717206280039
0.716937645178
0.716877954824
0.716639220121
0.71654970416
0.716460193789
0.716012731396
0.715654870698
0.715416337901
0.715177848592
0.715028811878
0.714909592694
0.714641387739
0.714432817847
0.714343439802
0.714045555854
0.714015770628
0.713628620461
0.713420199668
0.713211808075
0.713092740477
0.712943919957
0.712705841295
0.712438050092
0.71228929791
0.712170307347
0.711962098401
0.711843137037
0.711664710832
0.711545772454
0.711486306993
0.711367383524
0.71118901696
0.71101067276
0.710862069678
0.710772915284
0.710654052078
0.710327234637
0.710238113791
0.710059888871
0.709881686317
0.709673812225
0.709465968574
0.709317527017
0.709169100992
0.708991010262
0.708783267254
0.708664569921
0.708486542559
0.708278872237
0.70807123422
0.708011914131
0.707863624781
0.707745004483
0.707685698062
0.707507793707
0.707389203229
0.707152053957
0.706914944445
0.706559357523
0.706470473373
0.706144630675
0.70596692015
0.705907688279
0.705789231991
0.705581957406
0.705433926495
0.705315509968
0.705167503286
0.705078706732
0.704871537138
0.704664399849
0.704516462126
0.704427706575
0.704368539313
0.70413189636
0.704013589173
0.70383614765
0.703599594778
0.703303957893
0.703067493239
0.702831068345
0.702683323209
0.702476505243
0.702240180991
0.702003895257
0.70188576699
0.701708593847
0.70159049043
0.701413353941
0.701354313414
0.701118178023
0.700793557945
0.700675532184
0.700528013184
0.700292021301
0.70023302799
0.699761175309
0.699495826863
0.699289479183
0.699112635303
0.698994750565
0.698729546249
0.698523311637
0.698346562808
0.69825819678
0.698022581997
0.697875342559
0.697669235925
0.697610353196
0.69737485645
0.697168821259
0.696874542427
0.696639161854
0.696550903924
0.69637440546
0.69610970125
0.695962665583
0.695551053062
0.695315894897
0.69511016474
0.694933848923
0.694786936263
0.6947281753
0.694493156295
0.694463781715
0.694375661703
0.694199438452
0.69399387479
0.693905784598
0.693847060909
0.693670910966
0.693582841275
0.693348016722
0.69331866637
0.693171923933
0.693025197027
0.69293716896
0.692819806073
0.692702453126
0.692467778915
0.692438447201
0.692291797952
0.692086515095
0.691998546047
0.69193990312
0.691822624723
0.691734672449
0.69158809837
0.691382919883
0.691294995565
0.691207076838
0.691001955506
0.690855458463
0.69062109612
0.690533220259
0.690386772916
0.690240341725
0.690035367008
0.689918250136
0.689830419005
0.689713319528
0.689596229991
0.689420616187
0.689274286881
0.689127974971
0.688952418943
0.688747633707
0.688659877126
0.68848438136
0.688308907337
0.688221178712
0.688016502196
0.687928792208
0.687665697658
0.687490328006
0.687344203712
0.687227315461
0.687110437149
0.687022784938
0.686789075529
0.686613818322
0.68643858286
0.686263370383
0.68608817965
0.685708678317
0.685591929225
0.685475190074
0.68521256581
0.685183388167
0.685125034743
0.684920817952
0.684833305522
0.684774967009
0.684570802403
0.684541638427
0.684483312338
0.684308348983
0.684250032835
0.683987642782
0.683754453981
0.683550441581
0.6832590497
0.683055111228
0.682909459086
0.682792948554
0.682472600194
0.682239664242
0.682152323277
0.681977658743
0.681744808524
0.681395617995
0.681221051619
0.68101741756
0.680930154874
0.680784729487
0.680668400361
0.68052300293
0.680464848307
0.680203185118
0.680115975237
0.67965095134
0.679505662628
0.679389442842
0.6792151318
0.679011797805
0.678924663717
0.67880849363
0.678779452662
0.678634257138
0.678547147279
0.678372944334
0.677850490812
0.677763431274
0.677647360588
0.677531299841
0.677357231087
0.677067162468
0.676893149626
0.676806151592
0.676748156009
0.676661167914
0.676545191658
0.676255295126
0.676110369846
0.67590750241
0.675733638668
0.675646715184
0.675559797291
0.67529907716
0.675212181632
0.674951532323
0.674806746825
0.67431462026
0.674140962152
0.673967326408
0.673764779538
0.673562263109
0.673533334587
0.673446552748
0.673244085397
0.673041647246
0.672868152526
0.672694682657
0.672463422838
0.672203302835
0.67208770989
0.67194323191
0.671769878836
0.671481013579
0.671336600831
0.67127884008
0.671018954288
0.670932334596
0.670845720494
0.670672509686
0.670528183913
0.670383873671
0.67026843666
0.67000874594
0.669893341234
0.669691406917
0.669547186756
0.66943182181
0.669345304623
0.669201122359
0.669143453553
0.669085787233
0.668970462047
0.668826319542
0.668739841495
0.668595724461
0.668480442142
0.668422804399
0.668307536989
0.668105842474
0.667990601778
0.667788958206
0.667558542045
0.667385755551
0.667184200196
0.666982675282
0.666752399524
0.666666055667
0.6665797174
0.666407058263
0.666291964182
0.666263192215
0.665860472893
0.665572878093
0.665314093778
0.66514159865
0.665084105037
0.664854156678
0.664739197408
0.664394381103
0.664164552024
0.663963484972
0.663791164416
0.663676297091
0.663561439085
0.663417881178
0.663331753515
0.66327433818
0.663159514964
0.663015999922
0.662757715714
0.662585551713
0.662356036365
0.662212608298
0.662069195763
0.661868444306
0.66163905383
0.661495703419
0.661381034274
0.661295038938
0.661180387187
0.660979771163
0.660865146747
0.660750532271
0.660721880205
0.66052133314
0.660263534128
0.660120333439
0.659862612083
0.659862599037
0.659805334044
0.659690811513
0.659547672328
0.659461796272
0.659375925807
0.659318681937
0.659146965236
0.65900388507
0.658889433983
0.658774991594
0.658603346337
0.658517531784
0.658374520577
0.658288720934
0.658145734577
0.658031356797
0.657888398396
0.657431074897
0.657231029801
0.657059587693
0.656888166086
0.656859597889
0.656802463359
0.656716766223
0.656573950088
0.656459708363
0.656316920184
0.656202700823
0.656088491403
0.656002840861
0.655860102382
0.655660295226
0.655346378049
0.655232243178
0.655146648549
0.654889900692
0.654661720412
0.654547645181
0.654176979271
0.653977428691
0.653834910756
0.65374940745
0.653663909735
0.65354992148
0.653464436812
0.653435943165
0.653179529541
0.653037099202
0.653008614874
0.652809243836
0.652666853257
0.652496006928
0.652410591218
0.652125918159
0.652012064094
0.651898219968
0.651699018531
0.651585201741
0.651414497057
0.651243812874
0.651016269375
0.65087407449
0.650845637377
0.650788765014
0.65070346113
0.650589731315
0.650305459583
0.650134920773
0.649935988958
0.649822326238
0.649651850795
0.649509805011
0.649396179566
0.649254162359
0.649140559278
0.649026966138
0.648998569406
0.648743028639
0.648544309914
0.648402385273
0.648260476785
0.648061831988
0.647976707023
0.647891588271
0.647749735074
0.647607897409
0.647466075896
0.647324269292
0.647125766762
0.646983998055
0.646983973826
0.646927270444
0.646757175206
0.646728828174
0.646615446259
0.646388712249
0.646190353227
0.645878707342
0.645737074689
0.645567136628
0.645453856598
0.645227328843
0.645170702495
0.645000840227
0.644915916547
0.644802693673
0.644689480738
0.64460457756
0.64449138202
0.644349902194
0.643671028398
0.643501361823
0.643246907623
0.64307729696
0.642907708663
0.642455584408
0.642229594034
0.6420318749
0.641862425142
0.641721233577
0.641580057543
0.641410666803
0.64132597982
0.640930852177
0.640761547791
0.640648690212
0.64056405355
0.640423004872
0.640197360536
0.640056354103
0.639830774376
0.639717998801
0.639605233788
0.639520666085
0.63937973296
0.639238814745
0.639069734009
0.638900676881
0.638759812093
0.638534460365
0.638337310918
0.638224667048
0.63799940975
0.637886797565
0.637689746896
0.637633452296
0.637295743095
0.635664713067
0.635608507928
0.635215150848
0.635074692358
0.635018513311
0.6349342494
0.634793822594
0.634597252151
0.634456861999
0.633979680854
0.633811297161
0.633727114012
0.633642935833
0.633614877682
0.633558763245
0.633530706959
0.633390434844
0.633222132535
0.63308189521
0.63302580438
0.632885588799
0.632829506667
0.632689312209
0.632465037107
0.632352912603
0.632156720503
0.631960558843
0.631876498081
0.631736409235
0.631512303114
0.631372254649
0.631232221715
0.631092206177
0.630896209149
0.630728235481
0.630616265047
0.630420341948
0.630252431648
0.629972632919
0.629860730201
0.629581016583
0.629525081066
0.629357290046
0.62918952077
0.62907768701
0.628854051176
0.62877019729
0.628714297805
0.628574560587
0.628490725338
0.628323071615
0.628071634206
0.62784817667
0.627792318188
0.627708535125
0.627540986392
0.627429299248
0.627317623908
0.627122213961
0.626954742885
0.626759390094
0.62664777253
0.626480365443
0.62631298072
0.626201402916
0.626006167541
0.625838845565
0.625643666724
0.62553214856
0.625476393206
0.625225527969
0.625086178411
0.624974709947
0.624863252044
0.624473236049
0.62433397036
0.624306119086
0.624111179426
0.624083333122
0.624055487439
0.623999797937
0.623888426388
0.623804904249
0.623359566533
0.623192599291
0.623109123746
0.623025653792
0.622970010263
0.622580580728
0.622469335914
0.622330294497
0.622219072048
0.622107859539
0.62199665697
0.621885464341
0.62169090178
0.621607526878
0.621468581133
0.621329650919
0.621190736236
0.620829639444
0.62074632294
0.620579707325
0.620440876511
0.620329823043
0.620191020185
0.620079989081
0.619441807803
0.619275366139
0.619219890347
0.619053478503
0.618803901739
0.618720720667
0.618637545186
0.61849893181
0.618304902903
0.618083189838
0.617972347595
0.617833808768
0.617750692927
0.617556778952
0.617445983923
0.617362894175
0.617307504116
0.616836794535
0.616615346123
0.616449284664
0.61628324557
0.616227903968
0.616061894694
0.615840584821
0.615729943862
0.615591656642
0.615481038049
0.615370429396
0.615315128796
0.615204535053
0.615038664318
0.614928096045
0.614845175899
0.614734625021
0.614624083463
0.614485920493
0.614430659654
0.6143754013
0.61432014543
0.614209641147
0.614126769458
0.613988664264
0.613822956918
0.613657272558
0.613574438143
0.613353574328
0.613243157019
0.612939563159
0.612829183747
0.612746405246
0.612718813654
0.612608453501
0.612387763014
0.612332596605
0.612249851651
0.612167112287
0.612029225774
0.612001650335
0.611808643385
0.611753503068
0.61164322989
0.611505402395
0.611312471859
0.611174681639
0.611092014962
0.610899147794
0.610816499754
0.610293228667
0.61021062163
0.610100487612
0.610017893622
0.609990363534
0.609770147061
0.609660053424
0.609577489254
0.60941237955
0.609274803662
0.609164754134
0.608889675044
0.608807163058
0.608642156482
0.608587159053
0.608449676352
0.608339701374
0.60820224663
0.608119781238
0.607844943814
0.607680067079
0.607570161681
0.607405322222
0.607295441674
0.607158104967
0.607048246784
0.606801105942
0.606691280686
0.606608918421
0.606581465369
0.606554012937
0.606334417094
0.606224633461
0.606087418519
0.605813043305
0.605319328824
0.605209637136
0.604962869045
0.604716158731
0.604551708795
0.604387279982
0.604332475141
0.60414068025
0.604003701383
0.603948913937
0.603811956192
0.603729789001
0.603647627401
0.603483321595
0.603401176768
0.603373796402
0.603264281771
0.603100027529
0.603017908795
0.602744225654
0.602634767556
0.602470599668
0.60236116642
0.602279098008
0.602224388839
0.601896192223
0.601595425052
0.601431398188
0.601212730492
0.601076083373
0.600830157698
0.600748194276
0.600693554687
0.600611599963
0.600502335696
0.600420394018
0.600311147145
0.600092685084
0.600010771362
0.599901561765
0.599792362107
0.599628581879
0.599519407071
0.599355663497
0.599328375076
0.599273800097
0.599164657595
0.598973684618
0.598837292212
0.598755464223
0.598646368935
0.598482746505
0.598319145197
0.598128305169
0.598046525637
0.59793749496
0.597773968202
0.597664962374
0.597501472271
0.597474226094
0.597365247602
0.597011149195
0.596874980439
0.59679328664
0.596548239413
0.596466567979
0.596330461969
0.596221587846
0.596139938778
0.595922237126
0.59578619262
0.595622961578
0.595459751658
0.595405353114
0.595296563482
0.595214978402
0.595051824394
0.594915879288
0.594807134385
0.594725582232
0.594589674401
0.594209243056
0.594100562764
0.593937560962
0.59382890552
0.593720260018
0.593611624455
0.593557310402
0.59347584398
0.593394383151
0.593340079037
0.593204329625
0.593068595744
0.59301430654
0.592932877394
0.592824314518
0.592688624124
0.592580082992
0.592471551799
0.592363030547
0.592254519856
0.592091772146
0.59190192736
0.591820574628
0.591684999166
0.591549439235
0.591495219611
0.591359681424
0.591224159389
0.591197056722
0.591115752447
0.590980257748
0.590790594988
0.590709318669
0.590546782806
0.590330108703
0.590113470632
0.590059316861
0.589923945169
0.589761517403
0.589653245272
0.58954498246
0.589301431825
0.589274373266
0.589139089791
0.589057927162
0.588922669158
0.588814474063
0.588733333798
0.588625156097
0.588408833
0.588003368373
0.587868230892
0.587787155859
0.587570986832
0.587462915986
0.587354854459
0.58721979215
0.587138761846
0.587003723766
0.586949712882
0.586841699191
0.586787695763
0.58670669528
0.586598703333
0.586544711087
0.586463727377
0.586355758416
0.585977977325
0.585843072814
0.585708183833
0.585330599679
0.58527666583
0.585087917551
0.584980074704
0.584872241797
0.584737464642
0.584575753178
0.584387117966
0.584279339729
0.584171571432
0.583875264218
0.583794465019
0.583659812114
0.583579027826
0.583498249129
0.583390552897
0.58322902905
0.583148274582
0.582986782419
0.582879133402
0.582717678515
0.582636959458
0.582583149859
0.582502440121
0.582421735974
0.582394835834
0.582260344454
0.582125868605
0.582018299108
0.581937628509
0.5818569635
0.581695652121
0.581641886011
0.581534361244
0.581453724192
0.581319342151
0.581184975642
0.581050624043
0.580916287976
0.580835694411
0.580728244194
0.580513379794
0.580405959397
0.580271697879
0.580083759089
0.58000322268
0.579869007756
0.579815326135
0.579734808363
0.579600624502
0.579573789593
0.579412793188
0.579037229961
0.579010408099
0.578956766238
0.578903126862
0.578822672458
0.578795855566
0.578688594209
0.578527721433
0.578500911374
0.578420484926
0.578259649425
0.578098835668
0.577750489418
0.577589746483
0.577429026535
0.577348674637
0.577214767854
0.577187988236
0.5770273242
0.576973774285
0.576839910367
0.576706061981
0.576679294167
0.576545464418
0.576518700332
0.576411650201
0.576251093641
0.575823080733
0.575742841281
0.575662606799
0.575528895088
0.575475414752
0.575288255011
0.575101126331
0.575074395793
0.574994208526
0.57494075304
0.574780403357
0.574539920456
0.574486486092
0.574379625442
0.574326198534
0.574219352173
0.574139223925
0.573978984203
0.573845468185
0.57376536603
0.573685269466
0.573631874863
0.573551787617
0.573445013321
0.573364939122
0.573284870514
0.573124751936
0.572991335318
0.572777907869
0.57251117155
0.572484501273
0.572484491954
0.572377817058
0.572324483337
0.572191160529
0.572111174547
0.572084513588
0.571977875967
0.571817938794
0.571737978284
0.571604723192
0.571444837582
0.571231694045
0.571178413752
0.57107186062
0.570965317429
0.570885416559
0.570832152418
0.570699002939
0.570512624108
0.570459377363
0.570246418958
0.570113337816
0.570060109708
0.569927050931
0.569847222747
0.569581169181
0.569368373544
0.569235394908
0.569075841046
0.568996072502
0.56891630955
0.568889723141
0.568730218358
0.568650474043
0.568491002808
0.5683581273
0.568251837579
0.568118989405
0.568118980087
0.567986149308
0.567826770639
0.567693972166
0.56758774457
0.567401871438
0.56732222031
0.567322210991
0.567136380725
0.566870962699
0.566791348846
0.566658671517
0.566472951833
0.566313786874
0.566101602547
0.566022042743
0.565942488531
0.565889455495
0.565756887506
0.565597822568
0.565518298176
0.565385769946
0.565279759167
0.565200257139
0.565094263133
0.564935291383
0.564908798162
0.564802831491
0.564670388995
0.564537961408
0.56440554811
0.564273150964
0.564193719759
0.564061346843
0.563955459692
0.563823116595
0.563637860364
0.563532012973
0.563373260525
0.563240983902
0.563135173786
0.562976477871
0.56289713799
0.5628178037
0.562659152515
0.562553398933
0.562447653427
0.562368350821
0.562236192857
0.562077624919
0.561971924144
0.561813392239
0.561681298885
0.561575636005
0.561469984308
0.561337931335
0.561311522605
0.561153086993
0.561021071296
0.560941869332
0.560809878484
0.560466797331
0.560414021494
0.560361248141
0.560150182064
0.560097421137
0.559965529689
0.559833654394
0.559807281074
0.559675424417
0.559649054824
0.559464488803
0.559332672526
0.559279950116
0.55917451275
0.559121797795
0.558884615597
0.558436749391
0.558199710702
0.5581733759
0.558147041719
0.55796272047
0.557804758252
0.557752107906
0.557646814671
0.557541531997
0.557409941855
0.557252054808
0.557146808788
0.557120498836
0.557094189505
0.556988958395
0.556831130988
0.556778526615
0.556594431501
0.556462953185
0.556410366207
0.556252622048
0.556068615151
0.555910917585
0.555832077189
0.555700689576
0.555569316872
0.55541169075
0.555201558413
0.555070244728
0.554912689429
0.554781410534
0.554571401826
0.554440162691
0.554256457722
0.554099019839
0.553915369541
0.553626841623
0.553495714313
0.553364602534
0.553259724915
0.553102426814
0.553076212534
0.552945150456
0.552866520664
0.552683074756
0.552604463602
0.55252585866
0.552237703492
0.552132932107
0.551975793667
0.551923419156
0.551844862051
0.551766310536
0.55174012794
0.55163540377
0.551556867166
0.55139981073
0.551295118865
0.551085766818
0.551033434553
0.550981104773
0.550824130964
0.550693336645
0.55066717952
0.550588711875
0.550484097044
0.550353342485
0.550196461242
0.550039599258
0.549961176342
0.549804347906
0.549699807626
0.549595277907
0.54946462896
0.549151137961
0.549072778413
0.548968307713
0.548472272862
0.548393961771
0.548289555681
0.548185160152
0.548028585186
0.547924213886
0.547819852526
0.547689414804
0.547558992613
0.547454666043
0.547298195447
0.547219968225
0.547219958907
0.547063521237
0.547037450466
0.546907106553
0.546776778171
0.546672526151
0.546594343659
0.54641194021
0.546411912254
0.546151397135
0.545969068857
0.54578677102
0.545656576207
0.545526396926
0.545370203407
0.545266085577
0.545188003728
0.54495379794
0.544875738456
0.544693622645
0.544615581799
0.544433509476
0.544303475567
0.54396546071
0.543835482714
0.54367953024
0.543445646881
0.543393678669
0.543289749699
0.543237788942
0.543081922822
0.543003998149
0.542848166198
0.542744289413
0.542328895342
0.542069359314
0.541887712548
0.541809872986
0.541757983051
0.541654210636
0.541654198211
0.541654151618
0.541654138571
0.541654122419
0.541446608652
0.541342866679
0.541239134024
0.541187271424
0.541083553679
0.540876151738
0.540746543385
0.540642867885
0.540539202326
0.540461459679
0.540409634354
0.540331901026
0.54025417329
0.540021032946
0.539943327575
0.53981383229
0.539787934848
0.5396584582
0.539503107097
0.538623255087
0.538468051842
0.537847474935
0.537769926118
0.537589004351
0.537537316944
0.537459791113
0.537330593407
0.536917264372
0.536788131897
0.536684836602
0.53640082766
0.53622013327
0.536116892646
0.53596205221
0.535704032033
0.535626637908
0.535471866431
0.535420280909
0.53531711732
0.535291327976
0.535265539253
0.535188176811
0.535136604957
0.534672585621
0.53449218384
0.534414877311
0.533951160524
0.533745127197
0.533667874717
0.533590627828
0.533513386531
0.533333182308
0.533281699913
0.533024332049
0.53263839829
0.53253550308
0.532432617811
0.532329742482
0.532252592508
0.532149734574
0.532124021644
0.532021176135
0.532021167437
0.531918331868
0.531789801384
0.531661286432
0.531455696678
0.531352915779
0.531173076851
0.531173070638
0.531044630858
0.530890522876
0.530813477894
0.530736438503
0.530633727184
0.530556700217
0.530325659079
0.530094663913
0.529684150384
0.529555890766
0.529453293757
0.529376352523
0.529248129559
0.52914556237
0.529094282503
0.529043005121
0.528889189748
0.528735395499
0.52858162672
0.528376633987
0.528248532166
0.528146061892
0.52806921571
0.527966764695
0.527787497317
0.527710677227
0.527557054443
0.527377856024
0.527301065754
0.527249875347
0.527096319658
0.527019549889
0.526993961209
0.5268916127
0.526789274752
0.526763691663
0.526712527349
0.526661365519
0.526559049315
0.52643116866
0.526431159962
0.526328866123
0.526252152267
0.526124308266
0.526022044247
0.525970915965
0.525894228201
0.525766428308
0.525638643325
0.525434220279
0.525332023355
0.525255382185
0.525178746607
0.525076574533
0.52494887404
0.524846724331
0.524719051174
0.52461692383
0.524514807047
0.524336126751
0.524259558268
0.524157475654
0.524157469442
0.524055396768
0.524029880152
0.523927819904
0.523825769595
0.523774748168
0.523698221308
0.523647206094
0.523570688553
0.523417669624
0.523290171037
0.522984243761
0.522882285397
0.522805823148
0.522754851421
0.52267839849
0.522652915422
0.522525510023
0.522449074487
0.52234716893
0.522219800185
0.522117916992
0.521990577446
0.521939645479
0.521837789001
0.521786864489
0.521506827821
0.521405013587
0.521175971632
0.521074190325
0.520972418957
0.52087065753
0.520743469569
0.520718033716
0.520590865635
0.520463711842
0.520361999493
0.520285722376
0.520184028044
0.520082343031
0.519980668578
0.519879003445
0.519777348872
0.519726525003
0.519548664758
0.519040707491
0.518812182417
0.51868524544
0.518634474999
0.51853294157
0.518456798022
0.518329905155
0.518152280984
0.518000057877
0.517695675029
0.517619592984
0.517467451882
0.51741674108
0.517340679537
0.517213922723
0.517112528455
0.517061835048
0.516909770359
0.516757727414
0.516656377876
0.516529704931
0.516428377758
0.516301732769
0.516225753231
0.51607381155
0.51589658001
0.515820630292
0.515694060474
0.515567506188
0.515440968676
0.515339748358
0.515263839642
0.51516263734
0.515036149528
0.51493496897
0.514631493769
0.514530353592
0.514429222733
0.51417644653
0.514024806777
0.513898457503
0.513746858752
0.513519507841
0.513519501628
0.513266945969
0.513165939982
0.513039696321
0.512862981661
0.512812496995
0.512711535117
0.512661057905
0.51250964118
0.512383478282
0.512232103181
0.512156424328
0.512005084017
0.511878984487
0.511576418796
0.511425162975
0.511299133646
0.511198320868
0.511147918206
0.511021923045
0.510921138224
0.510795170398
0.510593656667
0.510417366321
0.510266281344
0.509762859827
0.509611875492
0.509486069191
0.509385435334
0.509284811416
0.509008156213
0.508857282461
0.508706430453
0.508555599567
0.508455057654
0.508329394863
0.508228875315
0.508078115252
0.508002743296
0.507927376932
0.50785201616
0.507751543827
0.507550629602
0.507500407103
0.507374863592
0.507224230264
0.507123820677
0.507098719678
0.507073619301
0.506948126731
0.506847743859
0.506747370926
0.506697188187
0.506621919359
0.506546655501
0.506496482702
0.506421228163
0.506345979216
0.506220577349
0.505844475498
0.505643944585
0.50561888024
0.505568753414
0.505468507216
0.505343214068
0.505242990235
0.505242981538
0.505142767645
0.505042563692
0.504942371543
0.504842187471
0.504767055939
0.504691929999
0.504591770776
0.504166211186
0.504116156424
0.503991030393
0.503840900278
0.503715809036
0.503640761374
0.503540708385
0.503440664093
0.503365636932
0.503290615362
0.503165592458
0.503090585798
0.502990585615
0.502915592001
0.502890595373
0.50279061507
0.502690645329
0.50259068677
0.50246575022
0.502415779948
0.502390795745
0.502390789532
0.502265878453
0.502215918122
0.502140982284
0.502066052038
0.502016101647
0.50191620894
0.501816325553
0.501741419535
0.501566660572
0.501391938262
0.501217241423
0.501167333276
0.501017624369
0.500867939069
0.500793103874
0.50071827427
0.500643450258
0.500568631837
0.500468882639
0.500394077264
0.50034421012
0.500169698414
0.500119842453
0.500069988977
0.50004506317
0.499870602407
0.499820761356
0.499621426349
0.499496859443
0.499347399657
0.49922286692
0.499148155354
0.499048547801
0.498849368729
0.498774684498
0.498575560096
0.498500896987
0.498401354666
0.498376470483
0.498227180298
0.498127664691
0.498028159024
0.497978409918
0.497928663296
0.497829177509
0.497530802152
0.497431356125
0.497182787029
0.497083375792
0.497008823887
0.496909430666
0.496735516603
0.49666099079
0.496611310022
0.496487120214
0.496387778557
0.49628844684
0.496189125063
0.496040164762
0.495940867835
0.495841581469
0.495742304421
0.495667853159
0.495494161503
0.495370110235
0.495295686929
0.495072452422
0.49497325241
0.494874062338
0.494774882206
0.49470050363
0.494675712014
0.494601340893
0.494452616046
0.494378261698
0.494279131266
0.494254350211
0.494080903949
0.494056127865
0.493981803959
0.493882713286
0.493659804936
0.493585510229
0.49343693821
0.493337902207
0.493189370569
0.493115111273
0.492991361933
0.492917117547
0.492892370661
0.492867624396
0.49281813373
0.492768645549
0.492669677263
0.492595457727
0.492521243161
0.492397565264
0.492298633632
0.492224441431
0.49219971194
0.492100800188
0.491977175097
0.491903007125
0.491853564917
0.491754687955
0.491655820933
0.49148283129
0.491235755059
0.491136940843
0.491038135946
0.490840557836
0.490692399569
0.490643018243
0.4905195758
0.490420833028
0.490297418542
0.490198698135
0.490075311604
0.489976613562
0.489853254988
0.489779247299
0.489729911945
0.489557258399
0.489507934228
0.489335321684
0.489286008695
0.489261353133
0.489187390174
0.489014835406
0.488891597976
0.48874373356
0.488719091665
0.488521978872
0.488472706886
0.488324905838
0.488251013701
0.488127872565
0.488004746959
0.487980123702
0.487832397204
0.487783160008
0.487635465194
0.487512402335
0.487315533072
0.48721711335
0.48697111561
0.486897325979
0.486774355686
0.486675990634
0.486602223369
0.486553048298
0.486454705611
0.486356372864
0.486258050058
0.486159737191
0.486086009064
0.486012286529
0.485913998512
0.485791156197
0.485692890545
0.485619197829
0.485471829172
0.485226271277
0.48512806278
0.484931676849
0.484833498173
0.484808955057
0.484735329436
0.484612633115
0.484539022404
0.484391818378
0.484293694371
0.484293685053
0.484023899636
0.483974855028
0.483852254379
0.483729669883
0.483558079296
0.483484548727
0.48341102437
0.483362010824
0.483263991188
0.483165981491
0.48304348397
0.48292100198
0.4827985349
0.482700572418
0.482529162615
0.482382265487
0.482308824377
0.482210911596
0.482137483533
0.482064061061
0.48196617313
0.481917232892
0.481745963491
0.481403525953
0.481305705117
0.481207894221
0.481085646442
0.481012304112
0.480865636846
0.48081675252
0.480694552578
0.480645676949
0.480547933148
0.480450199287
0.480401336084
0.480132637234
0.48013262543
0.479912839484
0.479864003616
0.479741926681
0.479668687478
0.479571043077
0.479473409237
0.479375785337
0.479278170756
0.479180566114
0.479082971413
0.478912205847
0.478814639101
0.478717081675
0.478570764173
0.478473231597
0.478375708961
0.478278196886
0.477863904912
0.477766444401
0.477693355541
0.47766899383
0.477571553199
0.477449767009
0.477303647065
0.477254944144
0.477230593616
0.477108852156
0.47701146868
0.476841073379
0.476816733412
0.476743717238
0.476622036661
0.476476040345
0.476378721479
0.476232765545
0.476208441109
0.476013870472
0.475940915801
0.475843651605
0.475746397349
0.475649153033
0.475576226319
0.475406088215
0.47535748221
0.475187384487
0.475090197326
0.474968727353
0.474871563178
0.474725835243
0.474701549325
0.474628695297
0.47455584686
0.474458724309
0.474410166761
0.474215962041
0.474167416918
0.47411887428
0.474021796459
0.473924728578
0.473876198365
0.473827670637
0.473657844401
0.473560813795
0.473463793129
0.473366782403
0.473245534837
0.473197039414
0.473148546476
0.473051568055
0.472930359628
0.472833403572
0.472736457456
0.472445688689
0.472324557297
0.472227663366
0.472106561794
0.472033907188
0.471791778595
0.471694939955
0.471501293738
0.471428685726
0.471404484297
0.471307685418
0.471235092936
0.471162505425
0.471114116857
0.471017347176
0.471017340964
0.470920581223
0.470823831422
0.470702908771
0.470606181335
0.470509463839
0.470412756904
0.470267715451
0.47019520249
0.469977699638
0.469905209042
0.469832724037
0.469784403807
0.469736086061
0.469663614103
0.469494535231
0.469373783423
0.469277192662
0.469084040961
0.468939203899
0.468794389201
0.468721989929
0.4686013369
0.468191269429
0.46811891675
0.468118901219
0.467901882943
0.467853662113
0.467781335527
0.467612598964
0.467467990521
0.467371596076
0.467275212191
0.467154746159
0.467106563846
0.467010206675
0.46693794532
0.466865689557
0.466817522154
0.466697114519
0.466552646479
0.466504495229
0.466408200184
0.466047223293
0.466023160404
0.465902855275
0.465854737572
0.465782565677
0.465710399374
0.465542034319
0.465445839294
0.465325608716
0.465253477823
0.465157311998
0.465085194152
0.464940977097
0.464772751823
0.464700663797
0.464628581363
0.464532480768
0.464412368227
0.464196217838
0.464052139322
0.464028127997
0.46388407371
0.463692039016
0.463572035815
0.46347604394
0.463188135409
0.463068197439
0.462924291631
0.462900309504
0.462852347114
0.462780408188
0.462588600251
0.46249271026
0.462468739316
0.462253029393
0.462109250942
0.462037369792
0.461965494234
0.461965488021
0.461965481809
0.461893611841
0.461797793916
0.461701985931
0.461606187886
0.461534345875
0.461462509455
0.46136673626
0.461199159571
0.461151285399
0.461055544508
0.460911953674
0.460840165712
0.460792310177
0.460696606562
0.460576992885
0.460505231015
0.460433474737
0.460266067649
0.460218241934
0.460170418704
0.460170412492
0.460050865288
0.460003050756
0.459907429146
0.459835719461
0.459811817475
0.459716216366
0.459620625197
0.45957283303
0.459453364104
0.459262247619
0.459166703665
0.45907116903
0.458975644956
0.458904007957
0.458784626007
0.458665258966
0.458593646196
0.458474304006
0.458378841436
0.458307251031
0.458187946737
0.458116371242
0.458020945947
0.457925531213
0.457877827263
0.457782426818
0.457734730323
0.457639344788
0.457496286987
0.457472445883
0.457377087683
0.457305575556
0.457234069021
0.457138735671
0.456995754904
0.456924272598
0.456686044214
0.456566950523
0.456495501764
0.456495495551
0.456400239236
0.456352614806
0.456281182821
0.456257373401
0.455947923014
0.455876522713
0.455757534635
0.455686149243
0.455638562088
0.455590977418
0.455424453127
0.455329308637
0.45513905569
0.454996388034
0.454948836911
0.454758659135
0.45456852174
0.454473466711
0.454354662523
0.454330903424
0.454307144948
0.454259629858
0.453381358309
0.453286427529
0.453072872102
0.452835653872
0.452740780247
0.452645916562
0.452574775322
0.452503639672
0.452432510236
0.452337678856
0.452313972564
0.452171749102
0.452124345837
0.452005849168
0.451958454601
0.451887367409
0.451697832627
0.451532025259
0.451484655542
0.45136624212
0.451247844851
0.451129464356
0.451058442396
0.450987426027
0.450916415249
0.450774411088
0.450679753658
0.450608767109
0.450514128938
0.450490470483
0.450324884901
0.450206624308
0.450088379245
0.449922863244
0.449875578016
0.449804654835
0.44975737582
0.449615555549
0.449497387522
0.449308353467
0.44904849998
0.449001260726
0.448883177188
0.448717887322
0.448647055464
0.448647037448
0.448458189148
0.448434584741
0.448410980955
0.448316572647
0.448245772473
0.44815138156
0.447821107483
0.44779751985
0.447679591625
0.44758525973
0.447467360704
0.447373051175
0.447349475345
0.447255178241
0.447113751222
0.447066613852
0.446948781921
0.446713180805
0.446618950795
0.446524730726
0.446430520596
0.446383419259
0.44628922404
0.446265676788
0.44619503876
0.446124406324
0.446030238439
0.446006698021
0.445912542562
0.44588900525
0.445794862837
0.445653670651
0.44558308108
0.445441920578
0.445418395691
0.445324302357
0.445206700288
0.445136146129
0.445065597562
0.445018568289
0.44494802904
0.44480696918
0.444642426678
0.444501413412
0.444477913375
0.444430915165
0.444148983684
0.444008048695
0.443961075335
0.443726252646
0.44370277311
0.443585384752
0.443514959192
0.443444539223
0.443350654629
0.443139459954
0.443069069805
0.442975226834
0.442975215652
0.442857923587
0.442787555803
0.442646837631
0.442576486621
0.442459247984
0.442435801996
0.442342024257
0.442154502326
0.442084190455
0.441709336695
0.441685910587
0.441639060235
0.441568789367
0.441334597868
0.441264351228
0.441123876585
0.440983423065
0.44084299191
0.440725983136
0.440702583121
0.440585592984
0.440468618378
0.440421832636
0.440351658682
0.440304879153
0.440211327549
0.440094402022
0.43997749389
0.439954113754
0.439907355347
0.439837223017
0.439790470823
0.439767095657
0.43965022977
0.439533378794
0.439463275662
0.439416543348
0.439323086795
0.439229639561
0.439159560659
0.43906613082
0.438996064964
0.43890265252
0.438855950025
0.438739205282
0.438459086609
0.43838906921
0.438295721376
0.438202383482
0.438085725093
0.437969082235
0.437829135034
0.437805812054
0.437712526966
0.437665887839
0.437642569208
0.437619251197
0.437502670464
0.43745604252
0.43740941706
0.437246249386
0.437083116501
0.436989908448
0.436826820914
0.436733639575
0.436733619695
0.436663740214
0.436547286838
0.436430848992
0.436337709899
0.436291144079
0.436198021759
0.436128185144
0.436011803211
0.435802357356
0.435755820114
0.435662753706
0.435639488502
0.435546433899
0.435499910324
0.43540687063
0.435244076948
0.435197569526
0.435127813053
0.435058062171
0.43498831688
0.434872087774
0.434732633846
0.434662914648
0.43454672903
0.434500258883
0.434430558322
0.434267947909
0.43417503992
0.434151814476
0.433942822755
0.433849950177
0.433803517306
0.433733872657
0.433617811289
0.433524972881
0.433362530205
0.433269719131
0.433200117349
0.433084127425
0.432968152411
0.432921766755
0.432805814106
0.432597143571
0.432504414502
0.432411695373
0.432318988049
0.432226289421
0.432064091518
0.431925089239
0.431739788899
0.431647151776
0.431623994048
0.431577680456
0.431485060728
0.431415602454
0.431276703924
0.431137826516
0.431022113049
0.43092955296
0.430860139417
0.430675067697
0.430605674655
0.430513159297
0.43049003201
0.430443779301
0.430351281959
0.430328159021
0.430305036705
0.430258793936
0.430073851436
0.430027621092
0.42988894559
0.429842725186
0.429750291833
0.429704078884
0.429634764119
0.429565454946
0.429449952703
0.429357561595
0.429218994191
0.429057361626
0.428965012762
0.428780348583
0.428734187819
0.428641873746
0.428572644714
0.428203536278
0.428180471116
0.428111279359
0.428019032381
0.427926795964
0.427880681172
0.427788459044
0.427765405065
0.427673195362
0.427604044607
0.427534899444
0.427511852299
0.427373586202
0.427281419365
0.427120152716
0.427074081411
0.426935886137
0.426797711363
0.426751657454
0.426682581871
0.426590488962
0.426475387427
0.426406333587
0.426360300801
0.426245230327
0.426176195125
0.426084156887
0.426015135353
0.42592311451
0.425831103606
0.425762101952
0.425716103956
0.425624115417
0.425532136819
0.425509143723
0.425394188181
0.425233278129
0.425164324933
0.425118359241
0.425118339982
0.425026416054
0.424773687066
0.424750714471
0.424750705773
0.424658821605
0.424566947377
0.424475083089
0.424268429133
0.424130685507
0.42406182177
0.423992963625
0.42392411107
0.42380936986
0.423717587577
0.423648758009
0.423579933411
0.423281771764
0.423190046636
0.423075404825
0.422983702062
0.422914931513
0.422846166555
0.422754488642
0.422708653413
0.422662820669
0.42261699041
0.422525337347
0.422479514543
0.422364969026
0.422296248798
0.422090126011
0.421998530724
0.421884049817
0.421815368728
0.421632247113
0.421563586526
0.421517815907
0.421449164637
0.42138051896
0.421266122543
0.421174616716
0.421037376924
0.420991634883
0.420923027101
0.42085442429
0.420740099317
0.420648650024
0.420534352386
0.420397215721
0.420191565706
0.420145869637
0.420077330193
0.420031640336
0.419985952965
0.419894585677
0.419780390545
0.419734716841
0.419666210945
0.419574878447
0.419460726803
0.419415070494
0.41936941667
0.419323765331
0.419255292982
0.419141184825
0.419049909483
0.419004275539
0.418935829282
0.418798954164
0.418730524682
0.41866210079
0.418434065882
0.418365666219
0.418297272148
0.418228883668
0.418160500779
0.418046542343
0.417932598818
0.417864240158
0.417750322104
0.417681978354
0.417568088256
0.417454209962
0.417340347199
0.417249268171
0.416998858311
0.416907816558
0.416885057673
0.416862299409
0.41674851803
0.416589251186
0.416521002488
0.416475506461
0.41643001292
0.416361777267
0.416225322736
0.416134365473
0.416043418151
0.415929747975
0.415838823018
0.415770635823
0.415747908
0.415657002923
0.415588830637
0.415497942955
0.415407065834
0.41536163069
0.415248054323
0.415179915586
0.415066363448
0.414998239621
0.414952826842
0.414884712333
0.414816603416
0.414748500089
0.414657704352
0.414544223658
0.414430758495
0.414362686853
0.414226560342
0.414113139288
0.413727657178
0.413500979702
0.413455648928
0.413364994836
0.413206380304
0.413183722683
0.413047790623
0.412979832669
0.412957181261
0.412798638795
0.412730701342
0.41273069513
0.412640121179
0.412481648914
0.412413737554
0.41236846642
0.412255300079
0.412119522089
0.411961144254
0.411780180242
0.411734943898
0.41168971004
0.411599249777
0.411463578643
0.411395751151
0.411305325058
0.41121490704
0.411192304089
0.411034102068
0.410943713871
0.410875929246
0.410830742602
0.41074037677
0.41067260954
0.410650021499
0.41060484728
0.410469340777
0.410446758327
0.410401595291
0.410175824219
0.410085530452
0.410085514921
0.40997266169
0.409927524746
0.40985982399
0.409837258314
0.409769565013
0.409701877303
0.409634195184
0.409521404078
0.409476291985
0.409363522623
0.409273318315
0.409183123948
0.409070394967
0.408980222965
0.408822449607
0.408754840175
0.408754831477
0.408642162136
0.40850698241
0.408484454009
0.408439399071
0.408371821322
0.408169128458
0.40805653988
0.407921453342
0.407763883132
0.407696361917
0.407651350466
0.407583837949
0.407493829957
0.407426330486
0.407381333945
0.407381314065
0.407178867216
0.407066418419
0.406953982047
0.406909011598
0.406864043635
0.406841560585
0.406774115163
0.406706675332
0.406639241092
0.406526863739
0.406414501296
0.406279686865
0.406167358591
0.40612243163
0.406032585163
0.406010125099
0.405942749257
0.405830467577
0.405718205155
0.405673303044
0.405538612242
0.405493720071
0.405381502379
0.405314178101
0.405134677754
0.405044940627
0.404865502406
0.404775795099
0.404708521142
0.404641252776
0.404573990002
0.404461897802
0.404394650559
0.404372235847
0.40423776124
0.404192941134
0.404080902362
0.40399128203
0.4039688785
0.403924073305
0.403767278416
0.403700088327
0.40361051024
0.403476162369
0.403364222376
0.403274681564
0.403229914886
0.403140388984
0.403050873643
0.402827137166
0.402782395338
0.402760025355
0.402715287255
0.402581094074
0.402491640238
0.402424556383
0.402290406069
0.402178631329
0.40215627812
0.402022172536
0.401955127821
0.401888088696
0.401821055163
0.401776369247
0.40159765354
0.401552980049
0.401374314663
0.401173363785
0.401039424075
0.400927823284
0.400927799677
0.400905481258
0.400905475046
0.400682331242
0.400660019657
0.400481551828
0.400392331582
0.400213922151
0.400013263882
0.39992409582
0.399656659351
0.399612093958
0.399545250527
0.39930022318
0.399211134638
0.399144324755
0.399010724248
0.398966194887
0.39887714362
0.398854882357
0.398810361694
0.398721327822
0.39863230389
0.39854329052
0.398498787252
0.39840978817
0.398320799029
0.398254063696
0.397831568733
0.397720414622
0.39765372961
0.397631502515
0.39752037636
0.39743148724
0.397320389662
0.397298171886
0.397231522286
0.397142664849
0.397031607653
0.396942772582
0.396876152801
0.396831742721
0.396787335125
0.396698527388
0.396520946084
0.396476555883
0.396232458548
0.396143713558
0.396143663236
0.396099294158
0.396077110551
0.396010563457
0.395921842695
0.395877486042
0.395810955722
0.395677912476
0.395589229611
0.395478389231
0.395434057428
0.395323238792
0.395079501781
0.39499088539
0.394924429619
0.394924423407
0.394880122666
0.394791529261
0.394702945796
0.394570088925
0.394481529689
0.394437253798
0.39423804677
0.394193784547
0.394083139861
0.393994635294
0.393928263393
0.393861897082
0.393795536363
0.39375129899
0.39368494759
0.393640716429
0.3934859288
0.393397491329
0.393264855623
0.393198545226
0.393132240419
0.393088040321
0.39299964758
0.392955454937
0.392844984822
0.392800800876
0.392756619416
0.392690351884
0.392491592156
0.39244742809
0.392359108035
0.392359091883
0.392359083185
0.392226622672
0.392138326846
0.39205004096
0.391983833069
0.391851435923
0.391741122363
0.391652881829
0.391542594983
0.391498484345
0.391410270524
0.391300017225
0.391189779458
0.391079557223
0.390991390617
0.390881196337
0.390881183912
0.390771005164
0.390682873348
0.390528667209
0.390462587916
0.39037449089
0.390286403804
0.390198326658
0.390088244204
0.389868135207
0.389780105276
0.389648079639
0.389582074896
0.389472080038
0.389428086195
0.389208160467
0.389208154255
0.389098211582
0.389010268626
0.388944317932
0.388944305507
0.388944294946
0.388922312624
0.388790432358
0.388680548704
0.388592652963
0.388175290149
0.38806549347
0.388021579147
0.387933757956
0.387802046671
0.387736198484
0.38771425033
0.387648409598
0.387582574456
0.38747286351
0.387428982734
0.387319291668
0.387231549997
0.387012246762
0.38694646567
0.386858766244
0.386792998198
0.386705316167
0.38648615582
0.386420419457
0.386332779671
0.386179435828
0.386113725558
0.385916634508
0.385829051877
0.3856539183
0.385150635942
0.385063140287
0.384953786559
0.384735125697
0.384625817321
0.384538381305
0.384407249646
0.384341690961
0.384254287251
0.384101356539
0.384079511513
0.383970297567
0.38377375446
0.383686415359
0.383620917557
0.38351176822
0.383402633794
0.383358984124
0.383271692238
0.383228050023
0.383162591359
0.383097138287
0.383075321838
0.38296625078
0.382900815102
0.382879004245
0.382726346262
0.382551917804
0.382377529726
0.382246763984
0.38218138919
0.382137809099
0.382116019986
0.382072443623
0.381941730066
0.381898163643
0.381789260322
0.381636820398
0.38159327137
0.381527952488
0.381397332119
0.381353796758
0.38117968141
0.38111439856
0.381005605821
0.380918582316
0.380896827993
0.380679322657
0.380614082052
0.380570591422
0.380418399998
0.38026623653
0.380092369061
0.379940270824
0.379853369705
0.379744756508
0.379701315578
0.379592724745
0.37944072653
0.379397302995
0.379332172352
0.379223635568
0.378963214258
0.37881133843
0.378811334702
0.378724564045
0.37839930408
0.378334259169
0.37826921985
0.378225863409
0.378095810863
0.377987449893
0.377900771803
0.377814104274
0.37766245955
0.377640798414
0.377597478007
0.377554160084
0.37748918786
0.377424221226
0.377402566924
0.377359260184
0.377294304733
0.377207706163
0.377121117533
0.376796516714
0.376753244764
0.376688341498
0.376623443824
0.376536922288
0.376472038281
0.376385534141
0.376299039941
0.376255796569
0.376234175814
0.376212555681
0.376169317278
0.376061232765
0.375953163162
0.375866718662
0.375823500139
0.375737070549
0.375715464704
0.375607445422
0.37556424181
0.375477842661
0.375348264128
0.375305075426
0.375261889208
0.375175524849
0.375153935157
0.375110757637
0.374981241851
0.374894909176
0.374830166193
0.374679124703
0.374377129942
0.374333997152
0.374269302626
0.37418305382
0.374096813711
0.374053697074
0.373967471254
0.373902808412
0.37381660185
0.37366576351
0.37360112676
0.373493411891
0.373428790052
0.373256494345
0.373148829176
0.373062707726
0.372912020349
0.372868972049
0.372696809912
0.372675291664
0.372632257031
0.372610740647
0.372460143973
0.372395611593
0.372331084805
0.372288070053
0.372051555699
0.371987058731
0.371922567354
0.371858081568
0.371643176165
0.371621688358
0.371535743343
0.371471291105
0.371428326053
0.371320924915
0.371299446427
0.37123501469
0.371192063305
0.37110616799
0.370955876971
0.370741232493
0.370698309685
0.370655389363
0.370591013539
0.370483734787
0.370419373873
0.37035501855
0.370290668818
0.370183432312
0.370076210715
0.369990445242
0.369926127194
0.369861814737
0.369776073492
0.369776069765
0.369776066037
0.36956176014
0.369497479367
0.369433204186
0.369176181737
0.369090520012
0.368919228246
0.368790786602
0.368619568765
0.368555369997
0.36849117682
0.368448384475
0.368426989235
0.368277246159
0.368148917582
0.368106145117
0.368063375137
0.367956461681
0.367849564998
0.367400815374
0.367251276068
0.367101766582
0.366994994149
0.366866885495
0.366802839555
0.36667476569
0.366546714812
0.366482696828
0.366418684435
0.366226684532
0.366056059368
0.365970760454
0.365906793412
0.3658854721
0.365736244041
0.365693611978
0.365629668544
0.365501799693
0.365267431137
0.365203524978
0.365118327327
0.365075731298
0.364990546693
0.364947958119
0.364820209168
0.364735054384
0.364649910161
0.364500931843
0.364373263034
0.364330710492
0.364309435153
0.364245612863
0.364181796785
0.364160525795
0.3639903821
0.36390532423
0.363862799023
0.363799016493
0.363713980988
0.363628955424
0.363586446369
0.363416444319
0.363331453545
0.363246473332
0.363097782654
0.363012829776
0.362779281271
0.362736821916
0.362673138165
0.362609459383
0.362567009969
0.362482118594
0.362418456587
0.362248720432
0.362227505975
0.362185078926
0.362121443011
0.362015396199
0.361951775193
0.36188815978
0.361824550578
0.361400644135
0.361358265543
0.361337077178
0.361209961903
0.361167594494
0.361104048039
0.361019328751
0.360955795342
0.360913442842
0.360807573087
0.360722887967
0.360680549135
0.360617045547
0.360532382792
0.360405409162
0.360341929802
0.360193839252
0.36013037853
0.360066923398
0.36004577293
0.359982325254
0.359876592173
0.359686317482
0.359622902111
0.359496089385
0.359432690166
0.359369296539
0.35915802545
0.359052414755
0.359031294108
0.35894681835
0.358904583888
0.358883467589
0.358841236854
0.358799008604
0.35873567089
0.358672338766
0.358630120456
0.358609012234
0.358482377806
0.358419068048
0.358376864648
0.358271367642
0.358208076521
0.35803934058
0.358018249752
0.35797606996
0.357870635079
0.357849549221
0.357807379369
0.357786295375
0.35772304712
0.357659804457
0.357554413064
0.357364749683
0.357301538703
0.357238333314
0.357175133517
0.357133003425
0.356943458082
0.356880284377
0.356817116263
0.356732900809
0.356648695296
0.356564499722
0.356501359564
0.356122655296
0.356038521847
0.355933369635
0.355933360938
0.355870276693
0.355765149331
0.355723102487
0.355681058127
0.355617996247
0.355491892989
0.355344797682
0.355281765622
0.355155720761
0.355008697519
0.354945695279
0.354441977426
0.354211191
0.354001458748
0.353938545968
0.353938537271
0.353770799057
0.35372887025
0.353686943928
0.353624059105
0.353561179873
0.353498306232
0.353393529876
0.353330671146
0.353246868823
0.353184023138
0.353184019411
0.353142125394
0.352974580389
0.352911758933
0.352869881069
0.352807068932
0.352744262386
0.352702394462
0.352702385764
0.352660520325
0.352597726825
0.352555867599
0.352514010857
0.352325688755
0.352262925076
0.352137415112
0.352053754434
0.352011927512
0.351991014983
0.351886461657
0.351865552856
0.351740114956
0.351698306672
0.351656500873
0.351384829962
0.351322150151
0.351238585767
0.351113261557
0.351071490548
0.351008838693
0.35094619243
0.350883551758
0.350820917299
0.350758287809
0.350674791142
0.350612174698
0.350486960449
0.350361767323
0.350320041044
0.350278317249
0.350215736839
0.350174019257
0.350090591548
0.350007174401
0.349923768437
0.349923762845
0.349777823685
0.349652758536
0.349590233416
0.34954855311
0.349319373237
0.349256877938
0.34919438823
0.349111077937
0.349027776964
0.349027763918
0.348965294711
0.34865304994
0.34859061428
0.348528184212
0.348444952819
0.34840334085
0.348403335259
0.348361725774
0.348299316207
0.348236912232
0.348174513847
0.34809132532
0.347945771956
0.347883399664
0.347821032964
0.347675536134
0.347613188071
0.347509287057
0.347446953904
0.347363852352
0.347322304993
0.347259989235
0.347176909426
0.347114606714
0.347010780872
0.346969254636
0.346927730884
0.346865450537
0.346740905996
0.346678641802
0.346595633437
0.346429644664
0.346367408426
0.346325920707
0.346222213524
0.346159995923
0.346118520629
0.346035578117
0.34597337729
0.345931913179
0.345848992411
0.345766081582
0.345724629896
0.345393116424
0.345206707153
0.345144580876
0.345082460191
0.344999641308
0.344958235593
0.344896131682
0.34489612609
0.344813329572
0.344730542994
0.344709847903
0.344689153433
0.344544313885
0.344440874461
0.344337449325
0.344316766037
0.344254719902
0.344192679358
0.344109967951
0.344089291497
0.34408928777
0.344047936725
0.344006588166
0.343944569987
0.343903227641
0.343861887779
0.343799883268
0.343696555668
0.343655228232
0.343572580813
0.343510601773
0.343489943335
0.34342797175
0.343386660466
0.343283394992
0.343242092405
0.343180143185
0.343138846811
0.343014974462
0.342953045743
0.342870483437
0.342870474118
0.342808558445
0.342746648363
0.342726012912
0.342622845595
0.342581582769
0.342437184309
0.342395932665
0.34233406048
0.342292815048
0.342169097391
0.3421278619
0.342045398993
0.341962946026
0.341901112358
0.34177746366
0.341715646766
0.341633232938
0.341592029752
0.34155082905
0.34142724372
0.34128308879
0.341200727769
0.341077206427
0.3410154529
0.340974286989
0.340850806028
0.340830227732
0.340747920759
0.340686197053
0.340583338497
0.340542198678
0.340398228881
0.340315974715
0.340274851048
0.340233729867
0.34004871903
0.340007611516
0.339945954905
0.339761024209
0.339699390584
0.339617220286
0.339555599707
0.339124492972
0.339042392254
0.338980823239
0.338939780335
0.33887822126
0.338816667155
0.338734604333
0.33865255083
0.338611527807
0.338570507268
0.33854999793
0.338488473645
0.338447460561
0.338324438083
0.338201436728
0.338139944127
0.338098952165
0.338016976319
0.337935010413
0.337914520334
0.33787354204
0.337812079259
0.337730139445
0.337648207707
0.337607245566
0.337545807013
0.337443422472
0.337361525524
0.337320580778
0.337238699361
0.337177294356
0.337095429714
0.33705450112
0.33691127993
0.336890820913
0.336829447592
0.336788535151
0.336727171769
0.336706718344
0.336624911478
0.33654311393
0.336502218884
0.336440880974
0.336338665413
0.336277342413
0.336256902655
0.33619558711
0.336175149838
0.336011679614
0.335950386434
0.335889098845
0.335889093254
0.335746113109
0.335725689504
0.335664422416
0.33560316092
0.335541905636
0.335378586376
0.335378582649
0.335358170226
0.335276526749
0.335194893832
0.335133675202
0.335072462785
0.335031657199
0.334990854097
0.334909255971
0.334868460325
0.334807272136
0.334766482702
0.334725695754
0.334705303211
0.334603350439
0.334521798906
0.334379113855
0.334297589658
0.33419569901
0.334154946852
0.334032705907
0.333971593511
0.333930855019
0.33376792839
0.333706840222
0.333605039656
0.33356432353
0.333320084549
0.333279385818
0.333259037384
0.333096276007
0.333035249964
0.332994568628
0.332933551283
0.332913213411
0.33287253953
0.332852203521
0.332791199222
0.332730200515
0.332608220495
0.332547238562
0.332506587046
0.332465938014
0.33236432693
0.332303367361
0.33218146624
0.332161151354
0.332120523445
0.332059586242
0.332039275083
0.33193772923
0.331815894582
0.331653491667
0.331572301081
0.331470827292
0.331409949729
0.331349078378
0.331308500169
0.331267924445
0.331227351207
0.331186780453
0.331125928982
0.331065083102
0.331004243435
0.330943408738
0.330862305127
0.330781211456
0.330740668037
0.33072039726
0.330659588655
0.330598786263
0.330537988841
0.330517724276
0.330497460332
0.330355633849
0.330294859413
0.330213834701
0.329910091119
0.329869601128
0.329727909457
0.329687430648
0.329606480486
0.329566009132
0.329485074501
0.329444610603
0.329363690261
0.329181658319
0.329161435378
0.328999675456
0.328939025271
0.328858167053
0.328817741672
0.328696481682
0.328413645038
0.328353048901
0.328312654583
0.328231873401
0.327989603162
0.327888678559
0.327626354981
0.32752548629
0.327444803887
0.327283471386
0.327263306842
0.327162493443
0.327122172432
0.327061695575
0.326839998662
0.326819847786
0.326779547898
0.32669895744
0.326477385399
0.326396830352
0.32633642059
0.326276016419
0.326235750078
0.326195486222
0.326094839318
0.326034457512
0.325933835458
0.325813107879
0.325732634837
0.3256722872
0.325571722922
0.325511389574
0.325350532329
0.325270116442
0.32520981105
0.325129412558
0.325049024628
0.325008834079
0.324948552916
0.32490836858
0.324868186729
0.324848096736
0.324787830483
0.324767742974
0.324667315371
0.324566904542
0.324506664381
0.324446429812
0.32432597931
0.324245690159
0.324185479818
0.324105208683
0.324045011388
0.323844395364
0.323804279365
0.323724055445
0.323683946902
0.323603737891
0.323483444566
0.323423305048
0.323303043407
0.32322288099
0.323082624406
0.322962429239
0.322862280577
0.322762149311
0.322682054611
0.322441830771
0.322381788168
0.322281731451
0.322181689024
0.322081662127
0.321981650762
0.321921651025
0.32172170533
0.321641739229
0.321561783688
0.321521809335
0.321461852464
0.321381918668
0.321341955497
0.321202105832
0.321162153844
0.321042316517
0.320862598733
0.320782739486
0.320782723334
0.320742797438
0.320682913254
0.320623034661
0.320563161659
0.320463387612
0.320423481596
0.320383578065
0.320303778459
0.320263882383
0.320184098308
0.320124266308
0.320124255126
0.320064428718
0.319884985526
0.319825181484
0.319745452078
0.319745422258
0.319566067906
0.319506294304
0.319426604659
0.319366843482
0.319227423102
0.319167681184
0.319107944236
0.31906812271
0.318928770667
0.318849153087
0.31882925009
0.318769544825
0.318689946504
0.318471106101
0.318411434384
0.318371656346
0.318292107725
0.318212570907
0.318013774525
0.317954145675
0.317894522416
0.317834904748
0.317775292671
0.317616356332
0.317497180015
0.317318458717
0.317258895098
0.317080247107
0.317020706474
0.316981015411
0.316921483476
0.31690164074
0.316842116259
0.316742923081
0.316584245804
0.316366139097
0.316267019226
0.316207554386
0.31612827663
0.316029194034
0.31596975218
0.315910315296
0.315771650977
0.315692428512
0.31563301772
0.31557361252
0.315553812029
0.31539543668
0.315316260808
0.3152766766
0.315177727573
0.315078794078
0.31492053428
0.31484141867
0.314762312379
0.314643673444
0.314584361431
0.31452505501
0.314426225263
0.314366934373
0.314307648452
0.314228609256
0.314050810515
0.314011305827
0.313833571695
0.313734850667
0.313675624387
0.313576926966
0.313517715596
0.313458510438
0.313359847186
0.31335984408
0.31332038288
0.313261195738
0.31322174075
0.313202014188
0.313162562928
0.313063947512
0.313004784599
0.312965345764
0.31290619217
0.312807615893
0.312728765557
0.312669634328
0.312610508691
0.312590801387
0.31207873952
0.312019669795
0.312019666068
0.311842492925
0.311803127397
0.311783445565
0.311566996354
0.311389956159
0.311350619209
0.3111932975
0.311134311643
0.311036014308
0.310937734368
0.310839469958
0.310800167798
0.310721570932
0.310662629806
0.310662629185
0.310544764327
0.310485839975
0.310485836247
0.310466196039
0.310368004316
0.310309096737
0.31030909301
0.31021092738
0.310132405064
0.31007351985
0.309818422656
0.309759567262
0.309681102101
0.309622259754
0.309563422998
0.309504591833
0.309426159598
0.309288926019
0.309249722016
0.309190921292
0.309092932097
0.309034145662
0.308994957812
0.308975364819
0.308779486449
0.308720729834
0.308622814568
0.308544493537
0.308270456905
0.308231317512
0.308172613082
0.307996535825
0.307918294315
0.30768364309
0.307175524299
0.307058324179
0.306941150774
0.306902095871
0.306843518176
0.306843497675
0.306804448984
0.30664828218
0.306472644768
0.306394597087
0.306355576975
0.306316559347
0.306258037565
0.306063015278
0.306004517725
0.305965522462
0.305907034227
0.305829058612
0.305692627067
0.305614678786
0.305536740446
0.305400372268
0.305283511351
0.305166671557
0.305088790371
0.30487469073
0.30479684744
0.304757929213
0.304660646379
0.304582829804
0.304543925244
0.304505023168
0.304407779474
0.304329995203
0.304213338056
0.304174457104
0.304116140334
0.304057829156
0.303999523569
0.303941223573
0.303921791483
0.303902360015
0.303863498942
0.303844069338
0.303708080744
0.303630385934
0.303572121349
0.303475026754
0.303436193017
0.303280885401
0.303145023543
0.303067401419
0.303009190883
0.302931585532
0.302679443626
0.302621270365
0.302524327977
0.302369252709
0.302291729985
0.302233593999
0.30215608867
0.302117339422
0.30207859266
0.302039848382
0.301962367282
0.301962361691
0.301884891152
0.301807429932
0.301710619248
0.301691258603
0.301652539175
0.301594464693
0.301555751478
0.301400923468
0.301342873214
0.301284828552
0.301207444367
0.301149412751
0.301130070122
0.301072045961
0.30091734655
0.30078201586
0.300782006541
0.300724015928
0.300646703808
0.300608051476
0.300608047748
0.300588722514
0.30051142841
0.300453463889
0.300414823982
0.300376186559
0.300298919169
0.300202350152
0.300144415451
0.300086486342
0.300028562824
0.299951340785
0.299951335194
0.299854821468
0.29985481277
0.299796911617
0.299758313955
0.29966183067
0.299603948155
0.299565362917
0.29950748972
0.299256783523
0.299237501776
0.299179660263
0.299102546943
0.299083270166
0.299044718476
0.298986895601
0.298871267245
0.298794193685
0.298755660632
0.298640078248
0.298601555136
0.298543775127
0.298447488157
0.29840897747
0.298370469267
0.298351216098
0.298293460317
0.29825495957
0.298177966151
0.298043252363
0.297985526403
0.297947045535
0.297889328893
0.297831617843
0.297735447047
0.297696982332
0.297543150807
0.297427803256
0.297370136936
0.297274040069
0.297235605174
0.297197172764
0.297139528809
0.297005048611
0.296947423293
0.296928216096
0.296851394142
0.296812986583
0.296755379902
0.296697778813
0.296659381193
0.296659379329
0.296620984194
0.296563396151
0.296525007229
0.296486620791
0.296448236839
0.296429045795
0.296275541669
0.296237171384
0.296217987173
0.29616043889
0.296102895577
0.296083715716
0.296045357856
0.295853618878
0.295796105385
0.295757766162
0.295719429425
0.295719418242
0.295661917796
0.295527778043
0.295374509992
0.295317043093
0.295259581785
0.295144677807
0.295144661654
0.295144652957
0.295068061487
0.295010624408
0.294934050333
0.2948766263
0.294838346718
0.294780932004
0.294723522881
0.294551330302
0.294513071842
0.294436562378
0.294360062853
0.294245333446
0.294168859393
0.29411150991
0.29403505263
0.293824849471
0.293710223812
0.293633818718
0.293557424184
0.293519230335
0.293500134342
0.293404664317
0.293385572051
0.293347389384
0.293271031504
0.293080183399
0.29298478109
0.292946624515
0.292889394313
0.292813096073
0.292584265964
0.292527071794
0.292488945039
0.29245082077
0.292393639024
0.292279294171
0.292184022946
0.292164970441
0.292069718474
0.29203162154
0.29199352709
0.291898302459
0.291803093359
0.291707899169
0.291631754999
0.29161272051
0.291536588766
0.291517557383
0.291460466961
0.291403382131
0.291346302892
0.291251183873
0.291232161809
0.291194119544
0.291099026618
0.291041977199
0.291022961969
0.290965920005
0.290946907259
0.290813837921
0.290775822991
0.290775814294
0.290737801849
0.290680787841
0.290642781609
0.290604777862
0.290528777823
0.290471784316
0.290414796401
0.290338821833
0.290281846964
0.290186901895
0.290110956526
0.290035021718
0.289997057731
0.289940116409
0.289826253025
0.289788302706
0.289769328478
0.2896934384
0.289598590867
0.289541688685
0.289484792094
0.289314138973
0.289295180277
0.289276222201
0.289219351702
0.289162486795
0.289143533068
0.289086675615
0.288972981211
0.288878250474
0.288783534647
0.288764593345
0.288518417305
0.288480552718
0.288423760497
0.288366973867
0.288348046233
0.288272341908
0.288234493474
0.288234489746
0.288177721754
0.288120959353
0.287969625875
0.287912884597
0.287875059769
0.287780510437
0.287704880663
0.287629260829
0.287496953765
0.287459156273
0.287364675278
0.287326886484
0.287270208572
0.28723242599
0.287137982271
0.287119095018
0.287081322376
0.286911380587
0.286873621613
0.286854743057
0.286760361463
0.286496175376
0.286364127994
0.286269825298
0.286250966623
0.286137828238
0.286100120206
0.286005861619
0.285855081676
0.285779705372
0.285666663281
0.285610148759
0.28549713773
0.285497130275
0.285384144097
0.28538413602
0.285346477688
0.28528999485
0.285233517602
0.285101760966
0.285045302977
0.284988849959
0.284951217719
0.284894774019
0.284857147992
0.28481952445
0.284763093797
0.284725476467
0.284575038212
0.284443434403
0.284387041025
0.284236695335
0.284199112796
0.284142743646
0.284030023363
0.283973670987
0.283917324202
0.283879762785
0.283823425319
0.283710769024
0.283635676632
0.283504291503
0.283447991312
0.283110356661
0.283110352933
0.283054091881
0.282866602255
0.282810366053
0.282754134821
0.28269790918
0.282529268289
0.28241686795
0.282360675856
0.282323217567
0.282267034792
0.282173409881
0.282098521258
0.282061080364
0.282004923682
0.281948772591
0.281892627091
0.281892623363
0.281817771395
0.281742929366
0.281705512079
0.281518465405
0.281481063028
0.281406267593
0.281350176142
0.281275396238
0.281238010014
0.281219317834
0.281125866872
0.281069803377
0.281013745474
0.280957693162
0.280845607796
0.280770895609
0.280584166394
0.280546826142
0.280490820423
0.280472153093
0.280397490606
0.280285516444
0.280210878185
0.280042982795
0.279987027398
0.279949726906
0.2799124289
0.279837842205
0.279632779892
0.279595503007
0.279576865497
0.279520956694
0.27937189575
0.279334636261
0.279222873324
0.279185623775
0.279148376711
0.278962183635
0.278887722432
0.278850495248
0.278776050198
0.278720221536
0.278664398465
0.278608581607
0.278496965286
0.278478364429
0.27844116458
0.278366772958
0.278329580563
0.278273797253
0.278218018912
0.278180836458
0.278069307732
0.278013550514
0.277920633828
0.277827732673
0.277753424298
0.277679124621
0.277623406542
0.277604834884
0.277549123638
0.277493417984
0.277474850675
0.277437717921
0.277419152475
0.277400587651
0.277344897528
0.277307773471
0.2772706519
0.277270637611
0.277214959913
0.277140732301
0.277103621911
0.277103609486
0.277029396784
0.276973743315
0.276936644108
0.276880999957
0.276880998094
0.276714108508
0.276602870528
0.276602855618
0.276473112454
0.276306345876
0.276232239407
0.276213714343
0.276158142879
0.2761396203
0.276084056291
0.276028498494
0.275972945667
0.275750818228
0.275621275107
0.275584266603
0.275473256622
0.275251303754
0.27510339026
0.274955519632
0.274900074903
0.274844635765
0.274789202218
0.274715300141
0.274622936368
0.274530587504
0.274419790612
0.274327476539
0.27429055501
0.274235177375
0.274198262059
0.274142893743
0.274050626264
0.274050620672
0.273995267267
0.273939919453
0.27388457723
0.273737027788
0.273663267356
0.27360795309
0.273607947498
0.27349733636
0.273442038867
0.273386746965
0.273349888804
0.273313033127
0.273202482871
0.27309195498
0.272963033731
0.272834144786
0.272760506119
0.272760493073
0.272742084804
0.272686863725
0.272521238383
0.272429244254
0.272410847167
0.272337265034
0.272282084958
0.272226910472
0.272190130588
0.272153353189
0.27209819175
0.272024651862
0.272006268443
0.271969503469
0.27193274098
0.271914360668
0.271859223457
0.271822468423
0.271767340531
0.271510185135
0.271418363092
0.271381637878
0.271326554716
0.271253121062
0.271198051568
0.271069578239
0.270977830746
0.270886097542
0.270831064702
0.2707576969
0.270702677106
0.270684338417
0.270610990495
0.270555986233
0.270372690047
0.270226089876
0.270189445424
0.270152803458
0.270097845168
0.27007952698
0.269987947224
0.269951318926
0.269896381137
0.269804831201
0.269713296797
0.269530275825
0.269511976896
0.269457083837
0.269402196369
0.269329022398
0.269274147976
0.269219279146
0.269182703032
0.26909127424
0.269036424048
0.268999860359
0.268926740436
0.268871907017
0.268817079189
0.268798804489
0.268743984116
0.268707440307
0.268670898984
0.268634360145
0.268543025783
0.268524760402
0.268488231503
0.268415183024
0.268342143242
0.268305626769
0.268305623041
0.26825085299
0.268159583859
0.268086578868
0.268031831181
0.267904112672
0.267867626018
0.267794660166
0.267776420256
0.267758180967
0.267666993842
0.26764875828
0.267484676125
0.267411762457
0.267302412457
0.267302409351
0.267247742427
0.26724772938
0.267174848639
0.267065547096
0.26701090378
0.266974478009
0.266956266055
0.266865217468
0.266828801637
0.266755977429
0.266701365797
0.266628558984
0.266573960398
0.266555762112
0.266464781241
0.266355625071
0.266282866095
0.266246490024
0.266210116437
0.266101012452
0.266064648806
0.265973751183
0.265973747456
0.265828346298
0.265810173483
0.265755658766
0.265682981173
0.265628479502
0.26559214816
0.265537655808
0.265501330679
0.26541052935
0.265337898973
0.265228972665
0.265174517588
0.265120068101
0.265065624206
0.265011185903
0.265011182175
0.264956749463
0.264902322341
0.264811623519
0.26477534809
0.264702805309
0.26464840428
0.264575878273
0.26452149029
0.264485234742
0.264394607363
0.264340238018
0.264285874264
0.264231516102
0.264213397957
0.264068479511
0.264014143713
0.263959813507
0.263905488892
0.26383306477
0.263796856436
0.263670151186
0.263633954035
0.263597759369
0.263543472029
0.263453007418
0.263416825176
0.263344468149
0.263290206902
0.26329020131
0.263254030252
0.263199778323
0.263163613477
0.26309129124
0.263037056085
0.262982826521
0.262910529134
0.262802102933
0.262657572147
0.262639508051
0.262585319489
0.262549196888
0.262495017646
0.262422787354
0.262386675935
0.262314461174
0.262314457446
0.262242252625
0.262152011664
0.262061785613
0.262061749581
0.26200762066
0.26195349733
0.261863306069
0.261701004417
0.261610856022
0.261592827959
0.261520721916
0.261448625814
0.261376540273
0.26134050092
0.261196372083
0.261160345154
0.261106309421
0.261016262911
0.260980248407
0.260926231311
0.260836217107
0.260836213379
0.260764213571
0.260728216462
0.260674225459
0.260638234563
0.260584252878
0.260512285996
0.260314441369
0.260278475323
0.260044790764
0.259990870583
0.259918986327
0.259865079193
0.259793211711
0.259757281697
0.259703391336
0.259577671389
0.259487892017
0.25941607672
0.259344271363
0.259290423868
0.259254528645
0.259164802079
0.259110973222
0.259039210731
0.258985395542
0.258931585322
0.258913649824
0.258913646097
0.258823977929
0.258734325913
0.25866261685
0.258626765114
0.258572992169
0.258519224816
0.258429625606
0.258393790023
0.258196747431
0.258160928
0.258160909362
0.258125092416
0.258071371657
0.257999753296
0.257981850103
0.257946045582
0.257856545152
0.257802852349
0.257713380495
0.257641811835
0.25764180438
0.257588133941
0.2574986975
0.257427158038
0.25733774831
0.257266231834
0.257123233673
0.257069617283
0.25696240252
0.256855209501
0.256801621068
0.256748038226
0.256712319437
0.256623035202
0.256533765255
0.25644451084
0.256337429025
0.256266051088
0.256230365847
0.256087653461
0.256016310314
0.25592714598
0.255909314852
0.255855825198
0.255820168534
0.255748864526
0.255659747407
0.255606283845
0.255570644577
0.255535007794
0.255481557278
0.255339051147
0.255339044934
0.255303424303
0.255267806158
0.255214383598
0.254982971573
0.254965173372
0.254929578834
0.254858397833
0.254787226151
0.25471606441
0.254662700248
0.254555988698
0.25455597503
0.254555971303
0.254484841866
0.25446706106
0.254360392997
0.254307065489
0.254235970843
0.254182656381
0.25412934751
0.254093811369
0.254040511817
0.25404050809
0.253969451339
0.253916164834
0.253809612324
0.253774098548
0.253667578343
0.253578824655
0.253525579152
0.253490085256
0.253419105541
0.253365876812
0.253330394098
0.25329491387
0.253241698187
0.253206224171
0.253206220444
0.253117546897
0.253082081579
0.253011158397
0.252993429155
0.252975700534
0.252940245156
0.252833895795
0.252798450357
0.252745286858
0.252692128952
0.252638976636
0.252550405596
0.252532692506
0.252444136997
0.252391010774
0.252320184508
0.252267071331
0.252231665653
0.252160861751
0.252107765348
0.25209006779
0.252036978842
0.251983895485
0.251860057927
0.251860054821
0.25182467772
0.251771616728
0.251683196031
0.251630149949
0.251506398123
0.251471045872
0.251365004651
0.251329662341
0.251294322515
0.251205984444
0.251117663146
0.251082338231
0.251064676705
0.250888109281
0.250799842032
0.250746889138
0.250676294598
0.250658647361
0.250641000745
0.250605709377
0.250570420493
0.250517491828
0.250446928972
0.250358740001
0.250323468512
0.250270565939
0.250235300664
0.250217668958
0.250147148346
0.250094264411
0.250076637675
0.250006137565
0.24991802625
0.249865166544
0.249812312428
0.249741848972
0.249653784251
0.249565735061
0.249512913251
0.24946009641
0.24942488829
0.249301680058
0.249284081278
0.249248885583
0.249213692372
0.249143313406
0.249090535704
0.249002589021
0.248897070892
0.248861902532
0.248791573266
0.248721254561
0.248633371245
0.248580647592
0.248527930151
0.248492787883
0.248422510802
0.248387375989
0.248317113818
0.248229300703
0.248194179558
0.248123944721
0.248088831031
0.248071275117
0.248036165154
0.248001057676
0.247930850175
0.247895750152
0.247843104777
0.247825557561
0.24777291964
0.247720287311
0.247702744444
0.24765011957
0.247632579188
0.247597500287
0.247562423872
0.247509813908
0.247457209535
0.247404610754
0.247369548006
0.247246851684
0.247229325591
0.247194275268
0.247124182698
0.24708913983
0.247054099447
0.247019061549
0.246966509361
0.246861425487
0.246773870191
0.246721344096
0.246598806814
0.246493801218
0.24645880308
0.246406310532
0.246266362089
0.246266356497
0.246231374512
0.246196395011
0.246108957753
0.246108928554
0.246108917372
0.246038978251
0.246004012418
0.24596904907
0.245916608707
0.245829224255
0.245794273332
0.245776798803
0.245689435473
0.24565449449
0.245567154768
0.245514757893
0.245409982159
0.245375061056
0.245287771034
0.245217948708
0.245165589108
0.245113234478
0.245060885439
0.244991095418
0.244938759426
0.24490387187
0.2448689868
0.244816663853
0.244799224114
0.244746909244
0.244694599344
0.244659729183
0.24452028271
0.244433143031
0.244415716959
0.24436344247
0.244346018883
0.244328595917
0.24424149227
0.24418923704
0.24413698678
0.244015094978
0.243997683816
0.243980273275
0.243945454057
0.24389322989
0.243823606985
0.243632215907
0.243249720769
0.243197571151
0.243093292417
0.243041159574
0.242989032321
0.24298902673
0.242936905069
0.242815309603
0.242780573633
0.242763206579
0.242711109147
0.242676380631
0.242624292518
0.242572209995
0.242520133064
0.242468061724
0.242433350604
0.242415995975
0.242363935818
0.242346583675
0.242242485725
0.242051703472
0.241999682453
0.241947667026
0.241912993181
0.24187832182
0.241739663714
0.241687676864
0.241601045367
0.24151442816
0.241462464917
0.241410507266
0.241393189292
0.241220045579
0.24116811402
0.241116188053
0.241098880639
0.241064267677
0.240960445562
0.240891242001
0.240856643948
0.24080475215
0.240683694066
0.240666402183
0.240562667665
0.240562662074
0.240510801338
0.240407097882
0.24038981594
0.240320694384
0.240286137334
0.240251582769
0.240182481714
0.240165207849
0.240147934604
0.240061579564
0.240044310047
0.239992505223
0.239992494041
0.239957960598
0.23992342964
0.239785333144
0.239630028635
0.239578269163
0.23952651466
0.239457517976
0.23940577652
0.239371285322
0.239302312245
0.239285070063
0.239233347245
0.239078222277
0.239060988171
0.239009289581
0.239009285854
0.238888681904
0.238837002573
0.238785328212
0.238733659442
0.238647557251
0.238613120723
0.238561470591
0.238527040276
0.238492612445
0.238440975359
0.238406553742
0.238354925974
0.238303303799
0.23818287442
0.238131270881
0.238010886854
0.237907723264
0.237649959042
0.23759841328
0.237495340393
0.237375117269
0.237323601327
0.237254923966
0.237254920238
0.237203417342
0.237151920038
0.236500518552
0.236449097662
0.236414820174
0.236363408602
0.236329137327
0.236260602853
0.23626059664
0.236243464419
0.236192071485
0.236072178866
0.236020805191
0.235969436485
0.23591807337
0.2358838344
0.235849597915
0.235815363915
0.235746905233
0.235712678688
0.235678454628
0.23566134353
0.235610013963
0.23559290535
0.235558689987
0.235456060052
0.235421854629
0.235370551155
0.235319253271
0.235285057789
0.2352166749
0.23516539379
0.235097028296
0.234892002637
0.234823676282
0.234772438039
0.23466998019
0.234567542842
0.234482196091
0.234448061491
