44
754
3154
753
40
6589
8440
159
36
2349
3245
10348
3
760
2915
652
2839
2847
10512
7
654
658
1901
102
405
634
2809
2934
176
554
1877
2868
6991
210
11630
17285
212
1076
2103
2261
6620
9952
9970
116
629
948
1791
108
168
650
1891
2836
5310
833
927
5215
6595
9405
11277
15606
42
229
638
646
651
1158
1430
1505
4902
8379
10963
49
324
773
1168
2168
2180
2966
2971
3618
6640
8385
9530
21854
217
264
568
853
1082
2344
2625
2903
3158
3596
4532
6050
6191
8479
10542
20349
21591
80
149
226
317
349
553
620
730
747
970
1866
1898
1910
2157
2176
2876
3063
6121
6677
7648
8474
8483
11208
238
385
413
639
782
1854
1895
1956
2874
2920
3124
3256
3384
5699
6615
7155
7227
7307
7358
7642
7778
8240
8500
8933
9663
9949
11140
11799
13142
16494
29
30
237
719
740
1307
1449
1542
1786
1874
2283
2840
3427
3458
4545
4841
6203
7441
7844
11583
11948
13213
14283
14657
17695
20032
42848
17
45
123
157
180
220
446
636
680
703
759
1100
1109
1302
1452
1863
1864
1936
2007
2009
2030
2130
2201
2842
3350
3362
3739
4249
4786
4871
4999
5642
5656
5670
6365
7008
7084
7162
7183
7406
7524
7528
8056
8308
9520
10509
11378
11558
13097
15159
16265
20050
20139
28481
36027
50183
11
12
26
144
191
303
493
641
655
746
878
1143
1559
1771
1843
1875
1883
1998
2044
2175
2386
2821
3056
3160
3372
4548
4618
4659
4840
5432
5591
5668
5714
5901
6223
6316
6318
6785
6948
7112
7179
7318
7411
7572
8031
8191
8427
8428
8493
8503
8897
8947
9577
9954
10532
10554
10685
10969
11527
11739
13403
13429
13835
16500
18980
19451
20323
27245
28859
31533
37365
42852
35
37
75
83
95
109
150
156
171
207
208
214
236
255
307
433
436
661
721
738
1074
1083
1093
1314
1451
1622
1756
1872
1911
1931
1933
1955
1974
2031
2207
2218
2232
2813
2843
2885
2895
2910
2986
2987
3173
3182
3218
3415
3638
3710
3885
4090
5210
5270
5430
5684
5785
5791
6652
6664
6787
6908
6977
7111
7437
7537
7546
7583
7911
7981
8013
8214
8217
9416
9421
9740
9982
10374
10620
11050
11204
11787
11931
12583
13170
13438
13717
13826
14275
15088
15271
15714
15726
16266
17050
17607
20148
20930
22500
22950
24211
24722
25062
27058
28816
29479
29603
29976
33747
37699
37901
42102
6
9
13
21
47
145
160
162
173
223
262
297
298
301
336
351
387
678
697
755
756
1051
1077
1080
1318
1353
1431
1447
1718
1770
1777
1867
1914
1915
1949
1967
2001
2034
2077
2276
2278
2339
2354
2356
2360
2410
2517
2810
2812
2825
2871
2873
2879
2901
2917
2938
2962
3064
3128
3131
3186
3212
3341
3348
3426
3523
3645
3788
4023
4181
4283
4383
4622
4630
4960
5003
5090
5221
5318
5400
5437
5575
5655
5887
5902
6101
6115
6208
6256
6382
6612
6711
6782
6884
7114
7153
7206
7256
7260
7347
7362
7375
7521
7523
7527
7549
7560
7603
7729
7987
8231
8243
8262
8478
8496
8715
8735
8757
8799
8820
8902
8906
8917
8941
8946
9009
9111
9242
9552
9580
9587
9595
9605
9911
10333
10346
10494
10551
10877
10902
10991
11017
11177
11431
11490
11530
11533
11593
11612
11618
11692
11730
11764
12038
12230
12553
12620
13099
13105
13228
13356
13589
13599
13816
14207
14237
15543
15895
15946
15964
16722
16751
17058
17143
17830
18020
18243
18590
18647
19109
20386
20790
21358
21776
22495
22575
24814
25106
27710
28131
28350
28956
29477
30598
31830
32032
38517
39048
40988
55294
10
76
112
125
147
152
182
195
248
250
267
269
280
293
320
417
467
474
621
627
653
666
673
736
745
835
876
886
887
901
959
967
993
1092
1126
1139
1142
1159
1160
1165
1192
1240
1315
1386
1428
1521
1528
1530
1531
1570
1578
1603
1699
1721
1798
1876
1878
1886
1932
1970
1971
1978
1984
2003
2036
2045
2068
2073
2134
2138
2141
2177
2182
2189
2194
2241
2262
2318
2379
2392
2400
2778
2853
2929
3122
3324
3376
3378
3422
3439
3998
4101
4334
4423
4613
4617
4647
4730
4985
5146
5154
5206
5378
5404
5422
5598
5605
5622
5632
5647
5690
5708
5724
5819
5841
6109
6174
6205
6217
6533
6587
6621
6648
6864
6872
6886
6898
6933
6957
7000
7122
7125
7148
7240
7282
7302
7379
7438
7473
7575
7607
7670
7882
8041
8052
8082
8255
8377
8446
8465
8537
8696
8781
8844
8900
8913
8934
9017
9018
9041
9154
9315
9449
9566
9567
9619
9749
9923
10414
10458
10535
10630
10650
10852
11003
11051
11183
11217
11260
11261
11265
11343
11507
11511
11559
11577
11584
11856
11946
12053
12089
12094
12468
12519
12631
12636
12833
13108
13110
13158
13264
13285
13442
13537
13848
14151
14294
14547
14549
14826
15034
15048
15128
15251
16202
16240
16317
16454
16809
17225
17379
17558
17578
18417
18475
18529
18649
18949
19222
20165
20191
20324
20367
20527
20932
21408
21418
21446
21619
21963
22257
22362
22505
22948
24036
24289
24356
24580
24822
25400
25859
26250
26371
26489
28639
29515
30268
30377
31763
32151
32200
32209
32245
32699
32939
33070
34145
34646
35212
35375
39556
41309
42236
44901
44981
51628
55578
4
14
23
31
58
66
79
167
170
174
211
219
227
240
277
279
295
299
370
449
552
564
572
577
623
626
630
676
677
686
691
716
818
824
888
908
922
926
969
977
1067
1081
1094
1138
1146
1149
1155
1170
1362
1393
1418
1465
1503
1507
1513
1525
1553
1659
1701
1711
1720
1780
1847
1860
1880
1961
1987
2008
2016
2022
2024
2101
2102
2137
2146
2181
2198
2209
2215
2217
2222
2246
2257
2279
2334
2337
2352
2385
2403
2428
2493
2507
2536
2542
2573
2751
2806
2807
2837
2841
2849
2850
2865
2888
2896
2932
2944
2946
2974
2976
2980
2990
3006
3007
3025
3045
3048
3070
3085
3089
3146
3147
3175
3180
3183
3189
3228
3259
3333
3394
3443
3545
3637
3661
3662
3668
3725
3761
3763
3767
3778
3801
3861
3869
3898
3924
4016
4034
4041
4087
4093
4535
4543
4570
4655
4831
4862
4889
4964
5095
5155
5211
5213
5308
5408
5414
5442
5466
5472
5589
5592
5596
5619
5629
5639
5665
5680
5691
5715
5718
5754
5770
5823
6064
6117
6145
6168
6193
6195
6213
6277
6280
6306
6340
6381
6629
6683
6687
6738
6826
6847
6852
6880
6905
6918
6984
7170
7237
7271
7272
7280
7337
7385
7392
7448
7467
7613
7614
7632
7650
7669
7685
7686
7692
7755
7758
7797
7824
7870
7872
7873
7937
7941
8004
8111
8163
8165
8222
8283
8419
8425
8459
8467
8470
8472
8473
8521
8611
8688
8767
8821
8889
8894
8920
8944
8962
8985
9002
9109
9124
9134
9167
9189
9355
9402
9562
9571
9582
9629
9659
9725
9729
9785
10066
10086
10208
10483
10488
10564
10687
10809
10895
11139
11358
11436
11531
11568
11670
11674
11699
11720
11723
11731
11765
11774
11875
11951
11968
11996
12001
12037
12043
12087
12120
12138
12287
12328
12357
12367
12437
12659
12769
12774
12777
12819
12875
12882
12902
13039
13096
13199
13202
13265
13340
13379
13399
13400
13415
13503
13539
13560
13596
13821
13849
13909
14012
14039
14077
14200
14230
14238
14265
14316
14329
14409
14468
14654
14912
14942
14951
15200
15220
15309
15348
15358
15409
15503
15585
15591
15630
15635
15731
15947
15979
16205
16343
16430
16505
16565
16724
17096
17209
17248
17314
17315
17595
17706
17718
17943
18128
18308
18587
18736
19036
19125
19137
19553
20044
20357
20525
20572
21023
21596
21606
21607
21698
21728
22372
22414
22425
22595
23236
23320
23322
23637
23842
23929
24168
24338
24438
24603
25026
25042
25153
25457
25567
25839
27139
27312
27337
27586
27709
27797
28006
28563
28815
28836
28846
29056
29183
30342
30372
31155
31434
32107
32144
32219
32349
32383
32926
33321
34477
34622
34894
35343
36237
36940
36979
37773
37834
37976
37983
41323
41588
42466
43573
44885
45168
46825
49598
55274
2
5
16
18
19
27
38
51
53
61
62
88
127
134
140
154
161
183
188
199
200
209
213
218
225
241
263
268
281
344
362
378
386
419
431
484
490
503
511
567
570
582
589
628
644
647
648
656
657
663
679
689
731
762
765
802
854
928
973
1005
1069
1087
1097
1110
1151
1239
1268
1305
1309
1329
1380
1413
1448
1519
1523
1533
1543
1550
1554
1557
1562
1568
1586
1590
1658
1662
1693
1695
1776
1782
1785
1805
1814
1815
1865
1909
1913
1917
1950
1957
1964
1973
1995
1999
2038
2051
2065
2072
2085
2093
2105
2160
2161
2164
2186
2221
2235
2253
2255
2256
2264
2272
2295
2303
2340
2358
2366
2389
2394
2397
2398
2427
2432
2441
2449
2472
2477
2524
2707
2717
2722
2774
2805
2870
2872
2880
2884
2911
2933
2968
2970
2978
2989
2992
2999
3018
3024
3037
3055
3061
3062
3084
3093
3103
3109
3142
3204
3210
3215
3216
3219
3221
3231
3233
3241
3302
3307
3314
3317
3338
3344
3351
3379
3381
3395
3401
3421
3445
3490
3672
3682
3698
3703
3743
3835
3846
3891
3923
4018
4037
4533
4537
4542
4582
4628
4629
4663
4690
4704
4736
4767
4771
4772
4787
4819
4825
4846
4852
4915
4961
4988
5012
5021
5041
5152
5208
5274
5285
5315
5364
5375
5396
5415
5428
5444
5493
5518
5548
5595
5620
5623
5625
5636
5637
5646
5661
5663
5694
5695
5728
5734
5746
5761
5815
5913
5981
6000
6074
6106
6110
6186
6188
6196
6215
6222
6225
6230
6240
6247
6261
6263
6265
6279
6291
6335
6347
6351
6363
6503
6580
6604
6650
6694
6727
6792
6795
6865
6896
6901
6904
6906
6915
6923
6935
6960
6983
7033
7034
7082
7098
7116
7126
7187
7210
7224
7230
7250
7274
7296
7322
7331
7384
7419
7428
7435
7457
7479
7483
7485
7515
7518
7542
7545
7551
7636
7647
7671
7677
7683
7699
7735
7746
7789
7846
7865
7900
7928
8017
8032
8039
8054
8066
8075
8092
8117
8164
8216
8227
8256
8274
8289
8306
8311
8329
8408
8454
8458
8466
8482
8495
8506
8509
8517
8541
8544
8548
8565
8578
8583
8617
8622
8629
8686
8706
8709
8755
8819
8908
8923
8937
8942
8951
8979
9026
9030
9042
9059
9108
9112
9116
9128
9129
9135
9208
9221
9235
9240
9243
9290
9334
9379
9463
9481
9488
9543
9578
9721
9752
9847
9864
9918
9972
9975
10024
10103
10129
10138
10163
10196
10205
10238
10271
10281
10334
10337
10339
10355
10363
10366
10378
10380
10548
10552
10586
10622
10649
10681
10698
10745
10842
10872
10912
10950
11035
11122
11211
11230
11268
11300
11334
11373
11374
11462
11556
11641
11732
11755
11824
11847
11864
11906
11920
11939
11941
11955
11987
11989
12019
12172
12218
12351
12386
12414
12452
12490
12525
12548
12577
12632
12663
12808
12838
12856
12959
12999
13178
13232
13263
13301
13345
13401
13436
13453
13474
13478
13546
13554
13576
13647
13783
13831
13897
13907
13908
13918
14054
14062
14068
14094
14120
14160
14164
14186
14418
14458
14484
14557
14575
14768
14787
14812
14814
14824
14855
15114
15321
15333
15387
15388
15421
15570
15668
15685
15832
15904
16095
16137
16140
16183
16231
16345
16375
16498
16559
16588
16645
16696
16719
16728
16730
16777
16849
16920
17107
17214
17309
17366
17497
17628
17642
17672
17753
17793
17991
18007
18036
18140
18194
18263
18316
18322
18333
18340
18348
18492
18588
18597
18646
18670
18676
18715
18774
18811
18844
18880
18927
18974
19045
19082
19113
19122
19271
19366
19369
19400
19566
19628
19700
19851
19865
19902
20029
20036
20038
20058
20147
20189
20395
20423
20644
20697
20900
20977
21075
21422
21471
21575
21597
22044
22071
22165
22291
22490
22558
22635
22658
22702
22741
23049
23163
23237
23311
23379
23391
23656
23796
23904
24006
24032
24084
24091
24314
24391
24450
24466
24599
24613
24765
24824
24843
24997
25010
25219
25295
25361
25447
25585
25591
25670
25689
25862
26114
26138
26358
26557
26634
26713
26718
27140
27407
27555
27592
27689
27979
27980
27994
28042
28335
28433
28485
28574
28611
28623
29130
29192
29193
29585
29627
29685
29729
29749
29774
30207
30244
30518
30616
30951
30978
31009
31020
31051
31258
31421
31436
31568
31658
31921
32119
32149
32258
32275
32418
32563
32671
32805
32917
32977
32980
33536
33875
33923
33928
34645
34813
35213
35243
36345
36363
36410
36957
37077
37078
37105
37368
37619
37696
38118
38196
38897
38908
40490
40541
41152
41158
41288
42023
42328
42329
42618
42808
42847
44502
44688
44797
45030
45186
45256
46275
46650
47101
47668
47758
48095
49417
50435
50845
52144
53014
53520
53608
54335
56576
1
24
34
41
43
50
54
56
67
69
74
77
82
87
97
101
129
132
148
151
163
169
175
178
179
185
189
190
193
234
246
254
275
282
289
300
304
327
341
348
354
358
375
389
404
412
418
460
486
489
491
529
537
546
557
560
576
593
597
599
603
614
624
633
662
670
674
749
752
794
834
851
855
883
892
896
915
947
963
981
995
1075
1099
1118
1123
1141
1154
1156
1164
1182
1185
1190
1232
1252
1253
1257
1264
1270
1285
1304
1316
1319
1331
1347
1368
1382
1391
1394
1398
1403
1410
1429
1454
1455
1462
1489
1491
1501
1511
1520
1524
1540
1545
1558
1560
1563
1567
1634
1645
1667
1685
1709
1714
1740
1794
1795
1809
1859
1861
1862
1868
1873
1881
1889
1893
1916
1919
1923
1930
1934
1935
1945
1948
1959
1979
1982
1983
1986
1989
1994
1997
2002
2011
2014
2018
2025
2032
2048
2050
2055
2059
2082
2111
2117
2119
2140
2147
2149
2163
2184
2195
2219
2265
2268
2281
2284
2288
2302
2308
2312
2327
2328
2333
2365
2375
2377
2404
2421
2424
2451
2473
2513
2555
2557
2594
2597
2598
2618
2636
2682
2701
2820
2827
2848
2857
2858
2869
2878
2882
2890
2900
2902
2906
2908
2914
2916
2921
2922
2958
2969
2977
2994
3014
3020
3023
3036
3052
3072
3073
3079
3081
3099
3106
3108
3118
3133
3134
3135
3149
3153
3163
3200
3227
3232
3237
3251
3284
3289
3290
3309
3311
3337
3352
3354
3358
3380
3389
3399
3409
3417
3425
3428
3433
3437
3452
3467
3470
3503
3518
3519
3531
3576
3599
3653
3656
3688
3690
3695
3719
3730
3732
3735
3749
3784
3789
3813
3815
3847
3850
3870
3875
3889
3897
3919
3939
3950
3956
3977
3992
4005
4007
4012
4058
4099
4217
4234
4306
4370
4450
4519
4559
4567
4581
4612
4624
4627
4633
4639
4648
4649
4657
4666
4676
4681
4691
4693
4710
4712
4719
4738
4764
4778
4784
4795
4843
4847
4860
4916
4987
4990
4991
5001
5010
5027
5042
5083
5084
5163
5193
5199
5209
5219
5226
5246
5281
5288
5294
5317
5332
5346
5347
5377
5418
5434
5473
5486
5532
5564
5572
5594
5603
5617
5618
5628
5638
5649
5653
5654
5657
5659
5667
5677
5681
5686
5687
5719
5726
5753
5760
5767
5786
5820
5832
5842
5853
5866
5884
5885
5907
5920
5927
5982
5994
6018
6027
6053
6067
6071
6099
6120
6187
6200
6204
6209
6214
6220
6233
6238
6248
6253
6284
6286
6290
6303
6310
6321
6322
6329
6330
6341
6371
6435
6446
6513
6588
6590
6596
6598
6599
6605
6618
6636
6644
6647
6663
6685
6736
6770
6776
6791
6805
6823
6825
6870
6873
6902
6907
6916
6917
6940
6952
6954
6961
6969
7001
7011
7025
7048
7088
7103
7108
7142
7171
7190
7191
7223
7243
7262
7277
7290
7298
7304
7360
7370
7397
7398
7402
7403
7417
7434
7445
7465
7469
7484
7488
7503
7510
7526
7536
7547
7562
7570
7579
7594
7626
7646
7649
7651
7662
7674
7684
7690
7693
7696
7701
7703
7704
7727
7774
7790
7796
7817
7848
7851
7885
7906
7931
7990
8002
8005
8011
8020
8035
8074
8080
8107
8125
8144
8145
8148
8169
8170
8171
8212
8223
8233
8234
8272
8307
8356
8421
8475
8484
8485
8490
8507
8538
8553
8594
8604
8609
8618
8691
8704
8731
8741
8748
8768
8828
8834
8870
8871
8873
8875
8879
8899
8909
8938
8950
8953
8957
8960
8965
8969
8973
8978
8981
8988
8990
8999
9005
9013
9019
9025
9027
9051
9052
9062
9064
9068
9069
9104
9110
9148
9149
9155
9159
9165
9274
9299
9329
9332
9366
9373
9407
9415
9487
9497
9532
9538
9574
9575
9601
9612
9615
9621
9627
9632
9635
9644
9673
9719
9738
9741
9748
9760
9772
9782
9803
9823
9826
9868
9973
10030
10058
10110
10143
10173
10183
10186
10243
10254
10272
10315
10344
10347
10354
10356
10367
10372
10373
10394
10412
10424
10442
10445
10448
10456
10492
10515
10540
10550
10588
10606
10613
10614
10638
10673
10780
10835
10850
10886
10889
10916
10930
10934
10947
10959
10976
11001
11014
11015
11022
11028
11034
11042
11052
11152
11192
11199
11214
11215
11220
11243
11248
11255
11283
11319
11335
11377
11390
11407
11441
11445
11452
11496
11519
11532
11538
11599
11603
11624
11672
11682
11690
11703
11743
11756
11808
11817
11838
11842
11855
11866
11899
11902
11964
11977
11988
11994
12054
12066
12069
12071
12076
12078
12100
12103
12112
12122
12139
12162
12167
12179
12221
12223
12235
12239
12244
12253
12277
12331
12352
12395
12429
12472
12518
12520
12572
12576
12594
12627
12666
12675
12695
12720
12721
12732
12733
12767
12772
12783
12791
12834
12869
12877
12878
12895
12898
12903
12917
12961
12969
12990
13019
13020
13021
13022
13023
13031
13035
13051
13069
13098
13117
13123
13132
13138
13155
13203
13204
13273
13287
13307
13335
13349
13370
13373
13389
13416
13431
13443
13459
13468
13476
13481
13501
13517
13636
13660
13715
13758
13768
13772
13795
13811
13812
13818
13837
13847
13900
13915
13916
13933
13942
13971
14015
14067
14087
14092
14105
14127
14170
14172
14181
14183
14231
14261
14274
14307
14345
14354
14358
14360
14364
14434
14474
14487
14498
14527
14538
14564
14570
14571
14601
14611
14613
14615
14669
14701
14737
14763
14778
14815
14817
14851
14897
14947
15046
15049
15067
15139
15148
15202
15224
15228
15245
15248
15253
15267
15279
15299
15303
15342
15377
15378
15428
15441
15444
15538
15560
15619
15750
15798
15815
15824
15965
15968
16028
16035
16040
16170
16197
16198
16218
16225
16267
16373
16392
16396
16510
16512
16592
16595
16620
16641
16743
16780
16835
17045
17063
17069
17104
17121
17157
17224
17239
17240
17245
17246
17250
17291
17308
17313
17369
17375
17403
17435
17441
17446
17486
17608
17743
17790
17835
17944
17983
17994
17996
18001
18053
18113
18123
18206
18250
18267
18360
18372
18398
18400
18414
18418
18482
18506
18573
18627
18645
18654
18657
18664
18678
18689
18716
18731
18755
18769
18944
18961
18962
18999
19044
19046
19070
19133
19154
19155
19158
19182
19190
19239
19246
19274
19325
19408
19476
19486
19498
19719
19749
19787
19794
19795
19812
19827
19861
20051
20063
20070
20078
20082
20099
20140
20157
20167
20225
20256
20278
20326
20376
20440
20466
20528
20551
20553
20787
20832
20881
20893
20908
20979
21109
21121
21157
21176
21213
21321
21347
21382
21490
21516
21553
21645
21668
21726
21775
21827
21984
22002
22087
22121
22125
22142
22186
22234
22294
22295
22308
22317
22423
22431
22459
22509
22545
22563
22572
22573
22612
22675
22690
22708
22769
22839
23023
23079
23150
23151
23172
23241
23262
23273
23402
23454
23460
23490
23512
23601
23614
23618
23639
23667
23713
23837
23893
23895
23923
23933
23986
23990
24030
24155
24206
24245
24260
24446
24454
24482
24605
24614
24656
24667
24696
24742
24769
24783
24806
24820
24826
24828
24850
24853
24918
25249
25330
25358
25453
25488
25539
25581
25592
25595
25688
25706
25758
25799
25852
25853
25900
25935
25961
25976
25991
26032
26196
26230
26295
26344
26381
26405
26448
26529
26572
26598
26614
26669
26686
26712
26762
26863
26962
27162
27179
27202
27274
27303
27320
27348
27399
27466
27497
27526
27537
27603
27606
27623
27635
27698
27707
27728
27812
27847
27996
28011
28079
28084
28138
28161
28229
28298
28331
28366
28432
28435
28457
28575
28612
28659
28664
28775
28829
28932
28987
29031
29057
29095
29118
29161
29173
29185
29395
29413
29509
29539
29561
29563
29753
29791
29812
29869
29906
29931
30002
30129
30149
30248
30289
30302
30379
30392
30418
30428
30653
30663
30689
30757
30888
30952
31050
31063
31111
31134
31160
31289
31299
31315
31477
31537
31613
31706
31734
31790
31795
31829
31901
31963
32038
32060
32087
32126
32164
32190
32225
32251
32265
32328
32393
32396
32476
32591
32623
32635
32696
32725
32732
32735
32739
32809
32869
32894
33044
33056
33071
33242
33292
33405
33633
33641
33645
33658
33763
33790
33845
33894
33971
34028
34103
34105
34161
34394
34413
34548
34554
34603
34637
34649
34736
34868
34891
34971
35070
35107
35319
35354
35391
35649
35680
35786
35967
35979
36012
36021
36079
36108
36133
36294
36486
36555
36579
36700
36719
36956
36963
37180
37202
37547
37981
38023
38025
38060
38090
38137
38440
38495
38498
38543
38616
38739
38748
38786
38876
39001
39128
39172
39377
39405
39512
39817
39842
40043
40079
40127
40322
40535
40669
40794
40843
41409
41474
41779
41873
41947
42066
42091
42243
42251
42320
42323
42387
42405
42447
42593
42786
42846
42871
43039
43121
43224
43276
43288
43456
43483
43656
43686
43711
43714
43921
44032
44048
44286
44317
44434
44692
44782
44800
44869
45090
45144
45405
45508
45704
46125
46179
46274
46289
46365
46519
46643
46926
47213
47340
47768
47820
48218
48780
49030
49295
49447
49484
49656
49796
50279
50648
50859
51103
51146
51218
51458
52421
52622
53496
53774
54049
54154
54437
54557
55137
55524
55669
56654
56693
0
15
25
32
68
70
71
72
78
89
92
99
105
106
115
124
135
136
143
155
158
164
224
228
230
232
235
242
249
253
265
266
271
283
291
305
316
334
342
352
355
376
381
420
430
442
454
468
496
501
502
525
527
562
563
590
595
596
598
613
625
631
642
659
660
667
668
688
706
712
714
717
718
722
727
737
768
828
836
865
879
880
894
905
912
916
921
936
945
950
960
968
980
984
1000
1001
1003
1004
1013
1017
1029
1030
1033
1047
1072
1079
1085
1102
1104
1106
1117
1120
1122
1124
1128
1144
1157
1166
1179
1180
1183
1196
1197
1202
1205
1207
1209
1213
1214
1226
1247
1249
1250
1255
1256
1261
1273
1278
1288
1290
1295
1303
1310
1312
1313
1320
1322
1324
1345
1350
1355
1389
1411
1414
1444
1446
1459
1480
1497
1499
1500
1502
1509
1514
1518
1535
1538
1539
1544
1546
1571
1584
1587
1591
1594
1598
1599
1637
1641
1660
1665
1696
1697
1703
1707
1708
1717
1722
1741
1748
1775
1778
1783
1784
1787
1800
1810
1832
1842
1870
1888
1900
1905
1906
1912
1921
1924
1925
1946
1951
1958
1965
1966
1976
1980
1981
1985
1988
1992
2000
2012
2015
2023
2041
2042
2043
2049
2052
2057
2066
2079
2081
2092
2118
2128
2132
2133
2135
2145
2159
2162
2165
2166
2174
2178
2183
2192
2199
2203
2213
2224
2227
2230
2236
2243
2247
2248
2260
2269
2271
2282
2292
2297
2299
2305
2309
2315
2321
2323
2324
2329
2332
2341
2345
2346
2347
2359
2367
2370
2371
2372
2374
2382
2399
2405
2407
2413
2420
2436
2443
2452
2453
2454
2455
2457
2462
2465
2475
2487
2499
2501
2510
2511
2515
2519
2528
2553
2561
2582
2601
2613
2616
2623
2624
2633
2642
2644
2645
2669
2672
2705
2712
2718
2719
2724
2728
2733
2738
2748
2750
2773
2789
2818
2822
2823
2830
2832
2834
2835
2852
2887
2893
2905
2912
2923
2924
2925
2930
2937
2940
2942
2943
2959
2965
2972
2975
2988
2991
2995
2996
3003
3004
3010
3019
3022
3029
3040
3041
3065
3066
3071
3074
3091
3098
3104
3117
3120
3123
3139
3140
3141
3148
3167
3177
3191
3198
3201
3203
3206
3209
3213
3236
3244
3254
3270
3274
3323
3326
3327
3330
3331
3340
3346
3360
3375
3385
3388
3392
3396
3398
3404
3406
3407
3416
3418
3419
3429
3434
3451
3456
3476
3479
3486
3492
3501
3504
3507
3511
3517
3544
3546
3548
3558
3564
3570
3574
3583
3589
3601
3604
3624
3631
3632
3639
3641
3655
3673
3674
3678
3685
3686
3692
3700
3706
3707
3711
3713
3717
3728
3742
3762
3783
3790
3796
3797
3811
3823
3826
3828
3830
3843
3844
3853
3854
3864
3873
3874
3876
3883
3884
3888
3899
3908
3927
3947
3980
3986
3989
4003
4032
4051
4061
4066
4069
4082
4119
4124
4134
4140
4162
4163
4165
4169
4171
4172
4226
4261
4271
4312
4314
4327
4332
4340
4352
4359
4402
4434
4436
4443
4467
4512
4544
4573
4580
4607
4608
4615
4631
4640
4641
4644
4653
4665
4669
4671
4673
4678
4695
4700
4701
4709
4718
4722
4723
4739
4749
4768
4774
4776
4777
4797
4809
4821
4829
4851
4855
4865
4913
4914
4945
4949
4954
4956
4982
4994
4997
5000
5004
5009
5014
5015
5018
5019
5033
5034
5046
5049
5058
5063
5070
5085
5094
5098
5103
5132
5136
5161
5174
5180
5195
5201
5216
5222
5227
5257
5259
5261
5271
5273
5296
5305
5312
5338
5343
5344
5345
5367
5376
5402
5410
5425
5426
5431
5433
5436
5438
5446
5448
5450
5452
5459
5489
5490
5491
5496
5530
5535
5554
5565
5566
5576
5582
5585
5597
5599
5600
5610
5612
5616
5626
5641
5648
5652
5662
5669
5671
5672
5673
5679
5697
5702
5709
5710
5712
5731
5732
5733
5742
5743
5747
5748
5772
5778
5780
5792
5797
5798
5802
5803
5808
5811
5826
5844
5872
5874
5898
5910
5914
5919
5946
5955
5964
5966
5970
5976
5983
5989
5993
5998
6015
6032
6054
6057
6061
6063
6073
6075
6076
6078
6082
6100
6104
6107
6111
6118
6125
6130
6134
6139
6147
6172
6185
6190
6192
6197
6198
6201
6212
6234
6236
6237
6239
6241
6249
6252
6257
6260
6269
6275
6283
6285
6295
6302
6304
6311
6314
6320
6328
6353
6354
6356
6359
6362
6364
6368
6383
6395
6403
6408
6410
6437
6512
6521
6534
6554
6570
6603
6614
6628
6631
6642
6658
6756
6766
6801
6804
6811
6816
6819
6832
6833
6840
6857
6860
6861
6862
6863
6867
6869
6881
6885
6895
6900
6909
6912
6921
6930
6931
6936
6951
6955
6967
6985
6989
6992
6994
7016
7022
7032
7045
7052
7068
7079
7105
7106
7143
7146
7150
7151
7152
7184
7193
7194
7205
7214
7228
7231
7242
7257
7269
7270
7281
7292
7294
7295
7312
7315
7330
7336
7349
7372
7374
7376
7394
7396
7404
7407
7415
7416
7420
7422
7424
7450
7454
7459
7462
7466
7470
7471
7493
7501
7506
7507
7513
7514
7517
7519
7529
7532
7534
7558
7576
7582
7587
7593
7602
7604
7605
7611
7630
7641
7644
7655
7672
7675
7695
7715
7734
7738
7743
7747
7753
7794
7798
7806
7815
7841
7852
7874
7883
7896
7899
7921
7923
7924
7927
7930
7934
7940
7948
7956
7964
7986
7991
7994
7997
8012
8015
8025
8027
8030
8040
8043
8048
8049
8051
8057
8058
8060
8062
8088
8099
8100
8108
8109
8112
8113
8115
8118
8121
8136
8140
8152
8168
8180
8192
8211
8249
8252
8254
8258
8265
8267
8270
8291
8292
8294
8295
8297
8298
8303
8337
8352
8375
8381
8384
8395
8435
8448
8469
8471
8481
8513
8539
8545
8554
8557
8566
8568
8574
8580
8582
8588
8590
8601
8646
8648
8653
8654
8663
8693
8725
8726
8732
8740
8742
8750
8754
8773
8774
8776
8786
8795
8804
8838
8842
8843
8848
8855
8867
8896
8898
8903
8905
8912
8915
8921
8922
8926
8929
8932
8945
8949
8982
8984
9001
9011
9031
9035
9056
9058
9071
9087
9103
9114
9117
9121
9126
9130
9136
9139
9141
9152
9168
9169
9170
9180
9187
9209
9222
9223
9231
9238
9244
9246
9252
9253
9257
9258
9289
9300
9305
9317
9318
9319
9328
9342
9352
9363
9383
9388
9390
9393
9409
9414
9417
9431
9432
9445
9451
9456
9458
9483
9495
9503
9505
9523
9528
9534
9542
9546
9548
9553
9579
9588
9593
9604
9611
9620
9630
9639
9640
9649
9650
9676
9677
9684
9693
9702
9714
9724
9737
9765
9767
9794
9832
9851
9870
9883
9892
9893
9913
9930
9939
9957
9961
9967
9968
9977
10029
10042
10044
10059
10076
10085
10091
10130
10131
10139
10144
10167
10190
10198
10201
10206
10207
10213
10220
10221
10257
10274
10293
10312
10320
10353
10368
10369
10375
10392
10399
10404
10415
10418
10423
10430
10435
10446
10468
10482
10487
10489
10495
10496
10510
10513
10514
10553
10578
10600
10603
10619
10644
10645
10653
10660
10662
10668
10670
10714
10721
10752
10756
10781
10783
10785
10786
10798
10845
10846
10876
10880
10890
10908
10911
10931
10932
10953
10955
10966
10968
10973
10983
10986
10993
11002
11009
11029
11031
11036
11046
11092
11099
11102
11119
11138
11153
11163
11168
11190
11198
11209
11227
11242
11253
11259
11263
11274
11278
11288
11318
11321
11329
11340
11382
11384
11389
11421
11422
11430
11438
11446
11450
11470
11482
11485
11486
11491
11497
11498
11510
11514
11518
11523
11534
11536
11539
11540
11549
11566
11617
11622
11626
11645
11647
11651
11652
11654
11655
11676
11693
11704
11707
11725
11737
11748
11777
11782
11783
11788
11801
11803
11806
11811
11812
11813
11820
11821
11836
11845
11871
11872
11888
11913
11925
11927
11929
11940
11956
11958
11960
11967
11979
12010
12011
12013
12015
12074
12081
12084
12093
12102
12106
12109
12132
12133
12146
12150
12151
12161
12164
12174
12187
12197
12203
12205
12237
12248
12257
12260
12265
12267
12276
12293
12294
12317
12333
12337
12343
12360
12391
12445
12448
12458
12491
12507
12513
12523
12527
12528
12555
12556
12565
12584
12644
12655
12665
12671
12678
12698
12729
12730
12731
12740
12747
12763
12778
12788
12795
12796
12798
12811
12815
12816
12822
12845
12848
12891
12908
12937
12942
12953
12972
12973
13007
13014
13044
13045
13060
13062
13104
13109
13113
13116
13118
13120
13147
13156
13209
13218
13227
13233
13252
13259
13297
13311
13361
13366
13368
13381
13395
13417
13432
13433
13439
13446
13447
13448
13455
13466
13467
13472
13483
13507
13509
13515
13530
13538
13540
13561
13562
13580
13606
13641
13654
13678
13718
13725
13727
13728
13753
13755
13769
13793
13794
13797
13809
13824
13827
13830
13833
13838
13844
13853
13906
13911
13917
13919
13921
13922
13929
13935
13939
13941
13972
13977
13980
13990
13992
14003
14033
14064
14071
14115
14140
14145
14182
14193
14198
14209
14226
14227
14229
14233
14243
14250
14252
14266
14288
14292
14301
14304
14308
14320
14325
14346
14372
14383
14386
14391
14393
14398
14410
14440
14450
14452
14459
14460
14462
14464
14477
14483
14493
14532
14534
14546
14554
14555
14556
14559
14573
14603
14614
14620
14624
14653
14663
14667
14681
14713
14725
14735
14740
14800
14818
14852
14856
14895
14904
14909
14914
14921
14933
14935
14939
14946
14959
14971
15004
15008
15025
15032
15039
15042
15043
15062
15064
15080
15102
15133
15140
15142
15144
15150
15174
15184
15195
15244
15261
15288
15294
15301
15306
15326
15337
15382
15385
15386
15394
15400
15423
15445
15453
15461
15465
15469
15535
15542
15558
15564
15568
15618
15624
15655
15660
15680
15716
15723
15724
15727
15736
15745
15748
15757
15769
15776
15779
15780
15845
15868
15897
15913
15960
16001
16030
16048
16053
16064
16071
16085
16089
16091
16143
16154
16181
16212
16224
16244
16245
16251
16260
16270
16273
16304
16319
16338
16340
16341
16361
16400
16403
16406
16417
16444
16448
16459
16467
16482
16490
16492
16497
16499
16503
16516
16530
16544
16564
16574
16576
16631
16636
16638
16647
16655
16678
16704
16718
16729
16795
16803
16804
16821
17044
17061
17070
17082
17089
17093
17102
17105
17120
17140
17146
17154
17186
17201
17205
17208
17211
17215
17227
17241
17249
17255
17257
17259
17282
17290
17300
17321
17327
17341
17343
17373
17384
17405
17452
17467
17469
17471
17492
17521
17534
17551
17556
17564
17573
17575
17633
17635
17637
17651
17659
17660
17661
17679
17705
17731
17734
17742
17748
17791
17792
17797
17805
17817
17823
17868
17914
17941
17962
17982
17987
17999
18003
18006
18038
18058
18093
18132
18163
18166
18172
18178
18179
18209
18214
18215
18219
18227
18228
18275
18278
18294
18297
18309
18311
18317
18350
18351
18356
18370
18375
18388
18395
18399
18411
18419
18435
18462
18477
18481
18489
18494
18498
18502
18507
18508
18514
18561
18603
18609
18611
18640
18643
18691
18694
18705
18724
18737
18797
18822
18857
18866
18867
18869
18879
18897
18919
18967
18992
18996
19016
19024
19041
19060
19061
19090
19106
19141
19143
19159
19179
19217
19219
19235
19247
19257
19258
19263
19281
19294
19305
19307
19312
19329
19330
19340
19347
19356
19370
19398
19404
19453
19500
19508
19521
19525
19550
19555
19586
19600
19602
19606
19613
19647
19648
19664
19685
19691
19705
19707
19716
19721
19747
19750
19753
19754
19788
19793
19808
19809
19828
19829
19836
19855
19866
19872
19880
19884
19888
19891
19897
19903
19908
19929
19930
19933
19976
19981
20011
20024
20025
20054
20057
20061
20062
20067
20126
20129
20134
20135
20160
20188
20190
20200
20202
20246
20283
20299
20355
20366
20371
20377
20384
20427
20443
20454
20475
20491
20537
20538
20595
20611
20612
20618
20646
20648
20654
20673
20698
20704
20711
20719
20757
20792
20825
20849
20862
20879
20883
20919
20939
20987
21005
21024
21039
21044
21060
21061
21090
21091
21106
21135
21145
21146
21166
21169
21173
21184
21187
21209
21211
21212
21254
21296
21322
21360
21369
21370
21377
21391
21394
21456
21470
21474
21480
21481
21495
21535
21586
21590
21603
21648
21652
21687
21701
21702
21731
21732
21733
21736
21758
21801
21813
21814
21842
21863
21865
21882
21968
21980
22046
22104
22116
22120
22122
22147
22168
22172
22187
22201
22433
22440
22441
22446
22452
22455
22471
22503
22533
22548
22592
22633
22641
22667
22704
22728
22752
22765
22784
22786
22799
22819
22842
22921
22922
22952
22996
22997
23003
23024
23040
23124
23129
23131
23146
23153
23192
23213
23214
23222
23239
23246
23323
23351
23366
23377
23390
23410
23450
23452
23467
23471
