44
754
40
3154
159
6589
2349
36
8440
3245
10348
2915
3
634
652
10512
116
405
7
176
102
629
833
210
9970
2839
650
948
654
6620
2868
2847
2934
2103
17285
2261
1877
5310
1076
11630
2836
212
229
554
651
1891
927
5215
9952
1168
108
42
15606
6595
1901
2971
6991
8385
4902
747
853
2966
1082
2809
3063
6050
10542
349
168
80
658
646
730
8479
8379
568
1898
6677
3596
49
226
9405
2625
4532
1910
1430
2344
2903
3618
1505
1786
773
264
10963
3256
3124
2874
324
6191
553
1559
20349
740
4545
8500
753
1895
2876
6365
7441
29
680
1302
7358
123
7528
385
5699
1866
7778
6785
1791
157
3384
1863
2168
7155
1956
2840
237
7183
1936
3158
11799
9530
13213
1100
149
6640
7844
50183
446
7307
8428
760
2180
759
4841
28481
1771
14657
6121
2130
217
2007
4871
13142
2009
26
307
11140
5656
2283
3458
30
21854
207
7524
1449
762
2232
1864
7084
6948
970
697
3739
16494
2885
746
1933
37901
11558
1451
37
3523
3415
3710
2842
6664
83
13097
7642
620
8474
8031
4618
55294
17607
10969
1307
7546
208
782
8917
12
10877
2207
636
2044
8947
1542
15159
2176
1867
3056
5670
1914
11948
47
5591
3362
12583
109
3427
639
11277
8308
75
5668
9923
13438
9416
4840
7648
1875
17
20050
719
35
13403
1883
7406
10902
17050
2843
11931
145
1843
18980
27245
7260
1777
9663
433
5430
6316
173
317
13589
3341
5655
298
1998
220
736
37365
5642
878
238
22500
3128
641
2318
13835
2810
236
223
3212
2157
7008
6977
6782
755
13826
11
1074
6205
2901
16265
9577
320
1158
2920
4613
2938
11208
1083
8493
1955
7148
13816
8946
9009
5684
4090
3180
2895
303
8056
3085
11204
11378
14207
16500
12038
2218
11739
16809
8217
4786
1878
42847
876
2034
16266
7227
7362
1911
638
11692
436
250
14283
2386
36027
2279
493
5090
180
3218
449
11527
5575
1876
13
7521
7607
2001
887
1143
6256
195
3324
2821
248
3007
25062
2910
5819
9580
7112
1854
6957
1142
7206
7572
351
174
1093
1978
11490
8191
13599
5902
29603
8013
160
2278
7560
15088
191
2068
31533
1872
2189
4023
959
7670
5714
969
1847
4985
20930
1386
3348
6615
37699
2873
1431
9595
11577
8082
1314
182
2201
19451
10554
10532
1452
1970
9982
8467
623
1798
15543
6687
5210
2045
661
9111
2177
7537
1971
4655
30377
679
1949
14294
11856
8906
1521
5270
7411
1139
3637
219
3160
10509
9954
13848
147
1984
2553
5206
1622
8478
28859
9725
7114
5708
2853
2354
3638
676
13285
7669
1159
44981
8503
6208
5632
1170
112
8941
9
8483
2944
9520
32563
28956
12620
1315
13596
280
653
29479
6587
2392
1513
7318
6223
13108
4960
10685
2962
15048
1961
6787
2073
6683
2194
1718
6217
5432
1805
2871
16728
6203
11050
11593
15034
31763
824
7256
10346
7911
13170
2262
1146
2865
15128
23322
170
1067
2400
1578
6896
677
8696
156
2929
10551
8231
14039
21776
20165
6621
2051
1987
2778
1699
5408
27058
1815
888
9587
15251
2841
2339
11260
1770
901
152
18243
5
7170
7153
7549
13429
23
6648
6652
20386
211
10086
1109
21
16240
721
4659
10991
3259
20148
12230
6318
8255
2276
5629
3182
171
2352
2879
22948
11559
745
24822
12087
42102
731
35375
5598
2507
11003
2980
16722
8820
8473
802
14942
22950
835
11177
6629
3778
9154
11051
28131
3089
7870
10333
11584
10650
5146
8897
1931
76
738
10
8262
10334
7987
8427
18529
467
26250
5221
2398
5592
11699
5605
3662
2812
269
14547
15309
2849
7467
2198
7375
2806
15947
5285
3055
13202
14951
47758
167
691
28350
5154
5724
2222
14912
10494
9109
3761
18647
647
5665
2217
15220
301
9402
1310
3885
9911
41309
6533
42236
4
11183
2008
3183
55578
5841
7632
2896
7122
209
95
11612
1240
11568
4690
3084
6906
7527
582
1097
2932
6347
11261
8819
8544
2389
8425
7518
2241
4181
387
32349
967
5211
1138
13110
3189
922
20139
4846
2022
3376
854
8923
14275
4622
20032
7758
412
6580
2024
6864
3924
3131
1447
148
1720
474
22495
8821
4629
655
7686
6612
2987
3333
4795
2134
6193
7098
1701
16343
3645
5208
6
24580
12833
12053
3379
3801
19700
2215
4630
18
3146
6101
13199
28816
370
19109
1080
14230
2264
2924
10488
2428
977
17558
4548
8715
188
5318
255
3767
8329
13442
1393
9334
9571
1094
2077
17315
7179
8214
189
2379
2850
2031
1525
45
13265
5595
5690
214
9749
2394
17830
12882
23929
6115
4087
3122
5639
13436
9449
648
7583
3062
657
8934
3725
2030
1550
417
686
15946
13105
262
7692
13560
11139
11530
14077
8482
2517
183
1721
25106
4423
15726
7025
3422
7729
11730
35343
1329
6901
8337
11017
3006
5694
4101
8951
14814
6984
2774
16317
627
12253
6222
3813
8117
1507
24032
17058
5378
51628
6905
15271
8165
23320
6598
1557
9574
1503
8617
2974
7385
11618
36237
5308
1780
2284
9041
2989
15979
9785
3661
3216
34646
19
22257
6880
666
11358
546
1913
8565
431
21408
1149
6908
9582
10238
10205
2900
2235
3350
413
17143
28846
7103
8834
2
6884
362
5415
2986
240
22741
6382
2340
144
39556
7696
24765
4999
16430
7671
1756
11531
5623
9242
11951
418
2182
10842
44901
3135
12774
4627
7379
18649
29477
8902
23842
26358
8913
9124
1915
419
2327
234
13096
4234
263
5021
9740
282
2807
1568
11946
11511
40988
886
3381
3439
1531
6106
11431
16028
25400
11987
38517
10208
12094
10564
2161
3861
14826
12632
2149
9562
3344
3233
10129
6340
3024
101
5728
5400
24814
43573
2137
7824
11533
79
1069
8164
5646
4041
45168
2101
503
2970
6711
572
17991
7272
3045
22425
27980
8470
9221
3186
1543
10872
2837
1693
6233
32144
18308
28836
11343
13636
241
1110
9332
19137
8465
7033
14265
7937
6145
13340
8111
8472
1645
8578
6915
9421
4617
7865
6588
2174
11787
1087
2036
10895
6904
3846
2175
4542
2085
15358
38908
12959
8920
6064
25585
3025
17497
1353
3401
6277
2403
18811
12089
11755
6220
6776
1967
3099
1785
15200
490
5715
10066
32107
375
7789
4889
41323
5791
26557
127
8541
12037
7551
11217
2256
12663
7469
7483
32699
31
49598
589
4334
1528
5636
200
756
10588
24211
18007
662
10339
6923
235
32209
834
37983
300
21358
14231
13264
24168
31020
8408
5155
16565
2246
32151
56
2524
5663
37773
25153
18316
2209
1165
1418
1443
10173
20323
8039
3394
1410
11674
993
18949
13453
3784
13301
2813
6727
12287
6590
25859
151
1950
27139
2978
3153
6279
3337
29056
2976
22372
9135
6870
21023
6663
2878
11968
17314
7755
3835
50
7662
6918
14151
14345
2820
3109
30598
3073
1155
11765
656
5041
5095
11955
6204
8894
14549
7187
11373
12120
389
10835
14
268
18020
3221
9059
12553
7503
25689
21575
1586
3847
9026
12594
5746
21606
12019
17309
5823
10458
20147
10138
3815
1533
12071
295
7230
3215
17718
2255
1554
267
1318
16730
12577
2870
14787
621
1945
61
29791
5437
1999
7746
32245
947
12525
4249
38
3103
5691
9018
13232
908
336
29627
13576
1182
8222
17695
6961
14160
13908
7126
9972
14120
31921
8496
7347
11939
13909
1986
3175
21728
5815
670
2946
10196
6215
24036
13228
1994
1909
716
9315
15635
277
3503
7162
9847
66
7224
7223
7445
27140
1860
8521
5084
6196
18340
20044
7846
8706
27979
31434
1917
3219
16724
557
13546
2221
2038
87
3108
4843
7111
9868
11899
17379
8781
8509
2032
31568
32032
11507
963
10254
17225
199
10548
11556
2869
9635
8075
7237
20367
19400
6188
4383
16559
36410
41
3284
3314
8240
49417
3037
6195
2003
20324
3426
3992
7928
1590
2992
3018
1205
3048
5589
9240
29515
344
24
3421
2358
13158
43
32200
2132
19851
2905
6280
624
27994
1587
8243
6650
25839
27710
8506
7683
15585
1782
30518
15832
3029
3998
10315
7210
7473
4037
1714
16588
896
4639
24206
6109
11824
27407
19271
11864
2421
12636
1264
603
18140
17706
5622
327
2195
42618
44688
15067
7282
24438
4988
246
2375
14261
8622
12167
9949
56576
1989
88
15685
915
818
2365
1519
10024
7000
20036
2093
25688
18974
1889
23796
13821
1511
6825
10366
6917
18715
3210
33875
2186
42091
11720
27
5662
7545
13356
749
37619
46275
20932
2906
1974
8688
9975
28433
9552
299
22291
11514
2884
4012
19036
125
564
10586
38118
2598
1459
1164
6826
8272
15348
24084
1491
12659
6738
9463
30951
1881
7438
590
2424
1239
2219
8025
5375
2805
12001
19902
14200
14654
3061
16719
7125
8256
5518
12414
6756
5493
16849
5680
3149
35212
15850
193
2236
20977
2014
2272
3425
17672
17753
5012
13178
34645
20900
7277
2858
5887
6120
4567
18263
2922
22414
7515
1099
17291
6605
12548
62
576
21418
11996
2377
7796
2359
1658
32383
20697
5617
279
7296
19865
5657
26371
4916
3417
1603
8933
7699
1695
7315
18590
163
23151
570
1563
5219
10850
4862
77
3237
11583
18128
22658
3118
2965
1873
7517
2253
7685
5418
26138
10947
491
3864
2493
6847
5734
12468
1501
9721
3395
24391
5226
10281
12627
8092
2701
34413
16205
6286
26713
3519
7735
667
6852
15904
883
0
6240
3788
26634
1520
1558
2536
8002
30268
15046
9390
11198
13400
11723
7690
8938
7428
7419
7437
5618
41288
6130
1567
154
33747
28457
2146
2933
225
42808
51
1880
16198
22509
5364
6053
2337
644
5718
28623
7990
2473
3081
15
29976
16345
2303
7298
722
4774
27709
140
5548
8227
36363
9355
21553
8030
36940
11268
5019
1776
26718
42328
8915
1160
12838
5754
11842
218
2268
22071
25447
7575
8283
3698
3311
5647
30616
9208
4771
27592
3228
26230
16777
53014
6513
53608
5466
3309
945
18645
11122
15114
12328
31901
6018
1465
6107
5732
27312
5532
7873
3204
6791
20029
9112
20711
161
25592
34477
10912
253
78
5638
33321
9973
15139
2160
35243
23837
13537
23637
23273
1868
25862
8074
2265
614
5881
12138
3241
17063
4612
5760
7082
8990
8052
4730
8171
12244
4681
5010
190
9030
752
15714
2404
11732
38196
2594
5761
3743
2477
21446
12043
24454
12386
13415
2882
9619
6269
8981
17240
18322
13647
2969
8601
48095
16375
20881
13132
2111
3147
950
3036
2916
2917
6263
41873
1403
18417
6792
2163
2510
23893
2055
1454
1530
5695
10423
29395
13539
27202
2257
18654
2260
6940
3668
1288
2016
6303
8035
3232
1709
7435
11015
35979
1973
1122
14068
1257
8495
5726
5422
4582
14611
3656
2911
18755
1446
537
6117
794
12902
37696
4691
4005
29161
9615
9290
1012
5209
9497
16696
97
4915
6636
21827
9116
2141
19125
289
3052
10630
2449
42447
10356
8704
3706
21619
14354
7684
2164
15333
7647
4648
6197
5472
8618
24446
4034
7302
20644
11022
836
22142
6907
12788
30689
880
1252
14434
21075
124
630
2872
2958
11626
44797
243
12133
3950
2890
41152
22490
8115
13039
20395
54
32149
35680
1079
2248
8611
16137
21382
162
30302
11764
10412
6329
7011
3434
15630
1185
7851
9738
6110
1584
18927
3330
22675
25670
12732
10058
18494
169
10456
11334
12437
25853
4533
2542
5434
1455
11670
15570
4710
18769
386
981
2000
11192
14266
8032
2048
1703
14768
13717
28574
12352
3545
14193
6214
9104
19366
5083
3688
12054
8004
1992
28042
7649
2455
5377
2825
1900
15421
8978
1814
3690
7986
17366
3869
1930
9148
4865
10968
14468
8844
30757
4217
10552
527
2135
8900
11967
6335
24824
5271
12898
5770
4663
20790
8485
2089
7417
7797
1120
378
1092
6341
18587
3730
3749
4847
8490
1662
2356
15895
2968
21607
4987
16454
34971
24603
24826
8962
10320
8757
11960
2360
15049
3763
5659
34554
26405
668
2835
13035
5994
1077
9167
2718
13099
3358
12069
9575
38543
9155
11052
4647
9601
2501
3908
7171
3346
31963
11624
5599
143
4312
14054
6061
905
11847
14458
6503
4570
10698
12100
293
16595
18250
9019
9729
674
8988
11034
2557
13051
18774
10673
3653
6073
7882
10347
13031
12331
18418
2822
31155
6351
11549
17983
29585
19498
6306
2288
15409
3719
32396
12357
633
18267
15428
25330
6644
3173
297
9649
2994
1685
10163
7604
8873
2297
706
4559
12395
281
1154
1202
7243
5901
7885
3470
7457
567
32809
8216
3672
11220
14237
8041
9002
37077
8799
14092
28829
2366
33070
14971
7407
892
6886
562
134
1029
4171
18372
5018
1553
973
1151
24722
3518
28366
17107
12239
6174
232
10959
6770
10271
28152
11698
1497
27698
22563
45186
9329
7701
16751
1524
13772
1207
53520
12869
28563
5637
6201
628
2328
14329
13468
4283
2002
7190
19082
1625
3742
17996
3919
1518
14559
10653
10337
16197
25219
1997
2133
13399
10378
8307
21173
5719
43686
6225
158
34813
7536
717
25991
16202
1253
2140
1948
19787
37078
13768
4819
11994
1795
8768
7603
13023
10638
6320
12112
8270
11374
3354
3844
3134
3071
5414
4997
6362
8306
1637
4678
5347
7331
2717
14855
7485
40490
2066
10916
17943
5798
486
7360
8507
4657
32418
15253
7872
8234
23512
19981
355
7349
13459
12875
3106
28331
8303
2183
3790
27797
8475
9001
376
5626
32258
625
8292
9632
2282
13900
4628
3270
12576
1696
2454
2005
20051
14897
16510
1570
3396
41588
7143
8125
6582
1
6237
14360
18333
7848
14067
23562
13335
21958
8049
1667
36555
21490
17642
7677
3850
2857
3445
6186
2573
47213
27320
37105
10483
23377
34622
99
31795
3139
8574
7271
13795
7034
28006
4665
58
10535
2230
11566
511
2472
9593
13155
20078
38897
18398
19369
39512
7695
1290
8112
5747
19566
7906
42466
16170
7636
1545
18961
265
3200
4018
7262
3251
24599
10446
11690
13727
3236
3079
7493
6994
12491
44885
25457
3340
47101
1571
22595
32476
8054
15202
28612
10603
6805
12078
8843
2887
6992
25581
17104
14614
50859
2902
3074
3209
3762
1988
8909
7931
1540
10044
105
18857
18036
19794
35319
2321
1192
4886
18206
13481
22186
28659
11035
2092
2457
12895
33641
6290
11743
2597
8466
14701
8903
6249
39048
275
27274
1005
1697
23237
16140
13916
7570
24843
25295
13725
41469
1345
5955
11536
3014
8889
18657
2789
2100
17835
3479
9299
16260
31160
3711
7434
3939
1659
19827
19246
6614
21176
32926
1775
6209
6604
6909
13209
3398
3290
1117
13580
2094
26669
47340
10448
6694
14316
47668
5246
11491
9244
1800
20979
1303
8005
5619
1886
3406
8875
13446
7088
51146
52144
18676
11496
8748
5438
27728
352
54335
7242
11808
20140
3695
184
41409
22440
32219
15441
17209
4784
1946
37202
673
18999
5785
26295
27309
1398
2128
3317
2883
2117
17069
4749
5003
37490
9458
8212
29869
7506
39172
7941
5444
4676
14778
2893
4340
9013
18419
5152
11532
7841
3020
24696
15267
1902
11001
10540
6104
6952
2052
1919
3504
5913
178
3289
9604
11092
32977
49484
1004
25453
13123
32164
1546
2848
1562
11964
25706
3492
8099
5049
11774
4736
995
10911
10293
50435
21470
36012
33763
7479
1190
5530
32
8957
8580
6736
6253
19749
8918
6570
65
1932
2347
5842
6275
1905
17205
20082
9068
11300
3631
305
11436
9611
16780
1924
35967
89
7048
9578
132
5654
10442
2707
27586
9149
29185
10495
10681
24338
3231
9165
6983
11265
5628
2636
14947
2281
30002
5473
8926
460
11655
6823
2930
3682
1939
5294
16244
3604
37761
1778
8999
9027
14012
13847
560
11603
593
2405
20572
2263
8590
21213
7836
2912
31829
19044
3378
13379
7703
727
2908
230
8289
7150
1391
1444
3674
879
7108
12317
8066
12179
2606
32623
415
5428
10221
22087
3388
9741
33044
1906
18588
3170
2833
1995
8469
49030
1017
465
19190
11920
5649
20167
1003
1179
8027
7403
18475
2818
1013
10131
1213
1141
6187
6628
9319
13014
23667
8588
28815
35213
1925
23391
5042
7784
5274
8740
18006
10966
254
11977
3511
5195
7594
24783
8537
2907
11523
2118
3574
2011
21422
563
1957
9621
8144
2025
5648
37368
242
7465
5367
34
24850
11641
4644
2192
2618
27707
7402
3875
6381
32251
5199
18482
1711
10686
32255
1538
5315
25616
5681
39321
584
4991
3098
2332
10243
38025
2712
10776
6198
17096
11421
33928
33405
2023
19719
15133
7593
6879
6310
9542
32805
14737
14571
11321
11988
11227
23452
2827
3070
49295
49447
7611
27606
23049
25446
484
10363
5667
6368
4666
16218
3177
7747
1106
6933
1247
15968
2041
4851
25532
1982
5907
22505
36021
2990
3323
21668
7205
17403
8152
2305
1322
10091
17089
1500
5132
25249
11599
12666
9379
1893
3703
12675
14181
18867
3198
1156
552
8979
22234
14484
3558
8471
1480
25852
5227
6284
26032
10600
3404
13019
3302
381
4718
2166
7001
37834
33923
454
36979
468
6234
20256
7376
6703
2519
1249
8693
12203
9114
15244
3654
44502
5927
21044
10468
3407
2299
595
32732
28432
3889
5404
14238
6074
354
1285
19046
266
18897
3065
8973
7576
33633
9235
9110
3023
16183
912
7587
2923
2436
6168
5281
7250
6118
8969
1794
7116
3141
11335
4764
8011
9918
18797
12569
24667
35354
150
1104
2410
1148
7626
35649
8568
68
8755
14164
2921
7523
7470
31203
72
9723
6359
4701
9673
17321
30701
1870
6057
1972
1983
15722
8058
3789
136
3564
8653
21596
383
31436
38739
5820
22294
6863
4733
7032
3678
3544
8267
2346
5572
6067
34145
40127
1429
626
1934
14725
3599
12720
5964
7488
3148
2443
41474
8291
9017
8548
430
11538
43121
11871
27555
43039
315
1722
5317
1375
501
6192
12796
3686
5564
45508
5733
4776
45405
9961
4825
1832
3874
5731
2059
1783
46125
9134
4994
10714
10492
14527
7281
3891
47768
865
11913
5046
7270
4119
48780
3066
46825
32039
7191
4066
5094
8950
1594
3632
3022
51103
23079
9417
7322
5697
13517
13366
53496
53774
54557
175
7240
3142
55669
2371
24721
56693
5966
38440
1888
6213
9488
8486
12778
11703
8454
2682
4649
7519
17743
5486
9300
12783
43921
21166
18123
6860
8898
31289
6314
7817
3467
3380
2506
14663
3451
24155
2888
4535
13287
1128
4434
8040
2453
3641
8922
1634
7416
2528
5312
489
12429
7579
15964
6248
7734
1869
3828
2672
1748
11452
689
19113
8742
3853
724
9062
30289
15591
17294
18317
1304
22572
31051
569
4003
6291
960
2015
17239
3206
10355
13907
26363
4370
12665
18640
1660
2181
23460
16251
6603
12631
21091
3946
8311
2062
3923
9677
6642
33150
3104
15824
17793
228
3227
9003
14386
16564
8377
7501
18506
42700
8448
27348
2751
8942
4537
39817
3883
8180
12109
12257
17300
129
1313
8871
16743
12293
6125
7510
4829
44869
28138
291
5620
2413
5014
20423
15326
10354
9189
12910
12161
29729
6285
16655
7641
7675
19329
1797
17791
26196
17313
714
22423
12066
577
36579
28332
15578
7798
18844
9487
1075
13793
17375
4543
22839
14186
6380
10644
14653
21039
1810
5346
1842
5753
9877
1981
10374
4414
11441
3888
24006
51218
3796
3437
3019
40043
18375
25358
8985
31706
20225
20893
6230
12265
7113
10372
14170
12769
9659
13853
29561
6618
32894
22116
1347
13942
32275
3443
24918
6959
17435
7269
7152
23379
10614
7420
7312
13935
8136
2312
4723
9992
9128
2382
8912
19754
3570
8754
6955
25026
13401
13515
12423
12767
13474
6912
10930
10392
9121
529
2465
23713
18214
36970
9823
36108
24356
7899
18414
19370
6265
11672
2561
6356
12808
8274
3732
4772
6331
13252
2633
8709
7790
39001
5288
27812
32393
13971
24999
5402
2773
15619
7462
16273
18670
2832
13483
22575
14094
15673
6969
11622
12218
54154
16769
4990
43818
2937
5459
10110
7507
6862
330
3433
10976
4519
9108
53
8604
5582
5603
9629
11866
18113
30997
4581
6832
10934
5641
7370
987
3117
5712
8135
18492
22545
8384
14411
16406
9223
22799
10272
43711
3280
12333
11230
9782
8566
3331
9373
8609
26716
6032
4673
17201
3278
11274
23666
45704
11875
7292
18664
47820
5576
10973
36956
6076
3476
13990
14946
24530
1560
10435
1380
3546
13045
11462
16920
23896
29136
249
10798
19903
12990
12972
4725
16620
17797
9803
9129
9087
1226
19486
40079
1598
9117
10076
6364
7736
9141
29173
3876
5273
40414
597
13837
16181
1072
25100
9025
9431
14557
12235
3899
8726
7981
3927
768
20134
1316
9870
926
10081
12197
1258
30663
1270
13794
9548
22952
22573
21321
5683
5450
30207
5496
3409
34603
19143
9579
13715
11519
4082
26863
4359
8953
29193
502
10414
21121
13844
28611
18880
26448
2295
1387
6881
358
4964
334
11836
1413
15453
7526
35162
14477
3385
5000
14105
3428
6900
6964
5748
5752
27102
13138
6261
3338
24613
2441
11783
1725
6071
2991
28880
5983
7372
17633
11255
3166
25759
3486
1669
27537
8582
3305
3655
29906
15142
23621
1741
9366
10990
8732
14459
13929
6960
1959
8944
10415
6311
5412
5452
31134
3438
936
10353
22194
42023
18502
13921
1124
14601
11042
8419
3996
146
3897
34394
632
25275
12695
23150
17327
42251
10950
7672
13116
20792
12299
30379
227
32980
5767
27466
2102
30129
30244
10424
3372
11036
3091
4961
11190
5410
15469
32917
12248
15445
44286
11119
5446
82
2050
6658
8583
9719
7956
31658
404
13307
27337
9388
2240
13618
3994
6921
17805
6895
6935
11775
5786
7194
6985
5451
8352
4693
11872
13797
32591
20440
13812
39026
12011
7193
40541
4541
9243
7374
13478
2943
5596
1964
20654
5808
8145
10139
14015
22441
11242
22362
21775
6147
23926
3685
14538
19664
14127
1698
13466
8380
21109
7997
26561
14393
14243
6241
16
2042
44434
10380
1874
9748
3112
17944
7396
215
4051
7646
10955
10373
42405
12294
3351
11777
21603
5344
8163
5433
28664
6827
31421
22317
4631
6446
1411
9274
22121
25798
6512
15032
9935
14895
22165
2859
21701
18360
38060
6328
12961
9170
2345
8458
18597
9445
38786
8855
23450
252
4436
10852
29057
10970
9305
29213
32951
12554
16095
2308
49656
9532
67
12528
8108
11278
34842
15727
14710
7123
2601
30428
7105
11518
8298
4913
19553
7184
2065
1916
24450
1051
9913
7231
7814
11811
29103
10144
2852
31303
447
25415
22452
5982
3639
11731
2483
3823
14229
15279
6816
185
18646
9889
16503
25658
3870
10085
3692
8741
26111
3114
9914
7466
7424
18731
13389
5565
3069
12106
17211
1985
3093
1887
10344
7529
36345
3201
118
659
5661
2880
9407
3811
10206
47710
29563
2373
26762
4445
14498
14570
7304
43822
9051
10662
9804
6885
9258
8484
13259
26614
17241
471
6916
15386
26114
10846
7964
6936
26962
33852
54049
17578
1356
9352
8062
27996
2556
213
34105
1730
8297
1879
10619
25488
3589
2851
30747
22558
1773
26380
15224
34225
663
5993
29494
13448
4538
32328
11215
14735
1428
10367
11438
8539
11927
9612
17369
18822
6100
5163
3133
6190
5075
1123
5338
42848
15008
13538
7532
1450
3111
15845
177
1574
14409
1499
10029
3163
7596
270
19705
1535
29609
10809
23236
2494
4615
12969
7397
10213
29931
2732
23024
18228
2324
10220
3432
6534
7727
20058
737
828
19793
12187
3753
42364
30653
26686
14182
6865
8140
12513
6795
12162
8065
10515
13824
17208
19323
42455
17486
445
24289
1951
25052
115
1394
1899
4576
43288
6377
28167
12013
14532
9168
8086
688
23023
43502
9187
16549
4297
6943
98
2925
17224
10889
2975
12747
17564
17660
17290
24595
9566
32470
8151
8879
17731
11031
11756
4352
46643
9538
6321
1664
32822
1118
22044
15043
19155
14183
631
15245
20024
13020
5305
1389
22548
14372
13951
18388
8776
10198
18489
33863
12445
30484
3507
41158
5431
22125
11546
11812
52421
10622
2313
5743
7650
5136
34982
2162
2450
18411
13368
5216
18944
3366
342
34767
34924
10368
10130
35289
42977
10023
1976
17742
3452
7534
11817
1861
29118
24853
35483
26004
10394
10510
60
13431
36079
36032
8060
20758
19325
35977
46
23614
5004
3548
26476
13718
14487
12458
11222
12084
2448
8118
8121
3123
32939
13918
23735
2830
5224
4914
2104
164
7022
29753
2170
10886
3756
10932
29779
38002
2043
7602
19929
5772
7239
8109
10964
39163
38495
38997
11389
74
11456
5103
9553
8252
22842
7484
19106
1539
2918
20070
36957
17045
19691
2029
12076
4077
25384
21184
14033
7422
3490
5213
18188
379
3517
41947
9563
11288
42243
30705
8928
944
11199
4270
3689
1772
3531
692
6811
4402
3383
10257
32671
15750
3576
4641
11704
1935
7900
921
10395
1979
6741
2302
5687
8268
3673
1458
26712
21810
7384
2119
12763
46274
33327
8080
10514
8051
46035
2555
31050
15913
46519
33645
8134
3064
575
8150
47999
1331
12237
6973
16467
15721
28298
1350
2323
2208
20987
3050
6034
31599
10931
9289
17518
22459
50925
40794
4669
1309
6281
6418
5771
8295
7948
920
2355
12015
19861
33790
16645
16678
45030
51458
7228
25935
7471
11112
23658
14781
23923
51342
19347
19855
7388
17446
22104
20475
4296
13273
14554
37945
11682
27303
18736
12740
12572
11676
1965
20648
20371
12903
4093
29827
1907
17628
1921
10274
17734
1295
24610
7921
1209
4945
33536
6840
4653
6867
19809
13147
4787
4165
14575
6838
17868
6746
16448
3397
19340
13509
15140
13827
8648
2069
9152
20067
6199
2057
15560
11801
7454
20129
13447
11407
11888
69
20525
2942
6219
34637
18058
2165
2172
18294
2239
7448
22893
6954
3047
29192
2829
5180
1671
15798
7927
3140
424
11028
8233
1717
3956
15960
12146
15655
3004
10756
13939
4244
7079
10982
29778
22295
1166
32710
6292
8802
22471
2388
8624
958
3627
15745
984
17215
4712
19257
11510
1000
16459
9042
485
12777
27526
319
33845
5174
45252
6403
23655
16040
12691
7337
278
4640
1144
19884
28088
14391
3179
19685
7852
16821
6238
19721
8686
12782
15150
5491
14851
2072
578
13373
40033
6868
703
28917
9080
2184
10167
49796
765
5792
3989
21157
17282
15184
1382
2823
7293
4954
50648
17384
24260
1358
15288
30372
21391
3809
46427
14909
1384
5874
5941
10251
27034
15025
32802
13789
15503
332
52550
17792
3152
3203
10186
29636
54437
9169
3392
9786
2329
14935
29749
12785
25
9040
3728
19586
12093
13755
56654
38475
4261
13975
991
7295
23618
11540
12575
37974
3898
6298
25697
17373
13503
9693
1489
3003
38876
2383
16530
14615
3167
131
23601
4544
9554
15769
1859
3449
10201
47882
7691
14083
2333
8959
20190
8249
16024
31315
25890
11391
10898
10059
14009
8646
9679
17608
25976
31693
9560
3307
153
7605
3321
22503
5461
11087
2891
6330
16319
50279
22308
4860
31810
19628
16403
10132
9032
10440
2604
3804
6304
32725
3038
104
22667
1517
8016
16647
6523
16512
25539
1278
23502
11211
4008
17061
43483
3191
5673
17595
7614
92
43646
2399
3922
2470
33282
3010
5257
22860
37981
6082
980
8100
2367
6094
4151
13920
1027
179
15649
7562
7274
17452
14665
14418
1940
2197
6872
20454
24120
256
46289
20376
34148
46365
7329
8847
28995
15337
8265
14308
353
2669
9547
23949
20326
2097
2563
16053
3244
5610
6855
24375
35070
24355
420
5594
13972
14410
7629
46926
1259
24828
4566
2425
41997
5554
11174
28639
2819
29509
49918
14172
10312
36047
14003
24832
9730
12771
2940
678
2988
4534
9567
2167
12172
283
4709
29130
1544
30418
852
5033
2956
9005
28219
8800
33575
6801
30248
21968
3247
2334
6989
6873
8076
23895
2979
26529
19219
9483
4956
890
968
19263
30840
17105
9528
11422
23262
2462
6586
11619
39128
5745
11845
2420
23146
1414
5160
18302
3830
9481
36700
14713
10030
221
924
13433
1071
15400
11180
1922
4607
20355
12973
18514
5989
8842
17781
32199
1271
17161
15349
32635
11979
15301
7257
13113
7394
8557
11029
1862
27538
5919
3601
619
13540
11156
364
8735
1250
14341
42502
17246
14939
12999
42593
8908
32996
2147
4778
20062
2995
2012
15444
43013
12555
9957
23757
3797
33229
23928
7856
2271
2202
2292
13728
17279
44799
28675
4626
20212
28778
1952
4957
2294
2826
15716
3873
3930
4809
20553
44800
13897
20704
5588
13098
13120
15868
3120
5884
9760
45641
8553
1707
34199
4695
5112
2159
9139
34211
25227
32425
6928
21024
1631
24769
2191
21145
19122
14131
21212
28968
2505
9318
35221
1096
3178
21360
8899
15388
27982
10876
18163
13977
25177
19555
48841
9159
15080
442
29884
48218
1256
29868
13204
30149
14156
1193
7477
36866
33292
32988
16279
17626
4767
17067
9432
18179
6283
3715
22633
22172
37437
52207
6383
2178
2945
8226
7558
1865
17912
5607
5503
8949
31473
1140
1494
38090
6408
6510
1508
26320
31063
660
1180
22187
26454
19870
7992
6833
6766
27024
31285
20357
10986
28635
7592
22921
14320
10418
4797
22981
2623
10560
7547
3129
7738
8015
3935
8773
27527
1745
10103
26717
9540
36133
31800
21948
31940
1448
8012
9620
5832
15660
4126
10649
1787
3884
5201
2378
16071
23390
30945
23473
27394
11253
2532
20698
8929
32696
4949
18611
4163
5070
21666
13203
14301
4172
14574
24656
16498
41779
13117
2981
3308
7053
37268
8848
2613
42320
14226
42387
24350
42434
574
14763
6841
9408
224
27179
18348
12111
33228
7794
25567
10670
24166
4007
3326
10420
18477
9511
13395
31417
8937
12276
19041
6899
2624
8965
5616
3416
24465
43256
9338
18691
10042
672
14062
2173
6049
5597
18820
17575
5625
20269
16729
4173
7655
21736
44100
2213
18432
4777
10785
24815
222
12164
6435
11956
20646
5612
11925
2269
1580
2243
34649
5477
3843
29584
21322
783
3780
7443
46226
3818
12517
25104
28823
23656
5800
6271
19756
4633
897
29183
8168
28841
3357
4085
14464
31830
25503
4061
2998
19562
4042
1708
15089
4973
21977
6055
7743
13554
15315
16505
15306
7799
25698
1595
8921
30424
4169
2513
5038
49443
10014
12506
14736
19897
36943
46179
11318
3360
7934
1644
26214
7392
2049
15731
2705
13849
26349
42911
2642
7674
4467
11340
3447
26451
5332
3583
11319
1306
6127
19476
4306
13069
8192
7151
26604
1037
2440
12738
10165
20612
12942
6371
12804
38616
5962
11820
23933
18584
14304
4553
1462
8113
2834
1556
16085
3744
8020
14613
7513
31985
27351
2190
1536
21370
1405
4271
33533
6525
1534
2231
11737
35222
11905
21687
103
16492
24141
17979
20
6393
18992
106
4757
27753
35107
27780
16182
39761
12081
21963
8772
4766
133
21394
7280
16835
27984
12645
19829
8558
7415
6532
7858
30866
21254
13472
292
4203
6737
23639
8663
12261
4166
13678
7909
24954
20551
33348
20313
12396
13654
23651
28883
15394
10953
2571
13109
13562
5914
11249
24245
9883
4141
4134
3393
30781
6410
8867
21865
5161
5970
14448
5985
13758
25329
4369
17257
8048
3460
21984
21458
11107
2058
15668
15510
9126
1371
29525
15723
2451
3624
44692
6861
19812
5399
5001
3539
10298
29716
5326
8895
766
29748
44317
17987
3750
12391
695
7198
11482
14509
3786
637
23490
30412
310
642
15757
8654
14359
17471
40129
35502
16035
7330
8356
16091
16154
22702
16400
36294
979
18307
12221
26709
204
36117
1007
18158
11725
7404
26598
5802
47752
9605
4937
6424
4821
23189
3881
18178
612
3906
6232
5981
5861
36602
30770
4835
15387
3976
3501
1732
48364
10993
8170
4955
18297
2499
37572
4091
27162
31089
14788
3253
4058
1208
9573
5873
18716
37775
1181
5031
492
13660
7774
23986
4547
27489
38248
4305
9489
5826
6875
2502
5634
31734
5920
9702
13530
8828
605
6850
13543
7782
51856
8126
4793
13641
7845
15973
5140
2673
6099
31925
13606
39059
1362
18996
17245
7953
8995
39162
1255
14944
2700
12281
4327
1412
31537
14040
4450
10187
55523
6685
24559
28764
32709
24578
2210
28525
8037
9031
25595
9826
15618
4831
8094
2151
14242
761
12367
14165
70
20025
16195
5536
1611
19828
1617
10100
19602
24820
7540
2315
4728
22122
10880
14325
33308
2953
3080
1702
2996
2401
2259
22433
10207
1300
11816
6367
33612
1765
6384
42627
25707
6388
14140
20415
5709
4096
9409
42603
13227
15342
12816
28805
22635
7960
8608
43171
10430
25623
13941
5711
10496
25610
37599
3164
25687
19154
5763
3040
34481
7815
16048
16064
2385
43714
14474
16393
10802
1312
10500
1990
1968
1324
30003
26294
9406
34913
6743
13297
1966
23366
29483
5442
45137
35297
3496
5259
476
35383
6142
45089
26854
6592
35449
1523
2115
14812
649
5320
35878
693
35896
3588
35964
26792
9534
6171
25756
5296
13561
2171
3352
36241
5891
36752
7040
27099
9035
37118
11410
8211
2314
27692
21271
12772
5489
20186
894
19508
37560
3707
9494
8228
6617
37687
9772
904
11329
34736
14088
24982
37547
14986
7401
1197
19525
38250
3986
38316
21248
24806
4932
38577
13080
8413
11576
9423
11617
38950
9175
14252
21882
17492
11813
8510
7618
7924
6584
14286
17962
5755
17941
622
39251
10752
9683
53193
16303
6610
12140
4839
27145
39818
7630
10397
43734
964
5811
2670
16153
17308
1643
7644
8629
8595
11152
14564
2748
40943
5679
9640
33376
16267
1552
23629
2098
16516
40669
23246
12877
11838
4517
40535
9765
2948
41160
7700
11046
12068
26572
7002
599
2914
1626
22446
7923
20189
2967
42468
18689
14953
12103
258
12139
14658
22173
8067
8024
10135
3826
20843
4638
3072
34223
9130
9069
1784
30071
31009
428
427
18962
43470
1665
4719
43556
43620
8446
43224
10332
1686
5704
18481
25563
44056
16718
44083
9247
4894
30682
1015
19235
35391
15144
17255
21741
14933
6169
13233
12885
4320
1757
20527
696
19708
19776
12678
16636
45201
4689
4864
45203
15747
8381
44582
33553
23635
5069
45565
4313
6631
45144
45902
9523
45933
15564
46119
12507
18869
9220
15816
46363
4687
866
20954
27785
15680
8794
916
3389
46983
46003
19060
8734
8148
5253
15407
47437
5984
6869
7563
10518
1676
8021
2999
5345
18087
3717
5420
2075
2247
6581
2225
48836
9222
9872
8905
23454
13419
5852
19808
4662
3855
6123
6839
8017
49734
20061
12205
24957
32848
50258
7157
15375
8840
11283
50942
13432
50978
1167
51031
13439
51058
13685
32821
51299
51318
4873
6302
1231
5633
51692
15748
10176
13502
3945
52064
28011
13735
5644
1600
31525
