0.994297889143
0.991207255665
0.987771108839
0.987595953517
0.984900565098
0.983222161004
0.981405505723
0.979416106814
0.977707533561
0.97613974806
0.974434037529
0.972973183501
0.971513428465
0.97012420336
0.969187037899
0.96811159578
0.967383407132
0.9664822189
0.965512178735
0.964923463273
0.963746582777
0.962604997998
0.961636911666
0.960807510775
0.959943929932
0.959287865963
0.958424966633
0.957700430315
0.956976167347
0.956321118501
0.955252849959
0.954460640842
0.95387530436
0.953221317231
0.952498750898
0.951810847849
0.951123192678
0.95033269759
0.949576879454
0.948958705543
0.948340732296
0.947791591723
0.947139696344
0.946590904293
0.94597370326
0.945459522308
0.944774171976
0.944020572325
0.943335738252
0.942993413782
0.942445823851
0.941658947546
0.9412827289
0.940769825238
0.940120349008
0.939505260847
0.938890373972
0.938207404893
0.937661209047
0.937081048824
0.936398741998
0.935887170297
0.935307558016
0.934557743643
0.933978545115
0.933433579966
0.932820687304
0.932071872523
0.931595505837
0.931051236488
0.930439127223
0.929963178638
0.929419387652
0.929045622324
0.928570029715
0.927958733667
0.9272797555
0.926668887494
0.925990385826
0.92531213328
0.924871395922
0.924193565826
0.923786973629
0.923312729134
0.922906331389
0.922432314271
0.921552353542
0.921078684325
0.920469862096
0.92006408995
0.919658407264
0.919117640524
0.918745952657
0.918306782714
0.917800181637
0.917226202854
0.916753646296
0.916314952852
0.915572791662
0.914864650761
0.914460116767
0.914089371958
0.913516556777
0.913011278964
0.912270460917
0.910083411211
0.90971355479
0.909242937775
0.908738840959
0.908302069042
0.907798234393
0.907260965293
0.906790984439
0.906388239646
0.905884934302
0.905448849488
0.905046402895
0.904644045141
0.904275296409
0.903873110119
0.90316951615
0.902566643636
0.901930501301
0.901562305482
0.901160723669
0.900792685027
0.900357827803
0.899889638014
0.899454999471
0.899053887323
0.898552624651
0.898151713167
0.897784289562
0.897316770102
0.896849372407
0.896415468803
0.896081767909
0.895614690158
0.895214435336
0.894847614344
0.894347528941
0.894080870899
0.893780928127
0.893481035677
0.893147880862
0.89278148232
0.89241515957
0.892048911371
0.891716024315
0.891283363833
0.890817540386
0.890451620828
0.889952763637
0.889587021757
0.889088412444
0.888822539663
0.888423806283
0.887659844176
0.887194971242
0.886796602536
0.886497884249
0.886099671477
0.885602035664
0.88510453839
0.884673485704
0.884109964428
0.88377856216
0.883414091358
0.882884089645
0.882519803354
0.882254915254
0.881923860887
0.881592868644
0.881261937906
0.880732580429
0.880434885341
0.880038037456
0.879707399326
0.879343770318
0.878980214618
0.87861673471
0.878319397463
0.878022110536
0.877724874552
0.877394670677
0.876932490242
0.876635438148
0.876305439285
0.876008493425
0.875645628555
0.87534879452
0.875052011428
0.874755278036
0.87439267347
0.87379949246
0.873371203095
0.873074754857
0.872646642549
0.87231739602
0.871757836457
0.871099763365
0.870803700923
0.870507688802
0.870113085495
0.86981719079
0.869488478537
0.869159828408
0.868798384959
0.868502713905
0.868042884281
0.867747341826
0.867419020338
0.867090761598
0.866500053164
0.866171968995
0.865843948193
0.865417617009
0.865122521854
0.864794699231
0.864499710309
0.864172004481
0.863942646931
0.863647803382
0.863287509868
0.862960033902
0.862665358091
0.862403466282
0.862043430586
0.861716190695
0.86138901293
0.861127314951
0.86083295225
0.860473245816
0.860048235411
0.859819426425
0.859557967006
0.859296547347
0.858969829307
0.858610514261
0.858120657745
0.857761516649
0.85750037034
0.857271900557
0.856912939003
0.85655405262
0.856260474558
0.855999557491
0.855640862453
0.855347439704
0.854988881962
0.854695570417
0.854434891288
0.854141674794
0.853881080156
0.853587958713
0.853294888212
0.853066978797
0.852839099823
0.852578703984
0.852318347906
0.852025495464
0.85179775565
0.851537518851
0.850984654504
0.850594504319
0.850301948835
0.850041941278
0.849814466738
0.849489556536
0.849229672608
0.848904874853
0.848645081006
0.848385326298
0.848190536359
0.847898394007
0.847476502278
0.847152039377
0.846860075323
0.846568162212
0.846373581635
0.846114174827
0.84578997223
0.845401014845
0.844947349268
0.84468816114
0.844461404144
0.844234679453
0.84384608053
0.843587061382
0.843425194605
0.843166240067
0.842874964359
0.842616094933
0.842227868139
0.841710383999
0.841451692871
0.841257700618
0.84103140459
0.840805139002
0.840481957119
0.840061912989
0.839868081018
0.839448197792
0.839222145294
0.838866982064
0.838641007843
0.838382788866
0.838189150725
0.837898735449
0.837608372358
0.837156800394
0.837027800245
0.836737586875
0.836511899672
0.836092853891
0.835899480403
0.835545024157
0.835319497858
0.835029582067
0.834804125347
0.834514297774
0.834288910635
0.834063553937
0.8338060407
0.833580749233
0.833162438391
0.832872896593
0.832583403873
0.832293961475
0.832004570641
0.831747375484
0.831265247943
0.831008167096
0.830783253971
0.830526247674
0.830301399781
0.829948133228
0.829755471693
0.829498625058
0.829241818183
0.828985050446
0.828664148552
0.828407472139
0.828022533623
0.827798025553
0.827605613761
0.827381161603
0.827124682748
0.826868243032
0.826515705828
0.826291401528
0.826003055015
0.825778820917
0.825490563864
0.825234377618
0.824914200723
0.824658103936
0.824402047532
0.824178030249
0.823890053381
0.823666105678
0.82337821827
0.823122360044
0.822898516712
0.822642733036
0.822418954935
0.822227169363
0.821971491921
0.821715852375
0.821428306654
0.821236636634
0.820917237545
0.820661762009
0.820406326233
0.820150930217
0.819927491319
0.819576440767
0.819161658627
0.81893835454
0.818715080895
0.818204874702
0.818045461864
0.817758557895
0.817535445153
0.817312363474
0.81705745017
0.816802576625
0.816484039831
0.816261101039
0.816006351124
0.815751640969
0.815528802198
0.815274166593
0.815019571369
0.81473319919
0.814542311946
0.814256023636
0.813937990054
0.813715399163
0.813461046847
0.813079605971
0.812761798525
0.812571142386
0.812412279354
0.812062837841
0.811745229194
0.811554692335
0.811205434712
0.810919734726
0.810665820392
0.810475410268
0.810031211925
0.809872597393
0.809650563763
0.809428559954
0.809238295203
0.808762753537
0.808445789748
0.808223951812
0.808033828706
0.807812046683
0.807653649589
0.807210230915
0.80705189284
0.806766927793
0.806513663908
0.806292090625
0.806102194897
0.805469419118
0.805216359003
0.804994964019
0.804678742003
0.804457420947
0.804236130954
0.80398326467
0.803730440009
0.803446058316
0.803161728808
0.802940616493
0.802656375202
0.802435332467
0.802056476613
0.801835516504
0.801583029182
0.801393688851
0.801109722154
0.800794262412
0.800541938479
0.80032118711
0.80000588206
0.800005849755
0.7998166958
0.799627564209
0.799438455605
0.799249368744
0.798965784116
0.798776753168
0.79849324868
0.79827277998
0.798020853647
0.797800450178
0.797517119641
0.797296786373
0.797076482926
0.796824744832
0.796573047741
0.796415756473
0.796038325146
0.795818195648
0.795535218602
0.795283725281
0.795095130451
0.794875131416
0.794592320244
0.794372390789
0.794121080737
0.793869810444
0.793618581155
0.793398787132
0.79302207335
0.792802361332
0.792645442815
0.792331652994
0.792017928405
0.791735627901
0.791578814995
0.791202531118
0.791014420863
0.790763642601
0.790544244315
0.790293540603
0.790074206927
0.789823577766
0.789541668649
0.789416391032
0.789197179122
0.78891538183
0.788664935937
0.788414530425
0.788226751918
0.78800770526
0.787788689664
0.787507143358
0.787225649857
0.786975472966
0.78666280823
0.78644397963
0.786225180851
0.786037663269
0.785818921023
0.785631451899
0.785475244713
0.785225346141
0.784975488572
0.78478812009
0.784600773973
0.784413450221
0.78416372063
0.783882822909
0.783726789673
0.783477169421
0.783134013718
0.782884487897
0.782728554061
0.782635001215
0.782416733604
0.782229670778
0.78201145908
0.781762113421
0.781388170415
0.781138922293
0.780920862801
0.780827418052
0.780547117974
0.780360278797
0.780080064452
0.779893281187
0.779582029175
0.779239726448
0.779021932852
0.77880417094
0.778586437605
0.77839983326
0.778213251281
0.778057783383
0.777902331016
0.777684725659
0.777467148879
0.777218528841
0.776814607399
0.776628215523
0.776441846011
0.776224443803
0.77613128048
0.775976020701
0.775789729467
0.775696592237
0.775479293777
0.775168922076
0.774951698166
0.774734504076
0.774424280233
0.774269191298
0.774083105697
0.773835026147
0.773648992111
0.77343198129
0.773184009216
0.772936073174
0.772657194517
0.772471302747
0.772316409505
0.771820870412
0.771604116167
0.771356436081
0.771139748931
0.770892141531
0.770706461608
0.770397046011
0.770211425727
0.770025827809
0.769747474729
0.769531011851
0.769345495937
0.769190916427
0.768974531827
0.768758177046
0.768603656555
0.768510951715
0.768232871986
0.767923954631
0.767738632548
0.767429813352
0.76724455153
0.767028442143
0.766781497617
0.766627175926
0.766071752027
0.765732423847
0.765609049742
0.765238997005
0.76496151057
0.764745721127
0.764345057523
0.76416016783
0.763882877709
0.763636438881
0.763482434027
0.763328444705
0.763051304927
0.762804999046
0.762589514016
0.762312508429
0.762127865372
0.761850945517
0.761604833466
0.761389518037
0.76123573994
0.760866740223
0.760682271738
0.760528565084
0.760282667365
0.760098270323
0.759852442805
0.759668097327
0.75939162353
0.759207333965
0.758961650577
0.758808117873
0.758623899131
0.758470401217
0.758194146721
0.758010002529
0.757764513592
0.757488385831
0.757304327371
0.757058951502
0.756353790118
0.756139218326
0.755985971398
0.755802095585
0.755587602071
0.755373139619
0.755036192071
0.754791185224
0.754638074971
0.754454363169
0.754270673731
0.753995185237
0.753811551712
0.753689142408
0.753230211734
0.753046671397
0.7528937382
0.752710239486
0.752496185817
0.752282163832
0.752129308291
0.751915337248
0.7516708361
0.751487485865
0.751273606767
0.75109030499
0.750907025577
0.75072376853
0.75057107203
0.750387855985
0.750052019232
0.749807822497
0.74953314784
0.749319546441
0.749044960624
0.748861930954
0.74843495864
0.748282494487
0.748069070766
0.747672800022
0.747520414147
0.747154755514
0.74697195695
0.746819641897
0.746575972603
0.74630189124
0.746119197046
0.745936525217
0.745753877616
0.745571251138
0.745388646403
0.744871399581
0.744658463541
0.744536799116
0.743867851036
0.743624663211
0.743442297037
0.743199176928
0.7429560972
0.742804192173
0.742682679333
0.742439684717
0.742196730482
0.742044903732
0.741862732009
0.741650226495
0.741377050916
0.741225307414
0.741073580064
0.740861186997
0.740709496301
0.740527487967
0.740375831439
0.740224190443
0.740072564978
0.739890634922
0.73970872723
0.739496530478
0.739314671244
0.739041928055
0.738860124734
0.738678343777
0.738526876731
0.738314850202
0.738012012404
0.737497348119
0.737285468826
0.7371038817
0.736922316938
0.736771030055
0.736226574331
0.736014877686
0.735772975848
0.735591575097
0.735440424889
0.735289290212
0.735017288174
0.7348057661
0.734594273846
0.734413018468
0.734201582747
0.733990177468
0.733808997261
0.733658030322
0.733416517387
0.733205225797
0.733024142505
0.732752564781
0.732481034894
0.732209554086
0.732058751778
0.731907965001
0.731576294974
0.731365268037
0.731093992241
0.730943304864
0.730672110452
0.730521466563
0.730370838205
0.730250346701
0.730039512351
0.729798595196
0.729648041388
0.729527610145
0.729346980987
0.729166374193
0.728985790386
0.728775137442
0.728564514938
0.728474257203
0.728233599109
0.727992978912
0.727752399095
0.727571990481
0.727421667157
0.727271358743
0.727060954919
0.72691068378
0.726730380778
0.726459971627
0.726189610933
0.726039429875
0.725919296211
0.725739114974
0.72558898051
0.725468884122
0.725318778235
0.725138670927
0.724988598588
0.724808532904
0.724538477244
0.724358467472
0.724148483614
0.723938530818
0.723728608464
0.723548698713
0.723099029639
0.722949169147
0.722649502832
0.722409808297
0.722200107729
0.721960487123
0.721780797916
0.721541246891
0.721361609248
0.721211928297
0.720972472322
0.720762979873
0.720553518486
0.720403921404
0.72028425492
0.720134685794
0.719985132199
0.719805688387
0.71965616896
0.719626266939
0.719506665066
0.719327281514
0.719177811788
0.718968580885
0.718878919551
0.718639851858
0.718520331989
0.718341071446
0.718191704226
0.718072221632
0.71783328813
0.71750482624
0.717355545995
0.717206281281
0.717027184748
0.716818266955
0.716669058775
0.716490028715
0.716340854083
0.716042552655
0.715386539628
0.714969217196
0.714820200983
0.714611604376
0.714105154885
0.713956228753
0.713747760124
0.713598871267
0.713301143874
0.713211836652
0.713063003708
0.712884425297
0.712676113845
0.711605328618
0.711397202298
0.711189110147
0.710951324094
0.710773010336
0.710594718321
0.710446159348
0.710238203251
0.710149087995
0.710030276353
0.709881775777
0.709733290733
0.709584821219
0.709436367238
0.709198875036
0.709080143534
0.708902063987
0.708724006805
0.708545971988
0.708397626725
0.708249296993
0.708012003591
0.707863714241
0.707567185861
0.707389296417
0.707270715879
0.707152145281
0.706915035769
0.70676686135
0.706085478945
0.705907776497
0.705789320209
0.705582046866
0.705434012228
0.705285993121
0.705049194856
0.704901216131
0.704723662783
0.704575718226
0.704427789822
0.704279876328
0.704102400637
0.703717954151
0.703540549282
0.703333607065
0.703185808503
0.702949363729
0.702742508487
0.702565227247
0.702417509447
0.702151660273
0.70200398596
0.701856327179
0.7015315375
0.701324889756
0.701177302418
0.700823163009
0.700675630342
0.70043960926
0.700262618144
0.700115143253
0.699849726469
0.699731779606
0.699554878571
0.699407477609
0.699289568021
0.699142195015
0.69896536853
0.698818029693
0.698641243589
0.698376110717
0.698258288104
0.698140475432
0.698052122451
0.697934327173
0.697787097054
0.697581001602
0.697404372675
0.697286632067
0.697139470286
0.696962897271
0.696756923584
0.696609817716
0.696345068776
0.696080374506
0.695962745724
0.695815723724
0.695668717256
0.695521726318
0.695521713272
0.695374737866
0.695227777991
0.695051446643
0.694904520937
0.694728230591
0.694434466775
0.694287606301
0.693847137323
0.693582915204
0.693406792595
0.693230694216
0.693054616337
0.692907901856
0.692702528297
0.692526518135
0.692262547622
0.692027947961
0.691852024775
0.691646809013
0.691529555466
0.69138300251
0.691177855085
0.691089943813
0.690972737481
0.690826243544
0.690621179989
0.690474723327
0.690298996455
0.690152573962
0.689976888714
0.689713402776
0.689537772819
0.689362165227
0.689215842134
0.689128055733
0.689011015896
0.688864730078
0.688747712606
0.688601454744
0.688455212414
0.688250499864
0.688104294809
0.687899635687
0.687695005765
0.687461181424
0.687315060238
0.687168954582
0.686993648297
0.686818364376
0.686584689136
0.686409457401
0.686234248031
0.686117454209
0.685942282114
0.685796322452
0.68562119198
0.685504450343
0.685270997511
0.685066759597
0.684920893123
0.68477504218
0.684570877574
0.684454225397
0.684308424154
0.684133485028
0.683958567024
0.683841967032
0.683667085682
0.683608796869
0.683433945339
0.68334652796
0.683084310616
0.682851271536
0.682676516921
0.68253090516
0.682385308929
0.682210615818
0.68197772646
0.681832189248
0.681628463245
0.681512062053
0.681337478903
0.681192010029
0.680988380941
0.680872034419
0.680726615245
0.680493977493
0.6803485987
0.680145096347
0.67997068839
0.679854428843
0.679738179237
0.67941854842
0.679302336089
0.679186133697
0.679011848747
0.678866628995
0.678866604766
0.67875043965
0.678605247232
0.678460070346
0.678256850661
0.678024636602
0.677589361277
0.677473305501
0.677299241095
0.677183210168
0.677009183037
0.676719190833
0.676516231452
0.676371278216
0.676081422686
0.675907536579
0.675791624933
0.675646749353
0.675501889304
0.675270148016
0.674980533532
0.674777835076
0.674662020345
0.674459370347
0.674314637655
0.674140979547
0.673996281023
0.673822663296
0.673649067934
0.673417645969
0.673301948033
0.67295492691
0.672868182346
0.672694710613
0.672636891465
0.672376739778
0.672232231357
0.672029946033
0.671856581776
0.671712128647
0.671596577325
0.671221108528
0.671018976032
0.670874612984
0.67078800261
0.670643664411
0.670499341744
0.670239602568
0.670124177981
0.669979911227
0.669864509006
0.669720270829
0.669576047562
0.669489521057
0.669403000143
0.669056982339
0.668970489382
0.668797520861
0.668566933857
0.66842283484
0.668307566809
0.6681346834
0.667990630977
0.667788984298
0.667673770937
0.66741458343
0.667270608664
0.667011495707
0.666896349441
0.666781213115
0.666637307307
0.666550970904
0.666407089325
0.666263223277
0.66611937276
0.665831720806
0.665630400905
0.665486618725
0.665227850563
0.665055366618
0.664911647185
0.664767942662
0.664595517735
0.664423115174
0.66422200712
0.664107101899
0.663934763326
0.663733731064
0.663561440328
0.66341788242
0.663303046779
0.663188221079
0.662958600118
0.66281510682
0.662671629054
0.662298681912
0.662126578172
0.661925818639
0.661725090168
0.661581730439
0.661409719266
0.660148994823
0.660034442473
0.659776738512
0.659633590629
0.659490457657
0.659347340837
0.659204238926
0.659061153169
0.658946695248
0.658803636826
0.658717809227
0.658603381127
0.658488962966
0.658374554745
0.658231559069
0.658088578303
0.657659770194
0.657545434038
0.657231070183
0.656945347831
0.656831073801
0.656631118166
0.656431194836
0.656316965535
0.656202746175
0.656031436393
0.655574724825
0.6552608238
0.655118166084
0.654861425062
0.654718811454
0.654547695502
0.654433630833
0.654234042357
0.654148512959
0.654005976386
0.653806453141
0.653749451559
0.653464485269
0.653293533327
0.653122603129
0.652923214696
0.652780812314
0.652638424841
0.652496053522
0.651784443559
0.65161371154
0.651443003129
0.65127231584
0.651101650916
0.65098788631
0.650760388162
0.650618221234
0.650504498874
0.650362359902
0.650191814258
0.650078129173
0.649964454028
0.649822374074
0.649708721294
0.649566669297
0.649424632831
0.649254210195
0.648885049574
0.648743087658
0.648544367069
0.648402442428
0.648288913898
0.648118641604
0.647920017308
0.647778161005
0.647607954564
0.647494496235
0.647352686526
0.646785640897
0.646700599801
0.646530535005
0.646332156103
0.64619047375
0.646020476049
0.645878828486
0.645680547741
0.645538936832
0.645369024863
0.645312392303
0.645170821775
0.645085886914
0.644944341236
0.644802811089
0.644689598154
0.64451979801
0.644406609926
0.644208556559
0.644095395809
0.643982244999
0.643840820465
0.64372769202
0.643586295442
0.643360099435
0.643218743238
0.643077402573
0.642992605629
0.642738254556
0.642540457766
0.642314441921
0.642173200656
0.64200373226
0.641749574396
0.641636630463
0.641467232889
0.641354313806
0.641213178153
0.641072058031
0.640761657753
0.640564165996
0.640394909447
0.640253879407
0.640141066557
0.639971866541
0.639774495929
0.639323492409
0.639238943344
0.639126220575
0.639013507126
0.638872629913
0.638703597635
0.638562754591
0.638450090841
0.638224795647
0.638112161717
0.637971383284
0.637830620381
0.637661725399
0.637520996665
0.637408424861
0.63695826562
0.636845743516
0.636705104863
0.63650824057
0.636283288306
0.636227055831
0.636086485516
0.635945930732
0.635777285493
0.635664867759
0.635552459964
0.63544006211
0.635271484587
0.635159111582
0.635018659305
0.634850137695
0.634709720207
0.634541240842
0.634372781978
0.634260488493
0.634063998814
0.633895605181
0.633727232671
0.633614996341
0.633446662349
0.63302594354
0.632857686583
0.632633381662
0.632549276169
0.632409112773
0.632184886129
0.631820603566
0.631764568649
0.631596479429
0.631456422267
0.631204361744
0.630924349926
0.630784366692
0.630616408556
0.630392498129
0.630252573914
0.630112665852
0.6299727727
0.629721008514
0.62960912754
0.629441325337
0.629217624893
0.629133746778
0.628993962344
0.62888214598
0.62879829023
0.628658543072
0.628490867605
0.628407037947
0.628239396027
0.628043843193
0.627513218987
0.627373614716
0.626982824643
0.626759559695
0.626620039293
0.6263689473
0.626257364526
0.626062120453
0.625894791644
0.625783251115
0.62561595958
0.625504443901
0.62536506328
0.625197827658
0.625086349254
0.624947015849
0.624751976168
0.624612680037
0.624473399438
0.624334133749
0.624167036665
0.624055650206
0.623944273687
0.623805067017
0.623665875878
0.623498867633
0.623415371587
0.62324839689
0.623025799165
0.622914514591
0.622664166856
0.622552914587
0.622330446082
0.622219223633
0.622191419574
0.622052408597
0.621969009466
0.62183002334
0.621691052744
0.621552098301
0.621413158769
0.621190894034
0.621051994882
0.620885336401
0.62074647204
0.620635391236
0.62049655421
0.620329970279
0.620135651248
0.619996870755
0.619885857047
0.619747103889
0.619636112545
0.619525131142
0.619414159678
0.619192248434
0.61910904127
0.618998107081
0.618887182833
0.618665367883
0.618305002924
0.6182218554
0.618083288617
0.617944737366
0.617833907547
0.617723087668
0.617473780527
0.617307603516
0.617196830852
0.617086068129
0.617003002609
0.616864572502
0.616726157925
0.61658775888
0.616338682223
0.616172658039
0.61600665622
0.615868337937
0.615647064718
0.615370531281
0.615287581314
0.615149343794
0.615038765581
0.614900556018
0.614762362607
0.614624184105
0.614458390405
0.614320246073
0.61396116586
0.613740234328
0.613602170758
0.613436515597
0.613270882801
0.613022478958
0.612829308619
0.612691347555
0.612580989887
0.61244305678
0.612305139204
0.612194816325
0.612001776449
0.611863909194
0.611781195924
0.61167092026
0.611533089659
0.611312597351
0.611174807132
0.611064586139
0.610954375085
0.61078908087
0.610623807157
0.610458554566
0.610375936346
0.610265787418
0.610100583285
0.609907873914
0.609825292969
0.609742717616
0.609605104453
0.609495025105
0.609274898092
0.609247384778
0.609109827527
0.608972285808
0.608834760241
0.608669749316
0.608587252241
0.608367289859
0.608284813285
0.608092391553
0.607954965386
0.607790073741
0.607625204462
0.607542778209
0.607460357547
0.607323002203
0.607185662389
0.607075801721
0.606965950993
0.60688356947
0.606691369524
0.606554101155
0.606416848317
0.606334504069
0.606169833589
0.606087506115
0.605867999732
0.605785692759
0.605648526896
0.605401669966
0.6052371256
0.605127441367
0.604990350676
0.604825862222
0.604716215265
0.604606578247
0.604442143221
0.604031183013
0.603812048759
0.603647719967
0.60348341354
0.603264374958
0.603072749047
0.602908521519
0.602771681813
0.602634858259
0.602470690371
0.602333900364
0.60214242169
0.602033018262
0.601841588045
0.601732211952
0.601650186406
0.601540827708
0.601404143935
0.601294807603
0.60118548121
0.601185471891
0.600912205609
0.600420487206
0.600256621245
0.600065473076
0.599956258509
0.599601388509
0.599464924659
0.599383053804
0.599219328867
0.599082908505
0.598946503673
0.598810114373
0.59859193001
0.598428313793
0.598319248325
0.598210192797
0.597992114047
0.597910343835
0.597801325582
0.597692317269
0.597556070857
0.597447084909
0.597283625868
0.59717466477
0.597011242383
0.596902306135
0.596738920401
0.596575557654
0.596439438598
0.596330554535
0.5961672477
0.596085602359
0.595976750601
0.595867908784
0.595704664695
0.595541443593
0.595432641535
0.595133496449
0.594997545752
0.594780060296
0.594698510006
0.594589784983
0.594453892683
0.594372364758
0.594263669556
0.594182154677
0.594046308971
0.593937643589
0.593801825839
0.593720342644
0.593557393028
0.593421618766
0.593313011159
0.593150117456
0.592960104932
0.592661576748
0.592553038101
0.592444509393
0.592335990626
0.592227481799
0.592064737195
0.591874900486
0.591712206203
0.591576643787
0.59146820454
0.591386881628
0.591197150531
0.591034548194
0.590926158646
0.590817779039
0.590709409372
0.590573961887
0.590465614585
0.590330194435
0.590194789817
0.590086477305
0.590005249444
0.589842811117
0.589653327899
0.58959919525
0.589274458999
0.589085068968
0.588976858341
0.588814561659
0.588679330991
0.588517076554
0.588354842618
0.588219664756
0.588003413724
0.587814229328
0.587679113591
0.587544013385
0.587435944403
0.587354899189
0.587300872153
0.587219836259
0.587003777193
0.586841752619
0.586625755679
0.586463782668
0.586328822865
0.586220865708
0.586112918491
0.586004981214
0.585897053877
0.585708205577
0.585600305575
0.585438476073
0.585303634307
0.585060963362
0.584953123001
0.584845292579
0.584710519151
0.584494916704
0.58433324003
0.583875313918
0.583713722976
0.583552153157
0.583444451955
0.583175248029
0.583121413581
0.583067581618
0.583013752139
0.582825370398
0.582556310602
0.582448701345
0.582314203752
0.582072156543
0.581937704301
0.581830152821
0.581426936498
0.581211937286
0.581077582581
0.580943244028
0.580808921006
0.580647753758
0.580486610116
0.580406045751
0.580298635294
0.580191234777
0.580056998109
0.579815420565
0.579547059055
0.579359240166
0.579225099792
0.578930046882
0.5788227731
0.578661882929
0.578554633998
0.578501013259
0.578340166576
0.578206144239
0.578072138055
0.577964943794
0.577777378376
0.57764342127
0.577563054462
0.577348772795
0.577188086394
0.577080974137
0.576973871821
0.576893551607
0.576759697629
0.576706160138
0.57649203751
0.576358229505
0.576197681022
0.576063907186
0.576037154282
0.57595689992
0.575956893708
0.575823148449
0.575609191074
0.575475486196
0.575208128626
0.574967558129
0.574833927801
0.574700312384
0.574700303065
0.574593421914
0.574459834453
0.574326262523
0.57424612682
0.574112580361
0.57373875912
0.573738731164
0.573365008702
0.5732582518
0.573124820273
0.572938043221
0.572804648348
0.572697943632
0.572457900576
0.572351228164
0.572244566314
0.572111252203
0.571924639783
0.571764710065
0.571658102263
0.571471564393
0.571364983927
0.571231772322
0.571125214221
0.571045302168
0.570965395707
0.570858862455
0.570725710491
0.570592574057
0.570486075596
0.570352966498
0.570166640474
0.569980345512
0.569847296054
0.569847283008
0.569687644035
0.569607832625
0.569368432563
0.569235453927
0.569129082201
0.569022720415
0.568916368569
0.568810026662
0.568677113258
0.568570793717
0.568358185076
0.56817218583
0.568039347596
0.567906524273
0.567800276797
0.567667482051
0.567534702216
0.567375387535
0.567295738272
0.567216094599
0.567109911733
0.567003738807
0.566897575821
0.566791422775
0.566711814513
0.566605678862
0.566499553151
0.566393437381
0.56628733155
0.566048631015
0.565942557489
0.565863008868
0.565783466459
0.56557138526
0.565438850818
0.565332834447
0.565253328692
0.565173828528
0.564988351754
0.564882377628
0.564776413442
0.564643972809
0.564511547086
0.56440561769
0.564299698855
0.564140838309
0.564008471605
0.563849652682
0.563585012461
0.563532090008
0.563426252558
0.563346880993
0.563267515019
0.563188154636
0.563082349491
0.562950107658
0.562817882599
0.562712112243
0.562553477832
0.562447732326
0.56236842972
0.562368421022
0.562236263058
0.562130547372
0.561998416743
0.561760623235
0.561628536714
0.561522878805
0.561338004022
0.56115315968
0.561047545879
0.560862748131
0.560862741918
0.560783551137
0.560651579548
0.560493234019
0.560308526973
0.560202992692
0.560097468352
0.559675493997
0.559438194382
0.559306381212
0.559174583573
0.559016446162
0.558911033646
0.558805631071
0.558700238435
0.55859485574
0.558489482984
0.558384120169
0.55830510458
0.558094430513
0.557989104972
0.557883789372
0.557778483711
0.55767318799
0.55756790221
0.557462626369
0.557383676012
0.557252104508
0.557146858488
0.556936398131
0.55683118193
0.556673376888
0.556410426468
0.556305259968
0.55617381582
0.555963541217
0.555884697093
0.555753303267
0.555648198892
0.555543104456
0.555438019961
0.55530667832
0.55522788079
0.555017787592
0.554939010563
0.554755220483
0.554650210538
0.554571459602
0.554492714258
0.554387729162
0.554335240342
0.554204029785
0.554099072024
0.553994124204
0.553889186324
0.553521989475
0.553417096325
0.553285993865
0.553102480241
0.552971415057
0.552840366024
0.552709332523
0.55249971396
0.552185358802
0.552080592387
0.551871094968
0.551661635445
0.551556918729
0.551373688396
0.551033502891
0.550850362017
0.550745722337
0.550484168488
0.550379563598
0.55032726488
0.550248821463
0.550065810431
0.549699880312
0.549569219561
0.549386322218
0.549255699364
0.549151211268
0.549046733113
0.548942264898
0.548811694229
0.548602818681
0.548524498272
0.548393976681
0.548289570591
0.548211272547
0.548054694474
0.547793785483
0.547689436548
0.547585097553
0.547480768498
0.547298220297
0.547167845322
0.547011415728
0.546907141343
0.546672564669
0.546620442386
0.546490148173
0.54635986887
0.546229605719
0.546151454911
0.545969126012
0.545864951027
0.545734748138
0.545604560159
0.545500420585
0.54539629033
0.545292170015
0.545136010665
0.545005893509
0.544901810469
0.544771721268
0.544615634605
0.54451158884
0.544355539452
0.544251518537
0.544147507562
0.544043506527
0.543913519833
0.543835534899
0.543653598008
0.543549644189
0.543445700309
0.543315784437
0.543159907135
0.54308197625
0.5429780771
0.54287418789
0.542874181678
0.542796271293
0.542692399479
0.54256257431
0.54245872486
0.542328927647
0.542251056402
0.542147236772
0.541991527829
0.541758007901
0.541680177658
0.541550473012
0.541446720477
0.541317043787
0.541213313617
0.540928113737
0.540824420843
0.540720738509
0.540642982817
0.54040975177
0.540306108576
0.540202475321
0.539839849633
0.539762157307
0.539684470573
0.53960678943
0.539373780792
0.539244352602
0.539166703143
0.539063179228
0.538933788934
0.53885616184
0.538778540338
0.538675053698
0.538571576999
0.538416380587
0.538338790768
0.53833878207
0.53820947813
0.538080189722
0.537899213906
0.537795811756
0.537718266667
0.537666573047
0.537589037277
0.537511507098
0.537408142224
0.537278951351
0.537123941314
0.537020613715
0.536891468815
0.536788163581
0.536710691178
0.536581583553
0.536426675401
0.536349229091
0.536349220394
0.536271779675
0.536194344547
0.536091106408
0.535884663676
0.535781455357
0.535704055641
0.535549274845
0.535446098831
0.53523978035
0.535136634155
0.534904597774
0.534801483884
0.534775706965
0.534698379935
0.534492202478
0.534363361369
0.534286064159
0.534157247901
0.534002690134
0.53389966322
0.533822399557
0.533642143149
0.533539151025
0.533410426711
0.533307457573
0.533204497754
0.533050077905
0.532972875747
0.532972867049
0.532869939535
0.532767021961
0.532689840303
0.532535495625
0.532329737512
0.532149732089
0.532046884095
0.531944046041
0.531815513072
0.531764103985
0.531686995014
0.53158419175
0.531481398426
0.531378615042
0.531301534027
0.531173079957
0.531070326393
0.530941899037
0.530813487213
0.530710768439
0.530608059604
0.530505361332
0.530402672377
0.530402666165
0.530274319572
0.530197318698
0.530094660185
0.52991503124
0.529838056459
0.529709778203
0.529581514857
0.529478915363
0.529325036623
0.529222462601
0.529119897897
0.529017343133
0.528863530245
0.528735369406
0.528581597521
0.528427848623
0.528325360954
0.528248501725
0.528069187133
0.527966734254
0.527889901118
0.527787465634
0.527685040711
0.527582625107
0.527429020338
0.527301033449
0.52719865512
0.527096286731
0.527019516963
0.526891579774
0.526738077511
0.526635753853
0.526533440134
0.526431136355
0.526354415044
0.52625212866
0.526124284658
0.526022020639
0.525945329148
0.52586864387
0.525766404701
0.525587511937
0.525485300103
0.52538309821
0.52525535982
0.525076554653
0.524948855403
0.524795635188
0.524616907056
0.524540318071
0.524463734678
0.524387156876
0.52425953963
0.524157457017
0.524004355461
0.523902297697
0.523800249873
0.523672704693
0.523417661548
0.523315660939
0.523137184413
0.522958741435
0.522882273594
0.522780325791
0.522703870997
0.522550978181
0.522423584586
0.522372631497
0.522270733394
0.522143375831
0.522041499473
0.521939633054
0.521863239763
0.52176139074
0.521506819744
0.521405005511
0.521023331665
0.520972446914
0.520845245906
0.520743496282
0.520616323231
0.520514596594
0.520412879275
0.520336597809
0.520336588491
0.520260312616
0.520184042333
0.520031519161
0.519955265652
0.519650313739
0.519472465297
0.51939625279
0.51926924437
0.519167648816
0.519091458674
0.518964488151
0.518837532537
0.518735979228
0.51863443586
0.518482140687
0.518380622169
0.51825373862
0.518126870603
0.517974648738
0.517543511561
0.517391375429
0.517315315749
0.517239261661
0.517137864908
0.517112517272
0.516884418997
0.516783057655
0.516681705631
0.51655502958
0.516453699922
0.516377709201
0.516327051827
0.516225745155
0.516124448423
0.516048481931
0.515947201973
0.515845931954
0.515744671876
0.515643421738
0.515542181539
0.515440951281
0.515263824111
0.515061431932
0.514985543718
0.514884368129
0.514808492961
0.514682047394
0.514580901626
0.514479765798
0.514378639909
0.51417642168
0.514075325612
0.513898432032
0.51382262955
0.51374683266
0.513671041361
0.513595255653
0.513468959185
0.513393188387
0.513292169354
0.513140660063
0.512963928008
0.512837708576
0.51268626638
0.512585316927
0.512433911385
0.512332987403
0.512181619757
0.512080720004
0.511979830191
0.511878950318
0.511652013159
0.511576376551
0.511425121973
0.511248685633
0.511147877825
0.510971489943
0.51087070947
0.510719559261
0.510492875573
0.510442507701
0.510366960553
0.510291418997
0.510215883031
0.510090002802
0.51003965481
0.509913797567
0.509813121464
0.509662127811
0.509561476558
0.509360206357
0.509284739351
0.509234431119
0.509133822111
0.509033223043
0.508907488808
0.508806912105
0.508630927414
0.508454974407
0.508228793931
0.508153410793
0.50805290864
0.507952416427
0.507826815139
0.507676114716
0.507676102913
0.507550536415
0.507450093902
0.507299450634
0.507199032971
0.507098625248
0.506948032923
0.50684765005
0.506571649024
0.506496388894
0.506245567765
0.506120177703
0.506019876835
0.505919585907
0.505844374234
0.505719035735
0.505568649665
0.505468403467
0.505343113426
0.505293000267
0.505167728863
0.505067523046
0.504992374741
0.504741923257
0.504641760928
0.504566644306
0.504491533276
0.504416427837
0.504291264531
0.504216174002
0.504141089064
0.504066009718
0.50396591262
0.50369070431
0.503590644487
0.503465584308
0.503365546851
0.503265519333
0.503190505218
0.503065494739
0.502990495534
0.50291550192
0.50279052561
0.502565609378
0.502465661381
0.502290778788
0.502140902764
0.502065972518
0.50194110182
0.501866186484
0.501766308688
0.501691406398
0.501591545997
0.501491694914
0.501341938791
0.501242112559
0.501167249408
0.50106744057
0.500967641673
0.500817963828
0.500693247821
0.500618425673
0.500568547346
0.500468798149
0.500369058892
0.500294261593
0.500219469885
0.500119755478
0.499845593974
0.499745916842
0.499671165516
0.499546593018
0.499422036052
0.499322401165
0.499247681522
0.499172967471
0.499098259011
0.499023556142
0.4988741678
0.498699910185
0.498600347984
0.498500795102
0.498401252159
0.49827683746
0.498152438912
0.498028055275
0.497928559548
0.497853944275
0.497729598534
0.497505817948
0.497381515695
0.497058428863
0.496983878822
0.496909334372
0.496785107911
0.496487036346
0.496412529171
0.496313194969
0.496189041815
0.496114557005
0.496015252623
0.495841495115
0.495767036398
0.495642951582
0.495494069558
0.495394829165
0.495270790943
0.495146767631
0.494923574126
0.494824389024
0.494750006721
0.494551687459
0.494477325657
0.494477310125
0.494402953914
0.494328603295
0.494254258266
0.494179918829
0.493907394941
0.493882623205
0.493783542473
0.493734005835
0.493585412693
0.493511124198
0.493387322051
0.493263534814
0.493139763108
0.492991259426
0.492867521889
0.492818031223
0.492694317294
0.492620095273
0.492521141897
0.492397463379
0.492298532368
0.492150154179
0.492075973161
0.491977073834
0.491902905862
0.491754587312
0.49165572029
0.491556863208
0.49148272692
0.491334471117
0.491260351602
0.491186237679
0.491112129347
0.491013326935
0.490865141955
0.490791057851
0.490667596771
0.490568839089
0.49049477735
0.490396037063
0.490321988371
0.490321982159
0.490223259267
0.490149223621
0.49009986963
0.489927152716
0.489828469584
0.489754463759
0.489557148437
0.489458502581
0.489384524711
0.489211933911
0.489113322844
0.489014721717
0.488694342916
0.488620422822
0.488521872017
0.48844796497
0.488374063514
0.488275536937
0.4881770203
0.488078513604
0.487980016847
0.487807675168
0.48773382217
0.487659974763
0.487512297965
0.487438467332
0.487389250016
0.487266219462
0.487143202576
0.487069399899
0.48702020122
0.486946407862
0.486848025415
0.486774245104
0.486675880052
0.48657752494
0.486503765129
0.486331683133
0.486233362812
0.486159629094
0.486085900967
0.486012178431
0.485889319963
0.485717346686
0.485619088489
0.485520840233
0.485422601916
0.485348929702
0.485152499041
0.485029749292
0.484980653741
0.484759767561
0.484489857894
0.484489851682
0.484269068629
0.484195484011
0.484097379884
0.483901205179
0.483656051096
0.48355800164
0.483459962123
0.483312922107
0.483067910291
0.482994416996
0.482896434635
0.482798462213
0.48272498942
0.482627034394
0.482235332326
0.482161902399
0.48201505994
0.481819306443
0.481721443361
0.481648052573
0.481550207508
0.481354549683
0.481256734437
0.481158928511
0.481061133146
0.480938902141
0.48084112852
0.480718926092
0.480621174836
0.480547867917
0.480474566589
0.480327982571
0.480205844753
0.480034881629
0.479912781708
0.479790696697
0.479522171176
0.479424541685
0.479326922134
0.479326905981
0.47922929637
0.479156095685
0.479034108831
0.478570758582
0.478497608218
0.478302574128
0.478205068887
0.478131946479
0.478010088846
0.477912613424
0.477790783747
0.477742055977
0.47764460789
0.477571528349
0.477474098279
0.477376677528
0.477303618487
0.477230565038
0.477157517181
0.477060128734
0.47696275085
0.476865382283
0.476743686175
0.476622004977
0.476573336846
0.47650033931
0.476378689174
0.476281380248
0.476184081262
0.476062472128
0.475989513731
0.47569774972
0.475600510995
0.475454674341
0.475454658188
0.475357443692
0.475211642449
0.475041570819
0.474968690699
0.474920107059
0.474847236257
0.474725798589
0.474652942698
0.474458689519
0.474313026194
0.474191655621
0.474094570345
0.473803380991
0.473682075649
0.473585042558
0.473488019407
0.473366755689
0.473245506259
0.473172764057
0.473075783151
0.472978812185
0.472881851159
0.472784900694
0.472663727679
0.472591030206
0.472421428242
0.472348749406
0.472276076163
0.472179187202
0.472106527004
0.472009655438
0.471815944612
0.471719103487
0.471573860127
0.471428638511
0.471356036089
0.4712350451
0.471065686666
0.470968921955
0.470775426081
0.47038858716
0.47031606488
0.470267719799
0.470146868592
0.470026032915
0.469784413747
0.469687780741
0.46961531251
0.469518696899
0.469277214406
0.469204777859
0.469108204493
0.469035780992
0.468963363082
0.4688185459
0.468697880446
0.468553103023
0.468456597374
0.468335982241
0.468167145657
0.468094794842
0.467998335786
0.467925998018
0.467709020123
0.467660809233
0.4675402935
0.467443892221
0.467395694998
0.467275213434
0.467178838868
0.466962041758
0.46688978413
0.466793449325
0.466745285649
0.466600811397
0.466528581726
0.466432284196
0.466335996605
0.466191586342
0.466095323601
0.465999070801
0.465926887723
0.465806595019
0.465710372039
0.465614158998
0.465517955898
0.465373670506
0.465277492255
0.465205365091
0.465133243517
0.465061127535
0.464964981589
0.464892878653
0.464796750103
0.464700632114
0.464604524064
0.464508425334
0.464412336543
0.464316258314
0.4642442057
0.464148144244
0.464052092729
0.463932042934
0.46381200867
0.463739995194
0.463643985924
0.463571985494
0.463428002651
0.463332025686
0.463188080739
0.463140103439
0.463020171681
0.463020165469
0.462876268979
0.462780349169
0.462684439299
0.462612513419
0.462372803974
0.462276936349
0.462205042153
0.462085230918
0.461965437079
0.461845657528
0.461749844572
0.461677991379
0.461630092356
0.461414586825
0.461294878718
0.461175186142
0.461055509097
0.460959778147
0.460887986457
0.460887980245
0.460816194146
0.460816174266
0.460768319974
0.460696543194
0.460624772006
0.460481247024
0.460385576335
0.460313829376
0.460242088007
0.46017035223
0.460098622045
0.460002990494
0.459931273355
0.459859561807
0.459763955106
0.459572775875
0.459453306949
0.459381632676
0.459309963994
0.459166644025
0.459118875465
0.459047227905
0.458975585316
0.458880071182
0.458760691716
0.458689071492
0.458569718739
0.458474246229
0.45840264837
0.458283331029
0.458187888339
0.458092455589
0.458044742941
0.457949325101
0.457853917201
0.457734671925
0.457543911417
0.457448545762
0.457353190046
0.457257844893
0.457114846731
0.456948043499
0.456852739969
0.456781268845
0.456685983331
0.456590707757
0.456471627113
0.456400185809
0.456304939434
0.456162092236
0.456066870711
0.455924057683
0.455852659244
0.455757470024
0.455686084633
0.455519544811
0.455376820621
0.455257898395
0.4551627713
0.455091432502
0.454996322802
0.45494877168
0.454877449656
0.454758592661
0.454639751198
0.454449638654
0.454330837572
0.454283321239
0.454235807392
0.454022030179
0.453855790421
0.453760809941
0.453665840023
0.45361835848
0.453475929384
0.453404722913
0.453309789648
0.452882734086
0.452669277439
0.452455874219
0.452361040975
0.4522899221
0.452218808815
0.452218785208
0.452123976193
0.452029177118
0.451958084335
0.451863302656
0.451792222919
0.451650082083
0.451555332708
0.451460593274
0.451389545221
0.451271146088
0.451200112945
0.451129085393
0.451081736799
0.450987047064
0.450892367891
0.450892359193
0.450774024049
0.450655704436
0.450584719751
0.450466424988
0.450395455213
0.450348145136
0.450300837543
0.450158930298
0.450087984751
0.450087978538
0.449946106083
0.449851536249
0.449756975735
0.449709699205
0.44963878907
0.449567884526
0.449426092211
0.449307949033
0.449166199585
0.449095332316
0.449000851322
0.448906380267
0.448788305427
0.448693856738
0.44864663612
0.448528597313
0.448316172562
0.448198175378
0.448127384523
0.448056599259
0.447938636244
0.447844277014
0.447749927725
0.447679172281
0.447537678788
0.447490519053
0.447301905585
0.447184043834
0.44711333312
0.446995494976
0.446948363819
0.446877671743
0.446783424338
0.446689186874
0.446642071869
0.446500742386
0.446430085721
0.446335885532
0.446194607613
0.446076889991
0.445982727077
0.445912111414
0.445817965895
0.445723830937
0.445606175441
0.445347397338
0.445253311459
0.445206272247
0.445018142112
0.444830056085
0.444759531747
0.444689012999
0.444618499843
0.444524490998
0.444477490304
0.44433650313
0.444195538321
0.444125064303
0.444054595877
0.443937160925
0.443819742125
0.443702341963
0.443514534257
0.443467586989
0.443397170748
0.443326760098
0.443162494053
0.44309210204
0.443021715619
0.442904418584
0.442763681774
0.442716774267
0.442599518235
0.442458831125
0.442177528348
0.44206034376
0.441896312547
0.441779163991
0.44170888194
0.44163860548
0.441544912852
0.441474649439
0.441404391616
0.441334139385
0.441217065379
0.441076596328
0.441006370189
0.441006366462
0.440748928396
0.440585140713
0.440514953713
0.440327819443
0.440210879006
0.440117337342
0.440023805618
0.439977043483
0.43988352729
0.439883514865
0.439836760186
0.439626397365
0.439509551358
0.439439450091
0.439369354414
0.43929926433
0.439159102176
0.439112386014
0.43904231643
0.438902195901
0.4387620996
0.438668712627
0.438598678455
0.438505308877
0.438435287751
0.438365272216
0.438201926242
0.438155261023
0.438085267853
0.437991952324
0.437875322512
0.437758708232
0.437688746746
0.437572156694
0.437362340573
0.437269102701
0.437129265461
0.436966149971
0.436872953722
0.436803063059
0.436686591666
0.436523556938
0.436453694231
0.436337269432
0.436267421635
0.436151021064
0.436104465185
0.436034636025
0.435964812457
0.435918266517
0.435801913162
0.435685574717
0.435406453771
0.435313424639
0.435127398679
0.434871695144
0.434662526366
0.434546340749
0.434430170041
0.434314016728
0.434267559006
0.434104979034
0.433988867966
0.433895989798
0.43380312219
0.433710263902
0.433547789542
0.433454958588
0.43287513384
0.432805563742
0.432666441561
0.432573705659
0.432504159789
0.432411441282
0.432341908459
0.432133346021
0.431994334423
0.431948000952
0.431785854612
0.431670053548
0.431600580365
0.431554268016
0.431438498014
0.431345893196
0.431276446105
0.431253298317
0.431160714
0.431114425258
0.431021855851
0.430929295763
0.430813610251
0.430767340147
0.430582288308
0.430536030628
0.430351030974
0.430258543572
0.43014294752
0.430050481862
0.429958026144
0.429888690878
0.429796253176
0.429449707931
0.429357316822
0.429288030014
0.429241841915
0.429103294391
0.429010941179
0.428918597286
0.428780103811
0.428710863596
0.428595476285
0.428457033752
0.428387819631
0.428341679989
0.428203276595
0.428134082974
0.42801877332
0.427949594609
0.42788042149
0.427788199361
0.427580745856
0.427396380498
0.427304210555
0.427212051173
0.427119901109
0.427119894897
0.427050788872
0.426820485779
0.426751403984
0.426682327779
0.426613257166
0.426383069626
0.426267996046
0.426129928127
0.42603789548
0.425945872152
0.425876861179
0.425761855937
0.42562387313
0.425531894531
0.42548590896
0.425370956524
0.425279005261
0.425164080781
0.425095133176
0.425026191162
0.424934277173
0.424796427314
0.424681567444
0.424612658977
0.424543756102
0.424428931022
0.424314121474
0.4241993287
0.424130459993
0.42403864292
0.423923886178
0.423923835856
0.423832041148
0.423740257002
0.423671424949
0.423556717907
0.423350288222
0.423281487852
0.423212693074
0.423120976023
0.422983418772
0.422914648223
0.422845883265
0.422777123898
0.422708370123
0.422525057784
0.42245632451
0.422295969235
0.422181447947
0.422112742629
0.422021144236
0.421952451965
0.421860870967
0.421769299909
0.421746408698
0.421677738791
0.421609074476
0.421426000697
0.421311598068
0.421242963573
0.421174334669
0.421174318516
0.421082822008
0.420945597747
0.420785531354
0.420625496645
0.420511202734
0.420374073525
0.420236964817
0.420168417918
0.420054185511
0.419894292447
0.419802935099
0.419711588312
0.41964308428
0.419551754267
0.419437605729
0.419277830081
0.418981181178
0.418889923231
0.418730246983
0.41863901637
0.418502190952
0.41841098581
0.418342588012
0.418114645048
0.417977904121
0.417909541733
0.417841184936
0.417772833731
0.417613373057
0.417385625788
0.417317311858
0.417317265264
0.417248956925
0.417203421139
0.417203414926
0.417089588196
0.416998537124
0.416907495372
0.416679948145
0.416566191616
0.416452449997
0.416452437572
0.41636145546
0.416225001549
0.416156782671
0.416043096964
0.41588396928
0.415815778358
0.415565799645
0.415474914447
0.415406757072
0.41531588927
0.415179606203
0.415134183484
0.415088763251
0.414997930238
0.414884404814
0.414748196298
0.414680098563
0.414612006419
0.414362389895
0.414271637024
0.414180893471
0.41411284233
0.413908728666
0.413818024874
0.413727331643
0.41363664773
0.413523306818
0.413432645892
0.413274014587
0.413183380995
0.413115411859
0.412911547317
0.412820952864
0.412753013548
0.412662437112
0.412571870616
0.41248131406
0.4124134027
0.412300230146
0.412187072503
0.41200605879
0.411892943392
0.411825080489
0.411734605317
0.411644140085
0.411531074386
0.411531065688
0.411463232606
0.411395405115
0.411282372343
0.411237163334
0.411146753393
0.411146744074
0.411011147489
0.410920762398
0.410830386626
0.410785202467
0.410717430889
0.410627077481
0.410559318949
0.410446401108
0.410356078142
0.410288341975
0.410175461409
0.410107740152
0.410040024485
0.409972314411
0.409904609927
0.409836911035
0.409769217734
0.409543620612
0.409498507276
0.409430841931
0.409295531743
0.409227883172
0.409137694396
0.409047514938
0.409002428937
0.408934804595
0.408799574548
0.408731966979
0.408506650042
0.408416540164
0.408303917417
0.408236350851
0.408168789877
0.408078717274
0.407966141121
0.40794362763
0.407876090884
0.407786050587
0.407628507713
0.407515993684
0.407470992173
0.407425993147
0.407268519853
0.407111075757
0.40704360797
0.406953659618
0.406796277648
0.406683878551
0.406593969959
0.406504071307
0.40632430755
0.406234438718
0.406144579826
0.40607719218
0.405987350683
0.405919976083
0.405852607075
0.405852603347
0.405807693781
0.405717882726
0.405650530491
0.405448511062
0.405358739767
0.405291417352
0.405224100529
0.405134353462
0.405067049685
0.404932460768
0.404865173764
0.404820318869
0.404730616532
0.404663346302
0.404506406662
0.404192631751
0.404125406252
0.403990972026
0.403923763301
0.403856560166
0.403766964684
0.403722170671
0.403677379142
0.403319184832
0.403229648991
0.40314012371
0.403050607748
0.402916353064
0.402826861952
0.402715013904
0.402670278288
0.402603179524
0.402536086351
0.402334846591
0.402267775783
0.402178356736
0.40213365094
0.401977203951
0.401820784298
0.401776098382
0.401664395085
0.40166436775
0.401575015799
0.401485674408
0.401374011493
0.401284692467
0.401240036371
0.401128407625
0.40092751825
0.400793617058
0.400682050436
0.400615117546
0.400481269159
0.400414353043
0.400325140872
0.400235938021
0.40014674573
0.400079857569
0.400012975
0.399968389727
0.399901516476
0.399812361461
0.399745501256
0.399634080629
0.399567235334
0.399500395631
0.399322189971
0.399255370769
0.399121750381
0.399054947953
0.399010416108
0.398921359871
0.398854574217
0.398765535375
0.398654252665
0.398498480975
0.398431730732
0.398342739106
0.398209271546
0.398142545532
0.397897936907
0.397831236985
0.397742313075
0.397653399105
0.397608945536
0.397497826215
0.397408938959
0.397342280039
0.397275626711
0.397208978975
0.397142336829
0.397053489954
0.396964652398
0.396942444562
0.39685361943
0.396787007726
0.396698200611
0.396631601331
0.396565007643
0.396498419547
0.396365263855
0.396254315377
0.396165569145
0.396165565417
0.39616556169
0.39609900714
0.395988095938
0.395943735557
0.395855022872
0.395788494416
0.395633286821
0.395566777002
0.395500272774
0.395300797365
0.395123531035
0.395057064082
0.394990602721
0.394901996269
0.394813399758
0.394702668097
0.394591953831
0.394525531608
0.394481253233
0.394436977342
0.394348433016
0.394215635785
0.394038609257
0.393994358217
0.393883742108
0.393773141531
0.393574102861
0.393507766371
0.39346354515
0.393397217979
0.393330896398
0.393264580409
0.39310986733
0.392977281946
0.392910995777
0.392844715821
0.392690085368
0.392623823428
0.392535482871
0.392469233977
0.3923588322
0.392005697353
0.391652686756
0.391476236127
0.391388024791
0.391255727667
0.390881009962
0.390572555439
0.390506472419
0.39044039499
0.390374323153
0.390330278367
0.390264215848
0.390176141187
0.390088076466
0.389955999886
0.389867960015
0.389713917886
0.389713906704
0.389669899193
0.389537894057
0.389471898633
0.3894059088
0.389295938792
0.389163995781
0.389120019333
0.389010089084
0.388944138391
0.388834233614
0.38876829783
0.388680392149
0.388548552886
0.388482641331
0.388394767955
0.38826297715
0.388197089824
0.388131208089
0.388065331945
0.388021417622
0.38791164455
0.387845787044
0.387736038822
0.387582415416
0.387516585866
0.387450761908
0.38742882183
0.387363005327
0.387165590605
0.38707786633
0.387012079646
0.386924372765
0.386858599127
0.38685859043
0.386770900944
0.386661303686
0.386464079689
0.38639834519
0.38631070851
0.386266893588
0.386201175863
0.386091659367
0.385982158403
0.385916464907
0.385785098416
0.385719421693
0.385631862049
0.385544312344
0.385391125677
0.385391109525
0.385347346787
0.385259828766
0.385194196774
0.385128570994
0.385041077823
0.384844263851
0.384603780328
0.384516347419
0.384450778794
0.38438521576
0.384275957084
0.38410117824
0.38405748881
0.383970118025
0.383795410625
0.383795401928
0.383664394519
0.383555239592
0.383467925341
0.383358796506
0.383249685066
0.383053329576
0.382987885823
0.38292244766
0.382878825325
0.382813396482
0.382682556811
0.382617144741
0.382551738262
0.382464538943
0.382377349564
0.382311963586
0.3822465832
0.382202999383
0.382137628315
0.382137624588
0.382050471862
0.381985113841
0.381854416437
0.381745518086
0.381614861684
0.381549540938
0.381484225783
0.381418916219
0.381288317594
0.381288313866
0.381201258056
0.381135972721
0.381070692977
0.380961906451
0.380874887916
0.380809630537
0.38074437875
0.380679132554
0.380287809448
0.380222602391
0.380135668346
0.380027015388
0.379961830696
0.379831479328
0.379722869858
0.379635992968
0.379527411454
0.379418845472
0.379353712965
0.379288586049
0.379223464724
0.379093240712
0.379049837057
0.378941339412
0.378854552603
0.378746082915
0.37865931785
0.378464137144
0.378399086642
0.378312361337
0.378247323881
0.37813894241
0.378095593425
0.37800890291
0.377922222956
0.377922217365
0.377857213456
0.377792215139
0.377705560035
0.377705546989
0.377640561718
0.377488953027
0.377445641317
0.377359025352
0.377294069901
0.377272419326
0.377207471331
0.376947757625
0.376904476977
0.376774650566
0.376731379858
0.376623214582
0.376558322499
0.376515064216
0.376471808419
0.376385304279
0.376320432697
0.376277188082
0.376190706928
0.376125852119
0.375952937027
0.375866493148
0.375801666296
0.375736845035
0.375650426006
0.375585617792
0.375456021864
0.375348039857
0.375283257735
0.375132123679
0.37511053523
0.374981019443
0.374786791115
0.374786785524
0.374722051859
0.374657323786
0.374592601304
0.374527884414
0.374463173736
0.374269082704
0.374182832033
0.374096591925
0.3740319179
0.373945694565
0.373881033587
0.3738163782
0.373751728405
0.373665537375
0.373600900625
0.373536269467
0.373493185135
0.373407023925
0.373407020197
0.373342405813
0.37327779702
0.373213193818
0.373170128123
0.373019421487
0.37295484065
0.372868742187
0.372718096434
0.372675059316
0.372632024684
0.372545963495
0.372459911625
0.372352362008
0.372029820634
0.371986823277
0.3719223319
0.371857846115
0.371814858697
0.371750382852
0.371664423548
0.371621447313
0.371535502298
0.371492533518
0.371385124304
0.371385118713
0.371277723166
0.371105928809
0.370869790311
0.370805395849
0.370719545886
0.37059079051
0.370462057499
0.370419150844
0.370376246674
0.37018321301
0.370033110851
0.369904474755
0.369840164162
0.36979729354
0.369711560372
0.369604408976
0.369518697552
0.369411573491
0.369347305765
0.369240205312
0.369111707755
0.369047466121
0.368983230078
0.368918999626
0.368854774766
0.368726343061
0.368576542209
0.368383979452
0.368255630374
0.36819146329
0.368020384613
0.367934857079
0.367785209675
0.367742458333
0.367678335978
0.367571478435
0.367486003085
0.367357809319
0.367229637297
0.367165559673
0.367080131539
0.367037421199
0.366930656221
0.366845256043
0.366717177209
0.366631801259
0.366631773924
0.366546408536
0.366439715002
0.366397041937
0.366333036999
0.36624770578
0.366162385122
0.366077073782
0.365949127274
0.365863840785
0.365799882441
0.365693298247
0.365629354813
0.365586728963
0.365501484719
0.365416250414
0.365352331209
0.365288417595
0.365224509572
0.365139308194
0.365075413218
0.364968934636
0.364926347304
0.364819889845
0.364692162639
0.364628306801
0.364564456555
0.364479332212
0.364394217187
0.364160204608
0.364160199017
0.3641176589
0.364053853383
0.363947523902
0.363947520175
0.363883729568
0.363607382506
0.363501117635
0.363416117542
0.363331127389
0.363288635729
0.363182418073
0.363097455255
0.363033739199
0.362885090765
0.362821393346
0.362736472152
0.362694015283
0.362630334637
0.362545436429
0.362439327492
0.362396888018
0.362354451028
0.362227156833
0.362205942997
0.362121093868
0.361824234362
0.36178183092
0.361633438442
0.361527462452
0.361421502615
0.361252002535
0.361188448625
0.361146082458
0.360913122898
0.360849598808
0.36078608031
0.360701398297
0.360595559603
0.360510899956
0.360447411277
0.360341609237
0.360278135468
0.360214667291
0.36002429817
0.359960852357
0.359876266638
0.359812833872
0.359728265548
0.359664845828
0.359601431699
0.359538023162
0.35949575391
0.359432354691
0.359368961064
0.359305573027
0.35930556433
0.359221055646
0.359221044463
0.359157669473
0.359052057536
0.359052048218
0.358988688138
0.358904216729
0.358861984752
0.358714194886
0.358714179976
0.358566421795
0.358482000086
0.358439792959
0.35835538616
0.358270989301
0.358228794599
0.358165507205
0.358081132711
0.357996768157
0.357933501265
0.357870239964
0.35778590026
0.357722652005
0.357659409341
0.357532942652
0.357406498327
0.35734328362
0.35723793882
0.357174739023
0.357090481945
0.356985174421
0.356943055512
0.356879881807
0.356816713693
0.356774604724
0.356732498239
0.356648293347
0.356585145734
0.356522003713
0.356479912139
0.356437823049
0.356374694075
0.356311570691
0.356227414877
0.35616430454
0.356101199794
0.356080166121
0.35601706883
0.35595397713
0.355911919103
0.355827811126
0.3557647362
0.355701666865
0.355617583116
0.355386404681
0.355323368894
0.355239330496
0.355197314714
0.355134295701
0.355050279047
0.354945274072
0.354882277423
0.354777297298
0.354714315559
0.354567382398
0.354462447624
0.354357529003
0.354315565406
0.354273604294
0.354210667286
0.354147735868
0.354084810042
0.354000917639
0.353749317463
0.353665464819
0.353623542224
0.353560662992
0.353434923787
0.353330156129
0.353204457305
0.353099724437
0.353036891799
0.352953124266
0.352869366674
0.352827491294
0.352701881309
0.352367031723
0.352178750624
0.352115999991
0.352032341799
0.351969604212
0.351885963414
0.351844146432
0.351760519924
0.351614198694
0.351530600142
0.351384327992
0.351321648181
0.351217194254
0.351217185557
0.35113363422
0.35096656385
0.350862163351
0.350757778384
0.350716028497
0.350632536178
0.350611664652
0.3505490538
0.350486448539
0.350382120727
0.350319530376
0.350256945616
0.350173508589
0.350090080881
0.350027516622
0.349985810223
0.349923255284
0.349860705936
0.349798162179
0.34967309206
0.349589724612
0.349506366484
0.349381351656
0.349339683775
0.349277186611
0.349173038962
0.34904808191
0.348985610839
0.34892314536
0.348881504813
0.348819048653
0.348735783091
0.348631714961
0.348527662362
0.348236430142
0.348194830597
0.34813243594
0.348070046875
0.348028457271
0.347966077524
0.347862125568
0.34769583611
0.347591922671
0.347508803103
0.347467247046
0.347384142388
0.347321820417
0.347197196977
0.347197190765
0.347031057241
0.346927245066
0.3468857238
0.346802689343
0.346740419557
0.346595147619
0.346512147952
0.346325437375
0.346263210455
0.346200989127
0.346118036054
0.346076563245
0.345889970083
0.345807054285
0.345724148427
0.345641252509
0.34555836653
0.345475491114
0.345413341229
0.345330483207
0.345226924503
0.345061268099
0.344916347168
0.344854246984
0.344792152391
0.344709368919
0.344585212038
0.344523141674
0.344440390507
0.344378333189
0.34433696475
0.344295598796
0.344212874964
0.344088810649
0.34394409411
0.343820076389
0.343510131487
0.343448158037
0.343406845511
0.34340683992
0.343282920978
0.343076436001
0.343014501691
0.342911290887
0.342870010665
0.342870006938
0.34278745395
0.342725545732
0.342622379036
0.34258111621
0.342498598633
0.342436716507
0.34243671278
0.34231296903
0.342230483138
0.342168625241
0.342168621513
0.342065538687
0.3420036957
0.341921247082
0.341818200909
0.341756380287
0.34167396149
0.341632755818
0.34157095197
0.341529752511
0.34144736167
0.34136498201
0.341262019085
0.341200248785
0.341138484076
0.341076724958
0.34095322536
0.340870904098
0.340809169209
0.340768015723
0.340685716205
0.34062399809
0.340562285566
0.340480010898
0.340438877291
0.339986607663
0.339924952916
0.339822208049
0.339781114203
0.339719478092
0.339657847573
0.339596222646
0.339411385759
0.339349783817
0.339288186846
0.339206066248
0.339144482323
0.339082903989
0.338980287721
0.338918724297
0.338857166465
0.338713559478
0.3385289655
0.33840592687
0.338344415631
0.338262409964
0.338221410548
0.33813941917
0.338057437732
0.33787302516
0.337770591539
0.337709138077
0.337627208824
0.337463381381
0.337258668832
0.337197261963
0.337033538269
0.336951691022
0.336890312109
0.336828938788
0.336747117012
0.336685756736
0.336624402053
0.336522158535
0.336419930549
0.336256397579
0.336174645382
0.336092903126
0.336031602491
0.335929449055
0.335929443463
0.335868157738
0.33576602791
0.335725180078
0.335643492492
0.33558223286
0.335520978818
0.335439316082
0.335378075087
0.335316839683
0.335255609871
0.335173978818
0.335112762052
0.335051550877
0.335010746533
0.335010742806
0.334949541571
0.334888345927
0.334827155253
0.334704794407
0.33458245282
0.334521290102
0.334480518064
0.334419364665
0.334358216857
0.334297074641
0.334215560384
0.334174806983
0.334093309499
0.33395071018
0.333889605239
0.333848871718
0.333787776095
0.333665605352
0.333441689955
0.333380631607
0.333339929149
0.33333991983
0.333238175176
0.333156790139
0.333055073442
0.332973710769
0.332912695288
0.332872021407
0.332790681721
0.332709351354
0.332648360101
0.332607702373
0.332546720439
0.332445096308
0.332363808186
0.332302848617
0.33224189464
0.33195754463
0.331795100091
0.33171389211
0.331713888382
0.331632690341
0.331592094738
0.331531205992
0.331470322837
0.331409445273
0.331307996335
0.331267420611
0.331186276619
0.331125425148
0.331064579268
0.330942906146
0.330618559419
0.330537495568
0.330496967059
0.330415918118
0.330375397065
0.330294362413
0.330294353094
0.33019307562
0.330091811815
0.330031060986
0.329929823894
0.329869087976
0.329808357648
0.329727393198
0.329686914389
0.329626200836
0.329565492873
0.329464327225
0.329464318528
0.329302489026
0.32926203631
0.329201361895
0.329140693072
0.329100250296
0.329039590791
0.328978936878
0.32889807369
0.328797010548
0.328736379
0.328675753043
0.328594927131
0.328554517902
0.3284737069
0.328413105172
0.328332312186
0.328271723504
0.328190947913
0.328110181641
0.328009238401
0.327928494494
0.327847760527
0.3277670365
0.327645969718
0.327585444403
0.327444242277
0.3273837356
0.327323234514
0.327222412417
0.327000670153
0.326960359082
0.326778991879
0.326718546705
0.326658107123
0.326597673133
0.326537244733
0.32649696224
0.326436543159
0.326396266878
0.326275454809
0.326154665105
0.32605402317
0.325993645092
0.325953396146
0.325893027387
0.325832664218
0.325711955277
0.325671723726
0.325571156342
0.325510822994
0.325470603868
0.325390173071
0.325329856496
0.325289648553
0.325229341297
0.325169040254
0.325108744181
0.324947991306
0.324847536989
0.324807358866
0.324767183227
0.324706924429
0.324646671222
0.324586424228
0.324465949498
0.32446594577
0.324285271261
0.324265199283
0.324164849337
0.324124713458
0.323843854255
0.323763624743
0.323703459132
0.323583146549
0.323482902215
0.323362631255
0.323242382038
0.323182264885
0.323102118
0.323021981054
0.322921824938
0.322821684353
0.322761606338
0.322581410191
0.322521354542
0.322461304484
0.322401260017
0.322301200194
0.322221162028
0.322141134423
0.322081119776
0.32202111072
0.322021108856
0.321961105392
0.321921106189
0.321821119674
0.321761134847
0.321681164396
0.321621192616
0.321541238939
0.321481280205
0.321421327062
0.321261488668
0.321241510499
0.321241506772
0.321181575994
0.321101677608
0.320941922462
0.320882020261
0.320782196514
0.320722308602
0.320642468614
0.320522726959
0.320403007048
0.320303257851
0.320283309502
0.320203522942
0.320123745701
0.320063919293
0.320004098476
0.319944283872
0.319904410161
0.319824670195
0.319545681576
0.319426143691
0.3193265467
0.31924687942
0.319207049197
0.318868603193
0.318808894201
0.3187491908
0.318669594964
0.31860990461
0.318530326169
0.318490540675
0.318430867095
0.318331425416
0.318251882386
0.318192231171
0.318092826767
0.318033190462
0.317933809666
0.317774837916
0.317715231431
0.317635765436
0.317596035855
0.31751658477
0.317417285979
0.317337856638
0.317318000855
0.317258437236
0.316821877166
0.31676236014
0.316663178145
0.316623509446
0.316504520126
0.316226975914
0.316147696294
0.316048611835
0.315989167496
0.315949541042
0.315890106022
0.315771256483
0.315692034018
0.315652426202
0.315553418157
0.315513819039
0.315434628257
0.315355447416
0.315276276515
0.315216904862
0.31488058105
0.314584013531
0.31452470711
0.314465406279
0.314386347825
0.314287538579
0.314149234585
0.314089969166
0.314030709339
0.313931956005
0.313793730289
0.313793722213
0.313734490342
0.313635784845
0.313576567883
0.313497621254
0.313438417338
0.313379219015
0.313359487482
0.313181935998
0.313122761903
0.313024151458
0.312945273787
0.312787551992
0.312649576019
0.312551040123
0.312452521001
0.312393415865
0.312314617714
0.312196442853
0.31207828725
0.311960155876
0.311783010068
0.311704288953
0.311586226538
0.311546877162
0.311448515838
0.31140917516
0.311350168802
0.311251837298
0.311173183277
0.311055224611
0.310956940322
0.310897976831
0.310858670943
0.31079971677
0.310701472862
0.310642534221
0.310563957857
0.310446112879
0.310387197845
0.310308653786
0.310249751798
0.310190855402
0.310112337435
0.310033828166
0.309955328836
0.309896460396
0.309759124932
0.309719891109
0.309543374007
0.309484544705
0.309445328278
0.309366902877
0.309249284656
0.309170884105
0.309053305644
0.308974930565
0.308896565425
0.308837797628
0.308779035422
0.308700695132
0.308661528404
0.308446173216
0.3083483033
0.308289587688
0.30827001706
0.308230877667
0.308172173237
0.308113474398
0.308054781151
0.307996093495
0.307956971497
0.30789829316
0.307839620414
0.307780953259
0.307741844929
0.307585440185
0.30754634428
0.307487705081
0.30738998613
0.307311821654
0.307272743144
0.307116456438
0.307038326752
0.306999265637
0.306921150861
0.306862571303
0.306803997335
0.306745428959
0.306647829288
0.306589275822
0.306355145827
0.306257607038
0.306199091468
0.306179587314
0.306101578772
0.306043077491
0.305984581801
0.305906596246
0.305867607196
0.30580912828
0.30573116571
0.305633726322
0.305575269771
0.3054973364
0.305438892896
0.305322023902
0.305205178517
0.305088354875
0.305010484251
0.30495208734
0.304874233489
0.304757473215
0.304640735306
0.304640727851
0.304601819563
0.304524012306
0.304465661989
0.304407317263
0.304174012288
0.304096257838
0.304037948523
0.303999078753
0.303960211468
0.303921346668
0.303649366374
0.303591099926
0.303494002225
0.303416335371
0.303280444935
0.303183396934
0.303125175215
0.303125162169
0.303028140261
0.302950532425
0.30293113202
0.30287293453
0.30283413931
0.302756556946
0.302659592814
0.302620811261
0.302562643592
0.302426944501
0.302330033175
0.302233136759
0.302155630808
0.302097507869
0.302058762349
0.301923176325
0.301865075751
0.301748891997
0.301729530109
0.301632730608
0.301535947881
0.301419828737
0.301303731958
0.301207002037
0.301110286405
0.301032924585
0.300858909879
0.300800911811
0.30070426141
0.300646278252
0.300588300685
0.30054965208
0.300530328709
0.300433721796
0.300337131035
0.300279183288
0.300201928944
0.300143994243
0.300066757295
0.30000883564
0.299912312596
0.299835105467
0.299815805083
0.299757907657
0.299642135792
0.29950709212
0.299449224514
0.299314221845
0.299275655245
0.299102140646
0.299102134433
0.299005758004
0.298909397727
0.298813052981
0.298774518686
0.298697458172
0.298639668844
0.298562625104
0.298447079996
0.298389314896
0.298350807936
0.298293052777
0.29825455203
0.298196805568
0.298158311033
0.298081330039
0.298081309538
0.29790814346
0.297850430546
0.297811958376
0.297735021491
0.297638865605
0.297600407103
0.297542724009
0.297485046505
0.297369710137
0.297292831028
0.29721596186
0.29713910201
0.297081463646
0.296908595147
0.296850979147
0.296697366303
0.296620573548
0.296467024071
0.296371072576
0.296313508762
0.296083310039
0.296025774181
0.295929897237
0.295891549317
0.295814860932
0.295776520468
0.295738182488
0.295699846993
0.295623183458
0.295527369881
0.295335793671
0.295259177351
0.295125128922
0.294971967727
0.294914539966
0.294837978938
0.294742291475
0.29470402059
0.294646618922
0.29460835425
0.294512703441
0.294436193976
0.294359695073
0.294321449038
0.294302326953
0.294244964423
0.294187607486
0.294111140266
0.293900917848
0.293786277901
0.293690761282
0.293652558734
0.293595260194
0.293557063859
0.293499774016
0.293461583894
0.293385212968
0.293327939899
0.293270672421
0.293194325103
0.293079822452
0.293003499363
0.293003490044
0.292869952283
0.292831803163
0.292755513
0.292698301435
0.292660163497
0.292602961251
0.292526700908
0.292488574153
0.292317038236
0.292221762041
0.29205031372
0.29195507977
0.291859862594
0.291783698544
0.291631406478
0.291593338121
0.291536240244
0.291422061886
0.291364980784
0.291307905272
0.291212791845
0.291174750822
0.29107965976
0.290889540382
0.290813503067
0.29052846347
0.290490467178
0.290433477399
0.290338508723
0.290281533854
0.290224565198
0.290186588785
0.290110643416
0.290053690912
0.289996743999
0.289939802678
0.289901844903
0.289863889614
0.289825936809
0.289674152304
0.289636211924
0.28956033862
0.289503440165
0.289427586119
0.289351740771
0.289313821514
0.289237990455
0.289200078653
0.289143215609
0.289048458158
0.289010558781
0.288802161596
0.288764278371
0.288707458193
0.288593836476
0.288518099846
0.288442373778
0.288442362596
0.288385574102
0.28838556789
0.288328784987
0.288272007676
0.288272003948
0.288215232228
0.288177387521
0.288101705562
0.288044950616
0.287988201261
0.287893633291
0.287836898846
0.287761262238
0.287704540839
0.287534414539
0.287496614562
0.287439919877
0.287402126113
0.287269869991
0.287269866263
0.287213193943
0.287137639341
0.287080979446
0.287024325142
0.286986558712
0.286911033308
0.286873274334
0.286646782611
0.286590171174
0.286533565328
0.286495831203
0.286439234676
0.286401506764
0.286326059016
0.286326040378
0.286269460625
0.286212886462
0.286137463564
0.286099755532
0.285986648831
0.285911255753
0.285873562631
0.285798183842
0.285798176387
0.285666288046
0.285572100903
0.285572097175
0.285534426418
0.285477924942
0.285421429057
0.285402598338
0.285346109908
0.285270800699
0.285214325937
0.285176678787
0.285139034123
0.285101391943
0.284969667612
0.284913222048
0.284875594779
0.284800347695
0.284725111172
0.284649883968
0.284612274094
0.284518260901
0.284367872966
0.284311487043
0.28423631513
0.284198732591
0.284142363441
0.284142349773
0.284085986215
0.284048413615
0.284048409888
0.28402962452
0.283954489882
0.283860588514
0.283804252912
0.28376669895
0.283672826781
0.283597739358
0.283560199064
0.283485126551
0.283428828224
0.283391299112
0.283297487204
0.283297481613
0.283241201923
0.283184927824
0.283091150085
0.283053643338
0.282997388499
0.282959887964
0.28288489435
0.282809911298
0.282772423188
0.282716195684
0.28260375869
0.282566284248
0.282528812292
0.282453875833
0.282378949935
0.282247853688
0.282210402854
0.282191678368
0.282116786639
0.282116784776
0.282041903608
0.282004466441
0.281892170472
0.281854743245
0.281761189777
0.281648942887
0.281592827207
0.281480613243
0.281424514337
0.281368421022
0.281349724493
0.28127494521
0.281106733604
0.281050671973
0.280994615933
0.280957248347
0.280882520628
0.280845160496
0.280733095632
0.280583713502
0.280415703802
0.280322386409
0.280285063552
0.280229083927
0.280191767282
0.280098487165
0.279856057886
0.279818766092
0.279688264381
0.279650983769
0.279576430001
0.279520521197
0.279408724092
0.279296946867
0.279241066019
0.279185190764
0.279147943699
0.27890590643
0.278831452682
0.278775618429
0.278682574387
0.278570943155
0.278533737093
0.278515134994
0.27840353731
0.278329150658
0.278273367347
0.27819899809
0.278124638773
0.277938788005
0.277883043833
0.277827304632
0.277734419008
0.277697268859
0.277641548294
0.277548694975
0.277492989321
0.277437289258
0.277418723813
0.277400158989
0.277233116575
0.277214557964
0.277029014094
0.276973360625
0.276936261418
0.27686207046
0.276824978708
0.27682497498
0.276824971253
0.276806426309
0.276769338285
0.276658090986
0.276583937302
0.276491259798
0.276435660377
0.276398597203
0.276343007101
0.276268896284
0.276083674222
0.276046634655
0.276009597573
0.27595404661
0.275805938665
0.275768917736
0.275657871101
0.275528349723
0.275398856302
0.27506601584
0.275010559928
0.274899668605
0.274862708559
0.274825750997
0.274751845193
0.274677949328
0.274622532555
0.274548652222
0.274364008544
0.27432708453
0.274253243957
0.274234785366
0.274142505462
0.274105596358
0.274068689739
0.273921090597
0.273865750238
0.27381041547
0.273755086293
0.273681322755
0.273626006625
0.273589132311
0.273552260482
0.273441660526
0.273386368624
0.273331082313
0.27325737593
0.273238950888
0.273183679487
0.273091574775
0.273073155324
0.273017900697
0.272962651662
0.272888996842
0.27281535072
0.272686496566
0.272612877158
0.272576071181
0.272502466683
0.272465668161
0.272355291234
0.272244934187
0.272208153061
0.272171374419
0.272134598263
0.272079438687
0.272005903148
0.271950756619
0.271271365942
0.271179583659
0.271142874597
0.27103276605
0.2709777183
0.270904330618
0.270867640194
0.270812609218
0.270739245144
0.270739229612
0.270702550371
0.27061086376
0.270409209005
0.270354224623
0.270317571474
0.27028092081
0.270225949473
0.270116027301
0.270042755793
0.269896246325
0.26989623887
0.269841306672
0.269768073061
0.269731459672
0.269639937693
0.269639932101
0.269585025996
0.269548425032
0.269511826553
0.269456933494
0.269402046648
0.269347165393
0.269292289107
0.269237418413
0.269127695042
0.269072841121
0.268963151918
0.268908314772
0.268835207895
0.268780383795
0.268707293692
0.268652482638
0.268597677176
0.268542877926
0.268506347784
0.268396774134
0.268360253932
0.26830547829
0.268250708238
0.268232452797
0.2681776902
0.268122933195
0.268068182403
0.268031684566
0.267995189215
0.267922207831
0.267830993992
0.267666855303
0.267612150483
0.267575683709
0.267429845812
0.267393391463
0.267320490221
0.267101849239
0.267028987756
0.266974348167
0.266937924881
0.266737663591
0.266683053822
0.266628449644
0.266264580212
0.266210018901
0.266155463181
0.266119095807
0.266064549406
0.266028188245
0.265864603711
0.265791911208
0.265719228645
0.265664723247
0.265610223439
0.265555729223
0.265501240598
0.265392282607
0.265374124702
0.265283345116
0.265210732755
0.265138130334
0.265083684575
0.265047390509
0.264974810453
0.264920381468
0.264793408459
0.264738998111
0.264684593355
0.26463019419
0.264467034592
0.264303934012
0.264177105133
0.264140873192
0.264086529939
0.263995970898
0.263923534351
0.263887319805
0.26368819416
0.263525334004
0.263471054119
0.263398689636
0.263380600069
0.263217824403
0.263163576202
0.263037022537
0.263000868873
0.263000865146
0.26294663931
0.262856277205
0.262802066279
0.262711730888
0.26254917266
0.262404707726
0.262350543394
0.262314436945
0.262170038486
0.262115898382
0.262079808086
0.262043720275
0.261971552729
0.261863320358
0.261574821639
0.261466676243
0.261394588217
0.261340528255
0.261250440742
0.261250437015
0.261214406359
0.261124342454
0.261088320496
0.26094426683
0.260836246927
0.260782244741
0.260584301957
0.260440382481
0.260332466326
0.260188618916
0.260116707325
0.260044806917
0.259972915206
0.25991900248
0.259775268758
0.259739339987
0.259703413701
0.25968545149
0.259649528931
0.25957769189
0.259362260909
0.259218688091
0.259075145715
0.258985453318
0.258931643719
0.258841974309
0.258698533196
0.258698529468
0.258662675247
0.258608898575
0.25860889112
0.258555120039
0.258358018428
0.258268448418
0.258214712748
0.258125167587
0.25805354115
0.257892421117
0.25771345753
0.257623999345
0.257552443109
0.257480896192
0.257445126461
0.257391476524
0.257355713006
0.257302072387
0.25724843736
0.257212683782
0.257212678191
0.257159052482
0.257123305116
0.257123290828
0.257051804172
0.256998195238
0.25687313568
0.256783823488
0.256694525585
0.256658810524
0.256515981343
0.256462428942
0.256355341536
0.256355317307
0.256301781059
0.256230408092
0.256194725336
0.256123367279
0.25606985526
0.256069846562
0.255980672909
0.2559271758
0.255909344672
0.255855855018
0.255820198354
0.255766718019
0.255731067568
0.255588494963
0.255535038856
0.255463773366
0.255321274689
0.255285655301
0.255250038398
0.25514320881
0.255071997368
0.255000795867
0.255000792139
0.254894009145
0.25487621405
0.254769456528
0.254716086153
0.25466272137
0.254662715779
0.254627142363
0.25450266119
0.254449318771
0.254324881085
0.254253783954
0.254218239115
0.254164926517
0.254076086476
0.254076082748
0.254040550335
0.253987256374
0.253987252647
0.253898442425
0.253845163375
0.253809647114
0.253809640901
0.253756371169
0.253756355638
0.253738600303
0.253667585798
0.253632081962
0.253543333245
0.253507838106
0.253436855285
0.253330401553
0.253277182143
0.253241705642
0.25318849555
0.25313529105
0.253046629307
0.25304662558
0.252993435989
0.252904799718
0.252869349309
0.252851625037
0.252851619446
0.252816172765
0.252763008024
0.252727567556
0.252532697476
0.25246185133
0.252408723243
0.252408719515
0.252373303897
0.252302480737
0.252249369424
0.252196264323
0.252160863615
0.252072373959
0.252036981948
0.251913131965
0.25173626572
0.251700897317
0.251647849371
0.251594807017
0.251594801426
0.251559442962
0.251506409927
0.251471057676
0.251453382483
0.251382688542
0.251329674144
0.251276665338
0.251223662122
0.251170664498
0.251117672465
0.251029365456
0.250958730535
0.250905760867
0.250782188583
0.250729237552
0.250729230097
0.250693932517
0.250570416766
0.250499847076
0.250446925865
0.250446924002
0.250358735031
0.25030582873
0.250270560969
0.250235295694
0.250235290103
0.250164767006
0.250041377991
0.249988505238
0.249970882229
0.249847542293
0.249741847108
0.249653782387
0.24965377866
0.249583337568
0.249530513273
0.24947769519
0.24940727957
0.249407275842
0.249372071449
0.249231288045
0.249178501025
0.249125719596
0.249055353055
0.248949825608
0.24891465352
0.24884431742
0.248844296918
0.248809132285
0.248756389995
0.248703653296
0.248545479231
0.248492764897
0.248422488437
0.248387353624
0.248299529327
0.248264403211
0.248229279581
0.248159039774
0.248071255237
0.24807125151
0.247965930318
0.247825544514
0.247772906594
0.247772901003
0.247615030108
0.247562414553
0.247369544278
0.247299426858
0.247229319378
0.247141700094
0.247071614358
0.247019056579
0.246966504391
0.246896443505
0.246861416789
0.246843904363
0.246756352174
0.246756348446
0.246703824215
0.246511291279
0.246511285687
0.246458787549
0.246371303075
0.246318819846
0.24626634283
0.246108947813
0.24607397701
0.246021525465
0.245986560875
0.245934118648
0.24589916027
0.245864204377
0.245672004431
0.245619595752
0.245584659739
0.245549726211
0.245497330579
0.245375102059
0.245322725064
0.24527035366
0.245270351796
0.245200532576
0.245165626383
0.24516562452
0.245130720812
0.245113269889
0.245060920851
0.24499113083
0.244938794837
0.244886464436
0.244537822471
0.244502963493
0.244380980367
0.244293866159
0.244137104196
0.244015214879
0.243945573958
0.243893349791
0.243893341093
0.243841122517
0.243754105845
0.24371930278
0.243667102841
0.243632305988
0.24359751162
0.243510537194
0.243475751523
0.243388800083
0.243336635555
0.243319248622
0.243267091549
0.243162796042
0.243128035222
0.24307589865
0.243058521036
0.243058517308
0.243023763943
0.242971638554
0.242936891401
0.242902146733
0.24286740455
0.242832664852
0.24279792764
0.24272846129
0.242728459426
0.242693729668
0.242589556547
0.242554836729
0.24248540517
0.242259847187
0.242225150976
0.24217311132
0.242121077255
0.242069048782
0.242069045054
0.241947673238
0.241912999393
0.241878328033
0.241826325652
0.241653037809
0.241601059656
0.241549087095
0.241375889955
0.24097777534
0.240822082549
0.240770193857
0.240683725749
0.240631852588
0.240597273173
0.240562696243
0.240476264789
0.240458980362
0.240372569409
0.240372565682
0.240338004904
0.240320725447
0.240234338723
0.240182513398
0.240113421662
0.240078879522
0.240044339867
0.240009802697
0.240009793378
0.239888939064
0.239785372283
0.239647317411
0.23954380033
0.239423060947
0.239354078551
0.239267865778
0.239198905747
0.238992091508
0.238974860509
0.238905943344
0.238854261528
0.238682038509
0.238578730789
0.238544299231
0.238492656554
0.238389394186
0.238354976296
0.238320560891
0.238268942442
0.237821973943
0.237787597056
0.23768448503
0.23763293554
0.237529857062
0.237495501297
0.237461148017
0.237409622756
0.237340931727
0.237323760367
0.237272250017
0.237186413099
0.237049108076
0.237049104349
0.236997623818
0.236894681393
0.236860371601
0.236774609855
0.236706010771
0.236654567515
0.236585985826
0.236551698398
0.236500271916
0.236465990701
0.236380300399
0.236328893175
0.236277490922
0.236243225859
0.236208963282
0.236157574075
0.236089063829
0.236020563524
0.235986317099
0.235883594597
0.235678235327
0.235626903896
0.235558470686
0.235472943772
0.235421634707
0.235301939646
0.235250649217
0.23519936438
0.235165177595
0.235148085134
0.23504554528
0.234891775881
0.234823449526
0.234772211282
0.234703902943
0.234652677746
0.234618530721
0.234567314843
0.234516104556
0.234481967471
0.23446489986
0.234430766503
0.234379571126
0.234379569262
0.234345442117
0.234294256059
0.234277195282
0.234243075592
0.234174844288
0.234021368118
0.233970217472
0.233970213744
0.233919068688
0.233919064961
0.233919045081
0.233884951483
0.233833815746
0.233799728361
0.233663409884
0.233612298376
0.233578227143
0.2333057952
0.233254722831
0.233220677691
0.233186635036
0.23306750904
0.233016462763
0.232948409758
0.232829343403
0.23269330573
0.232370441306
0.232319471443
0.23228549464
0.232234534096
0.232115650388
0.232047730952
0.231979820213
0.231928893216
0.231894944991
0.231810085301
0.231793115227
0.231708276037
0.23169130969
0.231657378861
0.231623450516
0.231589524656
0.231538640525
0.231487761986
0.231419933252
0.231386022302
0.231335161158
0.231301256421
0.231267354168
0.231233454401
0.231165662321
0.231080938063
0.231030109845
0.230979287218
0.230945408573
0.230911532413
0.230877658738
0.230826852885
0.230792985423
0.230792977347
0.230708320184
0.230657533589
0.230589826
0.230505206112
0.230285274793
0.230251447091
0.230251443363
0.230200706469
0.230116159267
0.230065437283
0.230048531198
0.229947109594
0.229930207857
0.229896406247
0.229862607123
0.229862603395
0.2297950126
0.229744326027
0.229626081586
0.229592302341
0.229541638133
0.229524751306
0.229474094553
0.229474087098
0.229406553459
0.2293052735
0.229254640976
0.229220889066
0.229153393323
0.229153382762
0.229119638307
0.229069026284
0.229069022556
0.229018416125
0.228967815284
0.228967811557
0.228967805966
0.228849765294
0.228849754112
0.228816032022
0.228748595297
0.228681168513
0.228630604947
0.228580046973
0.22851264566
0.228462100732
0.228411561395
0.22836102765
0.228361023922
0.228327337865
0.228276813439
0.228243133594
0.228108445277
0.228074777857
0.228024281387
0.227940133649
0.227822354524
0.227788708227
0.227755064415
0.227721423087
0.22772141439
0.227687775548
0.22765413919
0.22757005979
0.227435570895
0.227385145247
0.22736833794
0.227301114926
0.227233902472
0.227200299663
0.227049123362
0.226948367118
0.22689799614
0.226814059627
0.22678048788
0.226746918618
0.226663008198
0.226579113309
0.226528782713
0.226444911431
0.226444895279
0.226377809561
0.226293966236
0.226210138442
0.226143087514
0.22612632618
0.226076046526
0.226076008629
0.225958715943
0.225908454306
0.225707481062
0.225707472365
0.225623754533
0.225523317611
0.225456368568
0.225389428843
0.225339230573
0.225305768166
0.225272308244
0.225238850807
0.22518866931
0.225121769967
0.225071601517
0.225071579152
0.225021416293
0.224987977493
0.224904391987
0.224870961885
0.22472056339
0.224603621089
0.224503406575
0.224403214426
0.224353126117
0.224252970001
0.224086091598
0.224019357507
0.223985993257
0.223902594126
0.22385256173
0.223819209905
0.223752515575
0.223652493649
0.223619156734
0.223585822304
0.22355249036
0.223469171991
0.223402528603
0.223385869154
0.223385855487
0.223352538452
0.223319223902
0.223269256737
0.22326925301
0.223202639442
0.223136037056
0.223102738659
0.223019507266
0.222952932215
0.222919647486
0.222869725051
0.222786534039
0.222719992536
0.222653460352
0.222620197987
0.222553681334
0.222503799902
0.222437300023
0.222370810705
0.222304331327
0.222271095055
0.22225447785
0.222121565688
0.222071732714
0.221955479379
0.221855860023
0.221822657299
0.221623512395
0.221590327066
0.221507375235
0.221474198603
0.221424438936
0.221341518167
0.221275192238
0.221242033001
0.221175722603
0.221109422146
0.221076275334
0.221009989165
0.220960281061
0.220927145431
0.220860882249
0.220827754074
0.220761505801
0.220761502074
0.220728381354
0.220678704934
0.220579370732
0.220496608383
0.220331130278
0.220281498588
0.220165714919
0.220149176614
0.220033429599
0.220000363549
0.219950769135
0.219901180311
0.219785497285
0.219752449873
0.219719404946
0.219653323168
0.219554221935
0.219504677841
0.219455139339
0.219405606428
0.219356079108
0.219339571244
0.219339567516
0.219306553652
0.219273542273
0.21920752759
0.219059031984
0.218993049607
0.218943568881
0.218877603898
0.218828136218
0.218762188009
0.218762186146
0.218696248498
0.218531450041
0.2184820215
0.218399653645
0.218399638735
0.218284351445
0.21823495086
0.218070331944
0.218020955588
0.217922222135
0.217922218408
0.217872858826
0.217823505456
0.217741263093
0.217708369751
0.217708362296
0.217642583067
0.217593255169
0.217543932862
0.21751105443
0.217511017776
0.217461704788
0.21741239739
0.217346663513
0.217297369162
0.21723165268
0.217182371375
0.217133095662
0.217067404029
0.217067400302
0.217001717988
0.216952462776
0.216821145363
0.216706275554
0.216706271826
0.2165914337
0.216525823452
0.216394645821
0.216329065392
0.216329051725
0.216296265238
0.216247090167
0.216197920687
0.216115984601
0.216083214267
0.216017681674
0.215903026196
0.215837520939
0.215804771727
0.215722910191
0.215722892174
0.21569015166
0.215690147932
0.215624674359
0.215575575702
0.215526482636
0.215526477045
0.21549375144
0.215362876358
0.215330163179
0.21528109807
0.215199335933
0.215166635179
0.215084894786
0.21505220273
0.214986827935
0.214921461838
