0.994297889143
0.991207255665
0.987771108839
0.985075481238
0.983396928044
0.981580111238
0.979590535272
0.977881809813
0.976313884531
0.974608021794
0.97314704041
0.971687151805
0.970297802449
0.96936055312
0.968458444195
0.967556755236
0.966412914075
0.965269750699
0.964092658978
0.963365983695
0.962397514672
0.961671477413
0.96080750829
0.959978465239
0.959253341839
0.958632025023
0.957907410428
0.95725204288
0.956596899604
0.955528476993
0.954736152943
0.954047441648
0.953221317231
0.952636360955
0.951845237783
0.951295083329
0.950538882503
0.949851687679
0.949164746946
0.948581036898
0.947963186659
0.94731123164
0.946659499649
0.946042276252
0.945425254139
0.944739910641
0.944226065164
0.943438445844
0.942822272981
0.942445821987
0.941761560707
0.941077547928
0.940530514636
0.939949466025
0.939402761375
0.938719609648
0.938207404272
0.937456428161
0.9369445682
0.93646695777
0.935921267001
0.935341645401
0.934591817982
0.934046673913
0.933297364616
0.932718556854
0.932139931119
0.931697570434
0.931085248702
0.930337130963
0.929657288016
0.929249495564
0.92880782136
0.928128532568
0.927585278343
0.926940377621
0.926058268608
0.925481714743
0.924871438788
0.924396915973
0.923922516165
0.92331275212
0.92277091186
0.922161530506
0.921687704112
0.921247830913
0.920774239974
0.920199329937
0.919557002434
0.919151431573
0.918441907769
0.917969039344
0.917259984584
0.916787418707
0.916449946203
0.916045061202
0.915640266283
0.91489838217
0.914291606961
0.913853503083
0.913381817518
0.912910252475
0.912472479724
0.912034811964
0.911529944176
0.911126147606
0.910688802896
0.910285192701
0.909948919209
0.909444626699
0.908940473349
0.908537250814
0.908134117739
0.907630330927
0.907227399758
0.90665673721
0.906254021615
0.905851396102
0.905482400734
0.905046413456
0.904509959437
0.904007184641
0.903605057992
0.902901568393
0.902399234063
0.901930514348
0.901428451505
0.901060358192
0.900658888204
0.900190619516
0.899822779052
0.899455015002
0.898987060045
0.898586051647
0.898185133329
0.897817702891
0.897283395291
0.896515632374
0.896015077927
0.895648092304
0.895147782008
0.894680949651
0.894380906236
0.89398092725
0.893547717582
0.893047993126
0.892648312339
0.892348609991
0.892015667023
0.891582934476
0.891083761068
0.890717786219
0.890451669907
0.88995281458
0.889553827108
0.88922140599
0.888889046376
0.888423851634
0.888058423485
0.887726281309
0.887360996669
0.886929394797
0.886531085731
0.886166047727
0.885767909505
0.885403028057
0.885104544602
0.884772955338
0.884441428821
0.884143107512
0.883480375042
0.883115966986
0.882685400118
0.882354264988
0.882056295929
0.881692180482
0.881328141448
0.880964176965
0.880633364264
0.880302614309
0.880004991908
0.879641300154
0.879244631189
0.878815010485
0.87858371774
0.878154256697
0.877790947633
0.877262648766
0.87696554076
0.876536479802
0.876206499577
0.875876582097
0.875579708924
0.875150983441
0.874920173408
0.874590498216
0.87422792844
0.873931334829
0.873634791539
0.8732724187
0.872943054754
0.872580825423
0.872185752451
0.871757858201
0.871297167525
0.871001071535
0.870409042324
0.870014461381
0.869718583451
0.869422755842
0.869094118138
0.868732688356
0.868404181115
0.868075735999
0.867747353008
0.867484690848
0.866893848225
0.866598501464
0.866303205645
0.866007959526
0.865712763728
0.865384828037
0.865089738473
0.864729144273
0.864335855532
0.864172010073
0.863877128006
0.86358229564
0.863222015171
0.862665369273
0.862370743784
0.862108897325
0.860211695074
0.859884803705
0.85952529545
0.859198533923
0.858937168934
0.858610519231
0.858381900969
0.858055356258
0.857500379659
0.85704347861
0.856782441641
0.856554066909
0.856260486983
0.855966957379
0.855673478096
0.855380049756
0.85515186202
0.854858522518
0.854467485809
0.854109113821
0.853815953861
0.853522843601
0.853197225795
0.852871669493
0.852578722
0.852285824829
0.852025514102
0.851667651539
0.851374910302
0.851114738113
0.850854606306
0.850627023047
0.850366965169
0.850041949355
0.849749489543
0.849522054142
0.849197199853
0.848904884172
0.848515211107
0.848287940958
0.847865954799
0.847541417348
0.847249386199
0.847022285651
0.846697909104
0.846470882485
0.846276312469
0.846016920571
0.845757568433
0.845401027892
0.845012165559
0.844817763901
0.84459098951
0.844331856052
0.843910855818
0.843522330824
0.84319862709
0.842939707343
0.842648470152
0.842098510771
0.841872101675
0.841613385698
0.84132237837
0.841063746882
0.840772833985
0.840546603187
0.840255780992
0.839997314136
0.839706586992
0.839383615713
0.839092995424
0.838866990762
0.838576458069
0.838285975698
0.837995543648
0.837769686843
0.837576119525
0.837318065179
0.836995554868
0.83673758936
0.836511902157
0.836318480212
0.836060619075
0.835802797698
0.835351712794
0.834997371479
0.834739714112
0.8344498971
0.833966986783
0.833677304582
0.833452030511
0.83316243777
0.832679916356
0.832454777096
0.832165357063
0.831875987972
0.831683102787
0.831393817565
0.83107244849
0.830719015443
0.830494141457
0.830108717744
0.829883926384
0.829627059248
0.829434434988
0.829177637431
0.828856697641
0.828599989544
0.828375402575
0.828150846048
0.827926319961
0.827669755995
0.82741323241
0.827092633686
0.826836198939
0.826579804574
0.826259368618
0.826067135745
0.825714771249
0.825458551455
0.825202372043
0.824946230526
0.824626110786
0.824338055019
0.824082047693
0.823826080127
0.82357015232
0.823346248106
0.823154354436
0.822898531
0.822578809482
0.822355040078
0.822163261961
0.821907592595
0.821683914516
0.82130054093
0.821076945476
0.820853380464
0.820629845894
0.820374415709
0.820087103578
0.819863673378
0.819544542668
0.819257376531
0.818970260715
0.818683195221
0.818459956365
0.81820486352
0.81782230315
0.817535440183
0.817248627538
0.817089307887
0.816866287091
0.816643296114
0.816261102903
0.816038195174
0.815815317886
0.815560637551
0.815337824873
0.814955934833
0.814637758364
0.814383263782
0.814097003428
0.813906190734
0.81374719724
0.813461048711
0.813238523672
0.812888904481
0.812634681386
0.812380498051
0.812031062128
0.811808732162
0.811491174458
0.811300667419
0.810983209116
0.810729284842
0.810380205517
0.810126375673
0.809872584968
0.809650551338
0.80926999388
0.809079747766
0.808857822234
0.808604230951
0.808350678806
0.808128853295
0.807907058225
0.807590262795
0.807400214239
0.807178519191
0.806861866028
0.806640244908
0.806355349441
0.806070504295
0.805722431396
0.805722399091
0.805469299216
0.805216239102
0.804931595241
0.804710239396
0.804457299182
0.804236008568
0.804014749016
0.803635521033
0.803382751043
0.803161608286
0.802845744732
0.802593097749
0.802372063711
0.802119491278
0.801898522471
0.801519793973
0.801298908414
0.801014957869
0.800762600389
0.800573356973
0.800194941586
0.799942712083
0.799595962447
0.79931231445
0.798934199127
0.798713669544
0.798461673632
0.798272702324
0.798115243318
0.797894826803
0.797674440729
0.797422608205
0.797076407133
0.796856134127
0.796635892804
0.796478595324
0.796226952281
0.795975350862
0.79572378734
0.79550370133
0.795315081029
0.795126482471
0.794937906278
0.794780776535
0.794529401873
0.794246654068
0.794026773071
0.793681313151
0.793461511673
0.793273133038
0.793053386231
0.792865056053
0.79261398394
0.792394329077
0.792111960857
0.791861008645
0.791704183315
0.791453295713
0.791233801754
0.791045687772
0.790826250347
0.79054416231
0.790324793844
0.790011466855
0.789792172318
0.789635552001
0.789447628121
0.789259726606
0.788977916268
0.78875876524
0.788445747634
0.78813279588
0.78750711478
0.787288168143
0.787100523826
0.786600267579
0.786412705267
0.78622516532
0.786006396982
0.785787659706
0.785537712677
0.785256569562
0.784975478632
0.784725659581
0.784444663702
0.784132503421
0.783945235582
0.783695581783
0.783445966502
0.783227585203
0.783009234345
0.782759729646
0.782572625817
0.782385544352
0.782167310911
0.781980277904
0.781699770949
0.781419314937
0.781138911731
0.78088970399
0.78067167991
0.780391409031
0.780204588491
0.779986659463
0.779737635612
0.779488652142
0.7793019397
0.779084137406
0.778586431392
0.778399827048
0.778244340512
0.778057777171
0.77777797782
0.777529308082
0.777342830473
0.777125301529
0.776845667431
0.776628208068
0.776410779767
0.776193381907
0.77600706458
0.775820769619
0.775603453764
0.775510327717
0.775324092395
0.77510684612
0.774858601939
0.774610398138
0.774455290565
0.774238166055
0.773556007087
0.773277015362
0.773122041358
0.772905103844
0.772719181633
0.772533281787
0.772347404306
0.771697037824
0.771232655678
0.770954084539
0.77073745206
0.770551790774
0.770428029008
0.770242404997
0.7699640134
0.76971659486
0.769531056581
0.769283708863
0.76909822277
0.768912759041
0.768232991266
0.767985852909
0.767646099795
0.767460811259
0.767275545709
0.767028562665
0.766750751937
0.76650385152
0.766318700902
0.765979320537
0.765732543127
0.765547486318
0.765300779731
0.765023282734
0.764838311036
0.764653361703
0.764499254343
0.764345162514
0.764160272821
0.763913789262
0.763728951754
0.763574937582
0.763020663618
0.762866720889
0.762712793692
0.762528102177
0.762312657529
0.761881867631
0.761666513064
0.761451189559
0.761174390226
0.760959136301
0.760805401692
0.760620940661
0.76046724022
0.760252085696
0.76009842253
0.759821868591
0.759698971606
0.759176798268
0.758961827012
0.758716183384
0.758531975824
0.758317095892
0.758163628419
0.757887429836
0.757703322918
0.757519238366
0.757273827707
0.756905798382
0.756783137472
0.756568504798
0.75632324883
0.756139332015
0.755955437565
0.75583285369
0.755618355827
0.755342618211
0.755189452045
0.754760679348
0.754607572201
0.754423864126
0.754178955437
0.753995299547
0.753811666022
0.753566856733
0.753383275393
0.753199716419
0.753016179809
0.752832666185
0.752557438616
0.752282260747
0.751915446588
0.75164038862
0.751487598311
0.751243169849
0.751090419921
0.750846054205
0.750571190067
0.750357440811
0.75017425148
0.749899509107
0.749624820162
0.749411205717
0.749228131317
0.749014573406
0.748740044743
0.748496061717
0.748313099143
0.748160647415
0.748008211218
0.747764347473
0.747642429578
0.747398624851
0.747246266311
0.747063457185
0.746941596445
0.746819745646
0.746667446124
0.746484707821
0.746210642611
0.746058405215
0.74590618335
0.745723537613
0.745510479187
0.745327881907
0.745145306993
0.744871489041
0.744780226744
0.744567304993
0.744415235334
0.744202363904
0.744019927529
0.743837514761
0.743624725957
0.743472752592
0.743320794759
0.743077695151
0.742591625777
0.742409386959
0.742166436451
0.741893170169
0.741741373861
0.741559238791
0.741377126087
0.741104000829
0.740800591481
0.74052757432
0.740375917793
0.739981690342
0.739769454451
0.73958756167
0.739375383555
0.739223845065
0.739072322728
0.738890515679
0.738648142934
0.738405809328
0.73825437086
0.738133230771
0.737951539274
0.737769870143
0.737497412729
0.73731579951
0.736831618116
0.736680340551
0.736468578053
0.736317337764
0.736105629314
0.735924187561
0.735712535024
0.735470682887
0.73525909496
0.735077757577
0.734624519419
0.734473468611
0.734262024193
0.733990212258
0.733748643411
0.733476929013
0.733205262451
0.733054357636
0.732903468353
0.732692249449
0.732360401745
0.732209583906
0.732028623
0.73184768508
0.731666768904
0.73145572892
0.731094020197
0.73088306284
0.730642007145
0.73046124007
0.730280495359
0.729738401007
0.729527639344
0.7293169075
0.729106206719
0.728955724355
0.728775166019
0.728564543515
0.728053172479
0.727842654345
0.727692302443
0.727511900663
0.727301460807
0.727121107484
0.726910724161
0.726760468554
0.726580182947
0.726369877902
0.726129567708
0.725949360379
0.725769175415
0.725528964
0.725258774771
0.725108690007
0.724958620774
0.724748550562
0.724598518605
0.724478504221
0.724298501283
0.72411852071
0.723968553984
0.723758626659
0.723548730397
0.723338865819
0.72312903044
0.722739423227
0.722559636485
0.722260047826
0.721960516322
0.721840720618
0.721661046322
0.721511334308
0.721271827391
0.721062292697
0.720912642808
0.720703159678
0.720553547064
0.720284285362
0.719985165126
0.719775816806
0.719656202508
0.719506698613
0.719357210249
0.719207737417
0.718998501544
0.71881918136
0.718669764441
0.71846060933
0.718251483419
0.718042387327
0.717713873252
0.717594430419
0.717385431243
0.717206311723
0.717027214568
0.716848139778
0.716549732737
0.716400551892
0.716251386579
0.716161894846
0.716012754382
0.715803983826
0.715654881259
0.71544616413
0.715118243971
0.714939407741
0.714790394634
0.714581802997
0.714373241802
0.714224287714
0.713896652709
0.713598863191
0.713449989865
0.713271362996
0.713122523839
0.712943937973
0.712795132985
0.712586833958
0.712051357165
0.711783690834
0.711664742516
0.711099899841
0.71095128744
0.710713541768
0.710535257208
0.710386703826
0.709852081253
0.70973329446
0.709555132908
0.709436370965
0.709287932515
0.70902078617
0.708842714699
0.708724012396
0.708486638232
0.70824930507
0.708041671401
0.707863722317
0.707715448498
0.70756719021
0.707418947453
0.707270720228
0.707033590836
0.706885403992
0.70664833921
0.706500192747
0.706352061815
0.706144705225
0.7059669947
0.705789307163
0.705552425028
0.705374789675
0.705226776781
0.705078779418
0.704901203084
0.704634883002
0.70451653357
0.704279866388
0.704191125747
0.703806660624
0.703658812361
0.703481415568
0.703333601474
0.703156245684
0.702919807122
0.702683408321
0.702565222898
0.702387963402
0.702122117955
0.701974446749
0.701826791074
0.701649625386
0.701472482063
0.701236325549
0.701118261892
0.700882165639
0.70067561481
0.70052809581
0.700321595924
0.700144619718
0.700026648005
0.699879197343
0.699731762211
0.699525381605
0.699289553111
0.699083237115
0.698965354863
0.698818016025
0.698700156138
0.698523385565
0.698317182015
0.6981404599
0.697993208038
0.697787082144
0.697639867557
0.69740436025
0.697404347204
0.69711001805
0.696933448763
0.696815747915
0.696639215282
0.696521539284
0.696374458266
0.696197982166
0.695992120925
0.695786290125
0.695580491631
0.695404115552
0.695168984101
0.694992660208
0.694845740715
0.694698836752
0.69452257312
0.694346331853
0.694082015304
0.693964555501
0.693817744727
0.693641592298
0.693494816314
0.69334805586
0.693201310938
0.693025237409
0.692849185623
0.692526484588
0.692350496169
0.692145206479
0.691998588292
0.691500215676
0.691353665826
0.691236437129
0.69103131207
0.690855514375
0.690679738425
0.690386832556
0.690240400744
0.690064703071
0.689918305427
0.689771923937
0.689596286525
0.6892743459
0.689128032126
0.688923220798
0.688776944298
0.688572183913
0.688396699329
0.688250478742
0.687987327037
0.687841149938
0.687636529334
0.687490389509
0.687315042843
0.687168937187
0.686964417226
0.686789137033
0.686613879205
0.686467848099
0.686321832525
0.686175832482
0.685883885824
0.685737932375
0.685591994457
0.685387708085
0.685183453398
0.684950058342
0.684804204293
0.684687532236
0.684512543409
0.684395896202
0.684279258936
0.684104323537
0.683958559569
0.683812811754
0.683637934752
0.683492220484
0.683346521748
0.68314257023
0.682967778962
0.682822136759
0.682763883978
0.682618262898
0.682414419478
0.682152383538
0.682006827689
0.681773973121
0.681599356424
0.681482958338
0.681279286383
0.681162915012
0.681017464775
0.68087203007
0.680668449439
0.680493975008
0.680493950779
0.680377646503
0.680145068391
0.679796282917
0.679680038281
0.679505689963
0.679244211907
0.679069920123
0.678634306217
0.678460092711
0.678343962384
0.678111732173
0.677995631666
0.677821500165
0.677676407148
0.677502316649
0.677357257801
0.677212214483
0.677096191012
0.67698017748
0.676864173889
0.676719183378
0.676516223997
0.676371270761
0.676226333056
0.676081410882
0.675965484326
0.675762638634
0.675588794151
0.675443940315
0.675270136834
0.675125317167
0.674951554688
0.67480676919
0.674604096206
0.674459347982
0.67431461529
0.67416989875
0.67402519712
0.673793707439
0.673533330859
0.673417622983
0.673244080427
0.673128397401
0.672983807596
0.672868146935
0.672723585087
0.672579038769
0.672376701882
0.672203293516
0.672058803111
0.67194322197
0.671740979513
0.671365470334
0.671163315473
0.671047811367
0.670903445212
0.670730226949
0.670528168382
0.670412718945
0.670297279449
0.670152994057
0.670037576926
0.66989331949
0.669749078207
0.669633696487
0.669518324086
0.669374122563
0.669287609104
0.669143432431
0.668941611802
0.668797472404
0.668624525627
0.668451601216
0.668307514624
0.668048200382
0.667932964656
0.667788933977
0.667644918829
0.667500919212
0.667356935126
0.66715538412
0.66706901417
0.666925076678
0.666809937867
0.666666028332
0.66649335739
0.666234394155
0.666119314984
0.666004245753
0.665630358038
0.665170338312
0.665055351086
0.664854149223
0.664681714978
0.664509301855
0.664279453517
0.664135817332
0.663877313822
0.663762438421
0.663504009461
0.663417876208
0.663303040567
0.663188214866
0.663073399105
0.662815103714
0.66272901519
0.662585546743
0.662499473129
0.662356029531
0.662212601465
0.662069188929
0.661954470084
0.661811085505
0.661667716457
0.661295036453
0.661037083992
0.660893798813
0.660779181852
0.660607275049
0.660492682938
0.660378100767
0.660234887032
0.660120327226
0.659833978034
0.65974808334
0.659604937942
0.659433184588
0.659318694362
0.659204214076
0.659061127698
0.658832225524
0.658717787483
0.658546150924
0.658374536108
0.658174346261
0.65800277866
0.657859822744
0.657602543719
0.657488213154
0.657173857996
0.657088136631
0.656117078237
0.655945780881
0.655717418573
0.655574711157
0.655403482759
0.654975543779
0.654661791855
0.654490682737
0.65434810889
0.654205551195
0.654034502338
0.653891978191
0.653749469575
0.653578479737
0.65343600529
0.653265057697
0.653094131848
0.652980193292
0.652809304097
0.652723867886
0.652553012859
0.652410650237
0.652182903589
0.651812911735
0.651727540756
0.651585268215
0.651443011205
0.651300769727
0.651215432295
0.650987896872
0.650845705093
0.650703528846
0.650561368752
0.650419223567
0.650248670468
0.650106559452
0.649964463968
0.649822384014
0.649680319592
0.649538270701
0.649396237342
0.649311024781
0.649169016272
0.649055420647
0.648941834961
0.648799866833
0.648686303513
0.64851597717
0.6484024387
0.648232150254
0.648090260403
0.647920012959
0.647778156656
0.647664683417
0.647551219497
0.647381042876
0.647239245592
0.647097463839
0.647012402242
0.646898995477
0.646842295822
0.646700558177
0.646502151319
0.646303774281
0.64613376167
0.645992101061
0.645822129452
0.645595537087
0.645453935497
0.645312349437
0.645170778909
0.645029223912
0.644831074873
0.644689557773
0.644519757629
0.644378274076
0.644236806054
0.644010495737
0.643869068097
0.643501436373
0.643275249684
0.64316217094
0.643049102135
0.642879517565
0.642568679926
0.642314410859
0.642229664236
0.64200370244
0.641834255788
0.641636597536
0.641551895643
0.641410738247
0.641269596381
0.641072025726
0.640902703946
0.640789833941
0.640676973876
0.640564123751
0.640423075695
0.640310247935
0.640169227214
0.640028222024
0.639915429054
0.639802646024
0.639661681215
0.639492544567
0.639154342714
0.638985273782
0.638872572758
0.638675371125
0.638365549231
0.638224742841
0.638027643715
0.637886875221
0.637661678805
0.637464663548
0.637295817024
0.637183265099
0.637042589172
0.636705043359
0.636564420238
0.636423812648
0.636311337759
0.636170758746
0.636030194644
0.635777224611
0.635636704617
0.635524299307
0.63538380727
0.635215237202
0.635074778712
0.634962423724
0.634850078055
0.634653500779
0.634428876535
0.63431657808
0.634092014719
0.633951681101
0.633783301135
0.633614943535
0.633474662723
0.63333439682
0.633194146449
0.63305391161
0.63294173492
0.632773490387
0.632633302141
0.632465096748
0.632352972243
0.632184804746
0.632072705091
0.631932595123
0.631848536224
0.631708450484
0.631344308945
0.631176275016
0.631036263826
0.630868271521
0.6307282945
0.630616324066
0.630476375001
0.630364426932
0.630196524087
0.629972689453
0.629860786113
0.629720921539
0.629609040565
0.62949716953
0.629273457903
0.629077743544
0.628910011543
0.628742302528
0.628630508529
0.628462836789
0.628295187414
0.628127559783
0.627904097899
0.62782030738
0.627708595386
0.627568969993
0.62734560316
0.627178104127
0.627066449909
0.626926895339
0.626787356299
0.626536228273
0.626368836096
0.626257253322
0.626145680488
0.626034117594
0.625894678576
0.625727372131
0.625615846512
0.625392828822
0.625281333023
0.625141977874
0.624751886708
0.624612590577
0.624445455597
0.624278342983
0.623916363394
0.623804999301
0.623693645147
0.623498799296
0.623303985749
0.623137027205
0.623025732691
0.622886628527
0.622775356378
0.62263628017
0.622525031008
0.622330369047
0.622107940302
0.621968938644
0.6218577485
0.621690981922
0.621357519588
0.62121860242
0.621051922196
0.62085749134
0.620746400596
0.620663089061
0.620524248929
0.620413188005
0.620135583532
0.619885794922
0.619774791153
0.61963605042
0.619441840108
0.6193308761
0.618998052411
0.618887128163
0.61874848683
0.618609861028
0.618443530568
0.618304938935
0.618194076812
0.618083224628
0.617972382385
0.617833843558
0.617612216226
0.617418322752
0.617224460961
0.617086006625
0.616947567199
0.616781461009
0.616587698619
0.615785310935
0.615674674947
0.615536393939
0.61528752975
0.615066359037
0.614955787658
0.61484522622
0.614762311664
0.614651767621
0.614403081109
0.61429256937
0.614126821021
0.613933476732
0.613823007239
0.613712547686
0.613546877614
0.613436444775
0.613298415374
0.61299480971
0.612884424707
0.612746457431
0.612608506307
0.612442984715
0.612001726749
0.611863858873
0.611726006528
0.611533041202
0.611422787903
0.611284986501
0.61111964445
0.610981876595
0.610816575547
0.61067884124
0.610320809697
0.610155598109
0.610045469061
0.609935349952
0.609797715045
0.609660096291
0.609550011973
0.609384904754
0.609192309072
0.609109776585
0.609027249689
0.608889717289
0.608752200419
0.608642198106
0.608532205733
0.608394729245
0.608284759236
0.608119823483
0.607954910095
0.607817498838
0.607652626452
0.607487776431
0.60735041798
0.607130679249
0.60699336118
0.606883517907
0.606773684574
0.606663861181
0.606554048349
0.606389346807
0.606279558204
0.606169779541
0.606114893937
0.605895380098
0.605813071262
0.605703334844
0.605566178921
0.605456464868
0.605346760755
0.605182223844
0.605072544581
0.60493545948
0.604853215875
0.604743566432
0.604633926929
0.604469486312
0.604359871659
0.604168073662
0.604003697034
0.603894124626
0.603702397452
0.603565468285
0.603319038154
0.603154776458
0.603045281085
0.602908425847
0.602689491014
0.602525316913
0.60230645663
0.602114982926
0.60195088586
0.601841499828
0.601732123735
0.601568078854
0.601349392521
0.601349383203
0.601076080267
0.600966773754
0.600830154591
0.600638914477
0.600475018697
0.600393078883
0.600283834495
0.600174600048
0.600010767635
0.599846958208
0.599737763521
0.599573990127
0.599301088519
0.599164658837
0.599028244687
0.598864570072
0.59872819009
0.598619097909
0.598400943366
0.598291880384
0.59812830579
0.598019267657
0.597828476086
0.597583220118
0.597474231686
0.597365253193
0.59725628464
0.597065615455
0.596956674238
0.59684774296
0.596657139628
0.596439344168
0.595895061151
0.595813434448
0.59570460754
0.595568588505
0.595459783963
0.595323792263
0.595242204698
0.595133429975
0.594970286529
0.594861536657
0.594698431728
0.594589706706
0.594317941986
0.594182080748
0.593991902351
0.59385607901
0.5937202712
0.593530166732
0.593340093326
0.593231493175
0.592987183992
0.592851474961
0.592715781462
0.592552969763
0.592444441056
0.592363051048
0.592173164639
0.591983307428
0.591901949104
0.591766364323
0.591603683709
0.591495241976
0.591386810184
0.591278388332
0.59116997642
0.59100737781
0.590926086581
0.590763521519
0.590655156822
0.590492628414
0.590384288567
0.590248877736
0.590140560253
0.589978102668
0.589869810035
0.589761527343
0.589572057171
0.589436740149
0.589328497217
0.589057942693
0.588922684068
0.588706311893
0.588625179083
0.588517010701
0.588354777387
0.588246633855
0.587868237726
0.58770609325
0.587462924684
0.587273824777
0.587165780645
0.587057747074
0.586949722822
0.586814707107
0.586598719485
0.58640975936
0.586193846288
0.585924008687
0.585816088805
0.585627255415
0.585438451844
0.585222713344
0.584980054824
0.584818309191
0.584683538248
0.584575732676
0.584387096844
0.584225433837
0.58411767051
0.584036854538
0.583875241853
0.583767510831
0.583686719088
0.583579005461
0.583498226764
0.583390530532
0.58328284424
0.583175167888
0.583013671998
0.582852199094
0.582744562502
0.58263693585
0.582475515131
0.582367913329
0.582260321468
0.582098952934
0.581964496343
0.58172251685
0.581614984628
0.581507462346
0.581399950005
0.581292447603
0.581184955141
0.581077472619
0.580970000038
0.580889402125
0.580808809803
0.580701362071
0.580325390682
0.580217987681
0.580056902437
0.579949524285
0.579815315574
0.579734797802
0.57962744947
0.579466447474
0.579305467843
0.579198159271
0.579064038156
0.57887629506
0.578769026248
0.57871539557
0.578608141668
0.578500897707
0.578340052266
0.578340042947
0.578206020611
0.578125614664
0.578018415432
0.577750470159
0.577750442203
0.577643278383
0.577348629286
0.577161165132
0.57705405536
0.576920182745
0.576786325661
0.576652484109
0.576384848219
0.576224296008
0.576090519065
0.575930009099
0.575823013638
0.575689283289
0.575582310193
0.575502087515
0.575421869807
0.575288186052
0.575181250852
0.575047595674
0.574887229838
0.574780331292
0.574646722087
0.574539845906
0.574459695293
0.574352836506
0.574192567585
0.574005615341
0.574005602295
0.573818681113
0.573658487985
0.573525009242
0.573418237431
0.57331147556
0.573204723628
0.573071297692
0.572964568126
0.572777815924
0.572617766926
0.572537750503
0.572431070637
0.572244406653
0.572111093163
0.572031112152
0.5719244795
0.571817856789
0.571711244018
0.571604641186
0.571418112635
0.571338180081
0.571258253118
0.57112505456
0.570911970662
0.570805442381
0.570672296008
0.570539165787
0.570352812428
0.570086648901
0.569900369471
0.569767329331
0.569607704647
0.569501298131
0.569421499767
0.56928851554
0.569182139465
0.569075772709
0.568889656668
0.568783317246
0.568676987765
0.568570668224
0.568464358623
0.568358058962
0.568251769241
0.56798609526
0.56785327877
0.567720477812
0.567720469114
0.56750802262
0.567401812419
0.567295612158
0.567189421837
0.566950532443
0.566844374427
0.566738226351
0.56644637785
0.566340267049
0.566207643147
0.566075034155
0.565756842155
0.56562428659
0.565491745936
0.565491739724
0.565359215222
0.565306209521
0.565094214054
0.564988229989
0.564855763884
0.564749802183
0.564670337431
0.564458462487
0.563902484433
0.563770145685
0.563558436614
0.563399680438
0.563293855412
0.563188040326
0.563108685535
0.562976440596
0.562897100715
0.562791322904
0.562711996069
0.562553359794
0.562447614288
0.562368311682
0.562236153097
0.562130437411
0.562077583296
0.561998306782
0.561919035859
0.561866191684
0.56170767531
0.561549180681
0.561285080947
0.561153049718
0.560994634609
0.560836240621
0.560730656641
0.56046674701
0.560387584185
0.56028204245
0.560202892671
0.560070988798
0.55999185393
0.559912724652
0.559807228268
0.559701741202
0.559543531105
0.559464433511
0.559385341509
0.55925353393
0.559253527718
0.559148092837
0.559042667897
0.558963605714
0.55885819879
0.558779149654
0.558647413519
0.558568379293
0.558463009022
0.558357648691
0.558225962256
0.558094291974
0.557988966433
0.557883650833
0.557778345172
0.557567767399
0.557383544928
0.557146729889
0.557015186342
0.556831053953
0.556594363163
0.556436592911
0.556331423926
0.556199977293
0.555858309485
0.555726918144
0.5555692709
0.555464183919
0.555359106879
0.555254039778
0.555122720502
0.554965157127
0.554860127301
0.554781361455
0.554676349025
0.554571346535
0.554466353984
0.554335127896
0.554335118577
0.554203907398
0.554072712372
0.553967767037
0.55357435156
0.553443230463
0.553364565259
0.553259687019
0.553154818719
0.553023747322
0.552945111938
0.552814066012
0.552709239957
0.552473420161
0.552394823916
0.552211455665
0.552080496093
0.551897181269
0.551766259594
0.551661532938
0.551556816223
0.551452109448
0.551347412613
0.551216556168
0.551111881698
0.550954890494
0.550876402347
0.550771760182
0.550640971453
0.550301021402
0.550196433907
0.55001343033
0.549804326162
0.54964751947
0.549438483018
0.549307852709
0.549098880246
0.54894217606
0.548837717784
0.548654941585
0.548524404463
0.548419985948
0.548419979735
0.548211176253
0.547924137472
0.547689342739
0.547585003744
0.547480674689
0.547376355574
0.547272046399
0.546959188454
0.546880985461
0.546776723501
0.546672471481
0.546568229401
0.546463997261
0.546229520608
0.546099272989
0.545995085579
0.545786744307
0.54563051227
0.545500336095
0.54539620584
0.545214003676
0.545057854887
0.544927746428
0.5447976535
0.544667576103
0.544563525369
0.544381462365
0.544147426799
0.544043425764
0.543913440313
0.543835455379
0.543601539715
0.543367674993
0.543263748509
0.54326373919
0.543159822645
0.543029940942
0.542926046762
0.542822162523
0.542718288223
0.5426663548
0.542588459326
0.542302900364
0.542147167813
0.542069309614
0.541965507379
0.541861715085
0.541680103108
0.541550399083
0.54147258375
0.541342904575
0.541187311184
0.541005812275
0.540876190255
0.54077250233
0.540513339053
0.540409685918
0.540254226717
0.540150598433
0.539891580527
0.539813884475
0.539710298435
0.539321980317
0.539218441493
0.539140793897
0.539011394285
0.538907885901
0.538804386837
0.538571559604
0.53839050054
0.538261190388
0.538183611751
0.538183603054
0.538106030008
0.537950901934
0.537847494815
0.537692404637
0.537563178353
0.537459808508
0.537382287648
0.537278935199
0.537098092951
0.537020598184
0.536917280524
0.53673649916
0.536581567401
0.536426658628
0.536245962996
0.536168529732
0.536091102059
0.536013679978
0.535936263487
0.53580724905
0.535678250144
0.535549266769
0.535471883826
0.535471877614
0.535368709055
0.535239762955
0.53513661676
0.535033480506
0.534930354813
0.534724134489
0.534543724632
0.534440645533
0.534234520882
0.534079951933
0.533719388796
0.533590641496
0.533333192869
0.533050079769
0.532895681664
0.532818490688
0.532689851486
0.532586951306
0.532484061688
0.532329745588
0.532226880199
0.53212402475
0.531969763941
0.53189264006
0.531712708566
0.531635603322
0.531532805028
0.53140432176
0.53130154583
0.531198779841
0.531044651359
0.53094191022
0.530839179021
0.530736457761
0.530633746442
0.530556719476
0.530428354245
0.530351342189
0.530248668145
0.530146004662
0.530017689132
0.529915047392
0.529786759197
0.529658488396
0.52924814012
0.529145572931
0.529043015682
0.528914834341
0.528786667289
0.528709774513
0.528632887328
0.528530379779
0.52842788217
0.528325394501
0.528222916772
0.528069219438
0.527966766559
0.52786432362
0.527736284545
0.527659468183
0.527582657412
0.527377857267
0.527275471483
0.527173095639
0.527147503231
0.526968375635
0.526840445279
0.526738112301
0.526661368625
0.526277753373
0.526201043244
0.52609877177
0.525996510236
0.525868697297
0.525792016989
0.5256642289
0.525510904315
0.525408699936
0.525255412627
0.525127689769
0.524999983063
0.524821220141
0.524719082857
0.524591425852
0.524489310933
0.524361681884
0.52425958933
0.524157506717
0.524029918049
0.523927858421
0.52380029771
0.523698259826
0.523570727071
0.523570720858
0.523443203634
0.52331570132
0.523239207387
0.523009763483
0.522907802634
0.522754881862
0.522678428931
0.522576500388
0.522449103686
0.522347197508
0.522194357498
0.52209247617
0.521990604781
0.521888743332
0.521786891824
0.521710509715
0.521608675602
0.52153230654
0.521455943069
0.521379585189
0.521277784002
0.521175992133
0.521074210826
0.520997880903
0.520819803219
0.520743491934
0.520667186239
0.520565454011
0.520438303324
0.520336593461
0.520260317586
0.520184047303
0.520006107537
0.519929855891
0.519828195728
0.519650316224
0.519548683395
0.519472465297
0.519370849863
0.519193048637
0.519142253345
0.519040670216
0.517923919298
0.51782245545
0.517721001542
0.517644918255
0.517543481741
0.51739134623
0.517289934566
0.517213882342
0.517112488074
0.51696041593
0.516859046511
0.516859012343
0.51658031509
0.516453652086
0.516352332367
0.516276349102
0.516276337298
0.516149710947
0.51604842167
0.515921823896
0.515820556363
0.515643362719
0.515542122521
0.515415587493
0.515364977334
0.515213163009
0.515111965056
0.515036073114
0.514934892556
0.514833721938
0.514707273264
0.514606125632
0.514479704294
0.514403858946
0.514328019189
0.514252185023
0.5141510815
0.514024716696
0.513898367422
0.513696243623
0.513620456051
0.513393128747
0.513292109714
0.513216351962
0.513115350324
0.513039605619
0.512963866505
0.512761925353
0.512585261015
0.512509555448
0.51238339255
0.512307701893
0.512080672789
0.511979783597
0.51190412276
0.511803250342
0.511727602552
0.511601535326
0.51145027702
0.511324243963
0.5112234287
0.511122623377
0.510996631323
0.510921043172
0.510845460613
0.510719502728
0.510719496515
0.510618740892
0.510492811584
0.510366897186
0.510240997698
0.510115114362
0.510014418379
0.509913732957
0.509737558785
0.509611737574
0.509511091292
0.509334986699
0.509209214568
0.50908345921
0.508932573654
0.508454917252
0.508354385279
0.508278992822
0.508153353017
0.50807797547
0.507977481394
0.507776525545
0.507701175955
0.507600718532
0.507500271049
0.507324512494
0.507224092346
0.507173886
0.507048381627
0.506872704455
0.506772329037
0.50667196418
0.506546521311
0.506471263045
0.506345845647
0.50622044378
0.506145209743
0.506069981296
0.505969685398
0.505869399441
0.505769123423
0.505668857345
0.505568601207
0.505443295013
0.505292948703
0.505217783624
0.504867105822
0.504791972427
0.504541573749
0.504441430057
0.504266207641
0.504191118976
0.504091009453
0.503865801855
0.503640651412
0.503415548184
0.503290509128
0.503190489065
0.503090478943
0.503090463411
0.502990463229
0.502915469615
0.502815487449
0.502715514601
0.502640541488
0.502540586036
0.502440641145
0.502240781803
0.502140866111
0.502040960358
0.501941064545
0.501866149209
0.501741303362
0.501691369123
0.50154158318
0.501466697664
0.501366859006
0.501267030289
0.501117307714
0.501042453881
0.50096760564
0.50089276299
0.500817925931
0.500718151884
0.500568510693
0.500468761495
0.500269299133
0.500194508668
0.500119723794
0.499995094763
0.499920324799
0.499646222936
0.499596393067
0.499471829888
0.499222755095
0.499148042907
0.498948843955
0.498749680414
0.498650112622
0.498550554769
0.498401237871
0.498301704868
0.49822706164
0.498102669305
0.498052916471
0.497953418259
0.497853929987
0.497729585488
0.497580390976
0.497456078782
0.497306926515
0.497182650354
0.497083239738
0.496958990291
0.496809912574
0.49663601839
0.496561500033
0.496462150921
0.496362811748
0.49613934303
0.496064861948
0.495965563157
0.495891095121
0.495766996016
0.495667727045
0.495469220166
0.495369980394
0.495270750562
0.495146727249
0.494948326604
0.494849139017
0.494700378137
0.4946012154
0.49437813807
0.494303789314
0.494204666336
0.494105553299
0.493932130645
0.493808275692
0.493684436891
0.49361014032
0.49353584934
0.493387285397
0.493263500024
0.493164481417
0.49306547275
0.493015972144
0.492941725894
0.492867485236
0.492669539967
0.492521107107
0.49242216305
0.492298496957
0.492298490745
0.492298474592
0.4921995529
0.491952301476
0.491853414574
0.491754538234
0.491507398635
0.491433266074
0.491334431357
0.49121090256
0.490988598686
0.490840418055
0.490667569436
0.490568811754
0.490470064012
0.49037132621
0.490272598348
0.489927141534
0.489779121185
0.489680452963
0.48960645832
0.489557131664
0.489458485807
0.48935984989
0.489261223913
0.488990055594
0.488866821891
0.488792888751
0.4886204017
0.48839868118
0.488250893179
0.488177006633
0.488103125678
0.487955382407
0.487733809124
0.487659961717
0.487561507205
0.487463063254
0.487364628623
0.487241599932
0.487118586152
0.487044785339
0.486946392952
0.486798824252
0.486675866384
0.486552924669
0.486429997864
0.486307087211
0.48618419209
0.486085886678
0.486012164142
0.485913876126
0.485840166636
0.485717330534
0.485643636575
0.485422592597
0.485324364842
0.485250700083
0.485152489101
0.48500519313
0.484907006998
0.484808830807
0.484637050117
0.484563437543
0.484440762965
0.484367165301
0.484269043779
0.484170932197
0.483974741339
0.483901179086
0.483827622424
0.483754071354
0.483656011957
0.483557962501
0.483484431932
0.483410906954
0.483337387567
0.483288377749
0.483116863575
0.482994373509
0.482896391147
0.482749438728
0.482675969662
0.482602506188
0.482455596635
0.482357668943
0.482259751192
0.482161844001
0.482039473836
0.48196605882
0.481892649394
0.48181924556
0.481623533065
0.481550149732
0.481427856602
0.481354488179
0.481232219899
0.481134417079
0.4807189
0.480670023129
0.480572277464
0.480474541118
0.480352386527
0.480230247467
0.480083702587
0.479937178209
0.479741848404
0.479644197169
0.4795709648
0.479400114743
0.479302497677
0.479253692871
0.479156090715
0.479107293364
0.479034101997
0.478912128811
0.478838952355
0.47876578149
0.478668229033
0.478546303062
0.478473154562
0.478400011653
0.478302496472
0.478180617095
0.478058753249
0.477888172815
0.477766346244
0.477693257383
0.477595814267
0.47740096034
0.477279195894
0.477181795644
0.477084404713
0.477011368038
0.476743628399
0.476646282198
0.476524614046
0.476402961425
0.476305650014
0.476208348543
0.476086737545
0.475746327148
0.47562477517
0.475527543279
0.475503236859
0.475381714701
0.475260208074
0.475163013458
0.475017242035
0.474920072269
0.474847201467
0.474701477259
0.474604339798
0.474482932572
0.474385817475
0.474264438205
0.474143074465
0.473997459598
0.473900394202
0.473754816609
0.47363351748
0.473536489359
0.473415218807
0.473196979153
0.473099996383
0.473003022932
0.472906059421
0.472687937183
0.472566774729
0.472445628427
0.472372947729
0.472251825656
0.472179159867
0.472130719114
0.472033845063
0.471815921004
0.471646458199
0.471525429314
0.47140441596
0.471331815402
0.471283418137
0.471186631061
0.471065664922
0.470968900211
0.47087214544
0.470775400609
0.470654485413
0.470533584505
0.470267673206
0.470050156687
0.47005014799
0.469977651802
0.469905161206
0.469832676201
0.469736038846
0.469639410811
0.469639390931
0.469566926427
0.469470315786
0.469373715707
0.468963292881
0.468890880562
0.46877020641
0.468697809002
0.468601287821
0.46850477658
0.468384152129
0.468287663874
0.468191184939
0.468070600247
0.467998256887
0.467925919119
0.467853586941
0.467757152736
0.467516115058
0.467419715642
0.467323326167
0.467226946631
0.467154668502
0.467082395965
0.466865624947
0.466769292626
0.466697049909
0.466504439317
0.466384072063
0.466287790063
0.466191517383
0.466095254642
0.465999001842
0.46587870044
0.465758415813
0.465662197802
0.465565989732
0.465493840202
0.465373603411
0.465301468791
0.465205297996
0.465133176422
0.465037023022
0.46491684587
0.464820715456
0.464700567504
0.464604458833
0.464508360103
0.464412271312
0.464292174302
0.464196108498
0.464052028119
0.463931978945
0.46385995615
0.463763934455
0.463715927335
0.463619920549
0.463547921983
0.463259991708
0.463164032138
0.463044096653
0.462948160069
0.462876213688
0.462780293878
0.462780287665
0.462708354331
0.462636426587
0.462516560061
0.46234877836
0.46225291322
0.46210913601
0.462037254861
0.461965379302
0.461869553922
0.461725835732
0.461653984402
0.461582138664
0.461438464582
0.461342694493
0.461270873605
0.461199057686
0.461055442623
0.460983643479
0.460887919983
0.460816133885
0.460720428406
0.460648655354
0.460529046647
0.460457288505
0.460385535954
0.460337704026
0.460242047626
0.460146401787
0.460026859554
0.45993123608
0.459835621925
0.459716118209
0.459572734872
0.459477157992
0.45942937328
0.459333811309
0.459142719674
0.459047187524
0.458927788178
0.458856154907
0.458760652577
0.458641290506
0.458569679601
0.458474207091
0.45837874452
0.45828329189
0.4581878492
0.458116273706
0.458020848411
0.457734645212
0.457639259677
0.457496200633
0.457353163333
0.45728165307
0.457138651181
0.457043327771
0.456971841736
0.456900361293
0.456781240267
0.456662136016
0.456495414167
0.456447784767
0.456400157852
0.456304911477
0.456209675664
0.456066842134
0.455852633773
0.455852625076
0.455781232229
0.455709844973
0.455614670663
0.455471929078
0.455376779618
0.455257856772
0.455162729677
0.454996282421
0.454901182661
0.454806092841
0.454615945507
0.454520885507
0.45444959703
0.454354555046
0.454188256891
0.454116994507
0.453998236291
0.453855747555
0.453760767075
0.453380952632
0.453309753615
0.453191101634
0.453096190734
0.45281152513
0.452740370843
0.452479541993
0.45219507084
0.452123965011
0.452005468342
0.451815911195
0.451721144425
0.451650075871
0.451579012908
0.451460587682
0.451271141118
0.451176432125
0.451105406437
0.450916034422
0.450774031504
0.450679374074
0.450561068129
0.450419119881
0.450324499726
0.450277193376
0.450182588132
0.450135289237
0.449969766402
0.449827912584
0.44975699313
0.449686079267
0.449567902542
0.449497003589
0.449449740727
0.449355223078
0.44926071537
0.44916621698
0.449071728531
0.448930015115
0.448835551516
0.448764710339
0.448670264135
0.448457805836
0.448339790636
0.448268988598
0.448174594579
0.447938659851
0.447867889497
0.447820712368
0.447773537723
0.447679195888
0.447490548252
0.447372660408
0.447089805127
0.447042669
0.4469484042
0.446877712124
0.446807025639
0.446736344745
0.446665669442
0.446500785874
0.446453680809
0.446359478756
0.446218195246
0.445935705881
0.44581802305
0.445747420434
0.445676823408
0.445488593252
0.445441541615
0.445347445796
0.445253359916
0.445159283977
0.44501819119
0.444853612035
0.444712565842
0.444642050822
0.444548039492
0.444477537519
0.444289562075
0.444148606585
0.444054648062
0.443937213731
0.443819794931
0.443749350734
0.443631956784
0.443467630477
0.443303338339
0.443186002787
0.443092145528
0.442857558913
0.442529246124
0.442458904432
0.442365124208
0.442271354545
0.442177594201
0.442107280466
0.442013537517
0.441919804508
0.441849511274
0.441779223631
0.44170894158
0.441615240876
0.441498128974
0.441404450635
0.441334198404
0.44124053746
0.441170298896
0.441100065302
0.441053246013
0.440983021738
0.440889398068
0.440795784961
0.440702181172
0.440585192277
0.440515005277
0.440444823868
0.440281090234
0.440117388284
0.44002385656
0.439906956504
0.439813447145
0.43981343472
0.439719935301
0.43964981726
0.439486231484
0.43941613208
0.439369402251
0.439275950047
0.439182507783
0.439112432608
0.439019007739
0.43892559281
0.438832188442
0.438762141224
0.438622065424
0.438505351122
0.438435329996
0.438295305139
0.438201967866
0.437991997054
0.437898691465
0.437735431845
0.437618835581
0.437548885277
0.437478941186
0.437409002065
0.437269142461
0.437175913907
0.437175897754
0.437059376661
0.436989471088
0.436919571105
0.436849676714
0.43680308356
0.436686611546
0.436616735792
0.436593445117
0.436523576818
0.436407142079
0.436290723493
0.436220879423
0.436127763315
0.435988108723
0.435918288882
0.435778667217
0.435685597703
0.435615802091
0.435499489117
0.435383192916
0.435313421533
0.435243655741
0.435127393709
0.43496465656
0.434871674643
0.434778702044
0.434639263647
0.434523081136
0.434453378711
0.434360450842
0.434290761464
0.434221077677
0.434081727498
0.433942400305
0.433872744474
0.433849527106
0.433617397537
0.433524559128
0.433431730659
0.433338912131
0.433269304757
0.433037334228
0.432967751084
0.432874982255
0.432782223366
0.432712660723
0.432712637115
0.432619896243
0.432550346646
0.432434443697
0.432434437485
0.432364902798
0.432225852061
0.4321099926
0.431924651257
0.431831994254
0.431623558551
0.431484628959
0.431415170685
0.431368868276
0.431253124989
0.431183685353
0.431044823476
0.430952260903
0.430859708269
0.430790300317
0.430674633443
0.430605240401
0.430535852951
0.430373971264
0.43023523985
0.430050304806
0.429934737332
0.42986540393
0.429772968092
0.429680542814
0.429611229914
0.429426428438
0.429357136039
0.429241661752
0.429080026702
0.429010762259
0.428918418366
0.428849166969
0.428779921163
0.428595296744
0.428433783458
0.4283645712
0.428272297508
0.428203098296
0.428133904676
0.428041655212
0.428041604891
0.427972424317
0.427880192248
0.42781102472
0.427649659292
0.427557462635
0.427419185977
0.427327013548
0.427188775407
0.42709662845
0.427004490812
0.42695842572
0.426889332742
0.42679721809
0.426705112757
0.426705101574
0.426636029098
0.426566962212
0.426428848942
0.42631376915
0.426060653123
0.425945624273
0.425830609091
0.425761607437
0.425692611374
0.425623620902
0.425508651071
0.425439675509
0.425370705539
0.42530174116
0.425255768013
0.425186812953
0.425117863483
0.424934029294
0.424635377481
0.424520539355
0.424474608454
0.42433683128
0.424176122514
0.424084300471
0.424084284319
0.423946570513
0.423808880314
0.423648270327
0.423579445729
0.423487688296
0.423418876744
0.423350070784
0.423258338201
0.423120759828
0.423051978096
0.42289151286
0.422776911431
0.422662324911
0.422547753923
0.422456108315
0.422387380632
0.42231865854
0.422181232995
0.422066727238
0.421998031239
0.421929340831
0.421814869864
0.421746194366
0.421540210739
0.421471557606
0.42124276353
0.421174134626
0.421059766165
0.420991152171
0.42092254439
0.420808210098
0.42071675335
0.42048816118
0.42041959378
0.420328179898
0.420191078645
0.420191072433
0.420122529261
0.420053991681
0.419962616938
0.419894092404
0.419825573461
0.41975706011
0.419757047685
0.419620038377
0.419551541799
0.419414566039
0.419346086235
0.419277612022
0.4192091434
0.419117860603
0.419049405027
0.418980955043
0.418889697096
0.418775640503
0.41868440492
0.418547570183
0.418479161202
0.418387957924
0.418342360013
0.418273967805
0.418205581188
0.418068828457
0.417954881825
0.417749821376
0.41765869824
0.417499259309
0.417408162886
0.417339847093
0.41727153689
0.417180465317
0.417112168161
0.416952833601
0.416861796818
0.416770770596
0.416702506988
0.416566000271
0.416475006355
0.416384021757
0.416315789832
0.416133869094
0.41606565767
0.415997451838
0.415951984389
0.415861056946
0.415747412242
0.415588337365
0.415429294171
0.415315709728
0.415224852487
0.415134004564
0.415043166582
0.41495233916
0.414702618888
0.414589131981
0.414543741568
0.414430278269
0.414339517943
0.414248766935
0.414180710203
0.414044617239
0.413908543534
0.413795165968
0.413681805175
0.413613795036
0.413477791533
0.413409798168
0.413183195242
0.413115226105
0.413069916454
0.41297930647
0.412911354108
0.412820759656
0.412752820339
0.412616960344
0.412526398818
0.412458483731
0.412367938978
0.412254772637
0.412186879915
0.412096364983
0.412028485306
0.411960611221
0.411870121139
0.411870117412
0.411779637269
0.411689167067
0.41150826021
0.411349997306
0.411282179134
0.411214366553
0.411169161272
0.411078758164
0.410897985497
0.410852797611
0.410785020441
0.410694659579
0.410446227779
0.410355904192
0.410265590545
0.410175286837
0.409836740812
0.40974648432
0.409678798474
0.409611118219
0.409543443555
0.409475774483
0.409430664875
0.409069883057
0.408979711055
0.408912088576
0.408844471689
0.408776860393
0.408731789302
0.408731783089
0.408641648362
0.40857405384
0.408506464909
0.408461408728
0.408416355032
0.408258690392
0.40816860785
0.408101052467
0.408033502675
0.407943444982
0.407875908236
0.407628330656
0.407560820003
0.407425817955
0.407223356195
0.407133387963
0.407043429671
0.406975967475
0.406930995784
0.406593797251
0.40652637233
0.406391541747
0.4063241336
0.406256731044
0.406077021957
0.405987181082
0.405919806482
0.405807528529
0.405740168839
0.405627916979
0.405538125182
0.405403459851
0.405268813779
0.404887477894
0.404775342829
0.404708068872
0.404640800506
0.404551118049
0.40437178544
0.404259723061
0.404147674349
0.404058047183
0.403968429336
0.40385642287
0.403789225326
0.403587667487
0.403520492308
0.403430934723
0.403363772591
0.403274231779
0.403184700907
0.403072801917
0.402893796707
0.402826679305
0.402737198754
0.402647727522
0.402468821091
0.402379380301
0.402312305765
0.402289948829
0.402222881748
0.402133467671
0.402066413637
0.401999365194
0.401932322342
0.401932316129
0.401686547009
0.401619530249
0.401507848697
0.401418514761
0.401329190144
0.401150576943
0.401061282147
0.400949681356
0.400882726101
0.400815776436
0.400726518915
0.400503425432
0.400436507451
0.40039189857
0.400324989908
0.400258086838
0.400168891441
0.400079705984
0.400012823415
0.399945946437
0.399945937739
0.399945934012
0.399945930284
0.399879058898
0.399834481079
0.399789905746
0.399723047405
0.399656194656
0.399567066976
0.39938884392
0.399322019127
0.399188386936
0.399099310819
0.399032510255
0.398787630144
0.398720855672
0.398631832361
0.398565070936
0.398453814318
0.398387067803
0.398320326878
0.398186865531
0.398120141381
0.398008947509
0.398008938812
0.397542186596
0.397342202383
0.397253332522
0.397208901318
0.397142259173
0.396964579711
0.396853547365
0.39678693504
0.396720328305
0.396653727162
0.396587131611
0.396498346239
0.396431763734
0.39636518682
0.396298615497
0.396232049765
0.396054574695
0.396054570967
0.395988025737
0.395877129444
0.395744080607
0.395677561469
0.395611047923
0.395522372513
0.395411543315
0.395322889649
0.395212087165
0.395145612757
0.395056989532
0.39505697338
0.394990512018
0.394879757371
0.394769018255
0.394702581122
0.39463614958
0.39454758351
0.394326214618
0.39425981476
0.394193420494
0.394104904124
0.394038522903
0.393972147274
0.393905777237
0.393861533651
0.393618248289
0.393551908072
0.393352924693
0.39328660684
0.393220294579
0.393109787189
0.392910921227
0.392866733554
0.392778366284
0.392690008333
0.392601660943
0.392469157564
0.392402914261
0.391851247684
0.391740934125
0.391674752326
0.391454190438
0.391123506957
0.391035336002
0.390947174366
0.390770881535
0.39068275034
0.390616658001
0.39048449134
0.390374370368
0.390374343033
0.390264235728
0.390198178801
0.390110112216
0.39006608234
0.389934011351
0.389647954146
0.389603950363
0.389537949348
0.389449957313
0.389383969344
0.389317986967
0.38925201018
0.389186038985
0.389120073381
0.389032128562
0.38892221136
0.388834288284
0.3887683525
0.388680446819
0.388614524703
0.388504667762
0.388438759935
0.388372857698
0.388306961053
0.388197146358
0.388131264623
0.388065388479
0.387933654829
0.387867795459
0.387779992284
0.38771414596
0.387648305228
0.387582470086
0.387516640536
0.387450816578
0.38738499821
0.387297249084
0.387187580382
0.386968284603
0.386924432405
0.386924423707
0.386924417495
0.386836721175
0.386727114599
0.386639440644
0.386551776008
0.386486034055
0.386420297692
0.386332658528
0.386266935211
0.386223122773
0.386135505353
0.386069799431
0.385982200027
0.385916506531
0.385807029795
0.385741351209
0.385675678214
0.38561001081
0.385544348998
0.385544345271
0.385478689049
0.38539115674
0.385259877224
0.385216121941
0.385150493676
0.385084871002
0.38501925392
0.384909905162
0.384778707651
0.384691254862
0.384625671327
0.384581952076
0.38451637786
0.384450809235
0.384385246202
0.384297838142
0.38418859127
0.384079360549
0.383991986659
0.383904622708
0.383839106268
0.38377359542
0.383708090162
0.38353344116
0.383467956404
0.38335882819
0.383293358344
0.383184255601
0.383031539842
0.382944285852
0.382878851418
0.382769807073
0.382704387548
0.382638973614
0.382551764355
0.38226843506
0.38215947769
0.382050535851
0.381876266433
0.381876260841
0.38181091773
0.381723802901
0.381636698012
0.381571375402
0.381506058384
0.381418977723
0.381418964677
0.381353660705
0.381266597439
0.381201306513
0.381114260643
0.381048982763
0.380983711096
0.380874938237
0.380809680858
0.380722680339
0.38059219913
0.38052696598
0.380418258353
0.380244361684
0.380179158355
0.380113960616
0.379961858031
0.37989667893
0.37980978216
0.379744616105
0.379679455642
0.37961430077
0.379549151489
0.379484007799
0.379397158865
0.379332028222
0.379266903169
0.379180079085
0.379049861286
0.378984760463
0.378919665231
0.378832880285
0.378724413703
0.378659340836
0.378550899104
0.37835574387
0.378269024156
0.378182314382
0.37818230879
0.378073935396
0.377943910805
0.377878905033
0.377792239368
0.377727246642
0.377640598372
0.377510647089
0.377337416401
0.377272462814
0.377207514818
0.377012717424
0.376904511146
0.376817957306
0.376731414027
0.376666512625
0.376666508897
0.376601613087
0.376515094658
0.376428586169
0.376342086999
0.376233977635
0.376147501451
0.376147455479
0.376082604398
0.376017758909
0.375888086567
0.375693621542
0.375607206862
0.375542402375
0.37545600509
0.375369617745
0.375304833759
0.375153694734
0.375132105663
0.374873107638
0.374851526643
0.374786787388
0.374722053723
0.374678901053
0.374571032114
0.374420039082
0.374355337722
0.374139705456
0.373945698914
0.373837934345
0.373730186549
0.373643998004
0.373643989307
0.373557810702
0.373514725127
0.373428562053
0.373363945805
0.373320871412
0.373191665008
0.373127069262
0.373040950918
0.372976368217
0.372890266647
0.37276113293
0.372696574458
0.372653538583
0.37258898943
0.372502933211
0.372373867831
0.372201815034
0.372008305492
0.371943812252
0.371879324603
0.371814842545
0.371750366078
0.371642918346
0.371556970846
0.371535485524
0.37144955045
0.37140658664
0.371342145584
0.37127771012
0.371062967484
0.370998556248
0.370848288837
0.370783896239
0.370612212464
0.370569297112
0.370462020224
0.370419113569
0.370354758246
0.370247512421
0.370183172008
0.369797277388
0.369711543598
0.36960439096
0.369518679535
0.36945440249
0.369154523086
0.369068864467
0.368918987201
0.368811949495
0.368747733953
0.368683524002
0.368640720475
0.368597919433
0.368533722529
0.368448135975
0.368383952117
0.368319773851
0.368255601175
0.368127276326
0.368063120424
0.367998970114
0.367934825395
0.367785177991
0.36772105191
0.367656931419
0.367443243045
0.367379146784
0.367293693799
0.367122821999
0.367058753693
0.367058749966
0.367016040868
0.366887932214
0.366802537006
0.366717151737
0.366631775788
0.366503732365
0.366439718108
0.366375709443
0.366311706369
0.366205047625
0.366205038928
0.366119722618
0.366055741909
0.365970442995
0.365906475332
0.365714611482
0.365650666185
0.365586726478
0.365480173347
0.36541624855
0.365352329345
0.365288415731
0.365224507708
0.365118006762
0.365032819052
0.364968933394
0.364905053327
0.364862469723
0.364798598975
0.364649588974
0.364479335939
0.364436777184
0.364372943712
0.36430911583
0.364224021307
0.364181477462
0.364117666355
0.364032593575
0.363883740751
0.36377743612
0.363692403722
0.36362863548
0.363586126425
0.363501115771
0.363437364303
0.363352371665
0.363267388346
0.36320365738
0.363161173175
0.363118691455
0.36299126307
0.362842625198
0.362800162116
0.362757701519
0.362715243407
0.362651560898
0.36258788398
0.362481770073
0.362418108065
0.362396888639
0.362333234086
0.362248370047
0.362205941755
0.362142303976
0.362099881896
0.362015045813
0.361951424808
0.361887809394
0.361824199572
0.361739395173
0.361569818679
0.3614850441
0.361400280082
0.361251972094
0.361188418184
0.360955444957
0.360891917139
0.360828394913
0.360764878278
0.36068019875
0.360616695161
0.360553197164
0.360447380214
0.360320421494
0.36027810627
0.360214638092
0.36017232908
0.360087719132
0.359960822537
0.359897382316
0.359833947686
0.359749377498
0.359643678586
0.359601403122
0.359495725332
0.359432326114
0.35926329135
0.359263287623
0.359199908905
0.359136535779
0.359073168244
0.358967568732
0.358861985373
0.358798642067
0.358714193644
0.358650863384
0.358587538715
0.358524219638
0.358482010026
0.358397598257
0.358123331762
0.358060053687
0.357996781204
0.357954602654
0.357933514311
0.35787025301
0.357764831797
0.357701585406
0.357659424251
0.357596187179
0.357490806347
0.357427584185
0.357301158498
0.357237953109
0.357237939442
0.357174739644
0.357111545438
0.357048356823
0.357048348126
0.356985165102
0.35692198767
0.356858815829
0.356795649579
0.356711437231
0.356648284028
0.356627234202
0.356479906548
0.356416773845
0.356332605606
0.35626948595
0.356227409286
0.356164298949
0.356101194203
0.35610118799
0.356038088835
0.355996025838
0.355953965326
0.355680641268
0.355596560626
0.355491473645
0.355449442953
0.355197319063
0.35513430005
0.355071286627
0.354966278546
0.354714318666
0.354546400289
0.35450442551
0.354441468
0.354378516082
0.354336551242
0.354105798985
0.354021904097
0.35397996038
0.353917049464
0.353875111959
0.353791244406
0.35356066672
0.353497793079
0.353455880425
0.353393016724
0.353330158614
0.3532882559
0.353225406488
0.353183509986
0.352995015798
0.352911252614
0.35284843675
0.352785626476
0.352722821794
0.352660022703
0.352597229204
0.352513513235
0.352450732782
0.352387958541
0.35232518927
0.352136919354
0.352136908171
0.352011421815
0.351948686091
0.351593312879
0.351488819814
0.351259000054
0.351175443746
0.351050127612
0.350966595534
0.350820440799
0.350653443737
0.350465618636
0.350382156138
0.350319565787
0.350277841993
0.350173544
0.350069261539
0.349902442155
0.34983989467
0.349693976011
0.349610606079
0.349527245465
0.349339727262
0.349277230099
0.349214738527
0.349131425129
0.349068946603
0.348985651221
0.348923185741
0.348839907133
0.348798271556
0.348735822851
0.348694193486
0.348631754099
0.348590130948
0.348486085804
0.348382055571
0.34831964414
0.348236437597
0.348174039212
0.348090850685
0.347778999787
0.347675074545
0.347654291236
0.347197251648
0.34709341338
0.347010353452
0.346968827215
0.34690654252
0.34690652761
0.346823490047
0.346802732209
0.346740462423
0.346615943353
0.346553690342
0.34651219144
0.346449947747
0.346346221305
0.346283992522
0.34622176933
0.346138814393
0.346097340341
0.346035133923
0.34595220073
0.345869277477
0.34580709156
0.345744911235
0.345744907507
0.345641286056
0.345579120641
0.345516960816
0.345392658563
0.345268379296
0.345268375568
0.345226953702
0.34518553432
0.345144117423
0.345061291085
0.344937073943
0.344874971895
0.344812875438
0.344750784573
0.34466800545
0.344523167766
0.344440415978
0.34437835866
0.344316306933
0.344254260798
0.344192220254
0.344006145215
0.343944127036
0.343861444828
0.343799439695
0.343675448066
0.343572137862
0.343468843189
0.343406873467
0.343262299815
0.343200348731
0.343117755983
0.343014529647
0.342973243213
0.342911318222
0.342849399442
0.342663687835
0.342560529837
0.342478014745
0.342416134484
0.342374884082
0.342271769572
0.342230527868
0.341983147845
0.341880092353
0.341777051771
0.34169463111
0.341488623254
0.341365050969
0.341241499186
0.34117973075
0.341056211272
0.34091213462
0.340850396003
0.340768086545
0.340706360975
0.340644640996
0.340521221539
0.340438952463
0.340356694569
0.340295006273
0.340192205494
0.340130532109
0.340068864315
0.339966097704
0.33984279877
0.339781157069
0.339657892303
0.339596267376
0.339514110124
0.339411428625
0.339349826062
0.339308760793
0.339247167549
0.339144526432
0.339082948098
0.339021375355
0.338980329966
0.338918766542
0.338816174503
0.338754625989
0.338754617292
0.338467498991
0.338344472164
0.338303467778
0.338241965858
0.338200967684
0.338159971995
0.338077988694
0.337996015332
0.337914051911
0.337873073617
0.337811610836
0.337054319715
0.336992931483
0.336870175522
0.336829260596
0.336788348154
0.336747438198
0.33666562574
0.33660427292
0.336604269193
0.336563370419
0.336481580326
0.336358915689
0.336236272174
0.336174958492
0.336113650402
0.336011483299
0.335970620557
0.335929760301
0.335848047244
0.33576634599
0.335664231071
0.335602969575
0.335521296277
0.335460047827
0.335378391925
0.335337567701
0.335276336025
0.335235518013
0.335235514286
0.33519469876
0.335113075162
0.335051863987
0.335051854668
0.33486825904
0.33480707023
0.334684711247
0.334623539211
0.334562372766
0.334501211912
0.33444005665
0.334378906979
0.334215872873
0.334175119471
0.334073248704
0.33401213258
0.333951022048
0.333849184828
0.333767725241
0.333706637073
0.333625195502
0.333564120381
0.33352340674
0.333462340937
0.333401280726
0.333340226106
0.333197789555
0.333157098279
0.332994359888
0.332933342543
0.33281132587
0.332750325299
0.332689330319
0.332486060313
0.332445412524
0.332364124402
0.332282846841
0.332120326509
0.331957842209
0.331876614348
0.331836003835
0.331754790262
0.331693886606
0.331653287275
0.331572096068
0.331531504192
0.331470621037
0.33147061234
0.331389444119
0.331308285216
0.331227136254
0.331166281056
0.331125714029
0.331085149488
0.331004028482
0.330882368407
0.33076072759
0.330720185413
0.330659376809
0.330578307367
0.330517511808
0.330456721841
0.330395938086
0.330233876237
0.330173112983
0.3301123547
0.329970610843
0.329930117124
0.329889625891
0.3298288937
0.329727687049
0.32968720824
0.329525324069
0.329444394408
0.329383703219
0.329302790332
0.32924211219
0.329201663202
0.32908033301
0.328999457398
0.328938807212
0.328878162617
0.328716475382
0.3286356445
0.328575027861
0.328514416814
0.328453811358
0.328312424099
0.327949023711
0.327787564475
0.327706847903
0.327646316997
0.327605966166
0.327505101824
0.327424420042
0.327242927967
0.327182439927
0.327121957479
0.327081638953
0.327021165823
0.32698085351
0.326859933343
0.326799480715
0.326698739381
0.326618156999
0.326577869535
0.326497302063
0.326396607323
0.326376470114
0.326275794633
0.326175134061
0.3261147448
0.326054361131
0.326054357403
0.325973855162
0.325933607459
0.325873240563
0.325812879259
0.325712291373
0.325651944979
0.325571491817
0.325531268964
0.325531263372
0.325470933752
0.325410609722
0.325289980301
0.325189473178
0.325088981586
0.325008598004
0.324968409941
0.324928224362
0.32492821815
0.324847854448
0.324787588195
0.324727327533
0.324707241888
0.324667072462
0.324486341419
0.324406032387
0.3242655155
0.324125032781
0.324024705821
0.323964515981
0.323924392528
0.323864212007
0.323743869603
0.323683705856
0.323623547701
0.323563395136
0.323483200415
0.323423060897
0.32336292697
0.323302798634
0.323222638081
0.323102414336
0.322922125623
0.322842010421
0.32276190516
0.322701833358
0.322661788182
0.322581705907
0.322541668186
0.322481616264
0.322401556354
0.322341517478
0.322281484194
0.322181441766
0.322041410075
0.321941404922
0.321861412107
0.321781429232
0.321741441211
0.321681463839
0.321601503329
0.321581514599
0.321541539003
0.321441611507
0.321361680195
0.321301738235
0.321181873573
0.321141922827
0.321082001368
0.321042056834
0.320962175223
0.320802445547
0.320702634225
0.320642753768
0.320562921856
0.320503054446
0.320443192627
0.320283594656
0.320143982931
0.320064213765
0.320064211902
0.31996451551
0.319844898106
0.319765166215
0.319625661966
0.319585808135
0.31950610855
0.319406497892
0.319346738579
0.319187410852
0.319087850515
0.318829097262
0.318789293131
0.318709692946
0.318669896271
0.318669719214
0.318629925024
0.318530450419
0.318470773111
0.318391212064
0.318291775977
0.318232121034
0.318112829165
0.318073069764
0.318013435322
0.317973682134
0.317854441207
0.317854435616
0.317794821676
0.317655748574
0.317596153271
0.317496840813
0.317417402153
0.31731811765
0.317119598346
0.317000515838
0.316742593197
0.316683083627
0.316623579648
0.316524419396
0.316425274675
0.316365794924
0.316365789333
0.316326139272
0.316227026857
0.316127928729
0.316048661535
0.316009031354
0.315949590742
0.315870345913
0.315810918347
0.315751496373
0.315652472796
0.315612867466
0.315533664881
0.315454472236
0.315355495253
0.315296116145
0.315197165254
0.315137801056
0.31501909192
0.314939963885
0.314880623916
0.314801512655
0.31470263942
0.314584010425
0.314504936439
0.314267789031
0.314188754804
0.314188751077
0.314149237691
0.313971461936
0.313931962218
0.313852970237
0.313773988196
0.313714758188
0.313655533772
0.313655528181
0.313596309355
0.313556833245
0.313418688913
0.313260845974
0.313024181278
0.3129847412
0.312886152498
0.312728448098
0.312669316869
0.312610191232
0.312551071186
0.312511660928
0.3124525502
0.312294955141
0.312216170036
0.31213739425
0.311999566755
0.311822402931
0.311763357435
0.311645284459
0.311586255736
0.311487887578
0.311369866166
0.311310863536
0.311212540108
0.31117321434
0.310976632094
0.310858708839
0.310819405436
0.310760454991
0.310681863095
0.310642570875
0.31060328114
0.310544351817
0.310505068294
0.310446147669
0.310446142078
0.310387227044
0.310328317602
0.31026941375
0.310269405674
0.310151618473
0.3101123598
0.31005347645
0.30995535058
0.309857241483
0.309798382362
0.309739528832
0.309641452662
0.309582614042
0.309543391402
0.3094845621
0.309445345673
0.30938652569
0.309347315475
0.309249302672
0.3091513054
0.309033730667
0.308974949823
0.308916174571
0.30885740491
0.30879864084
0.308739882361
0.308602800988
0.308524483064
0.308446174458
0.3083483033
0.308309158938
0.30827001706
0.308230877667
0.308152606336
0.308074344946
0.307996093495
0.307917852606
0.307820066559
0.307820057241
0.307761391949
0.30770273225
0.307565885088
0.307487698247
0.30742906464
0.307370436624
0.307292274633
0.307233659664
0.307155515068
0.307096913144
0.307057848302
0.306960197688
0.306921141543
0.306784467088
0.306725900576
0.306725896849
0.306608780598
0.306511200807
0.306491686712
0.306491684848
0.306296595467
0.306257581567
0.306179561843
0.30608205101
0.306043050777
0.305984555088
0.305809107778
0.305711655965
0.305653191959
0.305594733544
0.30551679831
0.305458352941
0.305341482706
0.305263579776
0.30516621618
0.30499100184
0.304952071187
0.304835295382
0.304776915244
0.304699083759
0.304640716668
0.304582355168
0.304543450608
0.304465649564
0.304368412082
0.304329521189
0.304271189509
0.304057371915
0.303824189327
0.303765906105
0.303610517727
0.303552255006
0.303435748202
0.303377502254
0.303338674729
0.3031251777
0.302989352495
0.30277597661
0.30252390739
0.302446364165
0.302271941298
0.302194430999
0.30209755819
0.301942593505
0.301884491067
0.30182639422
0.301768302964
0.30167149725
0.301574708311
0.301516641284
0.301439227279
0.301361823213
0.301284429088
0.30109100093
0.301090985399
0.300916950192
0.300820281154
0.300723627647
0.300646315527
0.300607663194
0.300569013346
0.300569009619
0.300491718
0.300453075608
0.300395116678
0.300317846803
0.30025990092
0.300201960628
0.300144025927
0.3001054059
0.3000281733
0.29995095064
0.299912343037
0.299854436293
0.299757938098
0.299545699722
0.299468539187
0.299391388592
0.299294966191
0.299217837961
0.299140719671
0.299140715943
0.298986518502
0.298947973024
0.298832353366
0.298813085286
0.298736019181
0.298678226126
0.298639700528
0.298562657409
0.298504881128
0.298312343843
0.298216095391
0.298158352657
0.298119860607
0.298042883962
0.297985158001
0.297927438253
0.297869723475
0.297812014288
0.297754310693
0.297696612688
0.297658150458
0.297600461773
0.297523552223
0.297369767292
0.297350546428
0.297292887562
0.297254451425
0.297196801878
0.297158371953
0.297100732346
0.296985469906
0.296947053649
0.296889433922
0.296755012122
0.296716610774
0.296659013413
0.29654383919
0.296486258602
0.296332747022
0.296294373009
0.29623681665
0.296160083535
0.296083360982
0.295987471613
0.295949119965
0.295891597153
0.29581490939
0.295719062887
0.295642396867
0.295508258978
0.295431620294
0.295335837158
0.295297527756
0.295297527135
0.295259220217
0.29516346566
0.295106019262
0.295048578455
0.294972000032
0.294914572271
0.294876290204
0.294818871762
0.294780595907
0.294704051653
0.294627517338
0.294589253908
0.294474479771
0.294436226281
0.29434060405
0.294283237793
0.294206760012
0.294187641654
0.29407294828
0.294034720883
0.293958274164
0.293958270437
0.293920050494
0.293881833037
0.29382451151
0.293709885231
0.29370987964
0.293652574887
0.293480698525
0.293423416137
0.293385230985
0.293308868756
0.29317525893
0.293118006362
0.292946286555
0.292908132465
0.292831832362
0.292717401776
0.292622059108
0.29258392614
0.292564860589
0.292564856861
0.292526727621
0.292450477218
0.292393295473
0.292317061843
0.292221784406
0.292183677531
0.292107471858
0.29205032366
0.291878922554
0.291878903917
0.291859861351
0.291802737382
0.29166947235
0.291631401508
0.291593333151
0.291536235274
0.291441085193
0.291384002227
0.291288876995
0.291117690221
0.291003595732
0.290851507436
0.290813490021
0.290775475091
0.290737462646
0.290623442086
0.290509445755
0.290395469924
0.290319497841
0.290281515216
0.289826025648
0.289788075328
0.289731154508
0.289560426216
0.289503527761
0.289408709428
0.289275992338
0.28921912184
0.289162256932
0.289105397616
0.289010645756
0.28895380135
0.288840131796
0.288802246086
0.28874542218
0.288707542683
0.288593920966
0.288234335055
0.288177567062
0.288045136369
0.288007302845
0.287931643251
0.287874905078
0.287818172497
0.28772363062
0.287666912949
0.287610200869
0.287534594081
0.287458997233
0.28734562153
0.287307833978
0.287194487474
0.287118934735
0.287005626128
0.286948979279
0.28681682877
0.286684708702
0.286646964638
0.28664696091
0.286609219331
0.286552611621
0.286458277862
0.286420548708
0.286250800749
0.286213085262
0.286081103112
0.286043398807
0.286005696988
0.285967997653
0.285836072037
0.285779540741
0.285779518376
0.285704152633
0.285647634383
0.285591121724
0.285534614657
0.285478113802
0.285402787819
0.285365128245
0.285214521009
0.285120408416
0.285082767479
0.284932234794
0.284894606282
0.284838168173
0.284650087117
0.284424475085
0.284349288262
0.284311698268
0.284236525734
0.284123785571
0.284104997718
0.284067423876
0.284011067772
0.283935934998
0.283860812786
0.283766925085
0.283691825238
0.283635506409
0.28359796363
0.28354165412
0.283504117553
0.283429051874
0.283372759759
0.283316472614
0.283278950958
0.283241431786
0.28312888918
0.283035121381
0.282941369113
0.282903872306
0.28273517426
0.282641472935
0.282585258476
0.282529049609
0.282529034078
0.282472830802
0.282379172964
0.282322984598
0.282210625882
0.28213573229
0.282079568153
0.282023409607
0.281948540864
0.28183625732
0.281705292156
0.281649170886
0.281555649723
0.281462144091
0.281349956841
0.281293870981
0.281219099153
0.281106960982
0.281032213383
0.280957475724
0.280957471997
0.280882744899
0.280845384767
0.280751995931
0.280695969711
0.28058393591
0.280527926464
0.280434591676
0.28037859714
0.280341270556
0.280303946457
0.280266624842
0.280229305713
0.280191989069
0.280136018762
0.28000544685
0.279912197794
0.279856255444
0.279856246125
0.279800309365
0.279725735717
0.279669812003
0.279613893881
0.27955798135
0.279502074411
0.279334390246
0.279278505671
0.279241252395
0.279204001603
0.279166753296
0.279110886116
0.279073644022
0.27901778554
0.279017778085
0.278961925194
0.27892469304
0.278868850089
0.278775790516
0.278719961854
0.278589720447
0.278515308323
0.278422307768
0.278329322744
0.278199175146
0.278161993935
0.278161990207
0.278069048671
0.277976122666
0.277938956364
0.277883211571
0.277827472369
0.277790316007
0.277697437839
0.277641717274
0.277567431886
0.277418895278
0.277381766251
0.27732607737
0.277214717004
0.277140489392
0.27708482474
0.276992063366
0.276936413624
0.276825134642
0.276713876782
0.276658255617
0.276602639423
0.27654702882
0.276491423808
0.276472890046
0.276435824387
0.276398761213
0.276398755622
0.27634316552
0.276306108558
0.276306100482
0.276250519699
0.276157899349
0.276102333476
0.275991222231
0.275935673131
0.275880129623
0.275732050255
0.27567652787
0.275602507755
0.275546997795
0.275491493425
0.27549148597
0.275417488842
0.275361997519
0.275306512408
0.275232540751
0.27519555834
0.275103113804
0.275047654164
0.274955234479
0.274918270704
0.274881309415
0.274751965715
0.274715015609
0.274659595108
0.274567241896
0.274382582687
0.274290274826
0.274234897192
0.274197981875
0.274142613559
0.274087250835
0.273994992674
0.273921197452
0.27384741217
0.273773636829
0.273755194391
0.273662993385
0.273626116586
0.273478637346
0.273165378695
0.273054858259
0.27296277529
0.272925945706
0.272797064217
0.272686620194
0.272576196674
0.272484192604
0.272337022125
0.272300234786
0.272245058437
0.272189887679
0.27215311028
0.272042793615
0.272006026156
0.271987643358
0.271987635903
0.271932491238
0.271877352163
0.271693603086
0.271620118489
0.271620112898
0.271509904951
0.271473173524
0.271436444583
0.271362994155
0.271252838393
0.271197768278
0.271087648548
0.271050945699
0.270995896706
0.27095920007
0.270812445208
0.270757419822
0.270720739338
0.270665723272
0.270610712796
0.270537374194
0.27050070862
0.270427385548
0.270335745531
0.270280769225
0.2701891553
0.270134193283
0.270042604208
0.269951029423
0.26982285181
0.269731314299
0.269694703395
0.269639791699
0.269529986943
0.269438499754
0.26938361415
0.269328734137
0.269310442042
0.269145850462
0.269072710659
0.268999581417
0.268963020213
0.268963010895
0.268889895942
0.268835066872
0.268780242771
0.268743696477
0.268652342236
0.268615804639
0.268561002904
0.268469680968
0.268414894142
0.268378372699
0.268305337887
0.268250567836
0.268195803375
0.268159296842
0.26808629185
0.268013296799
0.267867339622
0.267830855453
0.267794373769
0.26775789457
0.267666708066
0.267630237565
0.267539072184
0.267411468606
0.267375015499
0.267247451682
0.267192789728
0.267192786
0.267156347804
0.267119912092
0.267065263185
0.266974194718
0.266846726573
0.266773900502
0.266719287005
0.2666646791
0.266628276937
0.266555480064
0.266482693753
0.266464498572
0.266464494845
0.266373528885
0.266318956391
0.266264389488
0.266209828177
0.266155272457
0.266100722328
0.266027997521
0.265918930189
0.265846230853
0.265791712408
0.265610042034
0.265555547818
0.265501059193
0.265464736549
0.265392099338
0.265373941433
0.265319471445
0.265246853493
0.265156095651
0.265101648029
0.26506535272
0.264974625941
0.264974622214
0.264938335603
0.264883910345
0.264847629946
0.264811352033
0.264775076604
0.264630009058
0.264539356829
0.264466846353
0.264412469553
0.26433997585
0.264231254555
0.264176901984
0.264140670043
0.264013877818
0.263923331202
0.263869010936
0.263706083063
0.263651784541
0.263615588632
0.26356130005
0.26347083109
0.263398467229
0.26334420039
0.263271853303
0.263145276031
0.262819944
0.262765736801
0.262585099567
0.262585093976
0.262368406826
0.262314246221
0.262205943028
0.262151799197
0.261953326486
0.261899208748
0.2618450966
0.261736892807
0.261682797433
0.261574625324
0.261538572303
0.261538568575
0.261484493703
0.261376362596
0.261304286995
0.261178178145
0.261142152459
0.26083604502
0.26071005483
0.26065606569
0.260656060099
0.260620070445
0.260476139166
0.260476135438
0.260368211829
0.260350226631
0.260224351372
0.260152434811
0.260098503448
0.260008632131
0.259900806679
0.25986486921
0.259757075442
0.259631346176
0.259595427345
0.259541553758
0.259487685762
0.259433823357
0.259379966544
0.259308166778
0.259254323011
0.259164596445
0.25905694805
0.259021068979
0.258967255032
0.258895512421
0.258895508693
0.258841707792
0.258841704065
0.258769978849
0.258752048943
0.258680335531
0.258572785914
0.258536940391
0.258429419973
0.258286098761
0.258250273118
0.258214449959
0.258142811718
0.258089089095
0.257999565678
0.257820567302
0.257820563575
0.257766874499
0.257731084888
0.257695297762
0.257605842682
0.257552175972
0.257480629676
0.257409092699
0.257373327938
0.257319685456
0.257319679865
0.257248165874
0.257158787209
0.257158783481
0.25699795295
0.256944349607
0.256908617151
0.25687288718
0.256819296883
0.256747851851
0.25667641738
0.256640703562
0.25664069797
0.256604986637
0.256533572046
0.256480017161
0.256408619344
0.25630154312
0.256248012463
0.256194487397
0.256158807126
0.25612312934
0.256069617321
0.256016111514
0.255944778928
0.255909116052
0.255873455661
0.255766490641
0.255695192846
0.255641725556
0.255588263858
0.255516990291
0.255445726664
0.255338851725
0.255285421711
0.255214190389
0.255178578456
0.255125165215
0.255071757566
0.255036155572
0.255000556064
0.254875981082
0.254840392756
0.254787014926
0.254591353373
0.254538001637
0.254484655491
0.254395759537
0.254342428301
0.254218012359
0.254129161756
0.254093625615
0.254040326063
0.253987032103
0.253933743733
0.253844942831
0.253667403772
0.25361414895
0.253543151218
0.253489909443
0.253401189302
0.253294743648
0.253223791267
0.253170583039
0.253135113993
0.253081915084
0.253010992524
0.252922353146
0.252869176602
0.252780563317
0.252621099536
0.252621095809
0.25258566528
0.252479392333
0.252426262383
0.252355431146
0.252355427419
0.252320015528
0.252249199823
0.252213795387
0.252054509905
0.251983731475
0.251930653709
0.251912962363
0.251842203813
0.251789140958
0.251612315094
0.251541598168
0.251523920489
0.251488566996
0.251435541415
0.251435528369
0.251382509001
0.251347165448
0.251205825404
0.251099841338
0.25104685676
0.250976219975
0.250940904999
0.250870282503
0.250834974982
0.25078201836
0.250640831765
0.250499686793
0.250464405365
0.250429126422
0.25035857599
0.25030566969
0.250288035499
0.250111729622
0.250041223921
0.249988351168
0.249953105772
0.249917862861
0.249847384495
0.249812149039
0.249794532243
0.249741685583
0.249706457582
0.249706453855
0.249653616513
0.249618394725
0.249407127364
0.249336721684
0.249248729649
0.249213536438
0.249178345712
0.249143157472
0.249037613872
0.248949674023
0.248896916822
0.248861748462
0.248773839053
0.24873867939
0.24872110049
0.248650791725
0.248598066209
0.248510204637
0.248475063611
0.24843992507
0.248404789015
0.248404774105
0.248369640534
0.248246698819
0.247895671253
0.247843025878
0.247790386094
0.247772840742
0.247650046884
0.247579889704
0.247544814531
0.24747467164
0.247387007625
0.247386998928
0.247351937422
0.247299349823
0.247229241722
0.247159144182
0.24705401682
0.246913886351
0.246878858393
0.246826321115
0.246773789428
0.246773785701
0.246686247179
0.246633730402
0.246511216729
0.246441220453
0.246371234117
0.246301258342
0.246073931659
0.246021480114
0.245951553418
0.245899114919
0.245864159026
0.245829205618
0.24582920189
0.245794250967
0.245706885153
0.24561953487
0.245584598857
0.245549665329
0.245479805728
0.245409956688
0.245357575965
0.245340116967
0.245270287807
0.24527028408
0.245217918267
0.245113205901
0.24507830592
0.245043408425
0.245008513414
0.244921287381
0.244921274335
0.244886388022
0.244799183733
0.244746868241
0.244694558341
0.244642254032
0.244537663431
0.244415668501
0.244224025196
0.244189188583
0.244032467623
0.243962824838
0.243928006862
0.243875784559
0.243823567846
0.243753954881
0.243701751836
0.243614760015
0.243475606151
0.243406042886
0.243371264671
0.243162658746
0.243023639693
0.243023636586
0.243023632859
0.24297150747
0.242936760317
0.242815165473
0.24271096688
0.242624152115
0.242572069593
0.242485279677
0.242450567314
0.242415857436
0.242363797279
0.242311742713
0.242277042775
0.242224997528
0.242172957871
0.242155612562
0.242086238157
0.242086232566
0.242016868102
0.24196485081
0.241878169614
0.241826167233
0.241791502085
0.241687525279
0.24160089254
0.241548919979
0.241427674898
0.241375720974
0.241271831765
0.241133354442
0.241064126653
0.240994908182
0.240908399693
0.240873800398
0.240839203587
0.240770018043
0.240700842439
0.240510667148
0.240424246876
0.240389682371
0.240337840272
0.240286003765
0.240182349388
0.240147802278
0.240044178342
0.239992373518
0.239802475305
0.239802471577
0.239785211379
0.239733434512
0.23966440925
0.239664406144
0.239629896308
0.239595388958
0.239560884093
0.239526381713
0.239440137876
0.239405644194
0.239371152996
0.239319420859
0.239250453373
0.239250449646
0.23921596963
0.2391814921
0.239078075662
0.238974681589
0.238888536531
0.238767964886
0.238733519661
0.238509695587
0.238458056638
0.23845805291
0.238285973399
0.238148355887
0.238113955392
0.238062359308
0.237993573849
0.237941990812
0.237873222748
0.237804464624
0.237770088978
0.237701345764
0.237649794411
0.23758106797
0.237529529663
0.237409297221
0.237374950153
0.237323434832
0.237289093977
0.237220420343
0.237168921796
0.237134592123
0.237048780056
0.236997299525
0.236911511686
0.236842892722
0.236791434557
0.236757132219
0.236705683372
0.236568516266
0.236534230081
0.23644852549
0.236379973621
0.236311432934
0.236311427343
0.236260026954
0.236208632155
0.236140115076
0.236105859954
0.236054481929
0.236020233019
0.235968864313
0.235746365367
0.235695026481
0.235643693186
0.235575257491
0.235575249415
0.235541035295
0.235489718774
0.235387106234
0.235335806487
0.235301609762
0.235250319333
0.235216128821
0.235147755251
0.235096481596
0.235045213533
0.23501103793
0.234959779186
0.234857280955
0.234788961434
0.234788957707
0.234703571196
0.234618200837
0.23456698558
0.234532844768
0.234464572462
0.234396308231
0.234362179844
0.234328053941
0.234225693007
0.234157464189
0.234157460461
0.234089240961
0.234021031401
0.234021027673
0.233969877026
0.233918731971
0.233918724516
0.233850539806
0.233765323517
0.233646049664
0.233646039103
0.233646035375
0.233594925731
0.233594923867
0.233526786372
0.233475689774
0.233441628481
0.233441624754
0.233084200173
0.233033152033
0.233033127804
0.232982085876
0.232863012686
0.232811989396
0.232743966211
0.232709958346
0.232658951208
0.232590951009
0.232505964583
0.232471974113
0.232437986128
0.232437982401
0.232353024553
0.23225109663
0.23218315545
0.232098243575
0.232098241711
0.232047301668
0.231945438977
0.231911489509
0.231843598651
0.231758750143
0.231724814343
0.231707847375
0.231639986336
0.231606059234
0.231402571169
0.231385616005
0.23135170754
0.231351698842
0.231317792862
0.231249988357
0.231148302101
0.231029696713
0.230928058294
0.230894183376
0.230843375659
0.230775642598
0.230707918235
0.230657131019
0.230606349395
0.230572498085
0.23053864926
0.230487880682
0.230420198564
0.230369443032
0.230115771607
0.230065049623
0.230031238073
0.229963622428
0.229912917218
0.22986221822
0.22982842158
0.229828383684
0.229777693383
0.229710115635
0.229558113692
0.229507453212
0.229439915223
0.229389267789
0.229220484632
0.229220482769
0.229102376866
0.229051766707
0.22896743073
0.228916835481
0.228849384468
0.228781942773
0.228748225653
0.228697654633
0.228647089204
0.228596529366
0.228562825914
0.228495427085
0.228444884021
0.228394346548
0.228360658006
0.22824277389
0.228074417532
0.228023921062
0.227872469547
0.227788349766
0.227687429511
0.227636975907
0.227603343277
0.227519273196
0.227468838229
0.227435218025
0.227384792377
0.227334372942
0.22725035256
0.227132752977
0.227099157622
0.227065564752
0.227031974367
0.22698159345
0.226948009277
0.226897637678
0.226897624011
0.226897611586
0.226813672588
0.226780100841
0.22672974788
0.226696182345
0.226662619295
0.226528401265
0.22647807626
0.226427756846
0.226394213676
0.226394202493
0.226360661809
0.226360658081
0.226327119881
0.226276817241
0.226226520192
0.226159466158
0.226125942868
0.226092422063
0.226042145516
0.225941611058
0.22590810392
0.225874599268
0.225824346949
0.225774100222
0.225723859085
0.22562339545
0.225573171087
0.225506215831
0.225472740999
0.22542253341
0.225389064791
0.225322135628
0.225255215783
0.225205033044
0.225138131216
0.225104683719
0.225071238707
0.225004356137
0.22500435241
0.224954197006
0.224870618334
0.224803765584
0.224720213626
0.224569867315
0.224503059917
0.224469659635
0.224419563871
0.224336083978
0.224252620237
0.224235929104
0.224152484
0.224085738106
0.223835548168
0.223785523227
0.223652155067
0.223618818152
0.22356881744
0.223518822319
0.223452170854
0.22341884885
0.22338552933
0.223318897746
0.223285585681
0.223235622244
0.223119065118
0.223085767964
0.223035826891
0.222952604817
0.222852758704
0.222819481429
0.22278620664
0.222669766931
0.222653134816
0.222619872452
0.222586612572
0.222536727412
0.222503473745
0.22250346629
0.222470215108
0.222403720199
0.222370476472
0.222303996473
0.222270760201
0.222237526414
0.222204295112
0.222171066295
0.222137839962
0.222104616115
0.222071394753
0.22202156737
0.222004959484
0.221971745577
0.221921929376
0.221872118766
0.221838914799
0.221805713317
0.22177251432
0.221706123781
0.2216563374
0.221639743182
0.221523603536
0.221473837656
0.22147383455
0.221440660403
0.221440656676
0.221440652948
0.221341147902
0.221291402523
0.221241662736
0.221208505984
0.221125625597
0.221075904447
0.220959912659
0.220877078245
0.220810822517
0.220711457253
0.220711439236
0.220645208359
0.220595541257
0.220545879748
0.22054587602
0.220512771453
0.220512765862
0.22047966378
0.220446564183
0.220446558592
0.220396913855
0.220363820471
0.220248019407
0.220165319183
0.22008263449
0.219950372777
0.219900783953
0.219834674219
0.219818148339
0.219752051651
0.219752047924
0.219553823092
0.219454744224
0.219421721662
0.21933917675
0.219124653415
0.219058661098
0.21905865737
0.218976180796
0.218943194267
0.218943190539
0.218778299516
0.218745327896
0.218728843019
0.218695875127
0.218646428569
0.218580508317
0.218465173191
0.218382809684
0.218333397917
0.218300459845
0.218267524258
0.218168736135
0.218152273001
0.218004139584
0.217576618706
0.217543737789
0.217461548233
0.217412241457
0.217362939651
0.217182236564
0.217116536855
0.217116516354
0.217050827206
0.217001566403
0.216968728973
0.216935894029
0.216820995021
0.216755349982
0.216738940276
0.216673307662
0.216558478234
0.216525674352
0.216410882198
0.21627973563
0.216214173218
0.216115847926
0.216066693356
0.216066679689
0.216033913082
0.21600114896
0.215919251391
0.215853743028
0.215820992573
0.215788244604
0.215739127309
0.215706385553
0.215575447724
0.215542718392
0.215509991546
0.215477267184
0.215444545307
0.215395467773
0.215346395208
0.215313683271
0.21531367271
0.215248256291
0.21521555181
0.215215548082
0.215133798371
0.215101102587
0.215101096374
0.215052057357
0.214986680698
0.214937654728
0.214855957823
0.214806946762
0.214741607378
0.214676278556
0.214643617562
