44
754
40
159
3154
2349
3245
36
6589
8440
10348
2915
3
2261
652
10512
650
2847
634
405
5215
176
7
2839
1877
2934
6620
116
102
2868
9970
853
212
629
833
654
210
229
1901
948
17285
1891
2103
2809
42
2836
11630
1076
554
8385
3063
651
9952
1082
15606
6991
927
2966
2971
11799
747
6595
108
5310
2625
80
568
4532
1168
4902
730
970
2903
8379
10963
753
49
226
658
264
3596
6050
1910
2344
1898
1430
646
7441
6677
773
10542
1302
8479
20349
2232
4545
168
8031
9405
1863
29
1100
2009
1074
8500
1866
1559
1786
1791
2876
7778
13213
149
2874
740
9530
3124
385
553
1158
8917
6191
123
13589
6365
42847
1505
6640
7406
3256
3384
7358
28481
6948
237
3128
3523
12583
21854
217
1956
7084
2318
2840
307
2168
37
7528
5656
759
30
7183
7844
50183
7307
5699
6664
26
180
680
6785
145
11948
2007
3618
11558
11140
349
969
446
4841
1895
14283
2130
4871
14657
3739
1936
3458
2283
16494
207
2842
109
8474
3158
9923
782
2044
697
5668
2180
13097
13142
324
2920
493
746
620
1314
1449
317
4618
3710
10509
6316
8308
8947
7155
95
208
5591
10969
298
661
5670
55294
433
18980
37365
5655
7546
8428
157
17607
36027
2176
236
2207
3427
449
20050
17050
35
1998
6318
639
7648
12
3056
1307
9577
3415
4786
7008
22500
641
6121
37901
1771
13429
9416
14207
11277
13438
13403
156
1451
760
1542
1864
1875
2885
27245
7642
16728
303
2843
83
9009
15159
3362
220
8231
1452
4613
655
320
7524
13826
755
1872
11208
1933
2821
47
736
5684
1843
1914
2901
7260
2810
223
719
5430
8544
959
7227
436
2218
6977
412
2045
7572
5642
888
5575
10877
11931
16500
1867
16809
7148
1159
8217
1911
7362
3212
3341
13816
2910
13835
802
8946
10532
16266
1386
3007
11
11692
28859
11204
11527
3160
1971
4840
8493
17
2068
248
75
887
7521
2279
2157
7527
11260
1093
7153
1083
3218
182
11378
4090
3182
8056
16265
7607
42102
12038
173
6687
11739
9663
2001
170
10991
762
10554
11017
2962
4087
6782
2386
878
2354
2392
2895
7987
5221
30377
1718
8082
3085
2938
9
37699
1798
3348
15128
219
1431
4655
9595
8483
9580
351
174
250
10902
5819
11490
6217
387
638
6256
676
3324
6787
13848
1142
2865
7112
195
1578
3638
1521
1883
5090
8013
6205
2194
6612
280
23322
112
7098
234
13
147
2980
3180
11051
1955
4659
3422
8478
2133
12620
2379
4023
9520
8941
8821
20930
636
9111
653
5646
5724
15034
31763
15543
1139
1315
8467
9911
9749
9982
6587
6223
6203
11530
160
6756
3778
6615
9402
5432
1770
13596
6110
35343
2034
2008
7237
31533
7670
7560
15251
27058
5270
15088
5902
2278
6208
24211
8262
2849
10346
3186
10685
28956
876
22948
623
25062
731
29479
11577
3637
7669
1143
1146
4985
11856
1777
2
5708
13170
1949
5210
3089
14294
2987
13199
417
15946
1970
7256
2262
1978
6648
2073
6957
2189
503
28131
2339
7549
3864
2853
3189
7375
29603
1847
1720
14275
14942
15048
8906
11641
2774
1550
1987
35375
8902
1854
32563
2132
18243
21
1003
10086
627
1151
2177
5208
2806
167
191
14230
17058
11261
9041
10650
474
11177
7206
7870
3062
2812
3259
13285
13265
4041
13108
6621
14547
3668
8191
23
2241
2896
1240
4960
5318
7537
1815
10333
29477
5146
5605
13599
1622
18647
677
3662
7318
1170
2182
25688
199
21776
6896
28350
9552
1645
2517
7114
9954
20386
1513
1876
2879
7438
10551
3183
6915
18
44981
1984
1878
127
901
152
3801
16722
8337
7824
9740
6663
65
8820
12882
269
19451
13096
16240
13442
370
9242
14039
7411
5629
5408
679
721
824
9587
745
24822
5211
977
1077
2900
686
10494
17558
1067
5632
5665
6233
6580
1138
20165
1507
3379
2850
238
3358
6629
12053
4730
1699
23929
691
47758
2970
10
12548
6884
11050
2198
5206
2022
5841
26250
7467
188
2222
5715
8473
11559
2352
6101
2929
8688
41309
42236
6193
6864
14951
2400
55578
6906
2841
4
2873
16197
9154
76
2944
79
9571
7385
835
9332
225
6908
211
3761
7686
22741
3813
467
10488
3661
4630
11183
3885
15309
11003
657
15947
647
11568
8427
11699
11593
1109
8255
11584
1503
1525
2978
38137
1531
12317
2201
1805
9725
2327
8306
4622
19
6130
12577
13436
2389
14912
2024
209
2149
15979
3099
2217
2871
17315
6905
7170
18529
8834
7729
17830
6683
2778
18308
25862
5732
7632
1094
2932
4101
4383
4548
7865
1149
13202
22257
23320
1909
13105
13110
8819
20323
24580
56
8503
25853
3645
26557
1590
6588
8951
28816
9449
29515
1961
5663
738
11787
18316
2235
18322
262
7025
9738
39556
648
1986
51628
5592
2276
6269
6984
2321
4334
19700
171
4690
214
200
11951
12087
5154
18340
362
2553
11533
3333
6196
662
31901
8696
854
2989
30518
967
3146
4283
8243
29791
7302
7272
6933
12959
7493
1097
1310
7603
1393
3109
16343
1880
6901
3992
2077
8111
8145
5694
8165
3924
8425
18811
2051
15220
4843
5285
10129
301
20032
386
8617
2264
10363
6204
20697
8900
8541
22425
9109
2174
666
2215
2394
25153
9582
24765
189
2221
1329
10564
922
20139
3835
3006
6347
18649
1447
2924
10872
9949
3376
5021
7692
3545
3233
6880
7937
1902
3350
11531
34646
3381
8041
4627
6652
11618
3216
4249
11765
43573
4423
3394
7152
27
7911
3439
12636
2137
4629
8897
5639
3725
2398
8482
183
8329
13232
235
240
13546
4181
13560
77
2428
9421
431
5400
14077
5714
418
582
10205
2807
2857
3337
9124
5
23842
20324
15200
1586
7518
10238
253
1721
5378
6340
16317
16430
144
6107
16730
1087
9785
5623
2813
17497
267
25859
5647
6215
5728
6263
11612
5823
10334
27274
6106
1353
19109
625
1530
6117
6145
3401
1443
8933
10337
1554
11730
1557
1780
6
4012
11511
1693
6605
6863
1756
13340
3784
11946
2161
4617
11955
24168
7545
13335
25839
8214
7699
13908
8923
7347
28846
8565
14238
13453
2340
8465
32032
32107
32209
41
6533
15271
9017
3045
9059
277
2038
14468
36237
2805
6115
36410
4862
9240
2573
14814
15358
6904
15348
3055
9221
241
2524
3122
18974
3344
45168
7282
17143
31568
17991
21023
3084
834
7483
9562
3417
9290
12230
1257
21408
11358
6727
413
3767
42808
22071
419
3861
161
490
7636
9601
11139
20711
2507
7103
11373
3846
1418
263
24084
3421
673
11556
5415
8115
10842
5576
4582
8715
11343
5636
12663
12120
1182
883
30598
5493
12627
7162
11842
8755
12833
4999
12001
11720
31434
27592
2031
32349
12253
13264
1543
5595
16137
8985
1110
5690
1701
7583
1714
5659
6109
40988
1860
1873
10477
1913
1915
1511
1950
6120
10895
7179
2986
2869
2101
15714
17291
3108
2134
7376
7379
22950
1994
9721
6776
7515
1889
6847
1931
1945
7296
22440
45
50
2146
17309
61
17314
22495
7122
11987
7551
17225
378
572
3869
9334
20147
2281
2870
18949
7789
20932
2303
8470
8025
4678
546
12519
22372
7662
2403
12287
8164
12875
21606
7575
5038
8748
12594
23502
1069
7685
13539
8039
3204
20148
7755
5437
23562
5472
1465
3290
8781
38517
9135
7997
5012
8496
19903
27407
3653
24032
16588
11431
27979
24036
154
1080
10254
5438
28836
1775
6923
5618
25106
27139
1785
9972
10548
6240
1900
16565
1932
4624
15850
18645
4846
10339
31
9973
4542
2272
5041
35243
10173
11491
10586
10208
34645
2085
10410
4034
5308
37773
37983
6341
5518
2256
11968
5084
7224
10588
18250
2284
19137
10850
6598
4795
7187
44688
44901
2837
56576
21575
49598
5691
282
5746
12659
62
12037
124
2992
13132
7846
11939
12525
2820
20395
24206
13399
7696
66
7746
6582
21358
13039
2946
2965
13178
3519
14120
14151
6064
336
6918
6188
6277
656
8002
26358
14826
14933
8212
7125
27980
717
7223
7230
896
8735
38908
624
13821
3815
7457
1092
16724
31020
25400
633
7587
14787
16559
7758
11217
7873
4570
5364
5155
1403
17366
8092
3071
4771
10058
8117
1155
23273
23151
1658
8408
10315
2905
10138
5281
10619
1794
20044
1410
5095
17379
20082
5226
268
8706
18007
18140
20036
8521
6220
5637
11514
8894
5657
2246
9463
18715
2887
12094
2917
9319
6738
19749
12386
10024
2404
10066
2536
10196
576
3135
10271
6329
621
23637
24356
756
27994
24814
1120
7437
98
21775
1165
3024
3479
945
3037
13301
987
163
0
2974
22563
7126
3131
7034
3048
3175
10947
30616
10412
3103
28623
3221
11755
29056
1563
3149
11824
2922
3284
7407
11864
32149
3311
32200
30302
1459
7990
29627
32699
3426
5444
8030
27312
3503
1528
8035
34477
31921
3351
14354
32144
12414
35212
3490
11583
14614
12553
32245
3219
12632
32383
12732
1079
41323
42618
13158
1973
37619
36940
16198
15895
2014
1999
13446
8486
8895
2030
13576
148
42091
2105
8981
43
51
12774
1997
297
12838
1491
2195
2209
151
49417
158
18774
2255
4988
18927
24
4234
9167
9575
88
9112
5375
15046
300
140
3378
15421
5418
5486
2618
246
7506
5589
564
16345
295
10458
5598
299
589
3919
603
389
10911
5734
16777
14571
5707
16849
491
447
9975
557
668
670
17209
5791
5815
21418
570
590
46275
5770
3073
818
3081
17672
22658
17753
886
34
18263
6279
6147
18494
424
947
11674
3828
23796
6711
19400
3425
3511
6222
19865
19902
1252
13366
6650
6870
5274
3544
1906
3029
7671
20367
1444
2908
7872
20977
1533
1519
20029
3847
1558
1501
28457
1567
6792
1587
9315
1568
22291
7210
12089
7435
12999
3179
13636
1881
12576
23377
1782
7428
21728
23837
13481
24314
7503
24391
13537
1989
29976
32151
7683
7684
1192
7690
7469
2003
2477
14329
2005
8004
21382
2042
6303
5622
1290
25585
9026
460
14160
8075
2183
23079
15114
7928
13727
2253
26634
26669
2186
26713
27202
5887
2337
8227
27586
14164
3153
24338
2365
2375
2358
8578
28042
14458
5718
28433
8622
28574
2501
3173
25689
22414
29395
8909
42447
2701
27337
8292
8920
218
8938
15139
2858
30951
2882
2872
2878
17718
8913
15726
2916
39048
9018
15685
2933
2906
8990
2911
15
32418
6886
2449
33321
6382
2976
9208
33875
9214
9578
6590
34554
34971
3061
3070
36363
3200
101
3215
2356
37696
38196
38543
7298
3395
10163
3241
9574
41288
10372
10374
41873
3340
279
42466
11022
18769
7111
10552
20078
3443
327
10423
46825
3656
630
3492
48095
3719
3788
53014
19851
53608
14
11624
722
11220
38
3743
7784
3908
190
24438
892
54
21075
4037
9114
4567
21490
12788
8032
4577
254
993
1183
255
4648
3314
8283
11899
13772
1309
908
12112
22573
375
4681
4774
5785
4945
4793
4916
4825
25275
5019
4889
3732
8509
12133
25592
8873
12528
614
1205
1584
644
12352
5216
1239
5219
749
12898
752
1625
1795
5473
981
5594
5548
5638
1005
1905
5599
5662
1099
5628
4559
13203
87
13051
1118
27140
13233
28152
1164
1185
27709
13916
289
1318
4764
30268
14265
1454
2848
6195
6280
1520
706
21553
10183
14654
9002
14200
11536
6286
6363
915
10281
2424
15067
15333
6694
10483
2162
1709
6513
1012
6791
1776
14701
33070
11198
15585
2789
10446
11192
1930
14897
6826
6907
6805
15904
6852
33536
8140
6992
38118
2002
6935
6917
2493
8377
2036
1391
16140
17063
2059
7033
1497
2093
7082
2111
36555
11603
2968
2160
17239
2163
3025
7402
7277
1659
7462
17104
2260
7419
18267
2265
17240
1695
3036
1703
3251
7445
2328
7473
3289
12490
2377
18755
2421
2473
12239
12244
19036
1959
2594
7941
7790
8066
3672
7797
18417
8027
18999
2827
8144
8052
3698
2884
2890
13356
13448
175
8274
8171
13020
18590
2969
20900
2454
8490
7517
8506
3939
13416
8256
8485
11268
3052
2219
2263
3106
14068
3118
21446
2332
21470
11698
3210
22635
632
22675
3237
667
3321
23391
628
486
3406
23512
14345
9030
3467
9390
23713
1029
24599
716
24603
3688
3690
24999
9379
9615
3730
24843
3749
9649
24446
24454
10686
25670
9604
9868
3875
3889
9635
10835
6248
4005
10103
25991
4217
27622
16205
1446
4359
28006
16260
4581
4612
16202
1598
1603
4710
8969
10673
1697
4819
10630
3558
1696
4847
11034
11052
4915
11122
1725
4987
11255
7649
18020
5083
11334
29869
31134
6335
5195
31155
18372
19143
31963
6186
6230
11532
11723
1967
5347
19498
2055
5377
5402
31203
2015
5422
6825
18961
7986
5466
2089
2166
5532
6909
12054
32396
34413
32809
12043
12167
2268
12069
2248
5695
6823
34813
5726
4829
36012
5753
2359
5754
12395
5761
4809
2360
12293
22490
37368
6053
2472
2443
12869
7434
22142
6197
6214
2557
6261
7315
2598
42328
6310
12990
5667
13379
2707
11507
2718
13031
44797
13155
7370
17518
2930
1160
6644
2958
3020
52144
13909
7677
2990
13717
3139
45090
13795
9027
53520
14231
14261
10320
6940
14083
6187
40043
7088
25447
3280
3198
7150
42852
26138
6253
7262
14434
7271
8611
3445
242
27698
8469
381
8537
28331
29130
230
15570
8272
344
8574
15635
6614
19809
569
8915
15049
7594
15832
13023
13099
293
8945
15409
342
1974
415
2140
8757
7701
15630
724
11001
3950
7851
537
18006
16028
16696
7906
6973
19271
727
17069
99
8005
143
16719
1004
16564
8074
17369
31795
9497
17045
134
31421
4676
7417
32251
2141
8216
1013
232
1072
18128
963
1553
8291
7562
4865
18206
17595
8307
14237
32939
17578
1202
7674
8568
18640
18654
18664
1345
8704
11087
10456
18036
8767
8768
18418
5010
18482
1380
7796
7882
35979
8875
10681
5042
8180
8912
11875
1455
16549
13228
1480
8950
36979
8962
37105
5436
5404
10912
1570
1545
18857
7931
8099
1524
9104
19366
1940
8152
5617
1560
9141
9148
9149
9155
19566
10495
20440
19794
1669
20794
5565
5680
9532
1247
5733
1264
22044
5731
1917
9621
9632
20644
8988
11774
21422
5760
9741
6061
1988
5901
20979
28841
10968
16655
8799
1964
6018
9116
1450
5994
10091
21619
21668
2081
2135
10144
17983
10221
2164
10347
22234
6209
11967
10356
1637
8979
22452
9001
6284
626
22595
2288
1
2324
10698
9165
23237
11960
2373
24722
6618
10916
12437
78
1861
2410
10959
12161
24696
12203
24826
6586
6928
24824
19586
11335
24783
9619
6838
2717
2184
275
7143
26032
2825
26196
25330
6961
2818
2822
7270
11690
25581
11732
11743
25706
26405
21607
1886
1887
2257
27466
26371
11964
13847
1948
2299
3434
11988
10653
11994
11996
13483
12071
27797
27812
12078
27320
27982
27348
12100
28563
12138
10776
3112
7700
12179
2455
3134
27710
27728
13990
28612
2230
1017
13783
7841
12328
28829
3177
12331
29103
3232
29161
14316
29906
1154
11374
3247
12666
597
12675
3404
1253
11538
3407
12895
12902
1180
11670
13014
30757
13035
7205
692
3695
13123
32255
2016
8134
31160
32623
16751
13400
15673
13415
8060
13459
1413
3850
1540
8471
13478
32476
8222
15591
13517
3148
3811
1538
8163
13647
3228
8553
32926
3996
13768
3923
8604
13900
33747
3380
15202
16636
14009
14067
35680
8843
4314
34622
8618
8889
4171
16530
9019
1797
1800
35319
4538
14308
8999
4665
3631
25295
36021
8844
1925
4663
14559
14570
37077
2048
37078
14611
2066
4718
2023
14737
9128
2032
14768
4776
16375
14855
9300
14856
38025
14935
4851
2128
9244
40490
38897
41152
9748
9235
9569
41409
15267
41588
43686
43711
563
17706
15428
9534
9458
45186
9803
4644
45508
9560
4691
5317
14015
4543
43818
47101
2346
47213
4736
5367
44502
5305
19246
2371
13907
10366
2445
9914
49030
44286
16218
17695
44434
19369
14054
29561
17797
50435
44885
5434
9786
9957
16510
2457
16519
49295
703
16780
47668
6199
14360
2814
32
2385
2712
51146
30997
51218
89
97
17403
105
11015
17642
5966
67
17743
2914
3018
10752
17835
17996
21044
162
5982
11199
14971
6073
2883
11436
11265
132
15386
18398
136
6234
3141
18506
9189
74
6201
454
18657
6275
3227
6320
23222
6306
376
567
3261
281
11838
584
3114
21039
6380
19082
315
8978
6381
11243
527
11920
20256
11566
1387
6628
19691
501
794
19719
637
22116
23236
11704
689
593
6770
20051
6860
6118
631
2175
836
20167
6862
249
1595
714
905
3674
6952
3706
3762
6969
880
7001
7011
3790
20881
6192
995
1117
6225
18228
12396
1141
6265
6368
21173
21213
3897
1106
3898
7191
7193
7735
21347
6174
7243
7190
3994
7281
1166
6604
7231
24853
1270
7240
1213
5772
12459
1179
12513
22087
1258
22121
7331
7465
7349
22194
1303
6636
7532
8297
4533
7536
22839
13209
12961
1414
4541
4657
8240
7510
13113
18731
4647
7611
7647
13287
1634
7691
19125
23893
19981
7734
7032
1667
1672
13468
24006
7116
7798
1660
1685
9488
1708
4964
24667
1722
8934
20140
13929
1748
24742
13725
9159
7948
5003
8136
24850
25219
1814
13897
7604
1868
8270
1870
1924
25453
25457
14092
8112
1908
1957
14663
1992
28332
2052
20423
5414
26295
2000
8289
115
125
8303
5452
5461
26718
5654
9417
21596
2092
8011
14527
8653
8513
27526
8693
252
3147
2236
27555
27606
14615
3302
8742
5626
11764
14725
2197
28079
1981
2282
29749
28219
3873
2347
14947
9013
5927
22509
8926
9593
9087
2405
6071
29185
15400
659
2441
2436
8472
31473
15964
2505
2462
8298
6198
5999
30002
15722
30129
31289
9110
30244
30289
12357
2636
2542
8495
10378
6291
9329
30689
30701
9299
17105
23621
9445
2835
31051
10603
31829
2893
2902
9864
32164
32219
16595
9605
32258
9611
16743
31299
32732
10110
2994
32805
3023
3987
9723
6827
2682
17107
33044
9847
33150
3074
3098
3104
9129
33633
4991
33763
3170
10044
3142
10059
3201
34394
3209
10131
34603
10600
213
3231
10293
35213
18058
3389
35354
18475
3346
9567
35391
3396
3323
10367
35649
3330
3428
7304
35967
7108
10487
10950
36079
36108
7396
3451
18209
36579
3470
10540
3504
36956
18333
37202
3574
10638
37332
7312
3599
3604
28366
18670
10714
37834
1899
3654
18587
38060
7403
1888
3632
7416
3452
38440
38739
3742
5338
11014
37490
11496
7488
39172
28815
7501
39512
11036
39817
3744
3853
40079
40127
3789
11138
3876
5209
10468
3809
3883
11321
41474
10344
3874
11421
11456
19929
42251
11812
3689
4051
11847
29183
11599
42911
8054
42977
3998
43039
11626
43121
11549
20572
11977
43288
21157
7900
20225
44869
4370
11836
4434
45405
8040
8049
11866
46125
20790
10560
21091
11913
4628
46650
21166
47340
32039
47768
215
4666
47820
21176
4693
8548
48780
2555
11422
4723
8601
49447
12423
49484
12429
49656
6104
4784
50859
51103
12218
51342
51458
12294
53496
12299
53774
54335
54557
55137
55669
8588
56693
22165
22893
12665
22459
4961
5033
23460
5046
12942
4997
5049
72
12695
12783
8953
2925
12796
5199
13019
5094
5152
8726
5273
193
5132
379
164
8918
184
5227
266
2945
5246
5312
221
227
5346
5294
265
24530
11783
291
13273
305
334
352
22575
355
13466
6584
23666
9062
13515
430
13538
468
489
5648
24155
14484
13678
25358
13971
12767
24656
5649
595
12778
5719
612
25532
13824
3398
60
14131
674
14170
8380
12468
3682
865
9627
484
5881
14127
25446
5907
5820
5912
9542
912
5874
39321
14186
14386
25616
936
9961
950
3786
960
5955
973
14487
1190
6125
5920
9673
6190
10243
26686
25852
1104
1316
1122
4078
14778
1128
1375
1144
6237
6213
26507
6292
13793
10392
1207
14812
6359
1249
4312
16454
6314
6351
4352
15253
6364
15288
6362
13654
6383
1313
6393
1322
1347
6427
1358
14181
1366
15441
6503
15245
1389
6570
27707
6734
1429
10435
10970
14193
6795
6523
6736
15510
1535
10510
6867
6885
11092
1546
16040
6832
1562
2011
6868
1571
6881
1594
6955
6703
11300
1662
7002
15968
7048
6994
1934
1711
16095
16273
7000
10964
1730
29585
19756
1979
30888
1778
7113
1783
5180
11042
14549
1810
11441
1832
2050
7239
1842
1859
1869
9042
1893
25
17294
1919
17300
1921
8928
17096
228
330
1946
17089
17435
17446
31303
17211
2041
2043
7470
7576
12019
17734
7479
7592
7485
5596
354
511
7507
2102
7558
7641
2302
2907
7695
32671
2192
7626
32977
2202
552
1985
34039
2975
7848
2292
7703
2597
7899
12016
2297
12554
2117
2305
16183
2312
7956
18307
7923
2329
2606
33837
12720
7981
18736
2382
8065
12769
7885
8021
33923
2240
8118
10030
34225
8058
2453
8076
18797
2475
2494
2502
8252
8108
19329
2519
35107
2528
8316
19155
8352
1081
2633
12808
19347
2672
13401
3038
1271
8448
19787
10201
8295
2773
8475
20561
2823
2832
8646
19776
37761
8686
3166
2888
8507
2912
18113
8566
2923
20326
2937
8580
8590
2988
8899
3014
3019
8922
13718
20134
3050
20893
8942
8740
3065
8903
3079
3416
6960
1356
3091
6737
1500
41158
3117
3123
20525
8973
41469
8898
13936
9080
13853
20654
11035
9121
3236
8957
9068
3270
3305
21121
9005
14411
3309
42023
9126
3711
9563
3331
14094
3366
3388
21391
9134
3830
11548
9366
43822
3437
21726
17375
21865
3476
9487
3518
3546
22799
3564
7613
3399
9355
15043
3639
7540
7293
3641
50279
14538
23189
4093
22294
3678
19795
3686
9677
22572
7570
3756
2100
22952
9579
23614
2118
4046
3823
3844
20024
3881
23150
2295
9659
3888
10029
3899
10085
15142
3927
9765
3935
10176
15913
24450
4003
9883
10272
4066
4082
4091
10355
24120
4151
10414
10076
10081
10415
24235
8067
24260
4340
2440
16769
3989
4402
24613
2623
4436
10614
178
2604
10354
4537
5018
10380
256
10798
4639
4641
4649
10482
21827
4669
358
10955
4673
8454
22505
10934
10986
17205
4535
25539
4749
11028
21701
26448
562
11227
465
4914
14266
4830
11215
26363
22390
2995
4990
10974
4994
11312
26561
649
27537
921
11452
5014
11389
26712
11029
11407
11462
11519
3096
3206
11190
11523
11622
5236
4982
11676
5259
5271
17944
5288
1123
965
3372
920
28659
1163
11811
18158
5410
5428
11845
5431
5433
28480
5446
1102
3354
5450
13975
5459
11655
11906
29213
5496
12013
1156
11725
1304
5564
5582
29057
3486
18597
14252
18867
29563
5603
12066
5619
1288
5641
6057
12139
3703
12109
29779
29118
12146
12187
1350
5681
29192
14204
12235
5697
29753
5712
12261
18584
9930
9719
5747
12333
5748
12265
6964
12691
12313
30484
1462
5798
30207
1448
12458
30653
18992
12572
19046
30663
12631
5913
19602
5983
5993
30682
6032
6034
1664
5914
31417
4172
6076
31706
12969
6168
13045
31436
32393
13115
31693
31711
6241
20758
13259
32821
6833
32869
4631
6285
13138
6194
6304
13204
6311
6328
20792
32591
32894
2072
6356
1995
32709
13509
15375
4547
2094
6367
4712
9661
13433
2025
6403
32822
33327
33762
6342
6512
7079
33928
6603
13758
13618
13844
13660
6642
33405
6658
7415
34105
13849
13921
6743
2165
13939
13794
33852
34145
13972
13812
35289
11214
34767
14105
6895
2366
13935
22187
6912
14140
22104
6916
6921
6936
5000
14229
6872
6985
14233
2448
14320
7519
14172
6910
35483
7105
17070
2510
7171
2515
14250
21958
7184
7194
2556
2506
11796
14359
7242
38248
17245
14391
7269
14556
37974
38475
14577
14601
8595
14653
14665
37572
14763
14557
23366
7401
7404
39026
2819
7420
39059
7422
38002
38090
30705
39761
14954
2748
7523
40794
2918
5673
9566
7579
15244
7585
12197
7593
2979
15164
15303
5803
7629
42243
2942
7646
41947
7618
15184
7672
15224
7675
15453
2998
7727
15313
12473
3133
7738
7743
3120
7747
15503
7782
15618
18514
43256
7806
43502
7817
15445
3167
5946
24832
15757
10852
15824
19323
3164
7964
15745
15798
12785
9408
8051
16071
16085
8062
16091
8086
46365
8109
46179
8125
25488
16403
3501
44799
25026
3507
25595
46926
3570
8908
16251
8234
47710
45400
8267
16492
16366
3550
16645
8311
46035
32161
46274
8384
16467
8395
33641
8413
13431
16821
46643
3517
8419
8466
16804
3753
6879
8539
26863
8582
16835
17208
26114
8609
6839
8624
13640
8629
17313
27309
3843
54049
54154
3728
17201
9494
8709
3946
17214
8871
7123
8741
3855
8754
8773
8776
17633
10395
16
6897
8879
46
17792
8905
17793
4163
17628
14063
4085
8929
17817
4141
4119
8944
7012
17979
8959
153
14156
68
169
768
17943
18188
131
10014
18214
133
4412
4414
18123
9108
7397
9117
28995
2062
21471
18375
404
4558
18399
29136
7322
9168
14301
9170
28611
9187
270
278
9223
9257
18646
9258
292
18689
9274
18676
28022
9289
18489
18716
4695
18502
9305
28917
4787
7454
9352
18588
4701
574
18822
9363
18880
18844
9373
9388
29729
18897
4743
19044
737
7614
19106
9538
4839
9548
9553
828
9554
19219
19113
19257
19122
7836
881
9612
19184
4949
10880
958
19325
9693
30697
19685
19340
9729
980
984
879
4954
9782
1000
19705
9823
2069
19721
9870
928
1051
9889
43921
8048
19664
9918
20070
9944
10988
20129
9977
19754
9992
1140
19827
5257
5332
10206
8170
19870
1193
10130
1070
10139
10145
10165
5451
20058
10213
1124
10220
20648
10257
1178
20190
1172
20103
1306
20849
10373
20611
5554
20908
10413
20954
5610
20475
10420
1261
10430
1398
8545
11540
32951
20612
32275
1384
10492
13543
32328
10496
10515
1328
5767
10539
21370
1489
1411
10644
5842
5850
10662
21109
21161
5709
16718
23895
1539
5792
21597
10846
5981
30781
118
10930
8855
10931
21736
146
12015
21810
10962
22162
177
1643
10973
22186
8995
10990
22295
1740
22308
1741
26598
1772
11119
5985
11445
22423
1773
9064
1865
6290
11288
1840
6143
1916
1907
11377
11384
36486
471
6330
22317
21977
12391
22471
11894
6371
11469
11482
14012
22545
1983
22548
1990
12507
2049
11617
23467
11619
22842
6321
18492
23452
2104
26380
11672
23038
23654
2099
11808
2170
11759
23735
23639
6418
11777
2181
23656
38786
23658
11801
23926
23928
11817
11830
2208
23990
11871
12973
12908
3409
11912
23667
2269
11927
6865
23729
2314
24350
11979
12011
6816
23923
12081
12084
6804
12106
24721
2408
2420
12162
24828
3627
10135
12205
2450
6967
42434
14040
12248
12257
25052
12341
1226
25045
7022
10397
25100
1285
7068
12535
2601
25249
2561
7214
10535
12621
25415
7195
10448
42848
2653
12747
12771
10500
7292
2694
25754
2834
7520
25384
7360
7534
12885
7547
12903
7509
1518
12960
2829
2830
26004
26230
2941
7448
24918
14165
25798
13147
20189
13227
25890
13252
1631
26614
3022
26716
13307
3041
13368
13373
3066
20551
26962
26344
13432
3796
13439
27102
13447
7774
7650
27303
14459
27388
3136
7896
3203
3152
13554
14509
3129
13580
2981
11230
1801
7927
11242
13715
27127
13755
27785
13797
7914
3392
28435
27623
2029
13942
30395
11546
8151
11682
14003
21666
14033
15668
28635
3433
11629
28779
3588
8148
15132
29173
3583
28525
14183
28575
39576
3548
11775
14243
8249
28778
29449
14307
29193
3717
3685
28880
3624
14372
222
3655
8557
15388
3663
14393
16231
3804
2334
29636
29931
14498
22558
14554
3797
14575
23333
3929
30379
8828
30412
3922
12164
3884
8870
30248
29868
3956
3906
605
17241
14851
4959
14895
30149
3938
4124
4042
14909
14939
8795
8848
14946
3976
15025
2833
4296
15089
15133
15140
765
4261
4270
4365
4134
15301
2851
4166
15306
15315
31658
4519
16631
15337
2991
15385
31810
9220
4445
4450
991
15469
15538
15558
4566
9415
15619
2959
15660
32470
4633
13021
13135
4725
1096
4653
9483
15747
4607
15769
4801
9541
32917
1088
15960
32988
16022
30390
4751
13474
16048
32635
32696
4890
4778
16089
17575
32767
16153
33348
9683
13371
16154
16181
33575
9679
33229
4873
17882
32980
13503
33292
4913
16319
13513
1357
16341
4937
33163
9676
9804
16406
16448
16459
33645
4976
34199
5140
34211
5016
9772
33845
16505
5160
5004
18053
33888
13837
1499
16647
34649
16678
5075
9990
35162
16920
34637
17061
34223
1617
5253
17120
1628
25935
10251
17154
3763
10274
17186
35222
5344
35228
5348
5296
5425
36047
17224
34982
10353
5349
17257
17282
17321
1758
17327
10398
36032
10445
10622
17384
26476
36117
18869
26545
17486
35977
36345
36602
5470
17564
1874
5489
17373
5620
5585
36943
37775
10781
17660
10442
14489
10599
17731
36970
17742
1951
1939
14418
5597
1918
38250
37118
37179
38495
17805
5666
19370
17868
19274
1972
10918
10756
5763
5661
10649
5689
39001
14564
2019
14574
38294
39128
18003
19497
2012
5811
2238
5743
18087
11031
18093
10802
38616
5852
11156
18178
5898
38997
34110
40129
18294
2171
5941
5745
18317
5884
40541
5891
2239
2190
18360
18388
18411
2210
18477
2228
4662
11222
11391
41518
18573
40414
15382
6078
11446
6094
6099
41997
20269
28639
2294
4615
11497
15560
41394
6049
11274
18798
6065
11278
18820
42593
41489
42603
6100
41779
42700
6082
18944
6139
18996
42387
6281
43224
19041
6282
42502
19061
42364
42405
11518
11703
19154
16024
20966
6271
19235
20639
6283
19258
44800
43483
2644
6408
43656
2624
11814
6534
19555
21398
2722
12048
46226
11888
19684
11819
11902
12076
19695
45137
11911
30418
5315
21321
19793
5174
45641
45704
2880
19861
6841
12172
6631
19897
19908
12093
21699
2999
5442
6900
20062
6766
49159
6801
6954
20246
47882
6855
20371
48218
3047
17161
12491
20067
48841
12367
38023
20497
49443
7157
6983
12575
12484
49918
20673
20698
49796
20704
7228
20719
52421
5604
3193
22860
52550
7265
20862
7274
22746
53090
20961
5625
21024
3308
5808
7234
7374
17326
21145
55523
8135
12842
21184
56654
5687
12777
7295
5883
21212
21271
21296
21322
7476
21360
7477
21372
23332
7526
21377
7388
3436
55509
13069
21489
12917
7443
58
21603
185
21652
21687
53
13116
21702
13120
104
21732
23651
7605
82
7529
92
3576
319
322
13263
179
347
23629
353
204
13311
3680
22122
22172
408
7633
224
22287
22421
42329
8725
18609
23986
22503
13530
7783
13572
7883
13561
22605
7845
33658
22633
578
587
7852
420
13750
7934
22728
485
22809
24677
13716
8012
678
22897
560
22921
577
22981
8017
23023
24724
23049
8020
642
783
4045
8042
795
23213
688
13789
19190
23262
866
8176
23291
897
8100
23379
23390
8143
904
23450
761
23473
6610
14171
25098
4203
23544
23582
23601
25003
6869
243
8228
23649
890
909
1027
8433
23732
944
4369
23757
23772
8458
1075
6740
23896
271
8510
14322
14325
1001
14341
23949
4467
8484
1010
341
6943
6959
14396
24166
1064
1071
1196
4638
4640
8558
24282
14483
24289
1111
24355
24375
8687
8663
24465
24515
14583
20025
8634
8732
1278
14464
7337
245
1208
8772
24769
24806
24815
1259
8840
8794
24842
1362
24863
1280
24867
8876
24953
1295
24954
24957
1312
4860
24982
1324
14904
8921
5031
1458
4886
8955
1461
25104
25177
3163
15080
1428
15032
5008
1504
1508
25329
1517
25361
9011
9051
9031
9035
1486
1556
25503
9069
15062
9103
25610
1532
15279
25629
1544
1580
9164
25697
9139
25698
3317
9180
5345
28020
9169
25759
5233
20772
9203
1677
25846
5261
7596
25976
15420
1698
1702
26068
15727
1765
26214
15723
1769
15721
1717
9359
26320
1757
26349
21643
1784
9423
26420
26451
9431
9432
1807
9511
28823
21731
5481
26600
15750
26604
1935
9523
5652
1952
26854
26966
28940
9586
8233
9573
27024
5607
9648
16170
1966
9650
27145
9640
9799
1976
9616
5755
9629
27351
2057
27358
27394
2075
9658
27399
2065
27496
2040
27538
16361
5706
27574
2115
2097
16498
16400
9826
27692
2119
22702
16576
27744
27753
9793
27780
9800
2147
2178
2196
2199
6807
4227
27984
27996
16509
9989
22770
28088
28138
2229
9913
2231
28173
9929
10034
28318
29623
10067
10187
28432
10167
8556
28492
17119
5991
5962
2315
28565
2320
2323
12181
2333
28664
2308
10132
28675
28764
10321
8583
2367
28865
10198
10207
28883
10368
2413
17215
2417
9003
10418
2435
2465
10421
2451
2470
2499
6183
29315
17576
2480
10401
29351
17579
2508
10553
6219
10514
29413
6238
17659
29494
29509
6377
17791
45030
29522
2559
29525
10720
29584
10670
6410
29609
31009
6435
2669
29716
2642
29748
2670
29778
10785
2407
2673
17962
29827
29854
986
6319
29884
1006
18001
29958
30071
10735
10904
30321
2921
2852
6746
6685
10889
24595
10897
30424
2891
30428
2897
10932
11046
10953
2940
32327
6840
2943
10976
2956
2750
11171
30752
10994
6718
30770
18395
6875
30775
3051
30824
11211
30834
30840
3004
3040
3010
11112
3064
11152
9543
31063
31089
3111
18661
31207
3093
31214
3140
31285
1321
18746
2511
3119
31315
18813
11283
18655
18962
3191
11442
11504
31439
3253
1514
7334
31544
11390
5671
31734
7045
30078
11438
31800
11574
3364
11579
31875
3307
31925
31940
31985
3397
3352
32093
3357
32119
11756
32156
11702
2993
7456
3393
11737
7424
11635
25873
11645
32503
3429
19525
3438
12910
32710
3447
3496
11872
3460
11821
32802
7384
19486
7563
55525
11905
3525
32996
10424
33129
14409
11837
3696
33228
3601
19708
33247
33282
33308
3694
19975
3780
33553
7814
33612
33615
3707
7818
33626
3764
12151
35070
12276
7847
31989
3870
12200
28
3826
33863
12237
20278
3818
12281
34148
27333
34171
34233
129
8037
8015
2203
4008
3930
4018
3891
34481
12360
12493
3951
12555
34868
20415
3945
4096
20553
34913
4098
34924
20562
35088
12614
4058
20527
12433
20832
35297
35383
4169
35404
35445
35449
20646
20883
4204
35502
35812
35878
12698
4162
35896
11174
35964
8121
21106
12645
4196
28235
4140
4244
36241
20889
12819
4165
12782
4282
6834
4305
36752
12855
4313
36866
758
4271
12804
21353
4276
11340
8261
21248
4327
12904
37383
11731
12977
4419
4371
4576
37547
37560
12972
13100
4404
13044
37687
4573
11434
37945
21602
38123
998
8654
38316
4534
13297
38572
4553
38577
21645
4733
8734
4739
21948
13272
4709
38876
4760
38932
13395
4728
38950
21918
8800
13381
39015
39842
21963
989
39060
4777
8842
13437
4821
39134
39162
42066
13472
11718
13480
39289
13482
8771
13507
39521
39537
8802
39818
40033
11813
4932
13581
