0.99945660861
0.998913364899
0.998370268868
0.997891189128
0.997348371082
0.996901455343
0.996390817139
0.995976019922
0.995561309065
0.995178575693
0.994636497578
0.994158314646
0.993743982442
0.993329736596
0.992947432466
0.992628901901
0.992246732675
0.991896475527
0.991514447338
0.991132492733
0.990718792127
0.990336990823
0.990050688134
0.989700818836
0.989414608128
0.989096644776
0.988746944108
0.988460871371
0.988079505952
0.98776175722
0.987475827052
0.987126413057
0.986745304671
0.98642777056
0.98604679708
0.985729375389
0.98538027055
0.98518987579
0.984904318143
0.984555359451
0.984269893783
0.983984469508
0.983667379968
0.983350341529
0.983065050625
0.982748109276
0.982431219028
0.98211437988
0.981860945353
0.981544198186
0.981195835833
0.980879195975
0.980625920882
0.980435986023
0.980151118229
0.979929583005
0.979613147548
0.979296763192
0.97894879942
0.978727400123
0.978411158847
0.978189820359
0.977968506909
0.977683997838
0.977367925193
0.977051903648
0.976767527948
0.976577967143
0.976293660429
0.975914652262
0.975630442127
0.975346273383
0.975093713692
0.974841186705
0.974651812927
0.974367786753
0.97408380197
0.973862953532
0.973642130134
0.973421331775
0.973169021453
0.972916743835
0.97256991551
0.972380762485
0.972128587068
0.971939476967
0.971687358782
0.971403764915
0.971088709164
0.970805202679
0.970553231662
0.97026980336
0.969954932081
0.96967159116
0.969388291631
0.969105034003
0.968884750734
0.96860156618
0.968318423017
0.968129683904
0.967846609726
0.967595022983
0.967343468944
0.967060509742
0.9668090252
0.966526144181
0.966274729135
0.966023346792
0.965740580749
0.965489267903
0.965237987761
0.964923933574
0.964672727017
0.964515739526
0.964295978501
0.964044853704
0.963793761611
0.96363684566
0.963354429653
0.963134800977
0.962977938682
0.962695618743
0.962444702435
0.96216246068
0.961911613868
0.961692150246
0.961441364754
0.961253297097
0.961033908082
0.960751873282
0.960532541499
0.960344562756
0.96015660241
0.959906017231
0.959718099809
0.959467571862
0.959217076619
0.958935308563
0.958684882817
0.958559682207
0.958309305517
0.958058961531
0.957777363638
0.957527089149
0.957339404743
0.957089187486
0.956870274213
0.956588851083
0.956338732449
0.956088646008
0.955838592271
0.95565107343
0.955401076926
0.955182356812
0.954932421627
0.954713755168
0.954463881304
0.954214040144
0.953995455957
0.953745676117
0.953527145585
0.953308640092
0.953121369598
0.952871704223
0.952622071551
0.952466067739
0.952216488212
0.952029325029
0.951779802734
0.951530313144
0.951374398757
0.951156140078
0.950906732248
0.950719697837
0.950532681822
0.950283355752
0.950034062387
0.949784801725
0.949535573767
0.949348674261
0.949130648088
0.949068359495
0.948819225561
0.948601260197
0.948352187584
0.948134275876
0.947978639985
0.947729649132
0.947511808964
0.947231765539
0.947013982603
0.946827331444
0.946640698681
0.946422983708
0.946174197256
0.945925443508
0.945645634634
0.94536586715
0.94517937849
0.944961831637
0.944744309822
0.944495744123
0.944278275964
0.944029771586
0.943812357082
0.943594967617
0.943377603192
0.943129217365
0.942942949458
0.942694620864
0.94250839588
0.942260124519
0.942073942459
0.941856753307
0.941608567794
0.941422450121
0.941267366113
0.941019258271
0.940771183134
0.940523140702
0.940275130973
0.940058149288
0.939841192642
0.939686238939
0.939469325217
0.939252436535
0.939004594414
0.938725811121
0.938509008287
0.938323197215
0.938137404539
0.937920669668
0.937703959836
0.937456322117
0.937363466404
0.937146820958
0.936899256823
0.936682665032
0.936435162218
0.936218624082
0.935971182588
0.935754698108
0.935538238667
0.935290887109
0.935074481323
0.934858100576
0.934641744869
0.934456317048
0.934209108571
0.933961932797
0.933714789728
0.93349856637
0.933344136444
0.933127956011
0.932973556745
0.932757419235
0.932541306765
0.932356087433
0.932140021464
0.931862259152
0.931646250415
0.931461119998
0.93133770994
0.931183458865
0.930967528822
0.930720782291
0.930474068463
0.930258220692
0.930042397959
0.929795774068
0.929518361282
0.929302624398
0.929056098619
0.92884041539
0.928593950931
0.928347519688
0.92813191873
0.927977933377
0.927762375343
0.927546842349
0.927300549587
0.927085070248
0.926900393601
0.926684960763
0.926469552964
0.926254170204
0.926038812484
0.925823479802
0.92560817216
0.925485150463
0.925269882168
0.925085386416
0.924870164622
0.924654967867
0.924439796151
0.924224649474
0.924009527836
0.923794431238
0.92364080614
0.923456472886
0.923241440674
0.923026433501
0.922842161567
0.922627200895
0.92244296882
0.922289456143
0.922105257793
0.921951773222
0.921736916283
0.921491396156
0.921307277523
0.921092495702
0.92087773892
0.920663007176
0.920478971326
0.920264286084
0.920049625881
0.919865651351
0.919681695216
0.919436448986
0.919252535776
0.919007346779
0.918854120263
0.91860898441
0.918394517365
0.918180075361
0.917935029444
0.917690016231
0.917475656497
0.917291939512
0.917077626279
0.916863338086
0.916710290421
0.916496045152
0.916281824922
0.916098227511
0.915914648496
0.915761680036
0.915547545654
0.915333436312
0.915149933947
0.914905292744
0.914691258518
0.91450782054
0.914263265185
0.914079870131
0.913835372008
0.913652019878
0.91343813231
0.913254820039
0.913040978972
0.912857706558
0.912643911993
0.912430142467
0.91221639798
0.912033208348
0.911819510362
0.911605837415
0.911422709104
0.911209082659
0.910995481252
0.910781904885
0.910537848268
0.910324325555
0.910171824662
0.910019336544
0.909836367666
0.909592437777
0.909439998205
0.909257087581
0.909074195352
0.908860844337
0.908677991967
0.908464687452
0.908251407977
0.908038153541
0.907885844274
0.907642176018
0.907428993122
0.907185386187
0.907002702448
0.906850480051
0.906728711331
0.906546073582
0.9063025852
0.906089559692
0.90584613263
0.905633160778
0.905420213965
0.905207292191
0.904994395456
0.90478152376
0.904568677104
0.904355855486
0.904234254376
0.903991076682
0.903778323028
0.903595982682
0.903413660732
0.903231357178
0.903109831696
0.902897181775
0.902775678777
0.902593439609
0.902380850497
0.902168286425
0.901925386717
0.901743233397
0.901561098474
0.901348630981
0.901166535916
0.900954114924
0.900741718972
0.900559685227
0.900347335775
0.900135011363
0.899922711989
0.899710437655
0.899528508155
0.899346597051
0.899164704342
0.898952519433
0.898800974114
0.898588832129
0.898376715184
0.898134326477
0.89795255641
0.897770804738
0.897558784372
0.897407356583
0.897195379141
0.89701370412
0.896801773179
0.896589867277
0.896377986414
0.896196394175
0.895984559814
0.895772750491
0.895560966208
0.895318957687
0.895167718969
0.894925763593
0.89477455809
0.89468384092
0.894472185409
0.894260554938
0.894048949505
0.893837369111
0.893716477271
0.893504936225
0.893414283442
0.893232991672
0.892991297928
0.892810049083
0.892568412571
0.892417406359
0.892206019125
0.891994656929
0.891783319772
0.891602193567
0.891421085758
0.891209816565
0.890998572411
0.890787353296
0.890636497829
0.890455488133
0.890304660771
0.890123684801
0.889912569419
0.889761788048
0.889580867266
0.88936981627
0.889158790314
0.888947789397
0.888766951397
0.888586131793
0.888405330585
0.888224547773
0.888013657744
0.887772671227
0.887591952801
0.887441368166
0.887260683467
0.887049907901
0.886899369256
0.886718739745
0.886508028566
0.886297342426
0.886116774235
0.885906134596
0.885755693042
0.885605264262
0.885424766589
0.885244287313
0.885033751407
0.884853311989
0.884672890967
0.884462423025
0.88428204186
0.884131738276
0.88392133472
0.883741008744
0.883560701165
0.883380411981
0.883200141193
0.88295980927
0.882779581406
0.882569338816
0.88232909223
0.882118903295
0.8819087394
0.881758637661
0.881608548698
0.881398445611
0.881278397947
0.881068334718
0.880858296018
0.880678282775
0.880468290576
0.880318311478
0.880108362203
0.87992842561
0.879718522837
0.879568607614
0.87938872621
0.879208863202
0.879058991414
0.878849192374
0.878639418372
0.878459632015
0.878279864053
0.878070158015
0.877860477016
0.877710720204
0.877531028893
0.877381300186
0.8772016426
0.877022003411
0.876812447608
0.876632848277
0.876423338974
0.876273704803
0.87609416066
0.875884715744
0.875705211459
0.875495813045
0.875316348618
0.875136902588
0.875017282121
0.87483786675
0.874628572069
0.874449196557
0.874269839441
0.87415027825
0.873911180397
0.873791643734
0.873582474249
0.873433082803
0.873223956241
0.873014854719
0.872835644771
0.872716181693
0.872537002405
0.872357841514
0.872208554824
0.872059280909
0.87185031889
0.871701075635
0.871581690229
0.871372785442
0.871163905694
0.870984885839
0.870776052593
0.870567244385
0.870358461217
0.870179524145
0.869970787478
0.869791890263
0.869583200097
0.869434151023
0.869285114724
0.869106288028
0.868897680133
0.868778486864
0.86859971229
0.868391165205
0.868182643159
0.867974146151
0.867825235048
0.867646558586
0.867467900521
0.867289260852
0.867110639579
0.866902271344
0.866723689929
0.866574886136
0.866396338447
0.866188056061
0.86600954823
0.865860805757
0.865741820977
0.865563359136
0.865444394796
0.865236226874
0.865117285018
0.864938887563
0.864701052907
0.864492974411
0.86422548324
0.864047177766
0.863898603924
0.863750042857
0.863571786439
0.863393548417
0.863215328792
0.863037127562
0.862829249379
0.862651088007
0.862472945032
0.862324506605
0.86211671427
0.861908946974
0.861760557092
0.86155283272
0.861463815654
0.861285795319
0.861107793381
0.860929809838
0.860722185622
0.860573897941
0.860395969587
0.860218059628
0.860040168066
0.85989193915
0.859714081314
0.859536241874
0.859328785778
0.859150986196
0.858973205011
0.858765816878
0.85858807555
0.858410352619
0.858232648083
0.858054961944
0.857847684698
0.857670038417
0.857492410532
0.85728520125
0.857107613223
0.856930043592
0.856722902273
0.8565453725
0.856367861124
0.856219949029
0.856012893558
0.85583543737
0.855657999577
0.855480580181
0.855273614136
0.855096234598
0.854977991792
0.854800642914
0.854652866235
0.854446000347
0.854268706657
0.854150521084
0.853973258054
0.853766475969
0.853618788716
0.853441580874
0.853323452533
0.853146275352
0.852969116566
0.852791976177
0.85258533564
0.852408235109
0.852231152974
0.852054089235
0.851906550172
0.85178852812
0.851582009201
0.851375515322
0.851169046482
0.851110059984
0.850933112753
0.850785670781
0.850667726911
0.850520307934
0.850343422023
0.850137078379
0.849930759773
0.849753935183
0.849606595411
0.849400341192
0.84922357179
0.849076278008
0.848870088175
0.848663923381
0.848457783626
0.848310556274
0.848133900315
0.847957262751
0.847780643584
0.847604042813
0.847398031831
0.847192045888
0.846986084983
0.84686840428
0.846691898556
0.846574238292
0.846368352506
0.846162491758
0.846015463697
0.845839046886
0.8457214459
0.845603853089
0.845456873573
0.845309906832
0.845133563606
0.844957238776
0.844751550236
0.844575265264
0.844369622714
0.844193377601
0.843987781552
0.843782210542
0.843606026749
0.843488581107
0.84337114364
0.843195002771
0.843018880298
0.842872125623
0.842696036876
0.842519966525
0.84234391457
0.842167881011
0.841962531777
0.841786538076
0.841581235342
0.8414052815
0.841229346054
0.841053429003
0.840877530349
0.840672338503
0.840467171696
0.840291334362
0.840115515424
0.83991041658
0.839705342776
0.839529585158
0.839412423633
0.839207410638
0.839002422681
0.838914578365
0.838709626179
0.838592521886
0.838387609047
0.838241258064
0.838065654258
0.837890068337
0.837714500812
0.837568208593
0.837392674795
0.837275662482
0.837100159343
0.836924674601
0.836749208254
0.83663224091
0.836456805223
0.836252153507
0.836105989039
0.835989066663
0.835813698429
0.83563834859
0.835492237778
0.835316921666
0.835112409453
0.834907922278
0.834732667487
0.834615841179
0.834440617047
0.83429461099
0.834119420585
0.833944248575
0.833769094962
0.833593959745
0.833389659086
0.833185382956
0.833010309059
0.832835253558
0.832631045391
0.83254353527
0.832397695289
0.832222704174
0.832047731455
0.831901934909
0.831726995917
0.831522923676
0.831348024542
0.831173143804
0.830998281462
0.830881716787
0.830765160288
0.83059034087
0.830444672074
0.830328146236
0.830182500435
0.830007742337
0.829862124642
0.829745639683
0.829570927576
0.829367120034
0.829163337532
0.828988686745
0.828843158474
0.828639440358
0.828435747281
0.828290267556
0.828144800606
0.827970257129
0.827824818285
0.827650308534
0.827475817179
0.827272267183
0.827010596836
0.826807104072
0.826632701632
0.826487380318
0.826342071778
0.826254892787
0.826080548601
0.825964329363
0.825760965371
0.825586673308
0.82541239964
0.825238144368
0.825063907492
0.824947759795
0.82477355358
0.82459936576
0.824396169888
0.824222021927
0.824076912678
0.823873781193
0.823670674746
0.823525614043
0.823351558062
0.823177520477
0.823032503209
0.822887498716
0.822684513887
0.822510546821
0.822394578996
0.822191654977
0.82204672458
0.821901806957
0.821698943747
0.821525080925
0.821351236499
0.821177410469
0.821003602835
0.820829813597
0.820656042755
0.820511247773
0.820366465566
0.82019274378
0.820019040391
0.819874301619
0.819700631955
0.819498040599
0.819353347817
0.819179733341
0.819006137262
0.818803631754
0.818630075533
0.818456537708
0.818254100163
0.818022773629
0.81793603461
0.817733661451
0.817560218673
0.81738679429
0.817242288024
0.817068897368
0.816895525108
0.816779953821
0.81663550121
0.816433289017
0.816259984209
0.816086697797
0.815942306507
0.815797927991
0.815624690635
0.815451472187
0.815278271623
0.815105089456
0.814960785035
0.814787636594
0.814614506549
0.814412544747
0.81423945456
0.81409522679
0.813951011795
0.813777970664
0.813604947929
0.81343194359
0.813230128446
0.813085990101
0.812941864531
0.812768930711
0.812624833247
0.812451933152
0.812250239626
0.81207737939
0.811933343246
0.811731714106
0.811558909058
0.811386122406
0.811242147582
0.811069394656
0.810896660127
0.810781513994
0.810493687497
0.810349791878
0.810177133999
0.810004494516
0.809831873429
0.809659270737
0.809486686442
0.809314120543
0.809112816912
0.808969043934
0.808767783226
0.808595293978
0.808422823125
0.808250370668
0.808077936608
0.807905520944
0.807733123675
0.807560744803
0.807388384327
0.807273487563
0.807072437899
0.806928846327
0.806756553303
0.806612989836
0.806469439143
0.806325901226
0.806182376084
0.806010162776
0.805837967865
0.805665791349
0.805464941999
0.805264117687
0.805092002492
0.804891224681
0.80474782729
0.804575767283
0.804403725672
0.804231702457
0.80408836383
0.803916374342
0.803744403249
0.803629766074
0.803486481103
0.803314556
0.803171299134
0.802970760984
0.802770247872
0.802627039551
0.802455206429
0.802312026214
0.802168858773
0.801997074707
0.801882562216
0.801710808811
0.801624939006
0.801453213195
0.801310122404
0.801167044389
0.800995367633
0.800852317723
0.800652069311
0.800480447743
0.800308844572
0.800137259797
0.799994286537
0.799822735488
0.799651202835
0.799565443408
0.799336774084
0.799165293553
0.799022407164
0.798850960359
0.798708102075
0.798508121938
0.798336730322
0.798165357102
0.797994002278
0.797822665849
0.797622796601
0.797451500031
0.797308766942
0.797166046628
0.796994799114
0.796880644325
0.796737962336
0.796595293122
0.796452636683
0.79628146582
0.796138837486
0.795967700349
0.795796581608
0.795653996709
0.795482911694
0.795311845075
0.795140796852
0.794969767026
0.794827256222
0.794684758194
0.794513777424
0.794371307501
0.794200360456
0.794057918638
0.793915489595
0.793744591607
0.793602190669
0.793402850819
0.793232008018
0.793032714669
0.792861911727
0.792691127181
0.792548820779
0.792406527151
0.792264246299
0.79209352614
0.791922824376
0.791752141009
0.791609918922
0.79143926928
0.791268638035
0.791126459383
0.790955861864
0.790813711317
0.790700000078
0.790529448549
0.790358915416
0.790159983345
0.78998949007
0.789819015192
0.789705375493
0.789534931274
0.789364505452
0.789194098025
0.788966916739
0.788796552237
0.788626206131
0.788455878421
0.788285569107
0.788115278189
0.787945005667
0.787774751542
0.787604515812
0.787462666756
0.787292464753
0.787122281145
0.786952115934
0.78683868268
0.786668548128
0.786498431973
0.786328334214
0.786214945928
0.786073222068
0.785903170299
0.785733136926
0.785563121949
0.785421456855
0.785308133977
0.78513816499
0.78499653822
0.78482660296
0.784628368918
0.784458473515
0.784260285463
0.784118737899
0.783948897685
0.783779075867
0.783694171856
0.783552675392
0.783382896498
0.783184844373
0.782986817286
0.782817099712
0.782647400535
0.782477719753
0.782336333155
0.782194959331
0.782053598283
0.781883981887
0.781770914511
0.781629591787
0.781460021382
0.781290469373
0.781149190085
0.780979671802
0.780810171915
0.780668936062
0.780499469902
0.780330022137
0.780160592769
0.780019415681
0.77982178922
0.77965241504
0.77945483508
0.779285500758
0.779087967299
0.778918672835
0.778777608168
0.77860834743
0.778439105088
0.778298083856
0.778128875241
0.777959685021
0.777790513198
0.777593169321
0.777452224739
0.777283108104
0.7771703739
0.777001287925
0.776832220346
0.776719518847
0.776550481928
0.776381463405
0.776212463278
0.776099806747
0.776043481548
0.775874518213
0.775677417573
0.775508494097
0.775339589016
0.775170702332
0.775029977481
0.774832984152
0.774636015861
0.774467205827
0.774298414189
0.774129640947
0.773960886102
0.773820271116
0.773679668906
0.77353907947
0.77337038901
0.773173606725
0.773004956124
0.772836323918
0.772695811133
0.772499114696
0.772330537679
0.772190070884
0.772049616864
0.771909175619
0.771768747149
0.771628331454
0.771487928535
0.771319461894
0.771151013649
0.771066796426
0.770870307455
0.770701908267
0.770533527475
0.770365165078
0.770224877134
0.770084601965
0.769916288625
0.769747993681
0.769579717133
0.769411458981
0.769215181055
0.769074997866
0.768934827452
0.768766639818
0.768598470581
0.768458343602
0.768262187294
0.768122090976
0.767953992256
0.767813924043
0.76764585905
0.767505818942
0.767337787675
0.767197775672
0.767029778131
0.766833804251
0.766665846568
0.766497907281
0.766329986391
0.766134102447
0.766022179715
0.765854310947
0.765742408654
0.765602542287
0.765434719509
0.765294881246
0.765155055759
0.764959321538
0.764847484655
0.764735655947
0.764623835415
0.764512023059
0.764372269112
0.76423252794
0.764092799543
0.763925142329
0.763757503512
0.76361781855
0.763478146363
0.763338486951
0.763198840315
0.763059206453
0.762863740509
0.7626962182
0.762556630328
0.762389141746
0.762249581979
0.762110034988
0.761970500772
0.761886786374
0.761719371375
0.761607771596
0.761440387258
0.761273021316
0.76110567377
0.760966231534
0.760771033866
0.76063162229
0.760492223489
0.760380713646
0.760241337841
0.76010197481
0.759962624555
0.759823287074
0.759628236063
0.759488929243
0.759321777922
0.759154644996
0.758987530467
0.758820434334
0.758709047132
0.758597668106
0.758430614897
0.758263580084
0.758152233762
0.758040895616
0.757873903727
0.757734757873
0.75756779971
0.757456504488
0.757289576986
0.757178302204
0.757011405362
0.756844526915
0.756733284838
0.756566437052
0.756399607662
0.756232796668
0.756038207603
0.755899230379
0.755676893392
0.755510162115
0.755371233436
0.755204535884
0.755121194007
0.754954524049
0.754815646471
0.754676781667
0.754537929639
0.754371324067
0.754232500144
0.754065928299
0.753954890622
0.753843861121
0.753677332201
0.75356632314
0.753427573312
0.753261090381
0.753094625846
0.752955919453
0.75287270175
0.752706280139
0.752623076232
0.752484413275
0.752345763092
0.752207125684
0.752068501051
0.751957610543
0.751791290111
0.751680420043
0.751514130271
0.751320148788
0.751181605916
0.751043075818
0.750876856565
0.750682957353
0.750572169045
0.750406001913
0.750239853178
0.750073722839
0.749907610895
0.749769198329
0.749658477473
0.749520087901
0.749409385442
0.749298691159
0.749132665064
0.748994324037
0.748855995786
0.748745342383
0.748551718601
0.748468744645
0.748330464939
0.748164546154
0.747998645766
0.747860409495
0.747694542832
0.747528694566
0.747335228173
0.747197053222
0.747058891046
0.746893113298
0.746727353946
0.746589235206
0.74642350958
0.74631303605
0.746174955634
0.746036887994
0.745898833128
0.745788398434
0.745650366564
0.745512347468
0.745429542143
0.745291543488
0.745153557608
0.744987991415
0.74485003364
0.744684501173
0.744518987102
0.744436236965
0.744270750488
0.744105282408
0.743939832723
0.743801972039
0.743664124129
0.743553854999
0.743360903696
0.743195536794
0.743030188288
0.74291996617
0.742754648324
0.742616897505
0.742451613385
0.742313890671
0.742176180732
0.742038483568
0.741928335035
0.741763127565
0.741625468726
0.741432767814
0.741322664249
0.74118504629
0.741074961122
0.740937366158
0.740772269065
0.740634702206
0.740524657918
0.740414621805
0.740277088162
0.740112064653
0.739974559114
0.739837066351
0.739672091899
0.739507135842
0.739369686514
0.739232249961
0.739122309917
0.738984896359
0.738820016953
0.738655155942
0.73851778582
0.738380428472
0.738243083899
0.73805082296
0.737913509048
0.73777620791
0.737638919548
0.737529098056
0.737391832689
0.737227131111
0.737089893849
0.736897783144
0.736760576542
0.736623382715
0.736541072551
0.736403899164
0.736266738552
0.736102162681
0.735965030174
0.735800488029
0.73563596428
0.735526292001
0.73538921315
0.735224735391
0.735087684645
0.734895835062
0.734758814975
0.734594407735
0.734457415754
0.734320436548
0.734210862381
0.73410129639
0.733936962734
0.733800032073
0.733635732143
0.733471450609
0.733334563383
0.733170315575
0.733033456455
0.732814508434
0.732705046688
0.732540869398
0.732376710505
0.732212570007
0.732075800312
0.731939043392
0.731802299246
0.731638223135
0.73147416542
0.73136480383
0.73122811334
0.731091435625
0.730954770686
0.730790789621
0.730681479131
0.730517528726
0.730353596718
0.730217000763
0.730080417584
0.729861912602
0.729698054177
0.729534214149
0.729397694845
0.729233888543
0.729042804441
0.728933624768
0.728769870588
0.728633422824
0.728496987835
0.728387849042
0.728251437048
0.728087759518
0.727924100385
0.727842277717
0.727678646177
0.727515033034
0.727351438287
0.727242385342
0.727106080659
0.72696978875
0.726806255323
0.726697243259
0.726560989675
0.726397502239
0.726206790146
0.726070582553
0.725907150816
0.725743736963
0.725607572805
0.725416964447
0.725253605782
0.725144710226
0.725035822846
0.724872507106
0.724736424708
0.724654781402
0.724491508586
0.724328254166
0.724219428106
0.724083407029
0.723920198599
0.723784205627
0.72364822543
0.723485066056
0.723349113964
0.723185988317
0.723104432392
0.72296851607
0.722805433347
0.72264236902
0.722506496133
0.722370636021
0.722207620751
0.722017459518
0.721881645397
0.721745844051
0.721637212171
0.721474279683
0.721257064981
0.721067028944
0.720904160842
0.720741311136
0.7206056171
0.720469935839
0.720361400028
0.720225741762
0.720062968706
0.719954463556
0.719845966581
0.719737477783
0.719601878282
0.719466291556
0.719303604349
0.719168045728
0.719005392247
0.718842757162
0.718680140983
0.718571740077
0.718409154048
0.718246586415
0.718084037178
0.717948593533
0.717813162663
0.717650662482
0.717515259717
0.717352793262
0.717190345204
0.717054985874
0.716892571542
0.716757240317
0.716648984535
0.716486616193
0.716324266247
0.716188988678
0.716053723883
0.715891422993
0.715729140499
0.71559391914
0.715458710556
0.715296477118
0.715161296639
0.715026128935
0.714945034445
0.714809887181
0.714620702474
0.714512608169
0.71440452204
0.714242408177
0.714107327343
0.713945247206
0.713837204001
0.713702161493
0.713513123954
0.713432115312
0.71335111127
0.713189116981
0.713054135793
0.712919167379
0.712811201847
0.712649268878
0.712514338791
0.712352439548
0.71224451694
0.712082648357
0.711893824929
0.711705026539
0.711570185876
0.711408393944
0.711246620408
0.711084865269
0.710950083371
0.710815314249
0.710680557902
0.710545814329
0.710411083532
0.71027636551
0.710168600291
0.710060843247
0.70992615844
0.709764553535
0.709656827151
0.709522180669
0.709360621754
0.709226003378
0.709118317874
0.708983722493
0.708849139886
0.708714570055
0.70855310312
0.708391654581
0.708257128185
0.708149516266
0.708015012865
0.707826729565
0.707692256824
0.707557796858
0.707396461762
0.707235145061
0.707100728531
0.706939445557
0.706831933794
0.706697555588
0.706616934797
0.706455707011
0.706267631178
0.706106443251
0.706025856185
0.705864695852
0.705703553914
0.705542430373
0.705354476159
0.705193392475
0.705032327188
0.70492496055
0.70479076375
0.704629744453
0.704468743552
0.704388250001
0.704227276694
0.704093146324
0.703985851226
0.70382492391
0.703664014989
0.703503124465
0.70336906308
0.703208206282
0.703020563268
0.702832945293
0.702725746263
0.702591758974
0.702511372733
0.702350614047
0.702216662528
0.702055937568
0.701895231004
0.701788103515
0.701680984202
0.701547096558
0.701386448249
0.701279359596
0.701199048472
0.701091974127
0.700958142693
0.700770800149
0.700610240753
0.70047645531
0.700369436153
0.700235673705
0.70007517563
0.699914695951
0.699780976938
0.699620530986
0.699486840078
0.699379896549
0.699219496587
0.699085844004
0.698978931136
0.698845301548
0.698711684735
0.698524643171
0.698391057018
0.69825748364
0.698123923038
0.697990375211
0.697830134681
0.697696614958
0.697589808379
0.697429613839
0.697296132442
0.69716266382
0.697029207973
0.696869077819
0.696789019641
0.696682282558
0.696548872701
0.696362120363
0.69620206686
0.696095374745
0.695962021098
0.695828680226
0.695642024979
0.695508714768
0.695375417331
0.69524213267
0.695082207939
0.694895652338
0.694762413666
0.694655831927
0.694522616251
0.69438941335
0.694282860228
0.694149680322
0.694043145595
0.693936619044
0.693803472353
0.693696964199
0.693563840503
0.693457350744
0.693324250044
0.693191162118
0.693031473471
0.69289841365
0.692712151363
0.692552517904
0.692419504074
0.69225990434
0.692126918615
0.691993945665
0.69186098549
0.691754626548
0.691648275782
0.691515348822
0.691409016452
0.69132927254
0.691222954478
0.691116644593
0.690983768733
0.690850905648
0.690718055338
0.690585217804
0.690425829625
0.690293020196
0.690133665744
0.689974329687
0.689841563693
0.689708810474
0.689602617096
0.689469886872
0.689363711891
0.689204464749
0.689098310208
0.688965628529
0.688832959625
0.6887268337
0.688594187791
0.688408504981
0.688275889732
0.688090249846
0.687957665257
0.687851606784
0.687745556488
0.687586496373
0.687427454653
0.687268431331
0.687109426404
0.687003433339
0.686791471738
0.686685503201
0.686526565727
0.68642061763
0.686261710816
0.686129302523
0.685970429435
0.685864524262
0.685811574742
0.685626267519
0.685467452684
0.685335121042
0.685202802174
0.685044036396
0.684938202764
0.684805922222
0.684700106986
0.684567849439
0.684435604667
0.684303372669
0.684171153447
0.684038947
0.683933191041
0.683827443257
0.683695270025
0.683589540638
0.683483819426
0.683351679409
0.683219552167
0.683087437701
0.682955336009
0.682823247093
0.682664757256
0.682506285815
0.682374240333
0.682242207627
0.68213659066
0.682004580949
0.681872584012
0.681819788815
0.681687809764
0.681582235721
0.681423889987
0.681291949261
0.681133637252
0.68097534364
0.680869824786
0.680817068424
0.680685186464
0.680553317278
0.680342353153
0.680210517182
0.680025968285
0.679841444428
0.679656945609
0.679551528955
0.679419769635
0.679288023089
0.679129944609
0.6790772557
0.678998226169
0.678866520504
0.678734827614
0.678603147499
0.678471480159
0.678313496214
0.678208183804
0.67805023052
0.677918616835
0.677787015925
0.677655427791
0.677576481042
0.677444913347
0.677313358428
0.677181816283
0.677076591766
0.676945072616
0.676813566242
0.676655775456
0.676524297187
0.676366540127
0.676235089963
0.676077366629
0.67594594457
0.675814535286
0.675683138777
0.67552547983
0.675367839278
0.675262755797
0.675131412944
0.675026347859
0.674895028
0.674737461033
0.674632426608
0.674474890301
0.67431737239
0.674186121517
0.674054883419
0.673949902138
0.673792445548
0.673661245775
0.673556295154
0.673425118376
0.673320186152
0.673215262104
0.673084118541
0.672926763128
0.672795647671
0.672638325984
0.672481022694
0.672349950672
0.672192681108
0.672114053224
0.671983016972
0.671851993494
0.671720982792
0.671485196232
0.671328027847
0.671197068244
0.671118498615
0.670935187365
0.670778083366
0.670647177419
0.670463931067
0.670306882766
0.670149852351
0.669966673451
0.669862011036
0.669705032743
0.669548072846
0.669417286985
0.669286513898
0.669208056179
0.669051154536
0.66892041722
0.668789692679
0.668658980913
0.668528281922
0.668397595706
0.668266922265
0.668136261599
0.667979485663
0.667901104593
0.667718233316
0.667483149895
0.667352565879
0.667248107865
0.667143658026
0.666986998599
0.666856463128
0.666778147978
0.666647632948
0.666543230122
0.666438835471
0.666386641212
0.666203977402
0.666047428351
0.665916984861
0.665786554146
0.665656136206
0.665499651541
0.665369261706
0.665212810767
0.665134592197
0.664978169363
0.664847830628
0.66469144101
0.66456113038
0.664430832526
0.664274492475
0.664170275653
0.664013965751
0.663883721552
0.663753490127
0.663597229282
0.663467025962
0.663388910103
0.663284762778
0.66312855712
0.662972369858
0.662894283126
0.662764148792
0.662660050523
0.66250391845
0.662399840621
0.662295770968
0.662139681819
0.66200962158
0.661879574117
0.661723534023
0.661593514665
0.661463508082
0.661333514274
0.661177538567
0.661047572864
0.660917619935
0.660761693285
0.660631768462
0.660527837802
0.660423915317
0.660268046921
0.66011219692
0.659956365316
0.659826519699
0.65967072182
0.659540904308
0.659385140156
0.659255350748
0.659125574116
0.658995810259
0.658866059176
0.658684429634
0.658528766661
0.658373122083
0.658269369251
0.658243432321
0.658139689709
0.657984091122
0.657854439685
0.657750727734
0.657595175137
0.657439640936
0.657361880734
0.657232290617
0.657102713275
0.656947237328
0.656843596917
0.656714057901
0.656558627944
0.656429117033
0.656325517502
0.656196029586
0.656014767965
0.655885310709
0.655755866228
0.655626434522
0.655497015591
0.655367609435
0.655238216054
0.655134710547
0.654979467617
0.654850112562
0.654720770281
0.654565576407
0.654513849204
0.654384540139
0.654306960831
0.654177672206
0.654074250503
0.653970836977
0.653841581567
0.653686491938
0.653557264632
0.653402208729
0.653324687676
0.653195496141
0.653066317381
0.652988816257
0.652885488579
0.652704684816
0.652549730092
0.652394793763
0.652291513097
0.652136607428
0.652007533424
0.651852661481
0.651697807935
0.651517168715
0.651388156031
0.651284955081
0.651155965392
0.651026988478
0.650923816144
0.650794862225
0.650665921081
0.650562777364
0.650459641823
0.650304953841
0.650150284255
0.650021406987
0.649892542493
0.649737921963
0.649506025662
0.649377212268
0.649222653059
0.649093867771
0.648990848738
0.648810585104
0.648656093347
0.648553109063
0.648424390205
0.648321424316
0.648166990813
0.64803831028
0.647961108093
0.647832448
0.647703800682
0.647575166139
0.647472267703
0.647343656155
0.647215057382
0.647086471385
0.646957898162
0.646829337715
0.646726498555
0.646572255145
0.646443733022
0.646315223675
0.646161029321
0.646083939043
0.645955465466
0.645801314036
0.645647181003
0.645518750861
0.645364651553
0.645210570642
0.645133537085
0.644979483768
0.644851120056
0.644722769119
0.644594430957
0.644491769626
0.64436345446
0.644235152068
0.644081206061
0.643952931775
0.643850321544
0.643696421527
0.643568185566
0.643465605995
0.643337393029
0.643209192838
0.643081005422
0.642927197386
0.642901564501
0.642747777927
0.642670891539
0.642594009749
0.642465883653
0.642337770333
0.642209669787
0.642081582016
0.641979120998
0.641902280599
0.641851056222
0.641697395355
0.641543752883
0.641390128808
0.641236523128
0.641108532448
0.640954960495
0.640826997919
0.640699048119
0.640571111094
0.640494355011
0.640289694607
0.640136220767
0.640008339952
0.639880471912
0.639727047127
0.639573640739
0.639445816134
0.639369127503
0.63926688315
0.639139089205
0.639011308036
0.638909092298
0.638755784022
0.638628041178
0.638500311108
0.638372593814
0.638244889295
0.638117197551
0.637989518582
0.637887384605
0.637785258804
0.637708669818
0.63758103173
0.637453406416
0.637300272902
0.637172675693
0.6370961235
0.636943032911
0.636815471472
0.636764450474
0.636636906921
0.636509376142
0.636381858139
0.63625435291
0.636126860457
0.635999380779
0.635871913876
0.635769949551
0.635642505643
0.635540559715
0.635438621962
0.635311211269
0.635234770985
0.635081904215
0.635005477728
0.634852638552
0.634725286624
0.6346488816
0.634572481174
0.634445157351
0.634317846304
0.634190548031
0.634063262534
0.633986897367
0.63385963231
0.633783279408
0.63365603479
0.633579694152
0.633427026672
0.633299817825
0.633172621753
0.633045438456
0.632892835363
0.632765680171
0.632613111314
0.632536833529
0.63243513697
0.632257187665
0.632130096348
0.631977603631
0.631850540419
0.631723489983
0.631596452321
0.631469427435
0.631342415324
0.631240814832
0.631037641444
0.630936065481
0.630834497695
0.630682161344
0.630555228438
0.630402925814
0.6303267814
0.630199884264
0.630022249736
0.629870011498
0.629743160353
0.629616321982
0.629489496386
0.629362683566
0.62923588352
0.62910909625
0.629007675631
0.628855560034
0.628703462833
0.628551384027
0.628399323618
0.628272620663
0.628145930483
0.628019253078
0.627867257055
0.627791265942
0.627664624307
0.627537995447
0.627411379362
0.627284776053
0.627183502603
0.627056922288
0.626955667234
0.626803799984
0.626677257995
0.62655072878
0.626398910586
0.626297708676
0.626196514943
0.626095329386
0.625968858936
0.625842401262
0.625715956363
0.625589524239
0.625513671097
0.625412540727
0.625311418534
0.625210304517
0.625058648821
0.624957555244
0.624831199771
0.624704857072
0.624578527148
0.624426948103
0.624300646284
0.624149100965
0.624073335204
0.623947069156
0.623820815883
0.623669328818
0.623568347661
0.623492617159
0.623391650311
0.623290691638
0.623164504795
0.623013097446
0.622886938708
0.622760792745
0.622609434453
0.622483316595
0.622357211512
0.622231119205
0.622130254557
0.622004185244
0.621903338992
0.621777292674
0.621626053956
0.621500035744
0.621348830752
0.621197644156
0.621071669379
0.620945707377
0.62081975815
0.62066863594
0.620542714818
0.620441987119
0.620265733318
0.62019020364
0.620064331063
0.619938471261
0.619787456362
0.619661624666
0.619535805744
0.619409999598
0.619309363878
0.61915842563
0.619032657808
0.618957203247
0.618806307923
0.61870572126
0.618605142773
0.618479431162
0.618353732325
0.618202910585
0.618052107241
0.617901322293
0.617775682222
0.617675179363
0.617574684681
0.617449077825
0.617348601538
0.617223017678
0.617097446592
0.616946778152
0.616846342746
0.616695704966
0.616570187536
0.61649488321
0.616369386219
0.616268997825
0.61614352383
0.616043153832
0.615917702831
0.615817351229
0.615641755599
0.615516345479
0.615390948134
0.615290639457
0.615190338955
0.615064974825
0.614964692719
0.614864418789
0.614739087875
0.61458870764
0.61448846437
0.614363171781
0.614212837537
0.614112624927
0.613937272534
0.613812036155
0.613711856249
0.613586642865
0.613511520967
0.613361290967
0.613261147853
0.613110948514
0.61301082584
0.612885683996
0.612810605022
0.612685483618
0.612460300351
0.612335214717
0.612235155408
0.612160116292
0.612035061318
0.611935026537
0.611809994559
0.611634971251
0.611509969933
0.61138498139
0.611309994396
0.611160034205
0.611035081432
0.6109601159
0.610835183567
0.610710264009
0.610635318406
0.610510419288
0.610410509191
0.610285633069
0.610185741368
0.610035919148
0.60991108135
0.609761292856
0.60966144408
0.609636483164
0.609536644608
0.609436814228
0.609287083988
0.60916232284
0.609037574468
0.608887893284
0.608713288487
0.608588586105
0.608463896498
0.608314285832
0.608139763818
0.608015120201
0.607890489359
0.607740949212
0.607616346475
0.607516673483
0.607417008668
0.607292439146
0.6071678824
0.607043338428
0.606943712449
0.606819191473
0.60671958389
0.606595085908
0.606470600702
0.606321235317
0.606221668614
0.606122110088
0.605997673426
0.605898133296
0.60577371963
0.605649318739
0.605549807224
0.605425429328
0.605325936209
0.605176711861
0.605077239183
0.604952909832
0.604778870203
0.604679430229
0.604555141758
0.604406012457
0.604306603143
0.604132656516
0.604008424256
0.603884204771
0.60375999806
0.603710318953
0.603586130128
0.603461954078
0.603337790803
0.60326329897
0.60316398368
0.603064676566
0.602915731225
0.602766804281
0.602642712546
0.602543448356
0.602394567402
0.602270513992
0.602146473358
0.602022445498
0.601898430414
0.601774428104
0.601724830758
0.601600846333
0.601501667992
0.601402497826
0.601278546617
0.601154608183
0.601030682524
0.600881988596
0.600758091042
0.600658982197
0.600535107638
0.600436017189
0.600361704718
0.600237860819
0.600138794898
0.600014973995
0.599891165866
0.599792128561
0.599668343428
0.599519818131
0.599396061102
0.599247569531
0.599099096356
0.598975382763
0.598826943314
0.598678522262
0.598554852104
0.598406464777
0.598208643624
0.598085022011
0.597936692939
0.597813099431
0.597664804085
0.597565950741
0.597442395558
0.597318853151
0.597170619125
0.597047104822
0.596948302579
0.596824811271
0.596701332739
0.596553175363
0.596454414
0.596330973792
0.59620754636
0.596108813613
0.595985409176
0.595837340714
0.595689290649
0.595565929647
0.595393246218
0.595294580923
0.595171260801
0.595047953454
0.594949316775
0.594826032424
0.594702760847
0.594579502046
0.594530202102
0.594406961186
0.594283733045
0.594135876138
0.593988037628
0.593815582616
0.593667783964
0.593544632473
0.593396867547
0.593273744161
0.593199876261
0.593101392883
0.59300291768
0.592879835174
0.592781378368
0.592682929737
0.592559880447
0.592436843931
0.592363028154
0.592240012079
0.592117008778
0.591994018253
0.591871040503
0.591748075527
0.591649712745
0.591526770765
0.59140384156
0.591256343377
0.59110886359
0.590961402199
0.590838531759
0.590740244605
0.590641965628
0.590519128403
0.590371740596
0.590224371186
0.590101577396
0.589954241712
0.589831476027
0.589684174069
0.589585982984
0.589438711685
0.589315999656
0.589193300402
0.589070613923
0.588972473938
0.588849810454
0.588727159745
0.588629048375
0.588432850165
0.588310242891
0.588187648393
0.588040551857
0.587917985464
0.587770922654
0.587648384366
0.587550362933
0.587476852224
0.587354344596
0.587231849742
0.58706037841
0.586937914216
0.586766485808
0.586644052275
0.586521631517
0.586423704108
0.586301306345
0.586154445893
0.586007603836
0.585885249509
0.585787375244
0.585689509156
0.585542725354
0.585420419571
0.585298126564
0.585175846331
0.585078031343
0.584955774106
0.584833529644
0.584711297956
0.584589079044
0.584491313112
0.584369117195
0.584222498958
0.584100331145
0.584002606094
0.583880461277
0.583758329235
0.583660632799
0.583514103476
0.58339200976
0.583269928818
0.583172273263
0.583123448551
0.583001395714
0.582879355653
0.582757328366
0.582610912485
0.582488913304
0.582366926898
0.582220560073
0.582098601772
0.581976656246
0.581854723495
0.581757186492
0.581635276736
0.581513379755
0.581391495549
0.581293997382
0.581172136171
0.581074656401
0.581001551938
0.580879721388
0.580782266145
0.580660458589
0.580563021743
0.580489949474
0.580392526935
0.580246408458
0.580124657112
0.579978572361
0.579808163402
0.579662118508
0.57958910296
0.57949175605
0.57937008391
0.579248424545
0.579126777955
0.57898081891
0.5788835231
0.578761914835
0.578664637422
0.578543052152
0.578445793134
0.578299919937
0.57820268136
0.578081144635
0.577959620686
0.577862410724
0.577765208939
0.577668015329
0.577570829896
0.577473652638
0.577352192564
0.577230745265
0.577109310741
0.576987888992
0.57689076079
0.576745083819
0.576623700395
0.576526602854
0.576405242425
0.576283894771
0.576162559892
0.576065501187
0.575944189304
0.575822890195
0.575701603862
0.575580330303
0.575434818896
0.575337821511
0.575216586278
0.57509536382
0.575022636477
0.57492567384
0.574804482042
0.574683303019
0.574537905054
0.574416754136
0.5743198426
0.574198714677
0.574029157047
0.573859624456
0.573738545078
0.573617478476
0.573472215415
0.573375383595
0.573230151195
0.573084937191
0.572939741584
0.572794564883
0.572673597926
0.572576833558
0.572455889596
0.572334958408
0.572238222657
0.572117314465
0.571996419048
0.57185136141
0.571706322169
0.571585470187
0.5714887978
0.571392133589
0.571271314822
0.57115050883
0.571053873235
0.570933090239
0.570788167506
0.570691562571
0.570643263169
0.570546670498
0.570450086003
0.570353509684
0.57028108281
0.570160381574
0.570039693113
0.569967286168
0.569846618147
0.569750092928
0.56958119398
0.569508816162
0.569436442944
0.569315831133
0.569243470178
0.569122878808
0.568978186026
0.56885762276
0.568712963704
0.568568323045
0.568399598859
0.568279096914
0.568206801878
0.568110415652
0.567989944367
0.567845395688
0.567724952507
0.567604522102
0.567484104472
0.567363699617
0.567243307537
0.567122928232
0.567002561702
0.566906277676
0.566785934142
0.566641538763
0.566569347972
0.566424980188
0.566328745218
0.566232518424
0.566136299807
0.566064141209
0.5659438871
0.565823645765
0.565703417206
0.565583201422
0.565462998412
0.565342808178
0.565174563313
0.565078434631
0.564982314126
0.564886201797
0.564766072883
0.56466997895
0.564549873031
0.564429779887
0.564261670948
0.564165619939
0.564021558756
0.563925528187
0.563829505794
0.563733491577
0.563613485304
0.563469494639
0.56334951647
0.563229551077
0.563109598459
0.56296567218
0.562845747667
0.562725835929
0.562653895018
0.56253400372
0.562414125197
0.562294259449
0.562174406477
0.562078533296
0.561958703319
0.561814924208
0.561695122336
0.561551376952
0.561455556916
0.561335793368
0.561216042596
0.561096304598
0.560976579376
0.560832926483
0.560713229366
0.560593545024
0.560473873457
0.560330284439
0.560210640977
0.560067085686
0.559947470329
0.559827867747
0.55973219488
0.559636530189
0.559516960822
0.559373494445
0.559253953183
0.559158329372
0.559038811106
0.55894320569
0.558847608451
0.558704227923
0.558632544557
0.558513082501
0.558393633219
0.558226426199
0.558107007578
0.557987601732
0.557892086253
0.557772703402
0.557677206319
0.557557846463
0.557438499382
0.557319165077
0.557295299749
0.557199843546
0.55708053479
0.556985096984
0.556913523995
0.556794245899
0.556651129047
0.556531879057
0.556412641842
0.556293417401
0.55610268538
0.556031169112
0.555911985552
0.555792814766
0.555697487336
0.555578339546
0.555483030512
0.555387729655
0.555292436973
0.555173332618
0.555030424255
0.554935162744
0.554816096715
0.554744663229
0.554649425735
0.554506584825
0.554387564785
0.554292357951
0.554173360907
0.554101968812
0.553982992208
0.553864028379
0.553768866513
0.553649925679
0.55353099762
0.553412082336
0.553269400858
0.553150513679
0.552984093602
0.552889007365
0.552817698052
0.552675093225
0.55258003356
0.552484982071
0.552366179207
0.552271146114
0.552152366246
0.552033599152
0.551938594676
0.55179610329
0.551606143393
0.551511175709
0.551463694932
0.551321264867
0.551202587199
0.551060190861
0.550941541298
0.55082290451
0.550680557227
0.550561948544
0.550419634988
0.55030105441
0.550182486607
0.550040222107
0.54992168241
0.549803155487
0.54968464134
0.549566139967
0.549471348067
0.549329175547
0.549281788795
0.549187021424
0.54911595126
0.549021198197
0.548926453309
0.548808033697
0.548713307205
0.548571232798
0.548452851511
0.548334482999
0.548216127262
0.5480977843
0.548003119129
0.547932125616
0.547813813314
0.547695513787
0.547600883364
0.547458953059
0.547293390954
0.547198795279
0.54710420778
0.546985984904
0.546867774802
0.546749577476
0.546631392925
0.546489588327
0.546395062148
0.546276915922
0.546135157313
0.546017039193
0.545875314311
0.545757224295
0.545639147054
0.545521082588
0.545379422604
0.545284992493
0.545166966353
0.545072554638
0.5449781511
0.544883755737
0.544765773032
0.544624210649
0.544529845946
0.544411901566
0.54431755526
0.544199633875
0.544081725265
0.544010986231
0.543916674673
0.543822371291
0.543704503561
0.543610218575
0.543515941765
0.54339810725
0.543280285511
0.543162476546
0.543091797299
0.542997565458
0.542926896942
0.542856233025
0.542762021624
0.542667818398
0.542550075864
0.542385257777
0.542244005061
0.542102770741
0.541985089527
0.541867421088
0.541773295535
0.541679178157
0.541538017422
0.541420397528
0.541302790409
0.541138161905
0.541044099716
0.540926533477
0.540832489684
0.540738454067
0.540644426626
0.540526903823
0.540432894778
0.540338893909
0.540244901216
0.5401509167
0.540033447551
0.539915991178
0.539845523486
0.539751573718
0.539634148004
0.539540216632
0.539422813914
0.539281947515
0.539164572902
0.539047211064
0.538929862002
0.538835991949
0.538742130073
0.538671739031
0.538554430849
0.538437135441
0.538319852809
0.538202582951
0.538108776263
0.538014977751
0.537897741109
0.537780517241
0.537663306149
0.537546107832
0.53742892229
0.537335183054
0.537288316502
0.537171159065
0.537100870735
0.536983733738
0.536866609516
0.536749498069
0.536632399397
0.5365153135
0.536398240378
0.536281180032
0.53616413246
0.536023692237
0.535906672771
0.535789666079
0.535672672163
0.535579086228
0.535462115306
0.53534515716
0.535251599841
0.535111279193
0.534994359372
0.534924213611
0.534877452325
0.534783935887
0.534690427624
0.53455018056
0.534480063926
0.534339844456
0.53422300895
0.534129549744
0.534036098713
0.533919296422
0.533825863788
0.53373243933
0.533615670254
0.533498913954
0.533405518111
0.533358823256
0.533242095061
0.53312537964
0.533008676995
0.532891987125
0.53277531003
0.53265864571
0.532541994164
0.532425355394
0.532285405734
0.53219211618
0.532098834802
0.531982244577
0.531888981595
0.531772414365
0.531655859911
0.531562625545
0.531422789326
0.531306273197
0.531213069491
0.531119873962
0.531026686608
0.530910213914
0.530840336429
0.530723884175
0.530607444696
0.530467734184
0.530374604063
0.530258202908
0.530188368348
0.530071987634
0.529909076097
0.529792726043
0.529676388764
0.52956006426
0.529443752531
0.529373971626
0.529280937573
0.529141401824
0.529048388211
0.528932132693
0.528839137476
0.528699659981
0.528583442788
0.528513718604
0.52839752185
0.528281337872
0.528188399888
0.528072238905
0.527956090696
0.527839955263
0.527723832605
0.527654165143
0.527538062925
0.527445190349
0.527329111126
0.527236256946
0.527143410941
0.527027364934
0.526911331701
0.526795311244
0.526702504076
0.526586506613
0.526493717841
0.526377743374
0.526284972998
0.526192210798
0.526076269546
0.525983525742
0.525890790115
0.525774882077
0.525705343387
0.525612632288
0.525473580968
0.525380890309
0.525265038482
0.525195533518
0.525102867386
0.525010209431
0.524894398484
0.524824918048
0.524709127542
0.52459334981
0.524500736823
0.524384982086
0.524315535376
0.52419980108
0.524130366634
0.524014652778
0.523852674841
0.523690721943
0.523575056632
0.523505663578
0.523366891265
0.523251261724
0.523112523138
0.522996921702
0.522858216842
0.522765757156
0.522719530378
0.522603972378
0.522488427152
0.522372894701
0.522188069353
0.522049471803
0.521957083657
0.521887797912
0.521726149061
0.521610700926
0.521495265566
0.521402926475
0.521333677523
0.521241352741
0.521056727705
0.520964427451
0.520895207626
0.5208259924
0.520664508091
0.520549177487
0.520456922201
0.520318554602
0.520203262323
0.520087982818
0.519995768412
0.519903562183
0.519765268168
0.519650037209
0.519534819025
0.519442653675
0.519327458486
0.519212276072
0.519097106433
0.518958919729
0.518866805479
0.518774699406
0.518613533452
0.518498430243
0.518406356874
0.518337307212
0.518245248151
0.518153197266
0.518061154557
0.517877093668
0.517808079266
0.517693065482
0.517601063653
0.51750907
0.517394089432
0.517302114175
0.51716416662
0.517049224377
0.516957279781
0.516819378216
0.516704474298
0.516543630274
0.516451730646
0.516336867608
0.516244986376
0.516107179857
0.516015319065
0.515923466449
0.515808662176
0.515693870679
0.515556137745
0.515441374352
0.515303675144
0.515211885892
0.515074217344
0.514913627289
0.514821872785
0.514707191153
0.514615455045
0.514523727114
0.514432007358
0.514340295778
0.514271517459
0.514179820187
0.514065210096
0.513996450172
0.513881860521
0.513790197997
0.513652719542
0.513538168215
0.51337781782
0.513263297153
0.513171689818
0.513080090659
0.512965603208
0.512874022444
0.512805342238
0.512645106307
0.512530667401
0.512416241269
0.512347591723
0.512278946775
0.512141670677
0.512073039526
0.511981538479
0.511867173668
0.511752821633
0.511684216543
0.511592750244
0.511501292122
0.511409842175
0.511295541239
0.51122696681
0.511135541392
0.511044124149
0.510952715083
0.510838465247
0.510747074577
0.510610003901
0.510518633671
0.510404432381
0.510313080547
0.510221736888
0.510130401406
0.509993413513
0.509879270988
0.509787966166
0.509651024263
0.509559739881
0.509468463675
0.509354379915
0.509240308931
0.509149061341
0.508966592222
0.508875369161
0.508761351831
0.508670147166
0.508556152831
0.508487762362
0.508373788468
0.508282618551
0.508214246478
0.508123090869
0.508031943435
0.507918020641
0.507804110622
0.507690213378
0.507621881163
0.507530778698
0.507416912114
0.507325828045
0.507189217271
0.507052624894
0.506916050912
0.506802253314
0.506779495327
0.506711224433
0.506620203728
0.506529191199
0.506438186846
0.506347190669
0.506278948902
0.506187967034
0.506096993341
0.505983287723
0.505892332426
0.505801385305
0.505687712902
0.505574053274
0.505460406421
0.505324048593
0.505233152573
0.505142264729
0.505028666932
0.504937797483
0.504869650763
0.504733371118
0.50459710987
0.504483572883
0.50439275249
0.504279238498
0.50416573728
0.504052248838
0.50391607957
0.503802619233
0.503689172181
0.503575737394
0.503462315893
0.503348906656
0.503280867246
0.503190155186
0.503076776609
0.502986082945
0.502895397458
0.502782052096
0.502646054525
0.502532737268
0.502442092661
0.502328798399
0.502238172188
0.502124900921
0.50201164243
0.501875749103
0.501830455415
0.501717230139
0.501626659116
0.501513456834
0.50137763096
0.501264456784
0.501173926641
0.50106077546
0.500947637054
0.500834511423
0.500721398567
0.50063091748
0.500540444569
0.500427364928
0.500336910414
0.500246464075
0.500156025913
0.500020383999
0.499907363123
0.499794355023
0.49970395774
0.499613568634
0.499500593749
0.499387631638
0.499252093969
0.499116574696
0.499026238733
0.498913330278
0.498823012712
0.498732703322
0.498642402108
0.498506965617
0.498371547522
0.498258713162
0.498100767032
0.498033083279
0.497942845429
0.497852615755
0.497762394258
0.497672180936
0.49758197579
0.497491778821
0.497424136459
0.497333953798
0.497266322167
0.497153613003
0.496995841635
0.49688316313
0.496770497401
0.496590258807
0.496522677765
0.496455101323
0.496342484139
0.49625239959
0.496117288096
0.496049739248
0.495959681271
0.495824609635
0.495757080716
0.495599531123
0.495532017534
0.495397004152
0.495284507054
0.495217014927
0.495127032578
0.495037058405
0.494947092409
0.494879623277
0.494767184943
0.494654759385
0.494542346602
0.494407468125
0.494317559361
0.494205184903
0.494115294534
0.494025412342
0.493935538326
0.493823207303
0.493733351683
0.493576124021
0.493531206431
0.493418921398
0.493351556511
0.493284196222
0.493194389658
0.493082142951
0.492947464276
0.492835245673
0.492723039846
0.492588409716
0.492498666516
0.492431364482
0.492274344798
0.492139775989
0.492072498482
0.491960379525
0.491848273343
0.491736179936
0.491624099305
0.491534443997
0.49142238636
0.491310341499
0.491198309412
0.491108692941
0.491019084646
0.490907085774
0.490795099678
0.490705519998
0.490593556897
0.490481606571
0.490369669019
0.490235360821
0.490123451375
0.490011554704
0.489922046565
0.489832546602
0.489743054815
0.489698311988
0.489631201579
0.489541728189
0.489429897948
0.489340442953
0.489228635707
0.489139199109
0.489027414858
0.488937996656
0.488848586629
0.488736835594
0.488625097333
0.488535715923
0.488446342689
0.488334637643
0.488267620748
0.488200608452
0.488088931512
0.487977267346
0.487865615956
0.487753977341
0.487687000304
0.487575382129
0.487486096787
0.487374501607
0.487307550631
0.487218289818
0.487084413927
0.486995173553
0.4868167204
0.486682900208
0.486571397009
0.486459907095
0.486370723954
0.486259256524
0.486170091779
0.486036359991
0.485924930886
0.485858079556
0.485724390692
0.485635275002
0.485523891888
0.485367976991
0.485278894006
0.485189819197
0.485056222313
0.484967167944
0.484900382533
0.48483360172
0.484722310587
0.484611032228
0.484499766644
0.484410763376
0.484299520787
0.484210535914
0.484099316321
0.484010349844
0.483943630352
0.483854678184
0.48374349947
0.483654565698
0.483587870734
0.483454494603
0.48334336188
0.483232241932
0.483143355172
0.483032258219
0.482943389854
0.482876743947
0.482787889891
0.482676833818
0.48256579052
0.482499170673
0.482410351365
0.482321540233
0.482210537816
0.48212174508
0.481988571306
0.481921991317
0.481788845138
0.48167790404
0.481566975718
0.481456060171
0.481367336931
0.481300799867
0.481212090935
0.48112339018
0.4810346976
0.480990354376
0.480901674061
0.480768668917
0.480657845351
0.480591357342
0.480480554216
0.480369763864
0.480258986287
0.480148221486
0.480059618843
0.47990458389
0.479771716718
0.479661008126
0.47955031231
0.479483900952
0.479373225576
0.479262562975
0.479151913149
0.479063402486
0.478952775655
0.478842161599
0.478731560829
0.478620972323
0.478466169877
0.478355612031
0.478289283456
0.47817874605
0.478068221419
0.477957709564
0.477869309277
0.477780917167
0.477692533232
0.477582064812
0.477427430486
0.477316992725
0.47720656774
0.47711823695
0.477029914336
0.476919522566
0.476809143571
0.476698777351
0.476610493573
0.476500150348
0.476411884966
0.47632362776
0.47621331775
0.47612507894
0.476036848307
0.475992736056
0.475926571512
0.475838359274
0.475750155213
0.475661959327
0.475573771617
0.475463548478
0.475375379164
0.47526517902
0.475199065066
0.47513295571
0.475000750796
0.474912624407
0.47484653498
0.474758422899
0.474670318994
0.47456020061
0.4744721151
0.474384037767
0.47429596861
0.474185893661
0.4740978429
0.473987790946
0.473943773742
0.473877751768
0.473811734393
0.47372371838
0.473613709861
0.473503714118
0.473393731149
0.473305753972
0.473217784972
0.473129824147
0.473019884614
0.472909957855
0.472822025647
0.472712122395
0.472624208582
0.472558278588
0.472426432398
0.472338545157
0.472250666093
0.472162795205
0.472074932492
0.471987077956
0.471855311482
0.471723563403
0.471613787391
0.471525975779
0.471416222761
0.471306482519
0.471174811091
0.471087040359
0.471021217675
0.470911523423
0.470801841946
0.470714105962
0.470626378154
0.470516729892
0.470407094405
0.470319395213
0.470231704198
0.470122101926
0.470056346695
0.469968680207
0.469859108595
0.46979337176
0.469727639524
0.469618096017
0.469508565286
0.469399047329
0.469311442162
0.469223845171
0.469092465525
0.468961103764
0.468851650194
0.468764096127
0.468632780356
0.468545246729
0.468435841193
0.468348325962
0.468217068446
0.468107701235
0.468020216664
0.467889005138
0.467779676252
0.467692222341
0.467604776607
0.467517339048
0.467429909666
0.467342488459
0.467233223448
0.467123971213
0.467036578622
0.466949194208
0.466839975188
0.466730768942
0.466577901661
0.466425059418
0.466337732236
0.46625041323
0.466184929341
0.466097624643
0.465988505268
0.46581394084
0.46572667089
0.465661223793
0.465552155518
0.465464910097
0.465377672851
0.465268637791
0.465225027344
0.465137812582
0.465050605997
0.464941609262
0.464832625303
0.464745447333
0.46465827754
0.464571115922
0.464462175398
0.464440388826
0.464331463632
0.464222551213
0.464070095288
0.464026541051
0.46393943871
0.463852344545
0.463765258555
0.463678180742
0.463634644902
0.463547579353
0.463438758914
0.463351711761
0.463264672784
0.463199398916
0.463090619358
0.46296010075
0.462851349297
0.462786104557
0.462677373543
0.46259039793
0.462481689912
0.462372994669
0.462307783655
0.4622643122
0.462133910102
0.462068715951
0.46198179757
0.461894887366
0.461807985337
0.461721091996
0.461634206319
0.461547328819
0.461417027899
0.461351884337
0.461243321954
0.461178190656
0.46109135608
0.460982824357
0.46087430541
0.460765799237
0.460679003497
0.46057052032
0.460483742976
0.460396973808
0.460310212816
0.460201773074
0.460071662246
0.459941569814
0.459789818561
0.459681440139
0.459573074492
0.459486391172
0.459356381523
0.459269718644
0.45918306394
0.459074757058
0.459009779061
0.45890149262
0.458793218953
0.458728260885
0.458598358546
0.458511767207
0.458381895528
0.458273683182
0.45816548361
0.458057296814
0.457949122793
0.457884224512
0.457732813075
0.457646303496
0.457559802094
0.457494931407
0.457386823816
0.457300346941
0.45725711157
0.457170646959
0.457062577693
0.456954521202
0.456868085208
0.456760051712
0.456673634114
0.456565623613
0.456457625887
0.456349640937
0.456263262175
0.456155300219
0.456025762736
0.455961000893
0.455896243648
0.455788325128
0.455658839767
0.455529372802
0.455421497717
0.455356778798
0.45527049406
0.455184217498
0.455076383293
0.454968561863
0.454882313917
0.45483919301
0.454731399685
0.454688285932
0.454580510493
0.454494299339
0.454408096361
0.454300354137
0.454214169555
0.454106450326
0.45402028414
0.453955664867
0.453891050192
0.453783369288
0.453654169066
0.453568045804
0.453460403225
0.45337429836
0.453266678776
0.45311603282
0.453029960659
0.452857840865
0.452793304374
0.452685753775
0.452664245188
0.452578215951
0.452470690902
0.452384680061
0.452298677397
0.452148192918
0.452062212737
0.451997732967
0.451911767094
0.451804321251
0.451718373774
0.451610950926
0.451503540853
0.451374665628
0.45126728366
0.451181387283
0.451052558049
0.450966682112
0.450859348689
0.450687641785
0.450601800597
0.450494510609
0.450408687817
0.450301420824
0.450194166606
0.450129820208
0.450044032164
0.449915365428
0.449829597824
0.449786717088
0.449722399817
0.449679524191
0.449550909577
0.449465176721
0.449358022149
0.449272307689
0.449229453525
0.449100903298
0.448950951283
0.448843858031
0.448736777554
0.4486725354
0.448565475363
0.448458428101
0.448351393615
0.448265775223
0.448180165008
0.448094562969
0.447987571917
0.447923383418
0.447795020218
0.447666675413
0.447559735461
0.447474192698
0.447367275742
0.447281751375
0.447174857414
0.447067976228
0.446961107817
0.446875622286
0.446790144931
0.446683309735
0.446597850777
0.446448317272
0.446341522957
0.446234741416
0.446149325381
0.446063917523
0.445935821065
0.445807743004
0.445722367849
0.445637000871
0.445530303646
0.445423619195
0.44531694752
0.44521028862
0.445103642495
0.445018334792
0.444933035266
0.444826422356
0.444698503727
0.444634551311
0.444591918922
0.444506660277
0.444421409807
0.444293549432
0.444229626143
0.444144402245
0.444016581729
0.443888779608
0.443846182989
0.443782291894
0.44369711092
0.443611938122
0.443505483623
0.443399041899
0.443292612949
0.443207478988
0.443101073034
0.442994679855
0.442909574509
0.442803204325
0.442718117376
0.442633038603
0.442526701634
0.442441641257
0.442335327283
0.442250285302
0.442165251497
0.442037716119
0.441931450691
0.441825198037
0.441718958159
0.441633975454
0.441549000925
0.441464034572
0.441357838129
0.441251654461
0.441166716724
0.441081787163
0.44097563671
0.44091195257
0.440805822557
0.440699705319
0.440614820727
0.440551162648
0.44044507607
0.440381430255
0.440254152423
0.440105684869
0.439999651946
0.439914834806
0.439808824878
0.439702827726
0.439618039202
0.439533258854
0.439406105195
0.439300156587
0.439215406899
0.439109481287
0.439024749995
0.438897668388
0.438812957536
0.438707080469
0.438558874037
0.438431859882
0.438347193998
0.438241373141
0.438135565059
0.438050927792
0.437966298701
0.437881677785
0.437775913138
0.437691310619
0.437585569479
0.43745869636
0.437374124501
0.437268421174
0.43720500531
0.437120457979
0.437014785313
0.436951387845
0.436866865042
0.436761223036
0.436634469492
0.436592222398
0.436507734855
0.436423254976
0.436338783273
0.436254319746
0.436127639786
0.436022087205
0.435937654339
0.435853229648
0.435726607942
0.435663303988
0.435578905869
0.435494515927
0.435389039997
0.435283576841
0.435157037918
0.435009432424
0.43492509767
0.43486185197
0.434735374367
0.434651066184
0.434545692454
0.434503546539
0.434440331499
0.434313915216
0.434208582366
0.434103262291
0.43401901543
0.43391371835
0.433829489884
0.433745269594
0.43366105748
0.433597903761
0.433450562966
0.433366379469
0.433303247211
0.433219078021
0.433134917008
0.433029727238
0.432924550244
0.432840417847
0.432735263847
0.432630122623
0.432546018842
0.432461923237
0.432377835808
0.432272738019
0.432188668985
0.432062580766
0.431936510942
0.431852474613
0.43176844646
0.431684426483
0.431600414682
0.431474412311
0.43139042095
0.431306437765
0.431222462756
0.431138495924
0.431054537267
0.43099157364
0.430886644481
0.430781728098
0.4307187844
0.430634866624
0.430509005289
0.430425107952
0.430320247779
0.430194432946
0.430089600878
0.430005744421
0.429921896141
0.429817097288
0.429754224109
0.429670400357
0.429565632675
0.429502777891
0.429418978667
0.429335187619
0.429230460307
0.429125745769
0.428979166879
0.428832613027
0.428727947035
0.428602364708
0.42849772682
0.428414025709
0.428330332773
0.428246648013
0.428183889809
0.428100219358
0.427995642791
0.427911990735
0.427828346856
0.427702896367
0.427619272927
0.427535657664
0.427431150082
0.427347553215
0.427263964524
0.427180384008
0.427075919862
0.426992357743
0.426825258033
0.426720837321
0.42663730995
0.426532912234
0.426449403259
0.426345028538
0.426261537959
0.426136317421
0.426052847282
0.425948521106
0.425865069364
0.425760766183
0.425656475777
0.425593907665
0.425552198146
0.42546878524
0.425385380509
0.425322832327
0.425239441904
0.425156059658
0.425051843347
0.424968479497
0.424864286182
0.424780940727
0.424676770407
0.424572612862
0.424510124467
0.42442681376
0.42434351123
0.424218572765
0.424156110431
0.42401038287
0.42392712122
0.423843867746
0.423760622449
0.423698193841
0.423656577324
0.423573350422
0.423469328292
0.423386119786
0.423282120652
0.423198930542
0.423074160708
0.422990991038
0.422907829545
0.422783102634
0.422699961581
0.422596046762
0.422512924104
0.42240903228
0.422284378954
0.422201286957
0.422118203136
0.42203512749
0.421931294431
0.421848237182
0.421765188109
0.42164062983
0.421578357588
0.42147458074
0.421370816666
0.421267065367
0.42120482072
0.421101089862
0.421018114373
0.420914406509
0.420831449417
0.420727764548
0.420644825852
0.420541163978
0.420375331553
0.420250978696
0.420168087012
0.420085203503
0.420002328171
0.419898745503
0.419815888567
0.419712328894
0.419608781996
0.419546659989
0.419463837801
0.419360321563
0.419277517771
0.419236118941
0.419111934715
0.419008461913
0.418905001885
0.418801554633
0.418656751474
0.418594699986
0.418511971822
0.418449931065
0.418346540023
0.418284511529
0.418201814026
0.418119124698
0.418015774536
0.417933103604
0.417788452214
0.417664482609
0.41756119019
0.417499219951
0.417416600119
0.417313336828
0.417251384985
0.417127495096
0.417044912056
0.416962337193
0.416921052828
0.416817850856
0.416755935805
0.416673389558
0.416570218247
0.416487690396
0.416405170721
0.416322659222
0.416260780963
0.416198907304
0.416116416245
0.416033933362
0.415951458655
0.415868992124
0.415765920458
0.415683472324
0.415621641588
0.415497993914
0.415436176976
0.415394968238
0.415312556896
0.415188955212
0.41510656431
0.415024181583
0.414962399904
0.414859440658
0.41477708246
0.414653560493
0.414571222734
0.414468312034
0.414406571746
0.414303681486
0.414200804001
0.41409793929
0.413995087355
0.413892248195
0.413809986065
0.413727732112
0.413624926167
0.413501575896
0.413398798056
0.413296032991
0.413213830138
0.413090541187
0.41302890361
0.412946727329
0.412864559223
0.412782399294
0.412679710879
0.412597569346
0.412515435988
0.412433310807
0.412351193802
0.412269084972
0.412207508716
0.412125414194
0.412043327849
0.41196124968
0.411858663466
0.411756090027
0.411591999097
0.411509965896
0.411448446361
0.411366427468
0.411284416751
0.41120241421
0.411099922531
0.410997443627
0.410915469703
0.410833503954
0.410751546381
0.410690083567
0.410608140302
0.41050572323
0.410403318422
0.410341881669
0.410239497301
0.410157599004
0.410075708884
0.409993826939
0.409891486517
0.409809622969
0.409748230673
0.409707305031
0.409584540369
0.409461794102
0.409359519599
0.40929816103
0.409155008919
0.409073218955
0.409011881847
0.408930106191
0.408868779815
0.408807458037
0.408746140859
0.408664391775
0.408582650867
0.408500918135
0.40841919358
0.408317049382
0.408235343223
0.40813322202
0.408051534257
0.407929017941
0.407826935064
0.407704452475
0.407622807636
0.407561579371
0.40747994884
0.407398326485
0.407316712305
0.407235106302
0.407133110295
0.40701073195
0.406908764049
0.406827198926
0.406766030449
0.406664093207
0.406562168741
0.40641949595
0.406337979883
0.406276848198
0.40619534644
0.406113852857
0.406011997376
0.405950890219
0.405889787661
0.405787960285
0.405686145684
0.405604703202
0.405563985026
0.405482554808
0.405380778532
0.405299366709
0.405197613429
0.405116220002
0.405034834752
0.40497380118
0.404892430237
0.404750050761
0.40470937551
0.40462803114
0.404567028228
0.404485698166
0.404404376279
0.404363718402
0.404241757035
0.404140136615
0.404058849477
0.403957252052
0.40387598331
0.403794722744
0.403733782685
0.403652536938
0.403571298856
0.40349006895
0.40340884722
0.403347936289
0.403266728867
0.403185529621
0.403063746083
0.403023155658
0.402921688538
0.402840524041
0.402759367719
0.402678219574
0.402597079604
0.40249566614
0.402414544566
0.402272601486
0.402211776403
0.402130683446
0.402049598664
0.401988790444
0.4018671878
0.401786129591
0.401684818327
0.401603778514
0.401522746877
0.401421468828
0.401360708131
0.401279701022
0.401178453633
0.40109746492
0.401016484384
0.400935512023
0.400854547838
0.400753354104
0.400672408316
0.400571237577
0.400490310185
0.400389162442
0.400308253445
0.400267802013
0.40018690528
0.400106016724
0.400045355672
0.399984699219
0.399903831103
0.399822971162
0.399742119398
0.39966127581
0.399600648484
0.399540025757
0.399459202609
0.399358185171
0.399257180509
0.399176385976
0.39909559962
0.398994628173
0.398913860213
0.398853289608
0.398732162196
0.398631236739
0.398550505571
0.398429424149
0.398328537017
0.39822766266
0.398146972372
0.398086460022
0.398005784043
0.397925116239
0.397864620752
0.397804129864
0.397683162395
0.397582369798
0.397501744919
0.397421128216
0.397300218491
0.397199474439
0.39713903414
0.397098743162
0.397058454229
0.396977882493
0.396937599692
0.396877179322
0.396776488926
0.396695945806
0.396595278405
0.396514753682
0.396434237135
0.396313477645
0.396212858789
0.396132372902
0.396011659401
0.395931193955
0.395810511114
0.395709956134
0.395609413928
0.395528989361
0.395468676302
0.395388266043
0.395287764717
0.395207372855
0.395126989168
0.395026521058
0.394966246324
0.394845710652
0.394765363758
0.394664941637
0.394584613139
0.394504292817
0.394423980671
0.394383827664
0.394323601985
0.394263380906
0.394183093288
0.394102813846
0.39402254258
0.39394227949
0.393882087538
0.393801838756
0.39372159815
0.393581196764
0.393480925389
0.393400717487
0.393300469107
0.393240326212
0.393140098272
0.393059925118
0.392979760141
0.392899603339
0.392799418835
0.392679214293
0.392599088151
0.392518970186
0.392478914269
0.392438860396
0.392338734657
0.392258643264
0.39215854052
0.392098485005
0.39201841814
0.391938359451
0.391858308938
0.391798276419
0.391718240213
0.391638212184
0.391558192331
0.391478180654
0.391378177556
0.391298184275
0.39121819917
0.391158215707
0.391098236843
0.391038262578
0.390918327844
0.390858367376
0.39077842724
0.390698495279
0.390618571494
0.390558634021
0.390438772872
0.390338902634
0.390239045171
0.390139200483
0.390059333931
0.389979475554
0.389939549432
0.38981978333
0.389759907177
0.389640168669
0.389560353216
0.389460595399
0.389340902881
0.389261118088
0.389181341472
0.389101573032
0.388981935702
0.388922123936
0.388842382068
0.388782581033
0.388722784596
0.388662992759
0.38860320552
0.388523496357
0.388423871399
0.388324259217
0.38826449804
0.38822465981
0.388144989483
0.388065327331
0.387985673355
0.387886117384
0.387806481804
0.387746760485
0.387667139214
0.387587526118
0.387488021246
0.387408426547
0.387328840024
0.387249261677
0.387169691505
0.38709012951
0.386990688514
0.386911144915
0.386831609491
0.38677196329
0.386692442175
0.386652684683
0.386612929236
0.386553299897
0.386493675157
0.386414182658
0.386334698335
0.386255222189
0.386155888503
0.386096294423
0.386016842804
0.385937399361
0.385838106556
0.385758681509
0.385679264638
0.385599855944
0.385540304788
0.385480758232
0.385401369977
0.385302146157
0.385222776298
0.385123575473
0.385044224011
0.384964880724
0.384885545614
0.384766558279
0.384667416218
0.384588111768
0.384508815494
0.384429527396
0.384330428771
0.384270975728
0.384191712158
0.384132269846
0.384053020584
0.383973779498
0.383894546588
0.383835127271
0.383755908669
0.383676698244
0.38361729579
0.383557897935
0.383478707949
0.38339952614
0.383280768755
0.383221396961
0.383142241724
0.383063094662
0.382983955777
0.382924606978
0.382845482401
0.382746588176
0.382667481995
0.38258838399
0.38250929416
0.382410443371
0.382331371938
0.382232544144
0.382133729125
0.382054686308
0.382015167965
0.381936137412
0.381837360718
0.381758348561
0.381679344581
0.38162009696
0.381481870398
0.381402895033
0.381343668875
0.381225230356
0.381106810744
0.381027874215
0.380948945863
0.380870025686
0.380791113685
0.380712209861
0.380653037358
0.380574147841
0.380514986069
0.380416393336
0.380357243829
0.380258671536
0.380179822899
0.380120691788
0.380041857459
0.379963031307
0.379884213331
0.379864510114
0.379805403531
0.379766001696
0.379667506054
0.379588718738
0.37949024609
0.379431168634
0.379372095776
0.379253963858
0.379194904798
0.37909648325
0.378998074478
0.378899678481
0.378820970881
0.378722597879
0.378624237651
0.378545558668
0.378486554796
0.37840789012
0.378309570773
0.378230924493
0.37815228639
0.378073656462
0.377995034711
0.377916421136
0.377877117414
0.377818165664
0.377739570484
0.377660983481
0.377562761225
0.377503834003
0.377385993356
0.377307443145
0.377209266878
0.377130735063
0.377052211424
0.376973695961
0.37687556313
0.376797066063
0.376698956227
0.376620477556
0.376561623918
0.376483159555
0.376404703369
0.376345866594
0.376287034419
0.376208598672
0.376051751707
0.375992942526
0.375914537439
0.375777348723
0.375679371747
0.375620591694
0.375542225443
0.375444279128
0.375365931273
0.375268007953
0.375170097408
0.375111357212
0.375072199637
0.374974314642
0.374915589777
0.374856869511
0.374798153844
0.374680736307
0.374582902412
0.374504644494
0.374445956421
0.374367712811
0.374269919796
0.374211250119
0.374172139556
0.374093924562
0.374015717744
0.373898422848
0.373800691153
0.373722514995
0.373644347014
0.373546648534
0.373468498949
0.373370823464
0.373273160755
0.373175510821
0.373097400071
0.373019297498
0.3729412031
0.372882637668
0.372785038834
0.372706968965
0.372570366367
0.372492318982
0.372375263234
0.37233624874
0.372258225883
0.372160708809
0.372082704348
0.371985210269
0.371907224204
0.371809753121
0.371692804683
0.371595361705
0.37151741652
0.371458962997
0.37138103212
0.37130310942
0.371225194895
0.371108338438
0.371030444354
0.370972029156
0.370933088246
0.370835744912
0.370757879444
0.370680022152
0.370563251543
0.370524332095
0.370446499331
0.370368674742
0.370271405505
0.370193599312
0.37009635307
0.370018565273
0.369960229792
0.369901898909
0.369824131553
0.369765811402
0.369688058354
0.369610313482
0.369532576786
0.369415987583
0.369279989501
0.369202287553
0.369144016458
0.369066328818
0.368988649354
0.368910978067
0.368833314955
0.368775072987
0.368697424183
0.368619783556
0.368542151104
0.368464526829
0.368406313988
0.368348105746
0.368289902103
0.368192906251
0.368095923174
0.368018345911
0.367921385829
0.367843826962
0.367766276271
0.367688733756
0.367630582235
0.367533673254
0.367456155267
0.367320518463
0.36724302296
0.367204278275
0.367088056482
0.367010585507
0.366933122708
0.366875030975
0.366778221639
0.366662067299
0.366584641292
0.366487870281
0.366429813807
0.366333063236
0.366236325441
0.36613960042
0.36608157154
0.366004206853
0.365926850343
0.365888175154
0.365830166202
0.36577216185
0.365714162097
0.365636836246
0.365578847224
0.365501535682
0.365424232316
0.365346937126
0.365288971099
0.365211690217
0.36513441751
0.36505715298
0.365018523781
0.364941271515
0.364864027425
0.364767483811
0.364690258117
0.364574434906
0.364477929616
0.364420032574
0.364323547725
0.364246369043
0.364169198537
0.364111326024
0.364034169826
0.363957021804
0.363899166154
0.363802750289
0.3637063472
0.363629233927
0.363532853832
0.363417214582
0.363340131969
0.363263057532
0.36318599127
0.36312819694
0.363051144987
0.363012622076
0.362935582387
0.362858550874
0.362820038184
0.36276227298
0.362666007861
0.362608254922
0.362531258157
0.362435023699
0.362377289155
0.362300316918
0.362223352858
0.362127159279
0.362050213614
0.361934810447
0.361857885223
0.361761740189
0.361723285753
0.361646383012
0.361569488448
0.361492602059
0.361434942633
0.361358070553
0.361261992461
0.361185138777
0.361089083169
0.36101224788
0.360935420768
0.360877805799
0.360800992995
0.360704988487
0.360628194079
0.360532212566
0.360474629791
0.360417051614
0.360359478037
0.360282720421
0.360205970981
0.360090862151
0.360014133151
0.359937412327
0.359860699679
0.359783995207
0.359726472219
0.359649782055
0.359573100068
0.359458092927
0.35936226727
0.359304778008
0.359228132812
0.359151495793
0.359074866949
0.358998246282
0.358959939014
0.358864179787
0.358806730383
0.358730138332
0.358596121916
0.358519552348
0.358462130538
0.358385575279
0.3583281642
0.358251623249
0.358175090474
0.358117696258
0.358060306641
0.3579646675
0.357888165385
0.357811671446
0.357773427543
0.357696945868
0.357639589977
0.35756312261
0.357505777451
0.357486663419
0.357410212405
0.357352879509
0.357276442802
0.357238227515
0.357161803072
0.357085386806
0.357008978715
0.3569325788
0.356837090405
0.356760708886
0.356741614784
0.356665243486
0.356588880363
0.356512525417
0.356436178646
0.356359840052
0.356245347491
0.356149951075
0.356073643141
0.35595919657
0.35586383848
0.355749425635
0.35569222611
0.355615967232
0.355520655132
0.355463474004
0.355387239655
0.355311013481
0.355215742261
0.355139534483
0.355120483816
0.355044286258
0.354987143455
0.354930005252
0.354834785132
0.354758618234
0.354701498427
0.354625345837
0.354492098479
0.354415968373
0.354339846444
0.354282760362
0.354187627113
0.354073484077
0.35399739894
0.353902304015
0.353826237274
0.353731165345
0.353636106191
0.353541059812
0.353446026208
0.353389012178
0.353293999014
0.353217997681
0.353123007513
0.353047024576
0.352952057402
0.352838113657
0.352743174588
0.352686217279
0.352648248295
0.352572316458
0.352496392797
0.352420477313
0.352306619416
0.352268670871
0.352192779915
0.352097927717
0.352022055156
0.351927225953
0.351870334563
0.351794486531
0.351737605872
0.351661772148
0.35160490222
0.351529082804
0.351453271564
0.351377468499
0.351320621567
0.351244832811
0.351187996609
0.351112222161
0.351036455889
0.350922821811
0.350847075979
0.350714540446
0.350619887539
0.350525247407
0.350392773195
0.350317084595
0.350241404171
0.350165731924
0.350108983103
0.350033325164
0.3499576754
0.349882033812
0.349806400401
0.349749680708
0.349692965614
0.349636255119
0.349560648279
0.349466151227
0.349371666951
0.349296088727
0.349258302682
0.349201627446
0.349126067619
0.349050515967
0.348993857595
0.348956087901
0.348842791084
0.348767270093
0.348691757278
0.348616252639
0.348540756176
0.348465267889
0.348370919028
0.348295449137
0.348238852084
0.348163396502
0.348069088521
0.347974793315
0.347899366348
0.347805094137
0.347729685567
0.347635436351
0.347560046176
0.347503508911
0.347446976244
0.347409290355
0.347333924709
0.347277405839
0.347202054501
0.347070209843
0.346994880989
0.346900731419
0.34682542096
0.346750118678
0.346656002323
0.346599538642
0.346524260888
0.346467807938
0.346392544492
0.346279664653
0.346204421647
0.346129186817
0.346016349902
0.345884730085
0.34579073126
0.345734338097
0.345659154368
0.345602771936
0.345508811436
0.345414863712
0.345358501209
0.345302143305
0.345227006588
0.345133097188
0.345076757681
0.345001645491
0.344926541478
0.344851445641
0.344757587341
0.344701278494
0.344569909068
0.344513615551
0.344438564682
0.344363521988
0.344288487471
0.34421346113
0.344119689701
0.344025931047
0.343969681987
0.343875943773
0.343800962401
0.343707247182
0.343613544738
0.343557329404
0.343426178176
0.34335124586
0.343295051988
0.343238862715
0.343163950838
0.343089047137
0.342995429009
0.342957985335
0.342808231589
0.342695937358
0.342639797141
0.342564950673
0.342508821187
0.342415282264
0.342321756116
0.34226564656
0.342134742146
0.342041254323
0.341966473263
0.341891700379
0.341798245771
0.341742179139
0.341648744971
0.341555323579
0.341499276875
0.341424555091
0.341349841483
0.341275136052
0.341200438796
0.341088408242
0.3409950635
0.340939062787
0.340864402323
0.340771088241
0.340659128206
0.340565842229
0.340509876775
0.340472569027
0.340360658048
0.340286060948
0.340211472025
0.340118247368
0.340006394643
0.33993183638
0.339838650049
0.339745476492
0.339652315711
0.339596425374
0.339540539636
0.339428781958
0.339354287059
0.339261179932
0.339205321789
0.339130851418
0.339056389223
0.338981935204
0.338870269506
0.338795835927
0.338721410524
0.338646993298
0.338553983262
0.338479584431
0.338423790674
0.338330811298
0.338256436996
0.338163480615
0.338089124709
0.338033363144
0.337940437424
0.337866106046
0.337736045807
0.337624585532
0.337550288901
0.337476000447
0.337383151377
0.337327448067
0.337234619437
0.337178928391
0.337123241944
0.337049000502
0.336937653669
0.336900542146
0.336844878694
0.336733565587
0.336640818718
0.336529539337
0.336473906545
0.336399736643
0.336325574918
0.336288497121
0.336214347659
0.336158740929
0.336103138797
0.336047541264
0.33595488893
0.335843723503
0.335788147432
0.335714053159
0.335621446815
0.335547370937
0.335491819395
0.335399243711
0.335362217014
0.335288169753
0.335195622685
0.33512159382
0.335047573131
0.334992062979
0.334899556281
0.33482556012
0.334751572135
0.334696086511
0.334640605487
0.334603620693
0.334529657236
0.334474190009
0.33440024086
0.334307815921
0.334233885169
0.33417844247
0.33412300437
0.334030617756
0.33397519192
0.333882825747
0.333790472349
0.333735066442
0.333679665134
0.333605803878
0.333550413301
0.333458105893
0.333384269164
0.333273529402
0.333162808036
0.333070554283
0.332996760479
0.332904529721
0.332812311738
0.33273854655
0.332664789538
0.332591040702
0.332480432778
0.332425135715
0.332388273561
0.332314555385
0.332222419162
0.332093449913
0.332019764441
0.331927669099
0.331798758615
0.331743518273
0.331669871637
0.331596233178
0.331522602894
0.331430576537
0.331320161772
0.331209765403
0.331117782481
0.331044205342
0.330970636379
0.330915465022
0.33082352298
0.330749978545
0.330676442286
0.330621295457
0.330511015596
0.330455882565
0.33038237901
0.330272139007
0.330235396428
0.330161917401
0.33008844655
0.330033348777
0.329959892234
0.329886443867
0.329794644906
0.329739571662
0.329666147823
0.329556028928
0.329500975613
0.329409230307
0.32933584326
0.32926246439
0.329189093695
0.329115731177
0.329060714653
0.328969030668
0.328859026748
0.328749041225
0.328657400674
0.328547448877
0.328455836432
0.328364236762
0.328327600471
0.328236018685
0.328181075746
0.328089514401
0.32805289344
0.32797965765
0.327906430036
0.327833210599
0.327759999337
0.327705096256
0.327631899302
0.327577006952
0.327503824306
0.327430649837
0.327320903462
0.327247749432
0.327138033718
0.327064900128
0.326973494639
0.326900379446
0.326845548416
0.326735900154
0.326662811532
0.326608000432
0.326534926119
0.326461859981
0.32638880202
0.326315752235
0.326224451501
0.326151420112
0.326096651935
0.326005381861
0.325895874636
0.325841127922
0.325768139457
0.325713403473
0.325622187055
0.325567463336
0.325494505531
0.325403319772
0.325275682705
0.325220988113
0.325148069144
0.325075158352
0.325020480623
0.324947584138
0.324838254741
0.324765378697
0.324637865292
0.324565011732
0.324510376927
0.324437537675
0.324328294637
0.324219069485
0.324164463807
0.324073464564
0.324018871151
0.323927892348
0.323873311198
0.323745973068
0.323709595344
0.323636846028
0.32354592088
0.323491371924
0.323418647136
0.323345930524
0.323273222088
0.323164174764
0.323091486768
0.323018806949
0.322927968671
0.322891636938
0.322818979602
0.32272816943
0.32265553049
0.322564743313
0.322510277139
0.322437662728
0.322383207285
0.32232875644
0.322292458433
0.322219868549
0.322110999054
0.322074713311
0.322020288528
0.321929590776
0.321857041773
0.321766367016
0.321639443819
0.32156692752
0.321512545661
0.32142191945
0.321349427679
0.321258824463
0.321168234022
0.321077656356
0.320987091465
0.32091464875
0.320824106854
0.320769787848
0.320679266392
0.320624959651
0.320552557816
0.320498261806
0.320389683582
0.320317308319
0.320226850739
0.320154493872
0.319991720816
0.319919390522
0.319828989151
0.31972052437
0.319648224736
0.319557861691
0.319485580452
0.319431374889
0.319377173925
0.319304913127
0.319232660505
0.319142356225
0.319070121999
0.318997895949
0.318943731777
0.31883541723
0.318799316469
0.31872712108
0.318654933866
0.318582754828
0.318510583966
0.318420381887
0.318348229421
0.318276085131
0.31822198228
0.318167884027
0.318041672656
0.317969563114
0.317897461749
0.317861414132
0.317717244105
0.317645171356
0.317537077562
0.317465025253
0.31739298112
0.317338953385
0.31726692356
0.317176897776
0.317104886347
0.317032883094
0.31697888602
0.316942890525
0.316870905668
0.316816922391
0.316744951842
0.316690979296
0.316601035272
0.316529089251
0.316457151407
0.31634925997
0.316295321149
0.316187457306
0.31607961237
0.316025696546
0.315953815933
0.315899910839
0.315810079236
0.315756186406
0.315684336454
0.315612494677
0.315504747343
0.315432926006
0.31537906537
0.315289307862
0.315235459489
0.315163668813
0.315091886313
0.315038054803
0.314984227892
0.314912465832
0.314840711948
0.314751031091
0.314715162325
0.314643430925
0.31458963774
0.314446211732
0.314374510993
0.314320740803
0.314266975213
0.314231134041
0.314123622789
0.314069874062
0.314016129934
0.313962390405
0.313890744853
0.313819107477
0.313693761744
0.313622146852
0.313532639735
0.31346104324
0.313407351234
0.313353663827
0.313264195035
0.313156849348
0.313067408661
0.313013750382
0.312924330135
0.312834922664
0.312709773666
0.312638271195
0.312584649707
0.312477420528
0.312388076932
0.312334476906
0.31226301736
0.312191565989
0.312137982826
0.312066545763
0.311995116876
0.311923696166
0.311870135998
0.311780879272
0.311727331369
0.311655941318
0.311584559444
0.311513185745
0.311441820223
0.311370462876
0.311281277691
0.311245607193
0.31119210528
0.311102945645
0.311031627134
0.310978143617
0.310942490494
0.31087119038
0.310817720659
0.310728614679
0.310657339093
0.310603887769
0.310532626491
0.310425749904
0.310372318509
0.310283276404
0.310176442741
0.310123032808
0.310051826718
0.309927235734
0.309820463392
0.309749292561
0.30969591942
0.309624762386
0.309553613529
0.309446907105
0.309393560026
0.30932243774
0.309251323631
0.309233546381
0.309162442491
0.309091346778
0.308984718538
0.308895875723
0.308842576167
0.308771517246
0.3087004665
0.308629423931
0.308540632217
0.308451853278
0.308380839325
0.308309833548
0.308238835947
0.308167846522
0.308096865273
0.308061377715
0.308008150209
0.307919447921
0.307866232679
0.307813022037
0.307724347854
0.307653417705
0.307547037812
0.307476128103
0.307440676315
0.30736977887
0.307263448033
0.307174853055
0.307103986271
0.307050841548
0.306997701424
0.306926855079
0.306838308646
0.306785186919
0.30667895726
0.306608147708
0.306519647265
0.306448856109
0.306378073129
0.306307298324
0.306236531696
0.306183462091
0.306112709771
0.306024280868
0.305971229659
0.305918183048
0.305865141037
0.305794425509
0.305741394228
0.305653018981
0.305599999965
0.305546985547
0.305476306811
0.305405636252
0.305334973868
0.305281982446
0.30521133437
0.305087719911
0.305034749951
0.304964130491
0.304893519208
0.304805266601
0.304734673714
0.304681734414
0.304575870122
0.304505303806
0.304434745667
0.304364195704
0.304311288597
0.304223120305
0.304170225462
0.304117335218
0.304046822047
0.303888197306
0.303817710707
0.303747232284
0.30364152998
0.303553458778
0.303465400352
0.303412571429
0.303324533443
0.303289321825
0.303236508232
0.303113294399
0.303025299848
0.302972509249
0.302884535139
0.302796573803
0.302726213932
0.302673449395
0.302603103833
0.302532766446
0.302392116201
0.302321803343
0.302251498661
0.302198775515
0.302093343019
0.302023064909
0.301935228769
0.301864969055
0.301794717517
0.301742034229
0.30168935554
0.30163668145
0.301531347067
0.301478686774
0.301408480204
0.30133828181
0.30128563838
0.301232999549
0.301162821595
0.301075110651
0.300987412481
0.300899727087
0.300829587969
0.300724394623
0.300654275945
0.300601692302
0.300549113259
0.300479015021
0.300391403722
0.300303805198
0.300251252215
0.300216219449
0.300163674131
0.300111133413
0.300041086275
0.300006065773
0.299953538851
0.299901016529
0.29983099392
0.299778482328
0.299725975336
0.299655973678
0.299603477417
0.299533489556
0.299463509871
0.299411030472
0.299288596428
0.29923613236
0.299131218021
0.299043803457
0.298991360851
0.298903966728
0.298834060627
0.298746689499
0.298694272954
0.298624391381
0.298554517985
0.298484652764
0.298397332736
0.298327485912
0.298275106159
0.298205273642
0.298135449302
0.298083086412
0.297995825149
0.297926025337
0.297873680843
0.297803895339
0.297716674956
0.297664348859
0.29761202736
0.297559710461
0.297472525848
0.297402787356
0.297315626249
0.297263335411
0.297211049172
0.29714134134
0.29710649049
0.297001950204
0.2969322669
0.296880009788
0.296810340792
0.296740679972
0.296671027329
0.296583973022
0.296531746569
0.296462118454
0.296392498514
0.296322886751
0.296253283163
0.296148893112
0.296061915455
0.295992342528
0.295940168198
0.295853221712
0.295783673313
0.29571413309
0.295661983288
0.295540319835
0.295453431603
0.295366556147
0.295279693466
0.295227581989
0.295175475111
0.295106006428
0.295019182072
0.29496709359
0.294897649436
0.294828213457
0.294758785654
0.294689366027
0.294602602991
0.294550551302
0.294446462231
0.294394424338
0.294342391045
0.294273020474
0.294220997912
0.294168979948
0.294099629818
0.294012953652
0.293943621918
0.29387429836
0.293822311056
0.293753001806
0.293683700732
0.29357976445
0.293510483816
0.293458528706
0.293423894521
0.293354632283
0.29330269097
0.29323344304
0.293164203286
0.293077665091
0.293008443733
0.29295653308
0.29288732603
0.292835426108
0.292748936458
0.292679753936
0.29261057959
0.292558704197
0.292472255427
0.292403105609
0.292351248612
0.292299396213
0.292230266835
0.292143866611
0.292092032608
0.292040203205
0.291936558194
0.291867471741
0.291798393463
0.291729323362
0.291660261437
0.291591207687
0.291522162114
0.291487642394
0.291401352035
0.291332328945
0.291263314032
0.291211558213
0.291159806993
0.29109081252
0.291004580926
0.290952848101
0.290883878157
0.290832156063
0.290745962795
0.290677017889
0.290590847615
0.290521920594
0.29045300175
0.290384091081
0.290332413445
0.290280740408
0.2901946289
0.290142968127
0.290022444208
0.289936371025
0.289884733247
0.289815890031
0.289729847508
0.289678228126
0.289626613343
0.289557800787
0.289506196735
0.289403002429
0.289351412174
0.289299826518
0.289213860645
0.289110718461
0.289041967225
0.288990409164
0.288921672236
0.288852943484
0.288749865686
0.288681157374
0.288612457238
0.288560937501
0.288423574022
0.288337738455
0.288234752637
0.288131785215
0.288011679808
0.287925905561
0.287857295361
0.287754395392
0.28766865947
0.287600079931
0.287548650642
0.287497225952
0.287445805861
0.287308708102
0.287240171487
0.287171643048
0.287120252084
0.287051737953
0.286948982086
0.286897611051
0.286812003391
0.286743526052
0.286606595902
0.286521031166
0.286452588575
0.28638415416
0.286332833714
0.286213103893
0.286161798778
0.286110498261
0.286042104726
0.285956624306
0.285888249167
0.285819882204
0.285751523418
0.285649002101
0.28552941536
0.285478171565
0.285426932369
0.285358620594
0.285324467773
0.285239094663
0.285170805373
0.285119593771
0.285068386767
0.285017184363
0.284948921645
0.284914793352
0.284846542898
0.284727124277
0.284641841103
0.284573623353
0.284505413779
0.284437212381
0.284386066698
0.284317879608
0.284232657244
0.28416448855
0.284062250839
0.283960031525
0.283891895535
0.283840798908
0.283789706881
0.283704563721
0.283636458392
0.283568361238
0.283483251294
0.283398154636
0.283313070241
0.283262025737
0.283176961783
0.283108919817
0.283040886028
0.282972860415
0.282921846571
0.282870837325
0.282785832136
0.282734835155
0.282666846334
0.282615860084
0.282564878432
0.28251390138
0.282462928927
0.28239497281
0.282344011088
0.282293053965
0.282208135646
0.282123230103
0.282055314866
0.281987407805
0.28191950892
0.281885562544
0.281817675923
0.281766766324
0.281647995142
0.281580137137
0.281512287309
0.281393569783
0.281359655088
0.281291831832
0.281224016752
0.281139259399
0.281071462715
0.280969784551
0.280918951601
0.280868123251
0.280800359271
0.280732603467
0.280681791979
0.28063098509
0.280563249726
0.280478592019
0.280410875051
0.280326240338
0.280309314929
0.280207773203
0.280140088939
0.280072412852
0.279970915072
0.27992017257
0.279818701362
0.279767972657
0.279700341537
0.279649623563
0.279582006751
0.279531299508
0.279463697005
0.279413000493
0.279345412297
0.279277832278
0.279210260434
0.279142696767
0.279092029382
0.27900759396
0.278923171314
0.278872523858
0.278821881001
0.278771242743
0.278669980024
0.278585608989
0.27851812095
0.278433772399
0.2783831694
0.278332571
0.278281977199
0.278214525953
0.278163942883
0.278079647987
0.278029077181
0.277978510975
0.27791109652
0.277843690241
0.27775944389
0.277692056008
0.277641520461
0.277574146886
0.277473101855
0.277422586237
0.277372075219
0.277271066979
0.277203738373
0.277136417942
0.277069105688
0.277018626863
0.276984976868
0.276900860822
0.276850397327
0.276766301722
0.276699034436
0.276648589336
0.276547712935
0.276480472221
0.276413239683
0.276362820645
0.276278799135
0.276228392361
0.276161190483
0.276060402996
0.275993221559
0.275942840846
0.275892464732
0.275808514762
0.275741363985
0.275691006267
0.27565743701
0.275590304628
0.275523180423
0.275456064393
0.275372180854
0.275288310089
0.275221222676
0.275154143438
0.275070305889
0.275020009492
0.274952954782
0.274852388048
0.274785353779
0.274684817705
0.274634556567
0.27456754887
0.274500549349
0.274450305073
0.274400065397
0.27434983032
0.274299599842
0.274266115411
0.274182413277
0.274115460768
0.27408198758
0.273981580279
0.273931383527
0.273847733004
0.273797548516
0.273697193337
0.273647022646
0.273596856554
0.273479820224
0.273429669462
0.273396238176
0.273346095079
0.273279244771
0.273245822682
0.273162276404
0.273112154769
0.273028628931
0.272978519561
0.272928414789
0.272861615581
0.272794824548
0.272728041692
0.272644574619
0.272577810159
0.27252774218
0.272477678799
0.272394250051
0.272344198935
0.272277471267
0.272210751775
0.272144040459
0.272077337319
0.272010642355
0.271943955567
0.271893945842
0.271827273362
0.27174394426
0.271677290176
0.27157732438
0.271527348381
0.271477376981
0.271410755601
0.271344142398
0.27127753737
0.271210940519
0.271144351843
0.271094415702
0.270961275143
0.270911355865
0.270844803982
0.270811531106
0.270744991487
0.270695092138
0.270645197388
0.270562049692
0.270545421685
0.27047891477
0.270429039949
0.270395792624
0.270296062911
0.270246204954
0.270196351595
0.270113272884
0.270030206947
0.269963763396
0.269897328022
0.269830900823
0.269731275355
0.269648268184
0.269565273788
0.269498887469
0.269432509327
0.269332957443
0.269283188399
0.269200250214
0.269133908863
0.269050993672
0.268984670718
0.268868625221
0.268818899102
0.268752604764
0.268686318602
0.268636609345
0.268570337491
0.268504073813
0.26845438142
0.268371570985
0.268288773325
0.268222544395
0.268172878063
0.268057008351
0.267974259236
0.267908069142
0.267825343022
0.267759171324
0.267693007802
0.267626852457
0.267577241313
0.267494566293
0.267378842728
0.267312726218
0.267246617885
0.267130947975
0.267064862125
0.266982266311
0.266899683272
0.266817113007
0.266767576981
0.2667015361
0.266635503394
0.266602490108
0.266536469667
0.266470457401
0.266420953568
0.266371454334
0.266305462509
0.26623947886
0.266173503387
0.266124027147
0.266058065982
0.266008600474
0.265975626024
0.265876714936
0.265827266291
0.265761341918
0.265645993939
0.265613041973
0.265580092051
0.265497726187
0.265431842695
0.265333033297
0.265250705759
0.265168390995
0.265102548383
0.265086089007
0.265020256615
0.264954432398
0.264839262759
0.264773461027
0.264658327669
0.264592548421
0.264510335858
0.26442813607
0.26437882233
0.264313077829
0.264230908702
0.264148752349
0.26409946467
0.264050181589
0.263984477969
0.26388593787
0.263836674718
0.263754579686
0.263688912858
0.263590427946
0.263524781559
0.263442735072
0.26336070136
0.263262277768
0.263213072871
0.263147473495
0.263081882296
0.263032694262
0.262934331991
0.262868767363
0.262819599258
0.262704891565
0.262639355554
0.262590208911
0.262508308059
0.262442796576
0.262393668329
0.26236091872
0.262295425632
0.262246311183
0.262197201332
0.262131728685
0.262066264214
0.262000807919
0.261951721063
0.261886279076
0.261820845265
0.261690002172
0.261624592889
0.261559192293
0.261493799363
0.261428414608
0.261346695162
0.261314010961
0.261264988491
0.261150620614
0.261085278784
0.261019945129
0.260970950254
0.260921959978
0.2608729743
0.260823993222
0.260791341725
0.260709721925
0.260644435282
0.260579156816
0.260497570231
0.260432310161
0.260383370474
0.260334435385
0.260269195755
0.260187657715
0.260138741023
0.260057223423
0.259975718598
0.259877929671
0.259796453463
0.259714989518
0.25964982756
0.259600961457
0.259552099953
