0.99945660861
0.998913364899
0.998370268868
0.997859254566
0.997380297467
0.996837618413
0.996390817139
0.995848408916
0.99552941334
0.995051015787
0.994636497578
0.994253942035
0.993839589901
0.993457187658
0.9930430016
0.992660752658
0.992246732675
0.991832799563
0.991450783638
0.991100667015
0.990750612224
0.990368804787
0.990018879279
0.98963721288
0.989255620064
0.988905891292
0.988556224351
0.988238398969
0.987857076474
0.987539363512
0.987221701651
0.986935849666
0.986554778073
0.986237274622
0.985888079847
0.985570683706
0.985253338666
0.984936044726
0.984618801886
0.984301610147
0.983952758254
0.983603968704
0.983318641007
0.983001658778
0.982716418463
0.982399533325
0.982146062006
0.981860945864
0.981575871114
0.981290837755
0.980974182567
0.980689236589
0.980309376071
0.980024526672
0.979708075885
0.979391676199
0.979075327613
0.978759030127
0.978569276163
0.978284679711
0.978000124649
0.977715610979
0.9774311387
0.977146707812
0.97679912627
0.976483196706
0.976262076415
0.975977815691
0.975693596358
0.975409418416
0.975156850549
0.97487275079
0.974588692423
0.974399343173
0.974146906122
0.973894501776
0.973610585978
0.973358251128
0.973105948982
0.97282214816
0.972632970607
0.97234923928
0.972097067951
0.971813414297
0.971498292116
0.971246231163
0.970994202914
0.970742207369
0.970490244529
0.970206825425
0.969954932081
0.96967159116
0.969388291631
0.969136504575
0.968884750223
0.968633028576
0.968381339632
0.968098228663
0.967846609215
0.967595022472
0.9673749109
0.967123385477
0.96690332756
0.966620432744
0.966463286842
0.966180456413
0.965929086335
0.965709164344
0.965457855586
0.965206579532
0.964955336182
0.964672726506
0.96439015822
0.964170411503
0.963919303058
0.96363684566
0.963417184791
0.963166174458
0.96291519683
0.962664251905
0.962413339685
0.96219381832
0.96194296742
0.96172349971
0.96147271013
0.961221953254
0.960939890861
0.960689203481
0.960407219271
0.960187926835
0.959937337568
0.959718098787
0.95946757084
0.959248385714
0.958997919088
0.958747485165
0.958465786094
0.958215421668
0.957996379623
0.957777362616
0.957527088127
0.957276846341
0.956995363424
0.956713921898
0.9564637864
0.956244944668
0.956026127975
0.955776082414
0.955526069557
0.955276089404
0.955026141956
0.954776227212
0.954526345171
0.954307725214
0.954089130295
0.953808116478
0.953558361166
0.953339852096
0.953121368065
0.95287170269
0.95268447512
0.952434866977
0.952185291538
0.951935748803
0.951748613214
0.951530311611
0.951312035047
0.951093783521
0.950844383867
0.950626185997
0.950408013166
0.950189865375
0.949971742622
0.949722490136
0.949504421039
0.949224083277
0.949006071412
0.948756945655
0.94847671827
0.948258792253
0.948009764608
0.947791892247
0.947542925922
0.947293992301
0.947045091385
0.946796223173
0.946547387665
0.946236389781
0.945987627857
0.945832168263
0.945614546292
0.945365866128
0.945117218669
0.94489967897
0.9447132363
0.944464674689
0.944216145782
0.944122955873
0.943936589853
0.943688130443
0.943439703736
0.943253405169
0.94303608009
0.942818780051
0.942570467809
0.942446323952
0.942229091876
0.942042912883
0.941794702841
0.941546525504
0.941329397161
0.941112293857
0.940895215593
0.940678162368
0.940461134181
0.940213132629
0.939996158098
0.939779208606
0.939562284153
0.939345384739
0.939159490885
0.938911661029
0.938694836733
0.938478037475
0.938230297555
0.938075476713
0.937889708566
0.937673002311
0.937425368679
0.937177767752
0.936930199529
0.936744544824
0.936527970919
0.936311422052
0.936094898225
0.935940253679
0.935692848976
0.935476396689
0.935259969441
0.935043567233
0.934858099554
0.934641743847
0.934425413178
0.934209107549
0.933992826959
0.933776571407
0.933560340895
0.93331325097
0.933158836375
0.932911800105
0.932695669749
0.932448694288
0.932263484155
0.932016565927
0.931800539304
0.931553682396
0.931337709429
0.931121761501
0.930905838612
0.930659100257
0.930474067952
0.930227386829
0.929980738409
0.92976494787
0.92954918237
0.929333441909
0.929148541442
0.928902036104
0.92868637076
0.928470730455
0.92825511519
0.928070322034
0.92791634179
0.927700790911
0.92748526507
0.927269764269
0.927085069226
0.926869614926
0.926654185665
0.926469551942
0.926223402261
0.926008048117
0.92582347878
0.925608171138
0.925392888534
0.92517763097
0.924962398445
0.924777933353
0.924532008512
0.924316851105
0.924040257455
0.923855884343
0.923702254135
0.923487193307
0.923272157518
0.923057146767
0.922872871768
0.92265790803
0.922412265262
0.922289456143
0.922074559857
0.921828994762
0.921614152131
0.92139933454
0.921153859381
0.920969774474
0.920755032
0.92050964269
0.920294953871
0.920049625881
0.919865651351
0.919620380593
0.919405795507
0.919191235461
0.918976700454
0.918792833233
0.91860898441
0.918394517365
0.918149443343
0.917935029955
0.917720641605
0.917506278294
0.917291940023
0.917108241433
0.916893949663
0.916710290932
0.916526650597
0.916343028658
0.916128826313
0.915914649007
0.915669905603
0.915455781952
0.915241683341
0.915027609768
0.914844138064
0.914660684756
0.914446679146
0.914293833327
0.914110435207
0.913927055483
0.913713135722
0.913499241
0.913285371317
0.913071526674
0.91291879583
0.912704994111
0.91249121743
0.912277465789
0.912033208859
0.911880564886
0.911666884785
0.911483750342
0.911270116742
0.911025994717
0.910812414772
0.910598859867
0.910385330001
0.910232823998
0.910049833657
0.909836368177
0.909653417695
0.909470485608
0.909287571918
0.909074195863
0.908891322031
0.908677992478
0.908464687963
0.908251408488
0.908038154052
0.907824924655
0.907611720297
0.907489900477
0.907307186078
0.907124490074
0.906941812467
0.906728711842
0.906546074093
0.90636345474
0.906211285999
0.906028700372
0.905785281485
0.905541895303
0.905328959221
0.905146462508
0.904933572928
0.904751116073
0.904599082747
0.904416659619
0.904203855886
0.904021472616
0.903839107742
0.903656761264
0.903444046957
0.903261740337
0.903049072532
0.902836429765
0.902623812037
0.902411219349
0.902198651699
0.901955747903
0.901743234419
0.901530745464
0.901318281548
0.901075496304
0.900863086043
0.900650700822
0.900438340639
0.900226005496
0.900044023873
0.899862060647
0.899649793466
0.899437551325
0.899285965126
0.89910407855
0.898891900795
0.898740360586
0.898558529198
0.898316115963
0.898104031211
0.897891971497
0.897710225958
0.897528498814
0.897316507064
0.897104540353
0.896892598681
0.896741227102
0.896559598071
0.896347720786
0.896166131613
0.895984560836
0.895803008455
0.895591220595
0.895379457773
0.895197966713
0.895016494048
0.894774559112
0.89456289287
0.894351251667
0.89420009471
0.894048950527
0.893837370133
0.89359559463
0.893414284464
0.893202779187
0.89302150888
0.892810050105
0.892628819655
0.892477808333
0.89229661161
0.892175824014
0.891964465396
0.891783320794
0.891572008677
0.891360721599
0.891119281312
0.890908047889
0.890757182202
0.890576160242
0.890395156677
0.890214171509
0.890003045396
0.889791944322
0.889641173171
0.889430115022
0.889279374531
0.889068359305
0.888857369119
0.888736814541
0.888555998003
0.888375199861
0.888164291946
0.887923284989
0.88771243073
0.887501601509
0.887320910678
0.887170349037
0.886959584203
0.88677894856
0.886598331313
0.886417732462
0.886207057053
0.88602649806
0.885845957463
0.885635350018
0.885424767611
0.885184132664
0.885063827454
0.884853313011
0.884642823607
0.884462424047
0.884282042882
0.884101680114
0.883921335742
0.883741009766
0.883530652712
0.883380413003
0.883170098872
0.882989849547
0.882809618617
0.882719510051
0.882539306715
0.882359121776
0.882148929264
0.881998807086
0.881788657498
0.881608549209
0.881428459316
0.881218377691
0.881038327656
0.880828292533
0.880648282356
0.880468290576
0.880288317191
0.880108362203
0.879898437967
0.879718522837
0.879538626102
0.87932876983
0.879118938596
0.878939103182
0.878759286164
0.878579487543
0.878399707317
0.878189986971
0.877980291664
0.877770621396
0.877560976167
0.877381300186
0.8772016426
0.876992065335
0.876812447608
0.876602916843
0.876453267342
0.876273704803
0.87609416066
0.875884715744
0.875705211459
0.875525725571
0.875346258078
0.875166808982
0.874927572136
0.874748165964
0.874538882014
0.874329623102
0.87415027825
0.873970951794
0.873761760846
0.873582474249
0.873403206047
0.873194083062
0.873014854719
0.872835644771
0.87262658975
0.87244741966
0.872268267967
0.87208913467
0.871910019769
0.871730923264
0.871551845155
0.87140262745
0.871223583067
0.87104455708
0.870895382811
0.870686560295
0.870477762819
0.870298813482
0.870119882542
0.869940969998
0.869732261947
0.86955338926
0.86937453497
0.869165894883
0.869016881578
0.868838082477
0.868659301771
0.868450747531
0.868331584922
0.868152856339
0.867974146151
0.867765674183
0.867557227254
0.867378578387
0.867170177959
0.86696180257
0.866753452221
0.866604645872
0.866396338447
0.866217809154
0.866039298257
0.865860805757
0.865712076059
0.865533617284
0.865325438631
0.865147019715
0.864998351337
0.864819966147
0.864671325875
0.864492974411
0.864344362243
0.864166044505
0.863987745163
0.863779752515
0.863631201668
0.863452957514
0.863274731757
0.863096524395
0.862948032313
0.862740164861
0.862562012687
0.86238387891
0.862176079932
0.861968305481
0.861790233024
0.861612178964
0.861345133898
0.861167125827
0.860959472995
0.860781504783
0.860603554966
0.860425623546
0.860277361415
0.860129112059
0.860010521772
0.859862295411
0.859684440641
0.859506604267
0.859299151748
0.859121355232
0.858913949214
0.858706568235
0.858558454295
0.85835111624
0.858173417837
0.85799573783
0.857818076218
0.857640433003
0.857433205836
0.857285201761
0.857107613734
0.856930044103
0.856722902784
0.856545373011
0.856367861635
0.85621994954
0.856042471889
0.855865012635
0.855658000088
0.855480580692
0.855332745248
0.855125797088
0.85494843288
0.854800643425
0.854593759652
0.854416450632
0.854239160008
0.854032344197
0.853855093432
0.853648324122
0.853500647089
0.853323451511
0.853175802583
0.852998640731
0.852821497276
0.852614853162
0.852467265554
0.85231969072
0.852142617783
0.851936055941
0.851700015924
0.851523007373
0.851316520648
0.851139551955
0.850933111731
0.850756182897
0.850579272459
0.850402380416
0.85022550677
0.85004865152
0.849871814666
0.849694996208
0.849547661546
0.849341414481
0.849164651211
0.848958450647
0.848781727235
0.848575573172
0.848398889619
0.848192782057
0.848016138362
0.847868949335
0.847692339366
0.847515747793
0.847309747542
0.847133195827
0.846956662508
0.846780147585
0.846603651059
0.846397761695
0.84619189737
0.846044866754
0.845897848913
0.845721444367
0.845574454631
0.84539808381
0.845221731386
0.845045397358
0.844869081726
0.844722166086
0.844604642771
0.844428373129
0.844222748465
0.844046518681
0.843899674581
0.843723478523
0.843547300862
0.843371141596
0.843253712306
0.843077583701
0.842960174851
0.842842774177
0.842637343182
0.842461278963
0.842255893958
0.842079869597
0.841903863633
0.841727876064
0.841610561238
0.84143460433
0.841258665817
0.84105342747
0.840818900019
0.840701648558
0.840525786696
0.84034994323
0.84017411816
0.839998311486
0.839822523208
0.839646753326
0.839441711715
0.839236695142
0.839060986581
0.838914576832
0.838768179858
0.838592520353
0.838416879244
0.838299795391
0.838124184942
0.837948592889
0.837773019232
0.837568206549
0.837392672751
0.837187906569
0.836983165427
0.836807692948
0.836632238866
0.836456803179
0.836252151463
0.836076755634
0.835930606497
0.835755244394
0.835609123362
0.835433794986
0.835258485006
0.835083193422
0.834907920234
0.834703458099
0.834557429047
0.83441141277
0.834265409268
0.834061025827
0.83388585995
0.833710712468
0.833535583383
0.833331289368
0.833156200141
0.83298112931
0.832776903257
0.832572702244
0.832397692734
0.832251865527
0.832076889743
0.831901932354
0.831697838651
0.831522921121
0.831348021987
0.831143996247
0.830969136971
0.83082343496
0.83064860941
0.830473802257
0.830328143681
0.830153370253
0.829978615221
0.829803878586
0.829570925021
0.829425345651
0.829221555994
0.829076007284
0.828930471349
0.828755845089
0.828581237226
0.828406647759
0.828202983298
0.828057524013
0.827912077503
0.827737558555
0.827563058002
0.827417654927
0.827272264628
0.827126887103
0.826952450937
0.826807101517
0.826632699077
0.826429252814
0.826283949384
0.826109602132
0.825906220256
0.825760962816
0.825586670753
0.825412397085
0.825209101056
0.825034867247
0.824860651833
0.824715486374
0.824541304687
0.824367141396
0.8241929965
0.824047889807
0.823873778638
0.823699685865
0.823554622606
0.823380563559
0.823206522908
0.823061503085
0.822887496161
0.822742504442
0.822539537499
0.822336595595
0.822191652422
0.822017737478
0.82184384093
0.821669962778
0.821496103021
0.821322261661
0.821148438697
0.82100360028
0.820829811042
0.8206560402
0.820511245218
0.820308553705
0.820134838051
0.819990089059
0.819874299064
0.819729573067
0.819555918733
0.819411220841
0.819237600234
0.819063998023
0.818919343566
0.818745775081
0.818572224992
0.8183986933
0.818254097608
0.818080599641
0.817878208598
0.817704750489
0.817502405946
0.817300086443
0.817155587842
0.816953311262
0.816779951266
0.816664388155
0.816491058819
0.816317747879
0.816144455335
0.815971181188
0.815797925436
0.815653559695
0.81548033767
0.815336000034
0.815191675174
0.815018502205
0.814845347631
0.814701066206
0.814556797556
0.814412541681
0.814239451494
0.814066379703
0.813893326308
0.813749129198
0.813576109529
0.813431940524
0.813230125891
0.81305716141
0.812913038396
0.812711287637
0.812538378345
0.812365487449
0.812192614948
0.811990953615
0.81187572981
0.811702909432
0.811558906503
0.811386119851
0.811184558674
0.810983022537
0.810810297205
0.81060880808
0.810407343483
0.810263455529
0.810090806848
0.809918176563
0.809745564673
0.80957297118
0.809429157322
0.809256598066
0.809084056695
0.80891153372
0.808739029142
0.808624036309
0.808451562391
0.808279106868
0.808077932009
0.807876782189
0.807704387987
0.807589468739
0.807388379728
0.807216037648
0.807043713964
0.806842693427
0.806641697419
0.806412018355
0.80623978052
0.806124965516
0.805981458259
0.805809266413
0.805637092964
0.805493629142
0.805350178095
0.805149368091
0.805005947705
0.804833860104
0.804633114486
0.804461066743
0.804260367627
0.804088359742
0.803916370254
0.803715739101
0.80354378947
0.803343204819
0.803171295046
0.80299940367
0.80282753069
0.802655676106
0.802541116603
0.802340657147
0.802168854685
0.801997070619
0.801853931283
0.801682180944
0.801510449
0.801367353099
0.801224269974
0.801052587086
0.800852313635
0.8007092765
0.800537648801
0.800337439735
0.80019444859
0.800022876079
0.799879913039
0.799708374254
0.799536853866
0.799393934261
0.799222447598
0.799079556098
0.798879529461
0.798708097986
0.798565252477
0.798393854729
0.798222475376
0.79805111442
0.79787977186
0.797708447696
0.797537141928
0.797337308449
0.79716604254
0.796994795026
0.796852102817
0.796680889029
0.796509693638
0.796281461732
0.796081785642
0.795939175193
0.795768059518
0.795568447814
0.795397371997
0.795226314576
0.795083780778
0.794941259755
0.794798751507
0.794627758472
0.794456783833
0.79431431902
0.794143378108
0.793972455591
0.793830034214
0.793659145423
0.793573707927
0.793431322319
0.793288949487
0.793089648983
0.79294730681
0.792776513067
0.792634198999
0.792491897707
0.792321153019
0.792121974134
0.79200816887
0.791837476305
0.791695246553
0.791524587713
0.791382386066
0.791211760953
0.791069587411
0.790898996024
0.790756850588
0.790586292927
0.790444175595
0.790330490928
0.790159979257
0.790017900251
0.789847422306
0.789676962757
0.789506521605
0.789364501364
0.789194093937
0.789052101801
0.788881728101
0.78873976407
0.788569424096
0.788399102518
0.788257181922
0.788115274101
0.787945001579
0.787774747454
0.787604511724
0.787462662668
0.787292460665
0.787150639714
0.787008831539
0.786838678592
0.786696898521
0.786498427885
0.786328330126
0.786129905991
0.786016532013
0.785846486376
0.785704795731
0.78553478382
0.785393121281
0.785223143096
0.785081508661
0.784911564203
0.784713319429
0.784571730985
0.784458469427
0.784316903978
0.784203660816
0.784062118362
0.783920588683
0.783750769931
0.783580969575
0.783467779558
0.783269716701
0.783128258562
0.782958525658
0.782817095624
0.782647396447
0.782449437324
0.78230805328
0.782138409291
0.781968783697
0.7817991765
0.781629587699
0.781488277751
0.781290465285
0.781120931672
0.780951416455
0.780838416531
0.780668931974
0.780499465814
0.780330018049
0.780132352241
0.779991177708
0.77985001595
0.779652410952
0.779483055167
0.779313717779
0.779144398787
0.778975098191
0.778834028414
0.778664761544
0.77849551307
0.778354486728
0.77818527198
0.778072472369
0.777903288281
0.77773412259
0.777536785867
0.777367660034
0.777198552597
0.777029463555
0.776888570074
0.776719514759
0.77655047784
0.776409627793
0.776268790522
0.776099802659
0.775958993493
0.775846355358
0.775677413485
0.775536642644
0.775367734497
0.77531143587
0.775170698244
0.775001829956
0.774861120435
0.774720423689
0.774551604457
0.774410935816
0.77424215031
0.7740733832
0.773960882014
0.773792145564
0.77362342751
0.773482843185
0.773314158857
0.773173602637
0.773033059192
0.77286442392
0.772695807045
0.772527208566
0.772386723886
0.772218159133
0.772077702558
0.771909171531
0.7717406589
0.771628327366
0.771431766856
0.771319457806
0.771151009561
0.770982579713
0.77081416826
0.770645775204
0.770477400544
0.77030904428
0.770168761445
0.770000438907
0.769832134765
0.769691895366
0.769495581669
0.769327332716
0.769187139307
0.769046958673
0.768934823364
0.76876663573
0.768598466493
0.768430315651
0.768262183206
0.768122086888
0.767953988168
0.767813919955
0.767673864517
0.767477808365
0.767309780164
0.767169770716
0.767029774043
0.766861794898
0.76666584248
0.766497903193
0.766301997276
0.766078136993
0.765910262093
0.765742405588
0.765602539221
0.765434716443
0.765266912061
0.765099126075
0.764987278971
0.764819523645
0.764651786715
0.764512019993
0.764344316789
0.764176631982
0.764036908695
0.763897198183
0.763757500446
0.763589880025
0.763422278
0.76325469437
0.763115055399
0.762975429202
0.762807894629
0.762668296538
0.762528711221
0.76238913868
0.762249578913
0.762110031922
0.761970497706
0.761803073509
0.76160776853
0.761468280304
0.761384593501
0.761245125715
0.761077781235
0.76091045515
0.760743147462
0.76057585817
0.76043646448
0.760269208914
0.760129843328
0.759962622
0.759823284519
0.759656096406
0.759488926688
0.759349632643
0.759238206605
0.759071082877
0.758903977546
0.758792584212
0.758597665551
0.758430612342
0.758263577529
0.758124395904
0.757985227054
0.757818241297
0.757679100553
0.757567797155
0.757373035882
0.757206117578
0.75703921767
0.756872336157
0.75667766431
0.756510822656
0.756427408727
0.756288395733
0.756149395514
0.755982612114
0.75581584711
0.755649100503
0.755537946317
0.755426800308
0.755287879294
0.755176751681
0.755010075592
0.754871192903
0.75476009595
0.754649007173
0.754482389338
0.754315789899
0.754204733826
0.754010405372
0.753871614664
0.753732836731
0.753566320074
0.753399821813
0.753261087315
0.75306688048
0.752928176642
0.752761748899
0.752595339553
0.752428948602
0.75229030353
0.752151671232
0.751985329338
0.75181900584
0.751680416977
0.751514127205
0.751347855829
0.751209310402
0.751098483258
0.750932257872
0.75079375077
0.750655256443
0.750516774891
0.750378306114
0.750239850112
0.750073719773
0.749990661502
0.749879924294
0.749713833813
0.749575439131
0.749409382376
0.749271015799
0.749104992771
0.748994320971
0.748800664996
0.74866235463
0.748496399053
0.748330461873
0.748164543088
0.748026291487
0.747860406429
0.74774982661
0.747583972212
0.747418136209
0.747307589095
0.747141783753
0.746948367438
0.746782601954
0.746616854866
0.746478746345
0.746368268727
0.746202567629
0.746036884928
0.745843611693
0.745705574713
0.745567550508
0.745429539077
0.745263942224
0.745098363767
0.744960395772
0.744822440552
0.744684498107
0.744546568437
0.744353488361
0.744188011083
0.744050127403
0.743912256498
0.743774398369
0.743608985476
0.743498720435
0.743305777818
0.743167975899
0.742975074674
0.742864856644
0.742727095605
0.742561799221
0.742424066287
0.742258803629
0.7421210988
0.741900797646
0.741735593242
0.741597936959
0.74146029345
0.741295138102
0.741157522699
0.74101992007
0.740882330217
0.740689725884
0.740607188835
0.740442128534
0.740277086629
0.74013956576
0.740002057667
0.739837064818
0.739644596412
0.739479643421
0.739342196648
0.739177277384
0.739039858716
0.738874973178
0.738737582615
0.738572730803
0.738407897387
0.738270550259
0.738105750569
0.737940969275
0.737803665583
0.737666374665
0.737529096523
0.737419283207
0.737254578564
0.737089892316
0.736952667829
0.736815456117
0.736733135222
0.73659594395
0.736431331286
0.736266737019
0.736102161148
0.735965028641
0.735855331834
0.735718222322
0.735553707772
0.735416626365
0.73525214554
0.735142501877
0.735005458796
0.734868428489
0.734731410958
0.734594406202
0.734430017358
0.734265646909
0.734128685588
0.733991737042
0.733882187404
0.733772645941
0.73363573061
0.733471449076
0.73333456185
0.733170314042
0.733033454922
0.732896608576
0.732759775006
0.732650317347
0.732486146701
0.732321993939
0.732157859574
0.73207579929
0.73193904237
0.731802298224
0.731665566854
0.731501506073
0.731364802808
0.731228112318
0.731064100593
0.730927438209
0.730790788599
0.730654151764
0.730544851494
0.730408237655
0.73027163659
0.730107732176
0.729971159216
0.729834599032
0.729670743673
0.729561516988
0.72939769229
0.729261185761
0.729097394789
0.728960916364
0.728797159119
0.728633420269
0.72849698528
0.728333280156
0.728169593429
0.728033201875
0.727896823096
0.727705914268
0.727596834751
0.727460496853
0.727324171729
0.727215120828
0.727051559807
0.726860761867
0.726697240704
0.72656098712
0.726451993452
0.726288518279
0.726152303021
0.725988861575
0.72587991083
0.725743733897
0.725607569739
0.725444189613
0.725335279749
0.725199153916
0.725063040858
0.724899722052
0.7247636371
0.724627564922
0.724464295172
0.7243282511
0.724192219803
0.72405620128
0.723920195533
0.723811400644
0.723648223386
0.723512255964
0.723321923035
0.723185986273
0.723050062286
0.722914151074
0.722778252638
0.722642366976
0.722506494089
0.722370633977
0.722261955086
0.722098952079
0.721935967469
0.721800161012
0.721637210638
0.721501432287
0.721338515129
0.721202764882
0.721012736
0.720904159309
0.720795590794
0.720632753352
0.720524205277
0.720388531681
0.720225740229
0.720062967173
0.719927337013
0.719818842082
0.719683234916
0.719547640526
0.71938494412
0.719222266111
0.719113824324
0.718978283589
0.718815651569
0.718653037946
0.718517540646
0.718409152004
0.718219492065
0.718084035645
0.717948592
0.71781316113
0.717677743035
0.717542337715
0.717434022657
0.717271565401
0.71710912654
0.716973774875
0.716757239295
0.716594858689
0.716486615171
0.716351322272
0.716161933675
0.715999620521
0.715864373611
0.715729139477
0.715593918118
0.715404629677
0.715242402372
0.715080193462
0.714918002948
0.71478285824
0.714647726306
0.714539629957
0.714431541784
0.714269424855
0.714053297565
0.713945246184
0.713810193456
0.713648147045
0.713486119541
0.713378111084
0.713243112522
0.713081130497
0.712892174719
0.712757221636
0.712622281328
0.712460369821
0.712325457618
0.712190558191
0.712055671538
0.71192079766
0.71175896587
0.711597152476
0.711408393944
0.711273581387
0.711084865269
0.710950083371
0.710815314249
0.710653608165
0.710518867148
0.710384138906
0.710222481878
0.710060843247
0.709899223012
0.709764553535
0.709602967025
0.709495252906
0.709333697057
0.709172159604
0.709010640547
0.708876055385
0.708741482999
0.708580012998
0.708418561394
0.708257128185
0.708122614564
0.707961215081
0.707799833995
0.707665363809
0.707557796858
0.707423349667
0.707262029901
0.70715449361
0.707020084744
0.706858810968
0.706697555588
0.706536318604
0.706348232041
0.706160170516
0.705998994852
0.705837837585
0.705676698713
0.705515578238
0.70530078262
0.705139705068
0.705059173191
0.704978645913
0.704871283363
0.704710254868
0.704576078508
0.70441508374
0.704280935485
0.704119974442
0.703985854292
0.703824926976
0.703690834931
0.703529941341
0.703395877401
0.703261826237
0.703127787847
0.702966958643
0.702832948359
0.70269895085
0.702564966115
0.702404201298
0.702270244669
0.702136300815
0.701975585053
0.701814887687
0.70170776633
0.701573876131
0.701493548144
0.701359678385
0.701199051538
0.701065209884
0.700931381006
0.700797564902
0.700663761574
0.70052997102
0.700396193242
0.700262428239
0.700128676011
0.699941444353
0.699780980004
0.699647273766
0.699513580303
0.699406634731
0.699326430917
0.699192768114
0.699032389614
0.69887202951
0.698791856356
0.698631523846
0.698497927473
0.698364343876
0.698257486196
0.698123925593
0.697963669733
0.697803432269
0.697669915102
0.697509711364
0.697376222302
0.697216052802
0.697055901186
0.696922455559
0.696789022707
0.696628920148
0.696495515401
0.696415478685
0.696282094378
0.696175396131
0.696068706059
0.695962024164
0.695855350445
0.69566869111
0.695535378343
0.695402078352
0.695268791135
0.69516217056
0.695055558161
0.69492230416
0.694789062934
0.694629190325
0.694495977204
0.694336138322
0.694202953306
0.69404314815
0.693909991239
0.693750219809
0.693590466775
0.693457353299
0.693350871717
0.693217781236
0.693084703531
0.6929516386
0.692818586445
0.692658940721
0.692552520459
0.692419506629
0.692339704463
0.692206711072
0.692047135867
0.691834397543
0.691754629103
0.691674865262
0.691488767518
0.691355855888
0.691222957033
0.691116647148
0.690983771288
0.690824337119
0.690744626933
0.690611786844
0.690452395599
0.690372706876
0.690213343225
0.690107111012
0.689921224312
0.689815014582
0.689682263918
0.689522979984
0.689390257425
0.689257547641
0.689124850632
0.688992166398
0.688859494939
0.688726836255
0.688594190346
0.688461557212
0.688302414315
0.688169809286
0.688010700115
0.687878123191
0.68777207085
0.687666026686
0.687533482977
0.687400952044
0.687268433886
0.687135928502
0.687003435894
0.686870956061
0.686711997124
0.686553056583
0.686394134439
0.686261713371
0.686102824952
0.685917478893
0.685785103815
0.685626270585
0.685493923612
0.685388055232
0.685229267992
0.685096959344
0.684991121624
0.684805925288
0.684673657521
0.684488504109
0.684329821113
0.684197599336
0.684038950066
0.683880319193
0.683748140851
0.683536682076
0.683404536949
0.68324597966
0.683087440767
0.68292892027
0.682796833908
0.682664760322
0.68253269951
0.682400651474
0.682268616212
0.682162997201
0.682004584015
0.681846189224
0.681714207618
0.681555846554
0.681450282731
0.681265565714
0.681107256772
0.680948966226
0.68081707149
0.68068518953
0.680553320344
0.680395094184
0.680289620297
0.680184154587
0.680052333946
0.679867806512
0.679736016531
0.679577885418
0.679472474896
0.679314374442
0.67920898436
0.679050914567
0.678919203792
0.678761167725
0.678629485055
0.678471482714
0.67836615804
0.678260841542
0.678129207417
0.677997586068
0.677892298186
0.677760699831
0.677629114252
0.677497541447
0.677365981418
0.677234434163
0.677102899684
0.676971377979
0.676813568797
0.676655778011
0.676498005621
0.676340251627
0.676208804018
0.676077369184
0.675919664246
0.675761977705
0.675630586306
0.675499207682
0.675367841833
0.675210219678
0.675078881934
0.674973820938
0.674842506189
0.674711204216
0.674579915017
0.674448638594
0.674343626653
0.674212373225
0.674081132572
0.673949904693
0.673792448103
0.67366124833
0.673503825465
0.673346420996
0.673267725661
0.673110348786
0.672926765683
0.672821872295
0.672716987083
0.672585892065
0.672481025249
0.672349953227
0.672192683663
0.672061639745
0.671930608603
0.671799590236
0.67169478474
0.67158998742
0.67143280677
0.671328029891
0.671197070288
0.671066123461
0.670909004132
0.67077808541
0.670647179463
0.670516286291
0.670411580952
0.670280710775
0.670176023832
0.670071345064
0.669940508103
0.669783520612
0.669652711755
0.669521915674
0.669391132368
0.66928651492
0.669155754609
0.668998859099
0.668841981984
0.668658981935
0.66855442172
0.668397596728
0.668266923287
0.668136262621
0.667979487196
0.667848854635
0.667718234849
0.667561507969
0.667457033603
0.667326452142
0.667195883457
0.667065327546
0.666934784411
0.66680425405
0.666673736465
0.666517132226
0.666386642745
0.666282260359
0.66612570211
0.665969162257
0.665864812575
0.665760471069
0.66560397414
0.665473574085
0.665343186805
0.6652128123
0.665108521895
0.664952101616
0.664821765436
0.664691442032
0.664561131402
0.664430833548
0.664300548468
0.664170276164
0.664066067519
0.663961867049
0.66383162796
0.663701401646
0.663545146932
0.663440987343
0.663284763289
0.663128557631
0.662972370369
0.662816201504
0.662660051034
0.662503918961
0.662347805283
0.662191710002
0.662061644653
0.66193159208
0.661827559219
0.661697529641
0.661593515176
0.661411509537
0.661307517556
0.661151544915
0.661021581767
0.660891631394
0.660761693796
0.660657752915
0.660527838313
0.660371957652
0.660242071154
0.660112197431
0.660008307651
0.659852488311
0.659722652913
0.659592830291
0.659463020443
0.659333223371
0.659203439073
0.65904771478
0.658917958587
0.658866059687
0.65876226802
0.658632539932
0.65850282462
0.658373122083
0.658243432321
0.658113755334
0.657984091122
0.657828510931
0.657672949136
0.657569251492
0.657439640936
0.657310043154
0.657206374127
0.657050885916
0.656895416101
0.656714057901
0.656558627944
0.656429117033
0.656299618897
0.656118342968
0.655988875492
0.655885310709
0.655781754102
0.655678205671
0.65554878163
0.655393489644
0.655264093708
0.655160586157
0.655005340161
0.654850112562
0.654694903358
0.65453971255
0.65441040093
0.654229386123
0.654151816014
0.654048396355
0.65391913328
0.65378988298
0.653660645454
0.653557264632
0.653505577287
0.653298848347
0.653169659367
0.652988816257
0.652833827806
0.652730512392
0.652575554601
0.652498082605
0.65236897283
0.652265694208
0.652136607428
0.652033347203
0.651904283418
0.651775232409
0.651646194174
0.651491365156
0.651388156031
0.651233357672
0.651130168987
0.651026988478
0.650923816144
0.650820651987
0.650717496006
0.650588562527
0.650459641823
0.650356514458
0.650227616749
0.65012450778
0.650021406987
0.64991831437
0.649737921963
0.64958331983
0.649428736093
0.649299930364
0.649222653059
0.649119623806
0.64901660273
0.648887837881
0.648759085808
0.64863034651
0.648527364269
0.648398647966
0.648269944438
0.648166990813
0.64803831028
0.647909642522
0.64778098754
0.647652345332
0.647523715899
0.647395099241
0.647292215113
0.64716362145
0.647009325918
0.646855048782
0.646726498555
0.646623667571
0.646520844763
0.64639232775
0.646263823513
0.646135332051
0.646006853363
0.645904079612
0.64577562392
0.645647181003
0.645518750861
0.645338970124
0.645184892278
0.645082183935
0.644979483768
0.644851120056
0.644748438284
0.644620097568
0.644517434192
0.644389116471
0.644235152068
0.644132519353
0.644004239956
0.643850321544
0.643696421527
0.643593831736
0.64343996238
0.643311751969
0.643157916338
0.643029734032
0.642927197386
0.642773407745
0.642645263765
0.642517132559
0.642389014128
0.642235288874
0.642107198548
0.641953507021
0.641774223489
0.641594964996
0.641466938546
0.64133892487
0.64121092397
0.641082935845
0.640980554543
0.640852589413
0.640673459692
0.640571111094
0.640443186844
0.640315275369
0.640187376669
0.640033915093
0.639906044498
0.639752616647
0.639650341633
0.639522509364
0.639420252746
0.63926688315
0.639139089205
0.639011308036
0.638883539641
0.638730234431
0.638602494142
0.638474766628
0.638372593814
0.638244889295
0.638091660735
0.637989518582
0.637810789488
0.637708669818
0.637529980071
0.637376837359
0.637274752438
0.637172675693
0.63704509126
0.636892006803
0.636789960718
0.636662414609
0.636534881276
0.636407360717
0.636279852934
0.636126860457
0.635999380779
0.635846422028
0.635667993403
0.635540559715
0.635438621962
0.635311211269
0.635209291913
0.635081904215
0.634954529292
0.634827167144
0.63467434943
0.634572481174
0.634445157351
0.634317846304
0.634190548031
0.634037806967
0.633935989812
0.633808729864
0.63365603479
0.633554248295
0.633477913788
0.633325258573
0.633198059946
0.633045438456
0.632918267934
0.632816540715
0.632714821671
0.632587684364
0.632460559832
0.632333448076
0.632206349094
0.632028431982
0.631875951529
0.631748898537
0.631621858321
0.631494830879
0.631393218124
0.631266213678
0.631113825205
0.630986848864
0.630834494118
0.630707545881
0.63058061042
0.630453687734
0.630352158784
0.630225259093
0.630072996327
0.629920751957
0.629793895701
0.629641685057
0.629540221515
0.629413403584
0.629286598428
0.629134449105
0.629007672054
0.628931611956
0.628804855346
0.628652764276
0.62855138045
0.6284500048
0.628297956655
0.628196601445
0.62806991893
0.627993915553
0.627867253478
0.627715275851
0.62756331662
0.62743669798
0.627259453858
0.627132865878
0.627006290673
0.626879728244
0.626702562304
0.626550725714
0.626424209275
0.62629770561
0.626196511877
0.626070031208
0.625943563313
0.625842398196
0.625741241255
0.625614806576
0.625488384672
0.625387256347
0.625260857438
0.625134471304
0.625033371595
0.624831196705
0.624704854006
0.624603789045
0.624477469341
0.624376422777
0.624275384388
0.624123842135
0.624022824186
0.623896563247
0.623745066985
0.623618834151
0.623517857083
0.623391647245
0.623265450181
0.623088796266
0.622937398116
0.62276079019
0.622634657003
0.62250853659
0.622331989474
0.622205899721
0.622054608881
0.621928547233
0.621777290119
0.621651256577
0.621550438941
0.621424428394
0.6212732326
0.621172445624
0.621021281001
0.620870134264
0.620744192702
0.620618263915
0.620492347903
0.620391624291
0.620165029125
0.620013986631
0.619913301856
0.619787457384
0.619686791005
0.619535806766
0.619435160827
0.6193093649
0.619183581749
0.619057811372
0.618932053771
0.618806308945
0.618680576893
0.61858000045
0.618454291394
0.618328595113
0.618202911607
0.618077240876
0.61795158292
0.617800810236
0.617700305333
0.617549563309
0.617423959009
0.617298367483
0.617172788732
0.617047222757
0.616921669556
0.616796129131
0.616645497483
0.616519985163
0.616394485617
0.616268998847
0.616193712917
0.616068246587
0.615967882721
0.61586752703
0.615742093915
0.615666840178
0.615516346501
0.615390949156
0.615265564587
0.615140192792
0.615039904554
0.614914555754
0.614789219729
0.614638833363
0.614563647078
0.614413288306
0.614288003381
0.61418778464
0.614087574074
0.613937273556
0.613812037177
0.613711857271
0.613611685542
0.613461443278
0.613361291989
0.613211080385
0.613085918101
0.612985797472
0.612885685018
0.612785580741
0.612660461893
0.612535355819
0.61241026252
0.612285181996
0.612160114248
0.612035059274
0.611885010169
0.611759983301
0.611659971004
0.611509967889
0.611409976032
0.611284997709
0.611160032161
0.61106006892
0.610935126367
0.610835181523
0.610685279586
0.610535396045
0.610460461174
0.610335579941
0.610185739324
0.610035917104
0.609936045844
0.609786254284
0.609661442036
0.609536642564
0.609411855866
0.609287081944
0.6091373701
0.609012624282
0.60888789124
0.608788114004
0.608688344945
0.608588584061
0.608488831353
0.608339217622
0.608214553565
0.608114831517
0.608015117646
0.60791541195
0.607815714431
0.607716025087
0.607591424905
0.607466837499
0.607342262867
0.60724261236
0.607118060723
0.607018428612
0.606893899971
0.606744482464
0.606619981927
0.606495494166
0.606346125716
0.606246556969
0.606122107533
0.606022557182
0.605923015007
0.605798598786
0.605699075007
0.605574681781
0.60545030133
0.605301061652
0.605176709306
0.605077236628
0.605002637484
0.604878315799
0.604803728919
0.604704286901
0.604530283042
0.604406009902
0.604306600588
0.604207199449
0.604082959524
0.603983576782
0.603834518509
0.603735156207
0.603610964827
0.603486786222
0.603362620392
0.603263296926
0.603139154091
0.603015024031
0.602915729181
0.602791622117
0.602667527827
0.602543446312
0.602444190298
0.602320131779
0.602196086034
0.602072053065
0.601923230365
0.6017992255
0.601650436526
0.601501665948
0.601377704519
0.601253755864
0.601154606139
0.60103068048
0.600931549151
0.600782867487
0.600658980153
0.600559879484
0.600411243811
0.600287394802
0.600163558568
0.600014971951
0.599891163822
0.599767368469
0.599668341384
0.599519816087
0.599420809442
0.599297062634
0.599123839075
0.599000122927
0.598851680412
0.598703256293
0.59857958358
0.598455923642
0.59835700489
0.598282821191
0.598183916747
0.598060297689
0.597936691406
0.597813097898
0.597664802552
0.597541237149
0.597442394025
0.597318851618
0.597170617592
0.597047103289
0.596923601762
0.596849506978
0.59672602589
0.596627250219
0.596503792126
0.596380346809
0.596281599754
0.596158177432
0.596034767885
0.595862015981
0.595738637094
0.595639943182
0.595516587291
0.595417911775
0.595319244436
0.595220585273
0.595097272816
0.594973973134
0.594875342587
0.594776720216
0.59465345375
0.594530200058
0.594382312492
0.594234443321
0.594086592547
0.593988035584
0.593889486797
0.593766312311
0.5936431506
0.593495373409
0.593372239804
0.59322449634
0.593101390839
0.592978298113
0.59287983313
0.592781376324
0.592682927693
0.592535270078
0.592412236117
0.592338421873
0.592264612228
0.592141606372
0.592043210886
0.591920228026
0.591772665456
0.591649710701
0.591551356095
0.591428424335
0.591280923086
0.59120717936
0.59108428337
0.590961400155
0.590863102781
0.590789385116
0.59069110205
0.590592827161
0.590469995046
0.590347175706
0.590224369142
0.590077018127
0.589929685509
0.589757820705
0.58963507546
0.589512342991
0.589414166214
0.589315997612
0.589217837187
0.589070611879
0.588972471894
0.58884980841
0.588727157701
0.588653573407
0.58855546817
0.588432848121
0.588236683126
0.588138612637
0.588016036024
0.587893472185
0.587770921121
0.587648382833
0.587525857319
0.587452348143
0.58732984307
0.587231848209
0.587109366131
0.587011389666
0.586913421378
0.586790972514
0.586668536426
0.586546113113
0.586423702575
0.586325783343
0.586227872287
0.586129969406
0.586007602303
0.585885247976
0.585787373711
0.585665042379
0.585493799975
0.585371499302
0.585249211405
0.585126936282
0.585029125382
0.584906873255
0.584760187565
0.584662407325
0.584540193523
0.584466871374
0.584344678012
0.584222497425
0.584149195204
0.584051466065
0.583929316138
0.583807178986
0.583685054609
0.583562943007
0.583489682178
0.583392008227
0.583269927796
0.583196685363
0.58309903594
0.583001394692
0.582854948151
0.582757327344
0.582635312833
0.582537710422
0.582366925876
0.582244952244
0.582147382537
0.582001043307
0.581854722473
0.581708420034
0.581635275714
0.58148900087
0.581342744422
0.58119650637
0.581099024555
0.580977183784
0.580855355788
0.580733540568
0.580611738122
0.580489948452
0.580392525913
0.580295111551
0.580173355095
0.580100307354
0.579978571339
0.579881191725
0.579759478704
0.579637778459
0.579540427461
0.579418750211
0.579297085736
0.579199763354
0.579078121874
0.578956493169
0.578810555586
0.578737593693
0.578616000759
0.578494420599
0.57834854127
0.578251298605
0.578154064115
0.578008227711
0.577935316407
0.577813807787
0.57771661009
0.577595124466
0.577473651616
0.577376482535
0.577303611089
0.577206456316
0.577060739486
0.576939322847
0.576793639743
0.576647975036
0.576526601832
0.576405241403
0.576283893749
0.576114028496
0.575968449636
0.575822889173
0.57575011584
0.575628837171
0.575507571278
0.575362069069
0.575265077816
0.57516809474
0.575022635455
0.574949912711
0.574828718358
0.574707536779
0.574610600715
0.574513672827
0.574416753114
0.574319841578
0.574198713655
0.574077598507
0.573956496134
0.573835406536
0.573738544056
0.573641689752
0.573520633369
0.573399589762
0.573326969729
0.573254354296
0.573157540872
0.573036535589
0.572915543082
0.57279456335
0.572697788762
0.57260102235
0.572504264114
0.572359142091
0.572238221124
0.572141493548
0.572020595576
0.571899710379
0.571827185393
0.571730492566
0.571609638029
0.571512963597
0.57136796728
0.571247151069
0.571126347632
0.57100555697
0.570908933639
0.570788165973
0.570715711505
0.570594964278
0.57045008447
0.570377651464
0.570281081277
0.570184519266
0.570087965431
0.569991419772
0.569846616614
0.569725961368
0.569557065997
0.569436441411
0.5693158296
0.569195230564
0.569074644303
0.568905845
0.568761179813
0.568640639542
0.56849600808
0.568399597326
0.568351395015
0.568254996525
0.568134509909
0.568038129815
0.567941757897
0.567797215349
0.567700863871
0.567556351984
0.567435939464
0.567291461303
0.567171076888
0.567026632453
0.566906276143
0.566810000294
0.566689666979
0.566569346439
0.566449038675
0.56630468622
0.566184406561
0.566040087832
0.565919836278
0.565799597498
0.565703415673
0.565583199889
0.565462996879
0.56536684367
0.565246663656
0.565102464502
0.565006341953
0.564886200264
0.564790096111
0.564669977417
0.56457389166
0.564429778354
0.564309697985
0.564189630392
0.564045566142
0.563925526654
0.563829504261
0.563709487768
0.563613483771
0.563493490272
0.563397504672
0.563253541601
0.56315757644
0.563061619456
0.562989657083
0.562869730015
0.562773797558
0.562629914204
0.562510025461
0.562390149493
0.5622702863
0.562174404944
0.562054564746
0.561958701786
0.561838884583
0.561743040019
0.561623245811
0.561503464379
0.561407648431
0.561287889993
0.561168144331
0.561072356999
0.560976577843
0.560832924439
0.560713227322
0.560569607645
0.560426006363
0.560306352681
0.560162785126
0.560043159549
0.559923546747
0.55980394672
0.559708275897
0.559588698865
0.559493046438
0.559421312483
0.559325674363
0.559182232514
0.559062711693
0.558967104234
0.558847606407
0.558728121356
0.558632542513
0.558513080457
0.558393631175
0.558250308901
0.558154770938
0.558035359982
0.557987599177
0.557892083698
0.557820452454
0.557653330771
0.55753397347
0.557414628944
0.557343028361
0.557199840991
0.557080532235
0.556985094429
0.556865808668
0.556746535683
0.556627275472
0.556484180083
0.556412639287
0.556293414846
0.556198044492
0.556078843047
0.556007328312
0.555911982486
0.555840478482
0.555721315361
0.555602165016
0.555506853938
0.555411551036
0.555292433907
0.555197149401
0.555078055266
0.554958973906
0.554839905321
0.554697039883
0.554577999403
0.554482776218
0.554363758733
0.554220956148
0.554101966768
0.553982990164
0.553864026335
0.553768864469
0.553697498436
0.553578565267
0.553459644873
0.553340737254
0.55322184241
0.553102960341
0.552984091047
0.552865234528
0.552770158511
0.55267509067
0.552556267366
0.552437456837
0.552271143559
0.55212860925
0.552009844712
0.551891092948
0.55177235396
0.551606141349
0.551487433021
0.551392475556
0.551273790223
0.551178851155
0.551083920262
0.551012727458
0.550941539253
0.550775451327
0.550656832424
0.550538226297
0.550419632944
0.550301052366
0.550182484563
0.550040220063
0.549969094712
0.549850562679
0.549755746251
0.549637237214
0.549542439182
0.549447649326
0.549329173503
0.549210710456
0.549092260184
0.54895013672
0.548831714553
0.548689624816
0.548571230754
0.548476524702
0.548405500529
0.548287137127
0.548216125218
0.548097782256
0.547979452069
0.547884797118
0.547766489926
0.547671853371
0.547553569174
0.547435297753
0.547340689814
0.547175145594
0.547033270477
0.546938697286
0.546844132271
0.546773213875
0.546702300079
0.546560486282
0.546442322171
0.54634780008
0.546253286165
0.546135155269
0.546017037149
0.545851693241
0.545757222251
0.54563914501
0.545544692415
0.54542663817
0.545332203971
0.545214172721
0.545119756918
0.545025349292
0.544883753182
0.544812962026
0.544694986986
0.544600616152
0.544506253493
0.544388311668
0.544293967406
0.54419963132
0.54408172271
0.543916672118
0.543845943815
0.543728074041
0.543633787011
0.543492371796
0.543374539836
0.543256720652
0.543138914242
0.543044678312
0.542926894898
0.542856230981
0.542738468007
0.542644266825
0.54255007382
0.54243234406
0.542338169451
0.542220462686
0.54214984476
0.541985087483
0.54189095171
0.541773293491
0.541655648047
0.541561540889
0.541443918441
0.541349829679
0.541255749094
0.541161676685
0.541067612452
0.540973556395
0.54083248764
0.540738452023
0.540597413928
0.540479896234
0.540385891277
0.540291894497
0.540197905892
0.540056938315
0.53996297015
0.539822033233
0.539704599855
0.539610662351
0.539516733022
0.539469771424
0.539352376371
0.539234994093
0.53911762459
0.539000267862
0.538882923909
0.538765592732
0.538695200157
0.538554428805
0.538460591457
0.538319850765
0.538202580907
0.538085323825
0.537991527357
0.537921185371
0.537803958949
0.537663304105
0.537569544429
0.537475792929
0.537358615052
0.537288314458
0.537194587486
0.537100868691
0.536983731694
0.536866607472
0.536772917292
0.536655816065
0.536515311456
0.536398238334
0.536281177988
0.536164130416
0.53604709562
0.53595347698
0.535836465179
0.535649272869
0.535555688977
0.535438720611
0.535345155116
0.535228209745
0.535111277149
0.534994357328
0.534900830669
0.534807312186
0.534667049792
0.534550178516
0.534433320015
0.534339842412
0.534246372985
0.5341295477
0.534012735189
0.533895935453
0.533802504863
0.533639021514
0.533545613408
0.533358821723
0.533218749422
0.533125378107
0.533032014969
0.532938660007
0.532845313221
0.532751974611
0.532658644177
0.532541992631
0.532425353861
0.532355376731
0.532332052043
0.532238758402
0.532098833269
0.531982243044
0.531888980062
0.531725789517
0.53163254902
0.531516009895
0.531399483546
0.531282969971
0.531189768309
0.53107327773
0.530980094465
0.530886919375
0.530723882642
0.530607443163
0.530514300777
0.530444449354
0.53037460253
0.530281480584
0.53016508965
0.530025437392
0.529932346107
0.529792725021
0.529676387742
0.529583327117
0.529490274668
0.529373970604
0.529280936551
0.529164655483
0.529048387189
0.528955381752
0.528862384492
0.528769395407
0.528653170549
0.528536958465
0.528443997997
0.528304572624
0.528211632595
0.528118700743
0.528002547425
0.527863180306
0.527770279114
0.527677386097
0.527584501257
0.527468406704
0.527352324926
0.527259468702
0.527143409919
0.527027363912
0.526934536304
0.526818513291
0.526702503054
0.526609704062
0.526493716819
0.526424130606
0.526308163804
0.526192209776
0.526122643492
0.52598352472
0.525890789093
0.525774881055
0.525705342365
0.525612631266
0.525496753889
0.525380889287
0.525218700306
0.525102866364
0.524987045198
0.524894397462
0.524732283599
0.524639658348
0.524547041272
0.524431281426
0.524315534354
0.524199800058
0.524107221819
0.524037793505
0.523875811991
0.523783262368
0.523690720921
0.52357505561
0.523459403074
0.523343763313
0.523205012463
0.523089400807
0.52299692068
0.52290444873
0.522788870289
0.522696416734
0.522627081934
0.522465318618
0.522326684276
0.522188068331
0.522049470781
0.521957082635
0.521864702664
0.521749239199
0.521610699904
0.521541437155
0.521402925453
0.521333676501
0.521218271801
0.521125957239
0.521010575534
0.520918279368
0.520802920658
0.520733711564
0.520618373295
0.5205030478
0.52038773508
0.520295494102
0.520180204378
0.520064927428
0.519972715066
0.519857461112
0.519742219933
0.519650036187
0.519534818003
0.519419612593
0.519327457464
0.519235310511
0.519120138316
0.519028009759
0.51891286056
0.518843777173
0.518728648414
0.51861353243
0.518498429221
0.518383338787
0.518199220665
0.518107173868
0.517992126869
0.517877092646
0.517762071197
0.517670063236
0.517601062631
0.517509068978
0.517417083502
0.517302113153
0.517210146073
0.517095198719
0.517003250035
0.516911309526
0.516819377194
0.516704473276
0.516589582133
0.516451729624
0.516359838172
0.516267954895
0.516153112298
0.516061247417
0.515946427815
0.51585458133
0.515739784723
0.515647956635
0.515556136723
0.515418422184
0.515303674122
0.515234831417
0.515143048297
0.515028330894
0.51493656617
0.514844809623
0.514753061251
0.514638387284
0.514546657308
0.514432006336
0.514340294756
0.514225666779
0.514111051577
0.514019368614
0.513950611757
0.513836027215
0.513721455959
0.513606896967
0.513515258972
0.513400722975
0.513286199754
0.513171689307
0.513057191636
0.512988499165
0.512874021933
0.512782449346
0.512690884935
0.5125993287
0.512484894904
0.512393357576
0.512278946775
0.512164548749
0.512073039526
0.511981538479
0.511890045609
0.511775691018
0.511638482372
0.511524155886
0.511432703895
0.511318400405
0.511181253079
0.511066978204
0.510952715594
0.510861314703
0.510792769401
0.510655692593
0.510541475973
0.510404432892
0.510290244377
0.510198902762
0.510084737242
0.509970584497
0.509879271499
0.509742317332
0.509628202912
0.509514101267
0.509400012397
0.5093087505
0.509217496778
0.509126251232
0.509035013862
0.508943784668
0.508852563651
0.508761350809
0.508670146144
0.50848776134
0.508373787446
0.508259826327
0.508123089847
0.508031942413
0.507918019619
0.507781329129
0.507690212356
0.507576327887
0.50748522951
0.507303057283
0.50709815262
0.506984334582
0.506893289349
0.506779494305
0.506665712036
0.506574695419
0.506483686979
0.506415436013
0.506347189647
0.506233455924
0.506074250173
0.505915069462
0.505801384283
0.50568771188
0.505574052252
0.505460405399
0.505369497115
0.505255873257
0.505142262174
0.505051382505
0.504937794417
0.504824219105
0.504687945592
0.504551690476
0.504460863952
0.504347342294
0.504233833412
0.504143035504
0.504052245772
0.503938770105
0.503825307212
0.503711857095
0.503598419753
0.503507679077
0.503416946577
0.503326222253
0.503190151098
0.503076772521
0.502963406719
0.502872723275
0.502759380469
0.502668715421
0.50257805855
0.502487409854
0.502396769335
0.502283480183
0.502170203807
0.502056940205
0.501966338522
0.501853097915
0.501762514628
0.501671939517
0.501558732126
0.501490813823
0.501377626872
0.501264452696
0.501173922553
0.501060771372
0.500992886795
0.50090238118
0.500789260659
0.500676152913
0.500585675914
0.500517823531
0.50042736084
0.500314293975
0.50022384968
0.500110805809
0.500020379911
0.499929962188
0.499816951533
0.499726552206
0.499613564546
0.499545778082
0.499455403283
0.499342446283
0.499161741655
0.499071401604
0.49898106973
0.498935906859
0.498823008624
0.498732699234
0.49864239802
0.498529533
0.49846182012
0.49834897554
0.498258709074
0.49814588749
0.49805563942
0.49794284083
0.497830055015
0.497694728901
0.497604521711
0.497469226257
0.497379039507
0.497266317568
0.497108528315
0.497018374269
0.496950764101
0.496838090707
0.496747961189
0.496680369417
0.496590254208
0.496477621694
0.49634247954
0.496274915361
0.496162318618
0.49607225042
0.495982190399
0.495847115698
0.495734567499
0.495644538138
0.495554516953
0.495464503944
0.495351999181
0.495239507192
0.495059546583
0.494924597588
0.494812154145
0.494722208588
0.49460978814
0.494519860979
0.494407463526
0.494295078848
0.494205180304
0.494092818621
0.493980469713
0.493890599785
0.493755810222
0.49368842234
0.493553660371
0.493441372784
0.493374006363
0.493284191623
0.493171934696
0.493059690543
0.492925014423
0.492835240563
0.492700595614
0.492588405117
0.492476227395
0.492386494415
0.492229481374
0.492139770878
0.492027644256
0.491937952157
0.491848268233
0.491736174826
0.491624094195
0.491556851948
0.491467202772
0.491399971256
0.491310336389
0.491220709697
0.491108687831
0.491019079536
0.490929479416
0.490862284692
0.490772698881
0.490660728115
0.4905711607
0.490503990504
0.490369663909
0.490235355711
0.49016820851
0.490078686063
0.489966794502
0.489899665698
0.489832541492
0.489743049705
0.489631196469
0.489519356008
0.489407528323
0.489295713412
0.489183911276
0.489072121915
0.48896034533
0.488803879572
0.48871448181
0.488602746104
0.488513366738
0.488423995547
0.488312293057
0.488178266932
0.488088926402
0.487999594047
0.487910269869
0.487843282101
0.487753972231
0.487642346391
0.487486091677
0.487396814511
0.487329862002
0.487218284708
0.48712903207
0.486995168443
0.486883629473
0.486816712224
0.486705193694
0.486615988068
0.486549089215
0.486459897897
0.486370714756
0.486303832765
0.486214663931
0.486147792672
0.486080926011
0.485991777618
0.4859026374
0.485813505359
0.485746661694
0.48565754396
0.485546158291
0.485457058954
0.48534569628
0.485212077934
0.485123009257
0.485011684908
0.484922634627
0.484833592522
0.484722301389
0.48461102303
0.484477505863
0.484388504638
0.484299511589
0.484188281776
0.484054822863
0.483965860474
0.483876906261
0.483765724993
0.4836545565
0.483565630903
0.483476713483
0.483365578205
0.48332112767
0.483232232734
0.483143345974
0.483076686269
0.482965596981
0.482854520468
0.48274345673
0.482632405768
0.482499161475
0.482410342167
0.482343733052
0.482254928052
0.482121735882
0.481921983652
0.481788837473
0.481700083573
0.481589152695
0.481456052506
0.481367329266
0.481278614202
0.481189907315
0.481101208603
0.480990346711
0.480879497594
0.480768661252
0.480680001377
0.480547026894
0.480458387458
0.480347599662
0.480281133116
0.480192518208
0.480059611177
0.47997101671
0.479882430419
0.479771709053
0.479683141158
0.479528167015
0.479417486528
0.479328951338
0.479240424323
0.479151905484
0.479063394821
0.47895276799
0.478864275723
0.478775791632
0.478665198016
0.478554617175
0.478466161701
0.478377714402
0.47828927528
0.478200844333
0.478112421562
0.478024006968
0.477913500222
0.477780908991
0.477714620274
0.477626242471
0.477515781716
0.477405333735
0.47729489853
0.477206559564
0.477096147354
0.476985747919
0.476897437569
0.476787061129
0.476698769175
0.476610485397
0.476500142172
0.476389811722
0.47630155656
0.476213309574
0.476125070764
0.476058897023
0.475948617673
0.475860403391
0.475772197285
0.475683999356
0.475573763441
0.47539741255
0.475287209851
0.475177019927
0.475088877185
0.474978710256
0.474868556102
0.474758414723
0.474670310818
0.474604238254
0.47453817029
0.474428067236
0.474362011535
0.474273944422
0.474185885485
0.474097834724
0.47398778277
0.473899750405
0.473767717188
0.473701707478
0.473613701685
0.473525704068
0.473459711221
0.473371727912
0.47328375278
0.473173795361
0.473085838625
0.472975904201
0.472865982553
0.472712113708
0.472624199895
0.472514319127
0.472404451134
0.472316565938
0.472228688917
0.472118854139
0.472030995515
0.471921183732
0.471811384725
0.471723554716
0.471657687576
0.471482064352
0.471394265004
0.471262581312
0.471152858954
0.471065090266
0.470977329754
0.470889577419
0.470757964245
0.470626369467
0.470494793086
0.470385160154
0.470297463006
0.470187853069
0.470100174317
0.470012503742
0.469946756176
0.469837187119
0.469727630837
0.469683811901
0.46961808733
0.469530461723
0.469442844292
0.469355235036
0.469267633957
0.469180041054
0.469048667029
0.468961094566
0.468873530279
0.468764086418
0.468654655331
0.46854523702
0.468479592165
0.468392072847
0.468304561704
0.468195184273
0.468107691526
0.467976467736
0.46786712863
0.467757802299
0.467626627565
0.467539187962
0.467429899957
0.467320624726
0.467233213739
0.467123961504
0.466992875684
0.466883651554
0.466774440198
0.466687080312
0.466556055813
0.466446882782
0.466337722527
0.466206747084
0.466097614934
0.465988495559
0.465857569172
0.465748477902
0.465595772097
0.465508522587
0.465443090821
0.465355855619
0.465246823114
0.465116000972
0.465006996572
0.464898005458
0.464810821357
0.464745438646
0.464658268853
0.464549318108
0.464462166711
0.464375023489
0.46426610596
0.464157201206
0.464070086601
0.463982980171
0.463917655715
0.463874108632
0.463787020599
0.463699940742
0.463656403879
0.463569336286
0.463438750227
0.463351703074
0.46324290563
0.463155876873
0.463047102424
0.462938340751
0.46285134061
0.462742601931
0.462655620187
0.462546904503
0.462459941154
0.462372985982
0.462286038985
0.462199100164
0.46211216952
0.462003517712
0.461894878679
0.461786252421
0.461721082798
0.461634197121
0.461547319621
0.4614170187
0.46133016164
0.461243312756
0.461134763148
0.46104793266
0.460982815159
0.460852593955
0.460722391147
0.460592206735
0.460527121428
0.460418656135
0.460310203618
0.460201763876
0.460093336908
0.459984922716
0.459876521299
0.459746456461
0.45965975679
0.459573065294
0.459464712422
0.459378039323
0.45916139541
0.459053091083
0.45896645682
0.458879830732
0.458793212821
0.458598352925
0.458490115029
0.458381889907
0.458295319008
0.458208756285
0.458100564378
0.458014020051
0.4579274839
0.457797695004
0.457711179293
0.457603046152
0.457494925786
0.457430059698
0.457343578736
0.45723548903
0.457127412099
0.457040959752
0.456954515581
0.456846471866
0.45671683627
0.456608820659
0.456500817824
0.456414424753
0.456306444913
0.456176885967
0.456090523557
0.456004169323
0.455960995271
0.455896238027
0.455788319507
0.455680413762
0.455615676447
0.455550943731
0.455464640597
0.455356773177
0.455248918532
0.455141076662
0.455076377672
0.454925431247
0.454817627702
0.454709836932
0.454623613515
0.454494293718
0.454364992318
0.454257255714
0.45417107522
0.454084902903
0.453977199004
0.453869507879
0.453740295393
0.453654163956
0.453568040694
0.453460398115
0.453352768311
0.453245151282
0.453137547028
0.453051472823
0.452965406794
0.452879348941
0.452771788122
0.452685748665
0.452599717384
0.452470685792
0.452363173519
0.45225567402
0.452126691485
0.452040713348
0.451976235111
0.451890271282
0.451782827994
0.451653912911
0.451567979742
0.45148205475
0.451396137933
0.451331705687
0.451245803178
0.451159908846
0.451095493462
0.450988144709
0.450880808731
0.450773485528
0.450687636164
0.450623254506
0.45053741945
0.450430137127
0.450344320467
0.450215610807
0.450129814587
0.450022580809
0.449893917139
0.449786711467
0.449700956127
0.449572338958
0.449465171611
0.449379446931
0.449315158787
0.449272302579
0.449165171002
0.449079474938
0.448993787051
0.448908107339
0.448822435804
0.448736772444
0.44867253029
0.448586881238
0.448501240363
0.448394200766
0.448308578287
0.448222963984
0.448137357856
0.448030361695
0.447923378308
0.447837800797
0.44770944986
0.447645281291
0.44758111732
0.447431419273
0.447345888774
0.447238987148
0.447174852304
0.447067971118
0.446961102707
0.446875617176
0.44676877176
0.446640574124
0.446533756813
0.446469672559
0.446341517847
0.446234736306
0.44612796754
0.446042561726
0.445935815955
0.445850428537
0.445765049294
0.445636995761
0.445551636959
0.445444949953
0.445359609547
0.445274277317
0.445188953263
0.445082309693
0.444997004034
0.444890383459
0.444805096197
0.444677180634
0.444591913812
0.444485341783
0.444378782528
0.444272236048
0.444144397135
0.444080484577
0.444016576619
0.443888774498
0.443803583305
0.443739695275
0.443654518389
0.44356934968
0.443505478513
0.443420324112
0.443335177886
0.443228756602
0.443101067924
0.442994674745
0.442909569399
0.442803199215
0.442675571857
0.442569229778
0.442484165313
0.442377846229
0.442335322173
0.442250280192
0.442143989213
0.442037711009
0.441931445581
0.441782695443
0.441697706606
0.441591482057
0.44152775346
0.441421549352
0.441357833019
0.441166711614
0.441081782053
0.441018090248
0.440954403042
0.440848267919
0.440742145571
0.440657256891
0.440572376386
0.440466287253
0.440381425145
0.440275359007
0.440211725457
0.440126887876
0.440020852399
0.439914829696
0.439830020732
0.439745219944
0.439660427332
0.439554448064
0.439448481572
0.439342527854
0.439257774078
0.439173028478
0.439067107976
0.438982380772
0.438897661745
0.438834127839
0.43874942312
0.438685899945
0.438601209534
0.438495358017
0.438410686001
0.438283693308
0.438199041732
0.438114398333
0.438008605581
0.437923980578
0.43783936375
0.437754755099
0.437649005783
0.437585562325
0.437479833448
0.437416402254
0.437289555196
0.437204999689
0.437099316803
0.437014779692
0.436930250757
0.436824601086
0.436740090547
0.436676713008
0.436592216777
0.436486607986
0.436402130151
0.436296544356
0.436190971335
0.436106522116
0.436022081073
0.435937648207
0.435853223516
0.435768807002
0.435705499981
0.435621097775
0.435515606514
0.43545231789
0.435367940211
0.435283570709
0.435220298948
0.435051596735
0.434967257893
0.434882927227
0.434777525392
0.434693213121
0.434608909027
0.434503540407
0.434356045801
0.434292841492
0.434187511197
0.434061131706
0.433955829517
0.433871596963
0.433787372585
0.433703156383
0.433618948358
0.433513699823
0.433450556834
0.43334532874
0.43324011342
0.433155950363
0.433050758038
0.432966613377
0.432903510246
0.432840411715
0.432756287493
0.432714228449
0.432609089779
0.43248294024
0.432377829675
0.432272731886
0.432188662853
0.432083588059
0.431978526041
0.431894485623
0.431810453382
0.431726429317
0.431663416634
0.431558405716
0.431453407572
0.431369418255
0.431285437114
0.43120146415
0.431117499361
0.431054531135
0.430949594311
0.430823686986
0.430760740222
0.430676818358
0.430571927525
0.430488024056
0.43042510182
0.430320241647
0.430173458867
0.430068629354
0.429984774942
0.429879968424
0.429817090645
0.429691348885
0.429586578137
0.429439920553
0.429356127461
0.429251397593
0.429146680501
0.429062916025
0.428979159725
0.428874475847
0.428769804745
0.428686077061
0.428623286664
0.428518646222
0.428434943066
0.428351248086
0.428267561283
0.428183882655
0.428079295868
0.427974721856
0.427891071845
0.427765612158
0.427619265773
0.427514747971
0.427410242945
0.427326648122
0.427243061474
0.427117696833
0.426971461336
0.426887909437
0.426804365714
0.426699947558
0.426616422231
0.42651202707
0.426428520139
0.426345021384
0.426282402683
0.426157179079
0.426031973871
0.425948513952
0.425844200551
0.425739899925
0.425635612075
0.425510483517
0.425427074698
0.425343674056
0.42523943475
0.42513520822
0.425051836193
0.424926793484
0.424822605278
0.424739263912
0.424635098702
0.424572605708
0.42448928887
0.424426806606
0.424364328942
0.424239387922
0.424176924055
0.424093646053
0.423989560048
0.423906300442
0.423802237432
0.423718996223
0.423614956208
0.423531733394
0.423448518756
0.423344511957
0.423261315715
0.423178127649
0.42309494776
0.423011776046
0.422928612508
0.422845457147
0.422720739435
0.422637604513
0.422554477768
0.422409025637
0.422325921376
0.422180508592
0.422118196493
0.422076657648
0.422014353214
0.42191052271
0.421827467504
0.421723659996
0.421640623187
0.421557594554
0.421495328444
0.421412314119
0.42132930797
0.421267058724
0.421121831434
0.420997368201
0.420914402932
0.42083144584
0.420748496923
0.420686290601
0.420603355992
0.420541160401
0.420458240101
0.420375327976
0.420230251432
0.420105920037
0.420023042661
0.419960889994
0.419878026925
0.419795172033
0.419670905025
0.419567363237
0.419443129955
0.419360317986
0.419256814524
0.419174020952
0.419091235556
0.419008458336
0.418904998308
0.418822239484
0.418718802452
0.418615378195
0.418532647987
0.418449925955
0.418346534913
0.418263831277
0.41816046323
0.41807777799
0.418036438436
0.417933098494
0.417850435739
0.417747118792
0.417664474432
0.417602496528
0.417519866477
0.41741659041
0.417333978755
0.417251375276
0.417168779972
0.41710683886
0.416982970433
0.416879760797
0.416776563936
0.416673379849
0.416611475529
0.416508311883
0.416425790164
0.416322649513
0.416219521637
0.416137028534
0.416033923653
0.415930831547
0.415827752216
0.415745297949
0.415642241613
0.415580413944
0.415497984205
0.415394958529
0.415291945629
0.41523014402
0.41514774903
0.415044766789
0.414962390195
0.414900613115
0.414838840633
0.414756484479
0.414674136501
0.414591796698
0.414509465072
0.414447721718
0.414406562037
0.414324248807
0.414241943753
0.414159646874
0.414056787785
0.413974509303
0.413830541633
0.413768848868
0.413666037814
0.413563239534
0.413481010108
0.41335768181
0.413254921856
0.41317272309
0.41306998613
0.413008350087
0.412926175849
0.412864550536
0.412761851902
0.412679702192
0.412597560659
0.412494895239
0.412392242595
0.412289602726
0.412186975632
0.412104883155
0.412043319162
0.411838139069
0.41175608134
0.411694543409
0.41159199041
0.411530464743
0.411448437673
0.41136641878
0.411284408064
0.411202405523
0.411099913844
0.411017929699
0.410915461016
0.410833495267
0.410751537694
0.410649102226
0.410567163049
0.410464750576
0.410341872471
0.410259963954
0.410198537932
0.410096171449
0.410014287461
0.409932411648
0.409871010155
0.40978914865
0.409666371724
0.409564071671
0.409461784393
0.40935950989
0.409298151321
0.409195897258
0.409114103206
0.408991427458
0.40888921172
0.408807448328
0.408725693112
0.40862351059
0.408562207209
0.408460045126
0.408378324659
0.408276185571
0.4081944835
0.408112789604
0.408051524548
0.40796984496
0.407888173548
0.407786095782
0.407724855253
0.40764320837
0.407541161263
0.407479939131
0.407377912975
0.40729630084
0.407173897967
0.40705151349
0.40699032815
0.406908754851
0.406827189728
0.406725244821
0.406623313201
0.406541776694
0.406439867557
0.406378728208
0.406256463305
0.40617496359
0.406073100444
0.405971250073
0.405869412477
0.405808316052
0.405726861305
0.405706498896
0.405604694515
0.405523260208
0.405421478822
0.405360416123
0.405299358022
0.405217954376
0.405116211315
0.405034826065
0.404973792492
0.404872080092
0.404770380467
0.404668693616
0.404587353334
0.404526353488
0.404445027513
0.404384038398
0.404302726732
0.404221423242
0.40416045099
0.404079161808
0.403997880802
0.403916607972
0.403835343318
0.40375408684
0.403672838538
0.403611907677
0.403530673683
0.403449447865
0.40334792709
0.403287020758
0.403205819468
0.403124626354
0.403002852014
0.402860806733
0.402759360054
0.402698498178
0.402597071939
0.402536222327
0.402455096666
0.402373979181
0.402292869871
0.402232043255
0.402130675781
0.402049590999
0.401968514394
0.401867180135
0.401806385712
0.401705071893
0.401624030036
0.401522739212
0.40146197085
0.401360700466
0.401259442857
0.401178445968
0.401097457255
0.400996232862
0.400915262545
0.400814061147
0.400733109226
0.400672400651
0.400591463038
0.400530765194
0.400449841889
0.400368926761
0.400288019808
0.400207121032
0.400146452315
0.400085788197
0.399964473758
0.399944256474
0.399863392445
0.399782536593
0.399701688917
0.399600640819
0.399519811539
0.399438990434
0.399337975552
0.399257172844
0.399176378311
0.399095591955
0.399014813775
0.398893662346
0.398812904606
0.398711968929
0.398631229585
0.398530316903
0.398469775425
0.398328529863
0.398227655506
0.398146965218
0.398025945117
0.397904943411
0.397824285828
0.39774363642
0.397662995189
0.397582362133
0.397521892707
0.39744127396
0.397360663389
0.397259911672
0.39715917273
0.397078590775
0.396977874828
0.396897311269
0.396796618318
0.396655669648
0.396575138793
0.396494616114
0.396414101611
0.396353721099
0.396232973873
0.396152485942
0.396072006187
0.396031769376
0.395971417991
0.395830615979
0.395750168928
0.395669730053
0.395569192957
0.395468668637
0.395388258378
0.39532795605
0.395247560099
0.395167172325
0.395086792726
0.395026513393
0.394966238659
0.3948858795
0.394805528518
0.394725185711
0.394664933972
0.394544444802
0.394464128568
0.39438382051
0.394283446934
0.394203157272
0.394122875786
0.394062670037
0.393942272336
0.393862017422
0.393821893031
0.393741650381
0.393661415907
0.393561134313
0.393440813262
0.393380659635
0.39328041381
0.393180180761
0.393079960486
0.39295971302
0.392879558262
0.392779376313
0.392659174837
0.392579050739
0.392498934818
0.392398801414
0.392318703888
0.39219857293
0.392098477851
0.392018410986
0.391938352297
0.391858301784
0.39175825014
0.391658211271
0.391578189374
0.3914781735
0.391418170108
0.391298177121
0.391218192016
0.391138215087
0.391078237756
0.391018265024
0.39091832069
0.390798404353
0.390718470349
0.39063854452
0.390538648732
0.390458741299
0.39039881609
0.390298950962
0.390199098609
0.390119225925
0.390039361416
0.389959505084
0.389859696166
0.389799816947
0.389719985143
0.389620206885
0.389580299159
0.389480538786
0.389400739686
0.389320948762
0.389221221604
0.389141449076
0.389061684724
0.389001866826
0.388902180548
0.388722777442
0.388643056014
0.388583270309
0.388503563189
0.388423864245
0.388344173478
0.388264490886
0.388164899144
0.388025492167
0.38794584228
0.387826382778
0.387786567033
0.387687036611
0.387567616968
0.387507914045
0.387428317301
0.387368625109
0.387269148343
0.387169684351
0.387090122356
0.387010568537
0.386911137761
0.386831602337
0.386771956136
0.386672556019
0.386593045124
0.386434047862
0.386334691181
0.386255215035
0.386175747064
0.386116151451
0.386036697788
0.385957252302
0.385857956941
0.38577852985
0.385679257484
0.385619700197
0.385560147508
0.385480751078
0.385401362823
0.385282295772
0.385202927957
0.385103729687
0.385024380268
0.384945039026
0.38486570596
0.384766551125
0.384667409064
0.384548455455
0.384469163269
0.384389879259
0.384310603425
0.38421152013
0.384132262692
0.384033202392
0.38395396335
0.383874732484
0.383795509794
0.38367669109
0.383617288636
0.383478700795
0.383399518985
0.383300553221
0.383201600231
0.383122447038
0.383063087508
0.382983948623
0.382904817913
0.38282569538
0.382726803711
0.382647699573
0.382548830899
0.382469745158
0.382390667592
0.382291832133
0.382212772964
0.382153483953
0.382074439092
0.38195588713
0.381876862709
0.381797846464
0.381718838395
0.381620090317
0.381521355015
0.381462119658
0.381383146338
0.381323921713
0.3812449627
0.381146275431
0.381047600938
0.380968670541
0.380889748321
0.380810834276
0.380692480072
0.380593864344
0.380475542333
0.380396671213
0.38029809381
0.380199529182
0.380120686677
0.380061560165
0.379982731968
0.379923616187
0.379785697248
0.37968719905
0.379628106264
0.379549323036
0.379431163524
0.379352400735
0.379273646124
0.379194899688
0.379116161428
0.379037431344
0.378958709436
0.378860318549
0.378781615037
0.378702919701
0.378584892028
0.378506217132
0.378427550412
0.378348891869
0.378270241501
0.37815228128
0.378073651352
0.377995029601
0.377896763909
0.377778861942
0.377680624355
0.377602043484
0.377523470789
0.377464546633
0.377346712118
0.377307438035
0.377228896
0.377169994839
0.377091467112
0.377012947561
0.376914809619
0.376816684453
0.376738193518
0.376659710759
0.376600854056
0.376522385605
0.37644392533
0.376345861484
0.376247810413
0.376149772117
0.376071350679
0.375992937416
0.375953733851
0.375875332852
0.37579694003
0.375718555383
0.375640178913
0.375542219822
0.375405098557
0.375326754791
0.375248419201
0.375111351591
0.375033038485
0.374974309021
0.374915584156
0.374817719601
0.374759007
0.374700298998
0.374602462548
0.374524202586
0.3744459508
0.37436770719
0.374289471756
0.374191688961
0.374093918941
0.373957062375
0.373859323016
0.373781140726
0.373722509374
0.373644341393
0.373566181587
0.373546642913
0.373468493328
0.373390351918
0.373312218685
0.37321456364
0.373155976746
0.37307786804
0.372980243656
0.372882632047
0.372824071213
0.372745997256
0.372667931475
0.37258987387
0.372472802792
0.372394765627
0.37227772572
0.37221921241
0.372141201817
0.372024201258
0.371887723855
0.371790255327
0.371692799573
0.371595356595
0.37153689694
0.371458957887
0.37138102701
0.37130310431
0.371225189785
0.371166759257
0.371088859041
0.371010967
0.370874675603
0.370796806046
0.370699480598
0.370621629438
0.370524326985
0.370465951645
0.370407580904
0.370329760404
0.370193594202
0.370115796186
0.37005745304
0.369921336916
0.369863009099
0.369765806292
0.369688053244
0.369629743823
0.369552005083
0.369454843156
0.369396552132
0.369299410644
0.369241131884
0.369182857723
0.36912458816
0.369046902565
0.368988643733
0.368891555901
0.368775067366
0.368716829997
0.368619777935
0.368542145483
0.368367502361
0.368289896482
0.368212298778
0.368154105866
0.368095917553
0.36801834029
0.367940771203
0.367843821341
0.36776627065
0.367708112997
0.367611193796
0.367533667633
0.367456149646
0.367359263659
0.367281764068
0.367204272654
0.367107419882
0.367049314352
0.36699121342
0.366913752665
0.366836300086
0.366739495861
0.366623347652
0.366584635671
0.366526571532
0.366468511991
0.36641045705
0.366352406707
0.366275013405
0.366178283274
0.36606222398
0.365984861338
0.365926844722
0.365849496387
0.365752822467
0.365656161322
0.365598170766
0.365482203453
0.365404902131
0.365327608985
0.365250324015
0.36517304722
0.365057147359
0.364941265894
0.364864021804
0.364786785891
0.364690252496
0.364613034978
0.364516524578
0.364400728961
0.364323542104
0.364207777147
0.364111320403
0.364034164205
0.363957016183
0.363860592654
0.363783463028
0.363725621175
0.36366778392
0.363590674735
0.363513573725
0.363455753334
0.363397937541
0.363340126348
0.363243784579
0.363185985649
0.363051139366
0.362974095589
0.362897059988
0.362820032562
0.362743013313
0.36266600224
0.362569749897
0.362512004622
0.36241577323
0.362300313341
0.362204109543
0.362127155702
0.362050210037
0.361992506154
0.361915574798
0.361838651617
0.361761736612
0.361704055724
0.361627155028
0.361473379696
0.361377285763
0.361300419814
0.361204348876
0.361108290713
0.361031453381
0.360935418213
0.360820192875
0.360666587706
0.360589797386
0.360513015242
0.360417049059
0.360340285311
0.360263529739
0.360167596772
0.360090859596
0.360033312079
0.359975769162
0.359918230844
0.35984152024
0.359745643483
0.35968812356
0.359592267243
0.359534759585
0.359458089861
0.359400592934
0.359343100606
0.359247290279
0.359170651215
0.359094020328
0.359017397616
0.358940783081
0.358864176721
0.358806727317
0.358691842306
0.358615262519
0.358538690908
0.358442987891
0.358404710262
0.35830902513
0.358232486223
0.358117693192
0.358060303575
0.357964664434
0.357869038068
0.357792546173
0.357735182617
0.357620469303
0.35754400398
0.357486660353
0.357429321326
0.357371986897
0.357295548147
0.357219117572
0.357142695173
0.357047178672
0.35697077467
0.356894378843
0.356817991193
0.35676070582
0.356684332478
0.356588877297
0.356512522351
0.356417090165
0.356359836986
0.356283506568
0.356207184325
0.35611179302
0.356035489174
0.355863835414
0.355806626692
0.355711289041
0.355635028119
0.355539713464
0.355463470938
0.355368179279
0.355291955149
0.355158582595
0.355101430594
0.35502523508
0.354949047743
0.354872868581
0.354796697595
0.354701495361
0.354663418044
0.354568233694
0.354530163532
0.354434997067
0.354358873094
0.354282757296
0.354244702463
0.354092503573
0.353940340452
0.353864269623
0.35378820697
0.353712152492
0.353655117
0.353560068066
0.353484038117
0.353389012178
0.353313000625
0.353236997248
0.353123007513
0.353047024576
0.352971049815
0.35289508323
0.352819124821
0.352724188308
0.352629264569
0.352572316458
0.35247741316
0.352401499719
0.352306619416
0.352230724371
0.352173808453
0.352097927717
0.352022055156
0.351965156101
0.351889297849
0.351794486531
0.351718646675
0.351623858352
0.351529082804
0.351491176162
0.351396418499
0.351320621567
0.351263779233
0.351187996609
0.351112222161
0.35097963655
0.350884947873
0.350828140798
0.350752405186
0.350695608843
0.350638817099
0.350563101927
0.350487394931
0.350411696111
0.350336005467
0.350260323
0.350165731413
0.350090067341
0.349976586563
0.349900942932
0.349825307476
0.34976858625
0.349692965103
0.349598450166
0.349522847414
0.349428355473
0.349352771117
0.349277194938
0.349220518169
0.349163845999
0.34908829026
0.349012742697
0.34891831974
0.348861672099
0.348767269582
0.348691756767
0.348616252128
0.348540755665
0.3485030105
0.348408656528
0.34833318255
0.348257716747
0.34818225912
0.348106809669
0.348012509353
0.347918221812
0.34786165542
0.347786240717
0.34771083419
0.34763543584
0.347541199399
0.347446975733
0.347390447666
0.347315084064
0.347239728637
0.347145545852
0.347089042312
0.346994879967
0.346919559289
0.346881902016
0.34676894246
0.34669364631
0.346618358336
0.346543078538
0.346505441705
0.346430174171
0.346354914813
0.34629847566
0.346242041106
0.346147993736
0.346053959141
0.345959937832
0.345903530872
0.345847128511
0.345790730749
0.345715540888
0.345640359202
0.345583978303
0.345490020358
0.345377287688
0.345283357849
0.345170659415
0.345114316842
0.345039200564
0.344945316715
0.344870218833
0.344757587341
0.3446825099
0.344626207185
0.344551144051
0.344476089094
0.344382281895
0.344250973279
0.344175951026
0.344119689701
0.344025931047
0.343950933322
0.343875943773
0.343800962401
0.343725989204
0.343651024183
0.343594805783
0.343501118669
0.343444912533
0.34335124586
0.343238862715
0.343182678041
0.343089047137
0.343014151613
0.342939264264
0.342883104118
0.342789514095
0.342733366213
0.34263979663
0.342564950162
0.342490111869
0.342433988516
0.342396575502
0.342321755605
0.342228242232
0.342153440732
0.342059950355
0.34200386226
0.341929085288
0.34181693516
0.341723490772
0.34164874446
0.341574006324
0.341499276364
0.34142455458
0.341331163848
0.341237786402
0.341144421219
0.341032401397
0.340957730713
0.340883068206
0.340808413874
0.340733767718
0.340659129739
0.34060315662
0.340491224178
0.340416612771
0.340342009539
0.340267414484
0.340174182162
0.340118248901
0.340043678374
0.339987755844
0.339913199625
0.339838651582
0.339689580023
0.339633686621
0.339559169237
0.33948466003
0.339428783491
0.339354288592
0.339223942192
0.339149469777
0.339037776996
0.338944713305
0.33887027155
0.338777230854
0.338721412568
0.338646995342
0.338535384832
0.338460988045
0.33836800356
0.338293625169
0.338200663678
0.338126303684
0.338033365188
0.337903272757
0.337828945466
0.337773205364
0.337698892382
0.337624587576
0.337550290945
0.337457431655
0.337383153421
0.337290317126
0.337216057288
0.337123243988
0.337030443463
0.336937655713
0.336844880738
0.336770669956
0.33669646735
0.336622272921
0.336529541381
0.336436822616
0.336362656803
0.336232886302
0.336177278039
0.336103140841
0.336010480842
0.335917833617
0.335843725036
0.335751100806
0.335695532401
0.335565890673
0.335491820928
0.335417759359
0.335362218547
0.335288171286
0.335214132201
0.335158608252
0.335103088903
0.33497356164
0.334899557303
0.334770069897
0.334696088044
0.334622114367
0.334548148867
0.334474191542
0.334363270884
0.334289334
0.334215405291
0.334104527558
0.334030619289
0.333956719197
0.33388282728
0.33380894354
0.333735067975
0.333642735017
0.333568877848
0.333439647477
0.333384270697
0.333328898517
0.333273530935
0.333236621769
0.333162809569
0.333052106598
0.332978314838
0.332867642528
0.332775429655
0.332701668555
0.332609478678
0.332535735974
0.332462001446
0.332351414984
0.332296128651
0.332203994984
0.332130297248
0.332075029312
0.331982926305
0.331927670632
0.331854003557
0.33176193121
0.331706693933
0.331669871637
0.331614642026
0.331541009699
0.331467385547
0.331375366855
0.331320161772
0.331264961288
0.331172970701
0.33108099289
0.330970636379
0.330897075592
0.330841910367
0.330731593714
0.330658059499
0.330584533459
0.330511015596
0.330419129765
0.330327256709
0.330235396428
0.330161917401
0.330125180953
0.33005171419
0.329978255603
0.329923167029
0.32984972275
0.329776286647
0.32970285872
0.32961108531
0.32959273216
0.329537675779
0.329482623996
0.329427576813
0.329280806808
0.329170750766
0.329097390292
0.329024037993
0.328969029135
0.328914024876
0.32882236133
0.32873071056
0.328657399141
0.328547447344
0.328474156366
0.328400873564
0.328309281559
0.328236017152
0.328181074213
0.328089512868
0.32801627299
0.327943041288
0.327869817762
0.327796602413
0.327741696266
0.327668495224
0.327613599808
0.327558708991
0.327467234516
0.327375772817
0.327284323892
0.327174602046
0.327119748021
0.327046616476
0.326955213541
0.326863823382
0.326772445998
0.326699353288
0.326589729554
0.326480124216
0.326388800487
0.326315750702
0.326242709093
0.326169675659
0.326133162009
0.326041886825
0.325968875876
0.325877623687
0.325786384273
0.325731646757
0.32567691384
0.325603943771
0.325530981878
0.325476265824
0.325421554369
0.325348612916
0.325257447598
0.325184524541
0.325129837614
0.325020478068
0.324947581583
0.324874693275
0.324801813142
0.324747158408
0.324674292584
0.324601434935
0.324546797064
0.324473953724
0.32440111856
0.324328291571
0.324237269333
0.324182662123
0.324128059511
0.324037065378
0.32398247503
0.323927889282
0.323873308132
0.323818731582
0.323745970002
0.323673216598
0.32360047137
0.323527734318
0.3234368245
0.323364105844
0.323309572218
0.32323686787
0.323145998933
0.323073312981
0.323000635205
0.322927965605
0.322873468771
0.322818976536
0.322728166364
0.322637368967
0.322582896661
0.322492120215
0.322401356033
0.322328753885
0.322256159914
0.322219865994
0.322129140649
0.322074711267
0.322002145911
0.321929588732
0.321857039729
0.321730098647
0.321657572128
0.321585053784
0.321512543617
0.321421917406
0.321349425635
0.321295062172
0.321222584709
0.321150115422
0.321077654312
0.321023313844
0.320968977975
0.320896537305
0.32082410481
0.320751680491
0.320679264348
0.320588755667
0.320534456591
0.320462064976
0.320371586956
0.320317306275
0.320244939189
0.320172580278
0.320082143138
0.320009802623
0.319955552603
0.319865146123
0.319774752417
0.319702446651
0.319612075941
0.31953978857
0.319467509376
0.319395238358
0.31934104046
0.31925072085
0.319142354181
0.319070119955
0.319015949651
0.318925676031
0.318835415186
0.318709072999
0.318618842814
0.318528625404
0.31843842077
0.31836626626
0.318294119926
0.318167883516
0.318113789862
0.318023643993
0.317951536495
0.317825369581
0.317753284568
0.317681207731
0.317645172378
0.317573107805
0.317501051407
0.317392982142
0.317320946184
0.317212907579
0.317158895174
0.317086885789
0.316996885555
0.316924894566
0.316852911753
0.316816923413
0.316744952864
0.316690980318
0.316619024077
0.316565062262
0.316493120329
0.316439169245
0.316349260992
0.316277343587
0.316187458328
0.31611555932
0.316061640429
0.316007726137
0.315917879204
0.315846010855
0.315756186917
0.315648415054
0.315576577366
0.315522704465
0.315432926517
0.315343161344
0.315271358404
0.315181616226
0.315109831682
0.31505599864
0.314948346351
0.314894527106
0.314768966751
0.314697229219
0.314625499863
0.314553778683
0.314482065679
0.314410360852
0.314356587596
0.314266975724
0.314195295424
0.3141236233
0.314051959353
0.313998216757
0.313926567118
0.313819107988
0.313729572766
0.313657953787
0.31356844156
0.313496840977
0.313425248569
0.313335769557
0.313246303321
0.3131389607
0.313085296288
0.312995865821
0.312924330646
0.312888566124
0.312834923175
0.312763406395
0.312691897792
0.312620397365
0.312531033329
0.312423813349
0.312352343582
0.312280881991
0.312209428576
0.31215584388
0.312102263784
0.311995117387
0.311905842777
0.311834432286
0.311780879783
0.311691635833
0.31162024987
0.311548872083
0.311513186256
0.311441820734
0.311370463387
0.311299114217
0.311174272842
0.311102946156
0.311049456506
0.310942492538
0.310871192424
0.310799900485
0.310728616723
0.310639523518
0.310550443088
0.310479187942
0.310372321064
0.310265472071
0.310176445296
0.310105233074
0.310034029028
0.309962833158
0.309891645464
0.30983826006
0.309767086674
0.309678131439
0.309606976449
0.309535829636
0.309482474891
0.309411342386
0.309357998372
0.309286880174
0.309215770153
0.309144668307
0.309055802498
0.308966949464
0.308931411827
0.308860342686
0.308735991362
0.308664944705
0.308593906224
0.308540632728
0.308469608555
0.308416345791
0.308309834059
0.308221088335
0.308150100954
0.308043635213
0.307954927814
0.307883971093
0.30779528669
0.30774208218
0.307688882268
0.307582496243
0.307529310129
0.307458402465
0.307369779381
0.307298890113
0.307245728527
0.307174853566
0.307103986782
0.307050842059
0.30694456641
0.306873726198
0.30678518743
0.306714365613
0.306643551973
0.306590447108
0.306501949731
0.306431160619
0.306324992281
0.306254223609
0.30620115247
0.30609502399
0.305971230681
0.305882822218
0.305812104646
0.30574139525
0.305688368569
0.305617673481
0.305529316119
0.305440971532
0.30537030506
0.305281983468
0.305193674651
0.305087720933
0.305017095342
0.304964131513
0.304911172284
0.304840567133
0.304769970157
0.304681735436
0.304593513489
0.30452294513
0.304452384946
0.304381832939
0.304311289108
0.304293654427
0.304223120816
0.3041349653
0.304064450085
0.303993943046
0.303923444182
0.303835332101
0.303764851634
0.303729614467
0.303659146264
0.303606300477
0.303535846582
0.303465400863
0.303359747615
0.303289322336
0.303201302235
0.303148496307
0.303078095556
0.30297250976
0.30288453565
0.302814165559
0.302761393357
0.302708625753
0.302655862749
0.302567934628
0.302532766957
0.302462437747
0.302392116712
0.302321803854
0.302286650491
0.302233924279
0.302181202666
0.30209334353
0.30202306542
0.301952795486
0.301829842775
0.301759595325
0.301689356051
0.30165423948
0.30158401247
0.301513793636
0.301443582978
0.301355831153
0.301268092103
0.301197910061
0.301145278896
0.301075111162
0.301004951604
0.300952337301
0.300864657017
0.30082958848
0.300776989507
0.300689334773
0.300584166465
0.30051406414
0.300391404744
0.300338844096
0.300268770387
0.300216220471
0.300163675153
0.300093621884
0.300006066795
0.299918524481
0.299866005224
0.299813490567
0.299760980509
0.299673473965
0.29962097617
0.299568482975
0.299481004536
0.299411030983
0.299358556184
0.29932357554
0.299236132871
0.299166187934
0.299096251173
0.299026322589
0.29895640218
0.298869013167
0.298781636928
0.29874669001
0.298676802305
0.298589454172
0.298519584863
0.298414796231
0.298344947362
0.29827510667
0.298205274153
0.298135449813
0.298048180885
0.29799582566
0.297943475035
0.297856234212
0.297786450752
0.297716675467
0.297646908359
0.297577149427
0.29748996226
0.297420221723
0.297350489363
0.29728076518
0.297228477407
0.297158767531
0.297089065831
0.297019372307
0.29696710753
0.296914847352
0.296845174268
0.296792924821
0.296688439723
0.296618793211
0.296531746569
0.296462118454
0.296409902733
0.29635769161
0.296288083935
0.296218484435
0.296131496559
0.296061915455
0.295992342528
0.295940168198
0.295887998467
0.295835833335
0.295783672802
0.295731516868
0.295661982777
0.295627218797
0.29555769697
0.295505560965
0.295436053446
0.295366554614
0.295262320929
0.295192842026
0.295123371299
0.29507127362
0.294967092057
0.294862929402
0.294793497511
0.294741428959
0.294654658258
0.294585250895
0.294515851708
0.294429114223
0.294377077863
0.294307703205
0.294255677576
0.294220996379
0.294186317226
0.294116965051
0.29401295263
0.293943620896
0.293891627461
0.293839638624
0.293787654387
0.293701024212
0.29363172927
0.293562442503
0.293510482794
0.293458527684
0.293371946054
0.293268064961
0.293181511436
0.293129585453
0.293043052368
0.292973835098
0.292904626004
0.292800827693
0.292731639039
0.292662458561
0.292575994462
0.29250683238
0.292437678474
0.292368532744
0.29228211208
0.29219570419
0.292126587077
0.292074754607
0.292005651802
0.291919284792
0.291867470719
0.291798392441
0.29172932234
0.291642996211
0.291573944506
0.291522161092
0.291453123695
0.291401351013
0.291349582929
0.291280565972
0.291211557191
0.291142556586
0.291073564157
0.291039071008
0.290970090843
0.290901118854
0.290832155041
0.290763199404
0.290711488042
0.290642546713
0.290573613561
0.290504688584
0.290435771783
0.290384089548
0.290315187055
0.290246292739
0.290142966594
0.29009131042
0.290022442675
0.289936369492
0.289867520143
0.289798678971
0.289729845975
0.289678226593
0.289609407904
0.289575001626
0.289506195202
0.289437396954
0.289368606881
0.289299824985
0.289248243929
0.28917947634
0.289093528353
0.28900759314
0.288904487748
0.288818580641
0.288767042508
0.288698332152
0.288646804751
0.288578108703
0.288543763745
0.288475079961
0.288372069615
0.288320571341
0.288251914129
0.288148943642
0.28808030687
0.288028834657
0.287960212704
0.287891598417
0.287805842055
0.287737246164
0.287668658448
0.287600078909
0.287531507545
0.287462944358
0.28742866583
0.287377251871
0.28730870708
0.2872230381
0.287154511704
0.287103122273
0.287017483442
0.286948981575
0.286846244104
0.286794882268
0.286692172391
0.286640824351
0.286572367452
0.286486807826
0.286384153138
0.286281516846
0.286213102871
0.286144697072
0.286042105237
0.285956624817
0.285888249678
0.285802792252
0.285751523929
0.285717347602
0.285666086943
0.285614830884
0.285546496626
0.285478170543
0.285409852637
0.285341542906
0.285290315974
0.28518787744
0.285085455768
0.285017184874
0.284948922156
0.284863605256
0.284795360934
0.284761241839
0.284675953044
0.284573623353
0.284505413779
0.284437212381
0.284369019159
0.284283789129
0.284198571875
0.284147447654
0.28407928918
0.28402817569
0.283960031525
0.283891895535
0.283840798908
0.283755648084
0.283653483957
0.283568361238
0.283483251294
0.283415172536
0.283330085587
0.28327903955
0.28321098532
0.283142939267
0.283057893198
0.283006871689
0.282955854778
0.282870836814
0.282802831641
0.282734834644
0.282649849895
0.282564877921
0.28249690954
0.282394972299
0.282344010577
0.282293053454
0.282225117777
0.282174171385
0.282089270951
0.282055314355
0.282004383293
0.281936482364
0.281834646812
0.281783735679
0.281715861323
0.281647995142
0.281597100872
0.281546211201
0.281478365461
0.281393569783
0.28130878688
0.281240969755
0.281190112278
0.281122309461
0.281054514821
0.281003674206
0.280952838191
0.280902006774
0.280834238706
0.28078341802
0.280732601934
0.280630983557
0.280563248193
0.280495521005
0.28044473098
0.280343164726
0.280258540234
0.28020777167
0.280157007706
0.28010624834
0.280038576341
0.279970912517
0.279886344235
0.279767970102
0.279700338982
0.279632716039
0.279582004196
0.279514395561
0.27946369445
0.279379202818
0.27931161871
0.279244042779
0.279142694212
0.279075138721
0.279024477468
0.27892316927
0.278872521814
0.278804999027
0.278737484415
0.27866997798
0.278619353519
0.278518118906
0.278467508242
0.278433770355
0.278332568956
0.278281975155
0.278214523909
0.278163940839
0.278113362368
0.278062788497
0.277995363822
0.277944800681
0.27789424214
0.277809988124
0.277742594109
0.277692053964
0.277641518417
0.277557303237
0.277489939883
0.277439422732
0.277355237702
0.277287898875
0.277220568225
0.277170075603
0.27710275926
0.27701862533
0.276917681476
0.276867216448
0.276799936898
0.276749482601
0.276682217359
0.276614960292
0.276564522858
0.276514090023
0.276446853397
0.276379624947
0.276329208975
0.276261994833
0.276194788867
0.276127591077
0.276093995248
0.276026809723
0.275959632373
0.275892463199
0.275825302201
0.275691004734
0.275607085424
0.275539959175
0.275405731203
0.275338629482
0.275271535936
0.275204450567
0.275137373374
0.275070304356
0.275003243515
0.274936190849
0.274885906716
0.274818868359
0.274751838178
0.274668061949
0.274634555034
0.274534046554
0.274467051121
0.274416809912
0.274349828787
0.274299598309
0.274249372429
0.274182411744
0.274115459235
0.274048514903
0.273948113733
0.273864460145
0.273797546472
0.273713915879
0.273647020602
0.273580133501
0.273479819713
0.273396237665
0.273329381224
0.27327924426
0.273212402127
0.273128860959
0.273062037223
0.272995221662
0.272928414278
0.27286161507
0.272778127557
0.272677959404
0.272577809648
0.272477678288
0.272410934268
0.272327516251
0.272260790627
0.272177395095
0.272144040459
0.272060662811
0.271977297939
0.271910615239
0.271843940715
0.271777274368
0.271677290176
0.271610644268
0.271560665203
0.271494033603
0.27142741018
0.271377447978
0.271310838862
0.271244237922
0.271177645159
0.271127705952
0.271061127496
0.270961275143
0.270861441186
0.270761625625
0.270695092138
0.270645197388
0.270545421685
0.27047891477
0.270395792624
0.270312683253
0.270229586656
0.270113272884
0.26999698415
0.269947153786
0.269880720455
0.269830900823
0.269781085789
0.269714672898
0.269648268184
0.269615068892
0.269548676442
0.269482292167
0.269432509327
0.269382731085
0.26931636725
0.269250011592
0.269200250214
0.269133908863
0.269084158216
0.26900125069
0.268951512307
0.268901778523
0.268835473964
0.268802324751
0.268719460661
0.268669748339
0.268603472396
0.268553770805
0.268487509171
0.268404693626
0.268321890856
0.268272215326
0.268222544395
0.268156323641
0.268073559196
0.267990807526
0.267941162656
0.26787497665
0.26780879882
0.267742629166
0.267693007291
0.267643390016
0.26752763579
0.267461500885
0.267395374155
0.267329255601
0.26729619939
0.267230093101
0.267180518749
0.267114426768
0.267048342962
0.267015304126
0.266932715976
0.266883169219
0.266817114029
0.26673455654
0.266635504416
0.266552975032
0.266486960723
0.26642095459
0.266354956633
0.266288966852
0.266222985247
0.266173504409
0.266107537112
0.266058067004
0.265975627046
0.265893199862
0.265843749684
0.265777823267
0.265711905026
0.265629518723
0.265563618878
0.265497727209
0.265448313823
0.265398905036
0.265333033808
0.265267170755
0.265201315879
0.265168391506
0.265119008781
0.265036714457
0.264987343996
0.264937978133
0.264872164136
0.264822809005
0.264740560672
0.264691217804
0.264608989911
0.264543216795
0.264411695091
0.264345946502
0.264296640427
0.264230906147
0.264148749794
0.264099462115
0.264033752363
0.263984475414
0.263885935315
0.263820252135
0.263770995115
0.263705326243
0.263656079955
0.263606838266
0.263574013028
0.263508368684
0.263442732517
0.263377104525
0.263311484709
0.26324587307
0.263196669706
0.263131072374
0.263065483219
0.262983508272
0.2629015461
0.262803208868
0.262754046895
0.262688504752
0.262622970784
0.262590206867
0.262541064823
0.262491927378
0.262442794532
0.262377291225
0.262295423588
0.262229938677
0.26218083036
0.262131726641
0.262082627521
0.262017169182
0.261968080793
0.261902636763
0.261804486046
0.261755417587
0.261706353726
0.261640942399
0.26159188927
0.261559189738
0.261428413586
0.261363037007
0.261330351784
0.261264987469
0.261199631331
0.261117947655
0.261052609913
0.260987280346
0.260921958956
0.260856645741
0.260775015721
0.260726043841
0.26064443426
0.260562837455
0.260481253425
0.260415995399
0.260350745548
0.260269194733
0.260203963279
0.260122435459
0.260040920925
0.260008318484
0.259975718087
0.259894226037
0.259829041596
0.25976386533
0.25969869724
0.259649826538
0.259600960435
0.259519527151
0.259470673312
0.259421824072
0.259372979431
0.259307860398
0.259259026488
0.259193921762
0.259145098584
0.259047466535
0.259014926436
0.25896612012
0.258901052187
0.258835992429
0.258770940848
0.258689637869
0.258608347665
0.2585433247
0.25847830991
0.258429554184
0.258332056528
0.258267068311
0.258218332514
0.258137116405
0.258072152716
0.258007197203
0.257942249866
0.257861077193
0.257796148252
0.257747456912
0.257682542279
0.25763386167
0.25758518566
0.257504069707
0.257439185735
0.257374309938
0.257325658456
0.257244583384
0.257179732115
0.257114889023
0.257066262069
0.257001433284
0.256952817062
0.256888002585
0.256823196285
0.256774596925
0.256709804933
0.256661216304
0.25659643862
0.256531669112
0.256466907779
0.256418342146
0.256353595122
0.256321224676
0.256272672839
0.256240307503
0.256191763331
0.256127044923
0.256046158411
