6329
16899
850
8771
6303
9956
4707
18443
8157
18946
35794
8349
9705
4761
7440
11769
645
43242
174
9089
12003
36715
8901
5319
11798
2457
13876
12115
1163
4194
17584
499
36300
6090
19182
56016
683
2450
18715
51268
11353
62098
20182
3843
39327
15853
23983
7093
8876
14174
18754
18516
364
53617
26301
45968
3216
9099
6206
7181
10094
251
1897
318
16732
28808
6395
448
2317
693
6379
53415
24017
1492
1319
120
16015
6134
6997
25303
2055
539
1199
6837
7924
708
15967
138
766
12072
458
1228
27703
4282
8550
31822
4825
5930
4646
1540
16075
4716
10686
430
11130
9045
1052
1400
13938
556
56214
51687
4935
5695
12233
6146
3973
285
45137
3525
4865
57983
5764
59786
1525
36056
40186
18115
611
1381
12578
2885
15988
14717
51891
21116
3258
3879
14995
6074
3775
1671
7641
3939
2148
3292
8784
37143
21193
2483
11487
37704
2697
20721
19992
47531
2876
6834
273
35427
13617
13518
3639
7134
20224
12035
36164
17018
1287
13673
8868
14171
26528
8478
31098
40240
65
32317
22253
9405
5580
2268
2288
9282
19661
2236
15452
6656
31908
6710
8207
7938
12731
2620
54835
49427
45796
4671
15336
8707
5178
8951
2604
3247
19314
8654
11828
7156
40136
10081
54954
27276
2700
163
14620
4233
3014
8327
21146
21454
26167
5720
9270
9335
28460
9306
1325
6731
17693
18172
3516
10897
26627
39595
11584
7508
11918
3931
34399
7584
2253
13177
20382
21428
726
981
2719
21531
14300
738
23427
9395
2359
38492
37314
61196
16190
408
3974
3987
3710
26462
6265
737
17288
25519
7340
45696
27446
950
1186
5935
9030
2642
29695
3475
12975
1345
11630
1469
5006
1390
23670
31936
7423
14272
6130
2026
2113
1911
22393
36383
6999
36340
6658
1185
518
31022
14901
8717
10428
57580
6044
22653
61316
31647
41429
7905
1866
3058
42276
8099
3236
5620
10
40797
5637
62486
16236
3203
44289
628
3641
4110
866
425
19807
4300
24617
33561
834
1020
27610
1267
23817
36036
5025
5240
10086
1339
36671
2939
37050
1627
5913
6221
6043
6153
12610
20
12978
4737
13195
4130
40672
28979
6899
5503
2503
20393
898
5560
4534
7283
31306
20826
212
54530
12947
393
10634
11213
7569
3414
27879
858
17322
8597
1317
25538
37378
36642
16703
58954
8932
978
54709
4322
1501
10011
1542
2957
1959
1958
9985
49161
1688
1607
10565
1799
8592
1948
10567
2016
22009
2067
5796
21038
18867
3328
8418
44
250
1365
12435
7500
312
2685
12760
2708
3271
25099
12979
17886
2791
8562
162
26252
11553
26196
18378
13442
50398
659
840
3376
14290
7547
13978
27207
14561
7701
10761
41380
8149
7951
4781
4776
10995
11583
3354
1804
8617
33
56211
8869
14786
8856
11089
2086
16805
58731
59948
33558
2494
84
61414
1009
8538
16951
276
5995
10568
14562
13330
44837
6104
11068
453
14861
11034
9485
10284
6463
6568
37655
21856
12243
52073
21820
843
764
9818
5920
16535
53956
7284
11482
3994
8319
10459
7541
4227
142
24547
31843
2958
8968
2993
14246
8887
13021
17531
1764
35082
32725
18308
15078
36230
5438
24867
249
14892
2154
29792
49077
28553
2627
43962
16923
6648
6590
676
3042
18107
19138
886
52807
19329
13337
7522
1255
26583
1467
10325
7714
881
14731
1694
46460
9062
1791
496
10939
7004
4708
10085
26430
4945
11020
9162
25989
15871
4802
22054
2306
2979
10797
13711
2198
7744
40935
14967
10998
42224
380
3711
58461
2672
24967
5634
18994
12379
6758
7230
4350
16308
3371
7437
24320
3105
19861
16591
42688
24735
3654
59255
15693
33009
15932
42915
7152
8808
3898
33430
23965
3947
28454
43824
4100
48306
4164
21588
15859
30876
3609
4086
7803
2034
7871
4849
1696
2019
5188
19
8534
2053
9894
5285
2431
23885
33317
398
9808
14728
315
41216
441
2357
8627
15476
6652
2443
31671
2353
23457
2986
2860
13105
54331
8601
41695
35866
596
20376
56952
6701
982
55135
6735
1407
7116
1248
3146
15747
25939
11975
38609
59395
3720
3133
18890
24766
3907
36840
9728
7822
46479
5932
3193
4722
4457
25933
41424
11564
41552
60
12552
12537
15981
28195
5266
390
51360
12834
229
43111
43077
296
12953
3852
8891
8943
19994
51153
2720
28197
4615
25055
5171
22003
2440
9573
14498
110
1041
2675
909
13231
3612
53826
1176
47803
1210
7025
2882
6566
17844
23961
6116
15514
7807
25381
7524
50152
16000
29145
25165
7056
50920
7490
50677
1749
5825
12423
51621
7593
2221
2269
36324
392
36579
36619
13682
2239
2586
2343
2479
4567
8813
36985
36279
55073
2459
8965
19654
650
58063
2974
8974
57709
9630
56777
58668
40724
19220
59080
58503
14675
713
6826
15762
60194
24719
3425
9889
10624
847
21639
33004
60008
54137
10169
3853
7468
10879
61846
49625
32464
6902
42370
16602
3861
21806
2380
61507
4017
4188
3857
11910
1620
24220
44983
23453
11980
262
24152
52172
18390
528
2980
4519
33815
459
7712
24695
15199
36980
3896
57840
4885
9093
40463
2542
3169
6072
49122
38899
5788
18338
1226
50025
994
57238
21101
6460
20754
6350
2245
19523
25803
8836
6424
51342
32041
26047
6778
5085
1204
58871
11468
1756
7372
28486
7170
1628
1840
945
12198
1955
60587
15646
9141
7606
42505
15892
11365
11949
60531
2596
2174
34830
8316
60144
2250
25655
4821
8150
8582
12572
8016
2616
16736
32141
1417
2704
8506
36364
45734
17334
2093
449
20340
2921
16644
58404
20041
8858
24876
21406
9418
9489
6609
3653
13789
3255
14409
9232
49459
2821
2755
8952
59971
18745
9596
27752
1205
14984
50445
9308
9796
3514
40039
19583
27626
1080
10027
10566
10270
19715
47659
57172
7186
51200
10638
3977
36561
49761
56738
41511
52274
422
10469
10829
1213
4330
15886
917
4145
38100
4493
1561
13663
42892
43497
13305
30322
4217
2017
53207
1951
29629
52619
4697
10994
4543
55117
11661
12313
805
11954
825
300
22628
5162
56799
12535
888
23011
12296
56047
2182
47183
6802
33635
41676
2622
1104
4984
8894
12939
13264
13489
8782
10053
25523
1075
25602
33674
6950
7071
44200
1855
6713
33126
61020
60235
7213
36325
2162
1418
26674
62268
15119
1963
15148
1314
2310
33945
20243
2393
10019
8195
39514
40245
1773
50389
17230
54017
4254
7946
10963
3875
4577
48911
54293
2912
204
5223
10691
606
5096
1937
9122
30007
9044
12215
3419
9437
42774
6075
9021
59240
14690
17471
56452
18843
920
1406
6282
14459
17751
3859
3033
31555
13222
32693
9767
9993
10444
4787
7077
30770
4165
10622
2135
4177
10315
27026
10489
2136
19655
19347
6793
2124
10937
11077
15864
27706
56504
7616
2410
52958
17580
49695
11454
29242
28889
12014
15776
47740
21512
12247
8489
11845
5578
31693
5624
54738
2228
51006
47902
5875
12467
59647
16177
59061
31099
30564
12699
23519
37351
6349
33512
6541
31352
32959
23096
17194
31166
6690
60943
13474
3535
50733
13603
13541
27901
9297
13630
13399
17639
7210
20178
14144
10478
20175
26386
40948
7455
18766
24965
25488
4241
9140
26550
581
34449
7568
329
19550
7673
5591
475
35447
54854
26435
35148
951
26611
624
8475
15800
44040
5307
5235
44669
44326
1001
27974
58144
38402
57820
17073
12558
8793
12567
61240
16784
17443
39184
6550
29402
29362
23998
30139
13002
23593
10125
19632
52243
1820
1745
18303
17997
3693
18105
22795
30071
42139
47142
18749
19171
10422
25406
19456
1439
2687
7410
10731
37507
53370
19326
18980
49056
14162
6239
48804
24217
27582
4481
7591
34612
11375
15345
27658
2218
15348
50506
34032
42572
11633
6486
8199
29631
4749
4817
26155
16804
8309
20330
54932
33482
35303
27029
21423
20844
52380
51833
21893
960
8830
21099
3689
22440
34227
5786
5340
45208
12771
3757
16670
52266
41589
16559
27819
9217
48343
3707
54084
23039
35448
13385
13394
31104
1389
13086
55374
9440
6495
16638
13521
22982
10199
17983
52515
56093
3674
37205
23622
47316
20006
18728
4507
23121
31364
55366
49891
39446
39265
10364
23929
2118
7402
38958
7125
4539
32144
29764
580
44947
38574
46785
19064
19322
16084
43806
6261
5008
25286
15610
20938
50652
40670
19892
16254
15857
53131
2956
20498
396
2111
26463
40363
48538
6169
1543
8678
52145
52234
41798
19766
52285
3420
3456
3765
3491
54118
808
21562
61
3659
8967
53476
12886
16344
6653
20055
9110
21453
42060
20291
61948
4586
337
9900
7305
28449
35368
7034
7479
43327
38761
54638
44939
29993
30413
35930
20093
715
38463
14521
7846
14344
14451
4591
5877
4801
29864
46990
55895
24696
1216
19146
682
24974
5031
57349
14868
684
6914
12439
59540
11509
1151
1301
19850
11085
5329
47924
58384
6098
39093
59667
5326
39204
25711
34609
53093
16981
975
3742
20000
6500
20275
32708
5921
6290
26466
16219
24571
1638
49417
42293
1875
1890
17106
159
1277
21818
2070
27776
27691
349
10513
59566
96
10251
97
2315
29121
22746
60261
42998
1999
23910
24537
29998
36992
4216
35016
7375
486
42309
7777
52639
43329
52397
5195
2989
14503
53873
44188
49023
36334
21760
18963
19349
52704
37131
38480
4081
31407
52212
46667
1320
19816
19565
20509
37354
12457
19702
3638
19786
8755
25370
3537
20981
31170
15960
30141
6164
11262
583
31388
12406
30754
25995
20955
9438
4078
2335
21930
9723
57273
1732
32527
32164
32384
16069
9660
21164
55046
41606
16958
35911
8139
10346
6491
33553
57782
50167
4285
2207
17508
1403
1430
42248
40803
13027
35256
41127
14060
5896
33359
17684
6314
17099
7298
52602
2554
11332
28589
28673
60613
5231
10418
29024
42388
56250
5450
29120
6293
2711
13839
11663
42890
5689
3572
45156
51782
10688
43278
11627
15522
6470
11525
2219
43943
24750
11
931
6375
16406
25984
19839
3619
18
12392
25757
12276
26640
37709
12070
81
31480
4139
27259
12540
55963
26394
26480
7108
27445
44092
8659
17053
593
7256
7314
17687
33268
39556
32739
339
27475
4541
41358
7755
47201
4983
14750
33409
38896
7982
4063
1238
27523
1133
4766
33651
4872
1051
1014
961
40663
54558
49858
54160
1668
19653
5308
23603
27704
43001
10496
1509
1098
1755
29070
19273
57191
36147
8487
15221
8604
41295
28592
1392
34873
5575
17691
1409
49331
10300
7557
49964
8838
8908
19087
1578
15718
33408
51225
131
5712
8661
1337
19866
41840
7161
37215
21171
38501
2772
2106
5117
1722
20518
53548
36595
9737
55
16545
2387
2392
45347
21128
30277
37450
10403
2706
9918
17537
6365
46222
2815
44612
2557
7321
10673
54580
21172
52543
17474
10602
53363
45161
10898
26948
18435
10959
16848
3137
7578
13811
824
45685
26623
1092
53852
17686
7832
56204
18128
11099
11124
4175
13390
3560
8749
34175
34147
16315
4146
18427
11757
53884
3681
28017
40848
10288
47713
3634
34188
12250
807
50109
19664
29478
15842
35156
57658
44195
9291
24941
3978
19534
59597
14551
786
4011
13116
14951
12871
43637
4093
61107
21425
61742
29032
58921
50820
2122
42821
19683
9922
16389
2189
13543
4621
42233
4461
2217
26203
2750
21468
17057
31308
20149
25544
13773
10598
8010
20768
13733
43663
17786
14100
11808
9704
27052
21974
1690
2211
3128
5124
2903
60065
17950
6536
14287
38163
5622
21993
133
10864
38732
5322
61860
11336
17153
13395
22303
14746
15170
15096
27566
56147
27244
45536
6285
39481
10716
61751
6003
15274
11887
39579
3406
46219
7883
12028
209
188
217
39941
52662
54353
23113
18461
15965
23783
54114
23455
19301
8490
18906
42425
14605
12541
11703
550
574
16286
46349
48053
35262
36081
16589
29102
436
1747
16422
8344
4491
57121
7367
7685
49305
965
25497
13247
42879
1145
38628
31549
9183
42829
13899
14078
17730
1862
1579
44258
14363
1769
4665
45209
52508
17996
22110
1845
14579
31937
6070
59377
2819
15632
5892
14676
32173
19386
27422
28025
52407
32895
22538
45164
53695
60722
9376
23319
9955
3626
9639
22
37501
6597
33443
9535
15656
16212
16340
18977
19569
53653
16419
16185
2693
9879
27485
28376
7166
47315
2419
46664
33299
61932
61784
16619
54281
35966
2701
4502
12426
6645
29296
8013
3399
25568
3986
36136
17366
3426
10853
10697
6906
49228
2861
3438
30968
36282
53882
28281
4190
18093
3691
21984
50512
8334
21532
838
12375
57118
42978
50084
4861
10228
3776
18581
3915
17945
23401
32309
20576
4134
31673
4166
22818
58141
5135
52110
1563
40388
8673
12129
27800
50752
9965
6760
51603
60972
19999
53154
40066
44033
52158
1795
19719
19390
25050
16226
13771
6103
20246
24702
5157
44595
52610
1987
2430
2710
6718
20562
14279
13942
33972
10894
46993
60818
20895
35240
2309
14215
10047
12818
53737
13046
20939
9
2278
54448
14218
47486
11173
44064
607
35838
10906
14703
14390
35927
199
14791
17605
6355
11250
21119
11054
42372
48284
14970
22751
41501
26600
37926
28133
7878
15569
31510
5489
43799
4172
4212
16128
22741
56345
17799
31223
49731
27190
22379
43470
43378
22364
826
7207
15937
23211
56824
19030
3704
2271
27538
58491
12793
28778
23406
19293
1197
16838
57281
4036
27985
44829
58101
44516
1308
16450
4472
46406
28252
1440
2077
45602
24713
40688
13216
59825
28184
8113
5486
1991
16928
20886
61281
5732
40026
25041
19823
12041
17058
13919
30639
4736
41377
28973
45979
31059
16581
40057
1637
20365
14494
40291
40401
7529
29516
18305
29997
31026
40949
10541
12839
39278
20783
54874
2123
47180
31876
47868
2252
30937
40660
18507
25918
22325
9436
47476
30232
42660
36022
18535
61546
89
2880
9568
6037
38
42001
10083
10157
18903
8852
36644
2874
15893
206
42850
19657
32076
43313
49192
109
3125
10491
14599
3307
19539
271
3882
39185
16396
6800
3967
16634
10818
12415
50343
43650
33279
44313
10699
10952
6897
50211
3597
56778
594
13201
28237
1144
11406
28170
28333
16577
7789
1022
23984
1172
34636
17151
20918
45460
11515
39645
4818
4066
46420
52540
50975
4080
17460
14089
1203
11973
4101
25660
29197
12007
1388
45862
21865
59384
22178
13505
35655
52196
21569
59762
12200
21573
9473
4386
22267
29793
25674
25642
46243
8145
4627
53943
4656
1906
35798
4744
21970
18740
26092
53039
47033
36149
7261
13012
10772
22506
22993
13134
10920
17100
2491
23034
19086
15251
53947
12959
11582
32873
5316
22770
2234
31668
5362
13427
42341
5515
32655
37084
47998
5469
13355
37086
23815
7197
3123
61470
19825
5987
32177
6368
13886
2905
36798
2929
6354
14553
367
156
24480
50657
5
37958
50186
49993
6584
43088
507
15011
14872
39261
24697
14582
20633
6797
9178
20136
58130
57187
6859
25747
34696
51733
3569
7041
25771
7324
44934
11601
3554
29088
21732
7219
22100
15749
45923
26473
869
29712
7464
202
51033
51325
35103
8368
40547
35309
11814
18103
7598
7658
8031
40690
50884
16107
26596
15941
26102
24344
7769
22452
35987
15951
59233
59362
26751
1155
26279
8556
16266
22445
18782
36716
26995
23341
23055
16475
11264
23429
8227
31998
8398
60598
12564
41989
8448
51791
8568
17075
42849
47145
6062
41980
5005
8699
13326
33123
17102
37320
42820
17131
47375
37967
17385
17560
62096
22922
9344
9359
13939
24345
16182
9468
44020
17757
28837
62415
55295
38481
29397
2807
98
14695
64
21450
55951
20811
44540
20935
40288
15072
55817
14373
38623
6636
58161
10177
44461
3071
45044
41894
15333
52399
29721
19251
479
15396
45807
11488
14210
15969
45840
39863
45006
1554
50761
19297
19556
10737
23215
50997
31594
23108
12308
27352
10927
46015
51487
46021
20289
11246
46508
4178
9937
36603
22540
27486
20103
1673
8023
4441
59403
12596
4474
28118
16871
16555
11878
33679
37318
28119
8048
20482
2018
32225
33363
4743
33002
20746
32357
4794
20654
54073
47804
32878
1812
12150
47693
53768
12202
53775
54667
21860
23315
1868
23663
2771
61382
28526
18258
33427
16959
18013
29208
33766
5625
2125
62012
5337
33386
30167
49649
17738
22689
21696
13101
22020
5584
22346
43991
49716
2448
44145
3477
40079
44342
14846
34511
35130
6308
11753
7887
49949
22776
39603
51779
10129
35896
39862
13921
50784
22941
30559
22985
100
23623
26553
10257
19837
19334
35571
14153
19744
695
16191
27221
35938
51380
32018
7254
10747
18718
32339
899
7299
36812
24082
52279
3937
558
24204
12459
46448
15109
46197
40718
47270
24544
52587
41562
878
52667
4055
48467
1358
11591
11792
5281
37990
8378
25183
42791
33882
34633
24131
15998
12191
27114
1485
38413
38682
47995
54369
16205
12634
55342
54486
43598
12724
26027
1973
34467
26035
26657
26661
13038
6087
30359
7496
26849
49158
39414
26452
30272
6423
16828
39540
2115
17033
60558
13245
2938
13722
16055
38864
27099
50329
40168
5559
40353
2445
2699
2820
35925
27241
27643
23946
40923
40836
24033
6165
17594
14386
37227
6256
27753
27608
17892
36805
10516
17962
16791
6372
61123
52506
27834
24959
12773
53917
46280
6622
28390
3204
52321
24841
28325
37276
47038
20896
41653
20751
1326
18416
28169
11752
42056
3589
15374
58527
3713
18599
4574
6951
25220
21162
7294
11344
234
11444
195
58920
13400
52969
8560
52588
30598
3778
15609
25821
52725
11728
53539
38200
3729
17930
25936
42894
38195
42853
43074
59319
7527
3921
3868
11844
18600
18796
2551
59960
38657
30401
60206
8009
5041
29690
12337
25139
26318
54301
45063
4522
8123
16466
60727
37042
53980
1957
30058
34893
19966
60817
26400
16544
43870
19180
27109
2150
1359
26866
2147
31073
20617
27463
44809
31788
5334
19832
23896
9027
9202
15357
83
5756
40538
5554
13759
14495
27332
9469
14169
9478
32350
9386
45638
17925
20977
40735
62577
46085
21541
62068
14141
46353
24815
14688
196
32720
7392
344
6373
10311
33107
4157
46922
10406
28718
42534
25791
28727
46944
58641
19172
14936
678
4447
1297
34309
23112
38482
27623
19785
7483
34239
14285
13017
31037
49478
12655
11357
23551
38862
22968
23594
1283
30525
23365
35858
34120
54402
35014
60289
41109
54479
45556
8282
31514
20414
36042
49758
45075
1674
35814
21219
12239
31310
12284
19761
17642
12368
24279
55544
14552
12310
40517
24580
31525
40565
36568
21508
60945
8909
8591
50452
40976
36941
24607
36922
14244
15812
25489
9349
36826
25689
46139
10868
2418
46335
25802
15184
18687
29037
9537
54384
26827
33015
16961
22902
3182
2773
18872
15484
11660
13565
25334
2769
38025
26213
3444
17821
42486
3147
26530
30282
6222
43565
26606
38552
10420
57897
3136
3586
10535
6743
39189
10612
38077
49002
10523
240
3815
3536
38933
16629
605
16474
5236
779
16508
39074
43216
11347
23511
26788
3669
31171
3696
34489
4554
40031
59789
35260
31486
3808
39745
27642
53883
11216
53809
17032
27671
27712
24490
48769
7678
39690
49370
36220
17480
27532
36084
4109
32359
11714
11906
7955
54528
54626
18065
29184
21310
8669
54830
28788
42158
13797
50602
60610
36771
4847
8998
41480
26210
14612
29211
9158
22635
12932
37118
37222
13376
5177
61621
5336
50647
26032
29628
6689
5345
29833
13389
62016
11371
42476
29679
9740
11937
57065
6956
42477
62328
22410
5657
13776
42707
14079
19764
34857
2664
30049
30442
10265
35695
24391
35009
30733
10342
43107
57547
46378
14262
57730
43370
14212
43405
6632
30812
6405
17947
48195
31122
58649
20600
3312
58696
6611
31358
3497
21041
35094
27717
24135
27792
18387
11240
40639
8234
44181
27673
44555
31785
18860
28294
31686
20613
8466
24993
27869
21757
60692
8554
13368
20966
13469
31222
3833
32037
12145
44235
15730
27654
17819
13405
41276
44624
44562
32846
41340
7853
7690
16116
4140
25970
9447
60390
16407
16133
4331
41913
60721
21533
25042
4726
8071
60685
41507
8164
33634
16719
50870
8428
50583
50887
34030
26686
52186
55875
30747
8738
50760
46279
8561
8816
61707
29891
17260
23152
61845
42887
23440
61759
9127
30963
58902
10529
34384
50792
42889
9034
5387
43078
8979
10430
27351
10863
34843
20821
5807
62455
23722
35019
9503
5960
18039
6168
47613
17879
53169
31446
47888
35628
7599
47860
6262
35743
6276
24895
18589
343
47844
248
21117
18294
32344
35643
10264
387
704
287
10151
48473
23349
39851
365
25622
58662
10385
419
36397
44515
17977
37031
19289
665
48931
22181
16118
748
49232
45243
758
26444
33104
829
33216
59051
4962
25906
964
46132
19558
7317
32913
19585
11018
7625
37159
22366
7596
49715
45478
33566
37236
1355
29649
45627
50391
55044
22814
31043
50151
18719
33944
20118
37447
30495
1420
23479
18999
23582
50541
20392
26765
20281
33653
1650
37865
30502
23630
30202
46385
55773
46077
26853
34791
38416
38435
28188
5650
51094
1785
51013
24283
2629
9614
1768
27222
31108
8956
51334
12329
2021
51318
27323
30814
17653
12671
51438
11266
62226
17842
14865
47604
39262
35172
2286
35776
2371
2282
31999
9649
13137
15548
21898
9464
39720
9848
43829
44142
9721
36520
18275
48933
9655
25704
53075
3
52800
52994
10038
53105
3000
13721
48573
10209
40614
13800
13931
48213
44236
28795
3210
49150
6804
3272
688
40767
22997
3337
3411
23071
33471
37081
21976
41089
10582
23209
26754
37019
20943
45454
26893
49867
10974
46251
41643
23867
14937
11558
37233
27046
46186
941
41783
54925
23655
41915
12950
27116
4048
46112
15319
55141
7947
55479
24359
5115
47715
54960
31058
11899
9149
27319
13472
11964
5606
24422
16623
4353
4595
4542
15017
15825
27859
4619
24991
35446
8410
4856
21372
47150
56466
30682
6053
4897
55921
21830
28217
35180
35550
4926
5082
28402
43512
57471
28279
39248
51540
5073
60799
51376
35946
35394
56641
24590
5100
52514
12859
61234
51201
56735
13001
57210
16590
51573
56790
1943
52332
1829
13008
53291
2159
25612
48206
43759
5557
52529
44445
62310
376
52669
57794
17704
19411
17034
22893
5757
5889
36275
57617
2621
13510
40723
40695
5813
6049
36535
29342
22849
29905
203
16504
6219
16222
53691
26663
30008
19974
6522
14225
14468
19792
41434
14832
41523
27245
587
6732
3330
15091
3332
20686
54481
6930
18122
3431
18216
14943
15257
59393
3623
51177
45834
59519
6949
7054
18565
18369
38322
31027
35151
3601
31009
59401
50539
7374
19282
15417
20278
28035
1877
19177
39149
60424
15796
46553
4382
1532
7939
7877
60569
60708
16047
52405
61109
39206
43309
60935
25445
47192
51019
32596
61386
13100
18334
8453
4907
8536
47733
61928
8715
29528
58098
5108
40966
8779
33262
62145
62173
26613
37005
40765
9214
20558
29808
62130
44291
44206
23
30129
13229
37502
27249
10441
56850
30009
21106
23810
10875
58263
45400
58343
58294
62480
37133
62511
62519
38873
21103
9559
17719
9462
7958
34458
17148
18847
10046
231
41780
18428
45695
54349
20319
10262
11941
10408
34706
34957
59380
38324
8174
464
472
672
38697
29935
19123
724
3227
31450
59795
19536
15977
11648
31605
10720
31084
10739
7006
22684
947
28403
21079
50552
19115
55259
19452
1004
780
46885
19555
7763
19472
1143
12557
7852
1477
11450
33035
1399
43800
23606
4297
8042
43524
8170
36297
40173
1550
56871
8704
11898
1666
23652
52624
11946
56450
12188
33365
1901
11996
32555
56780
13263
16996
47702
61838
1872
37232
37324
12515
34118
52723
2066
12586
2145
57565
24364
44803
24741
33793
2238
24541
27271
49551
12784
17327
12873
21429
34076
41475
53344
61712
25117
13206
41450
10143
13323
2818
9804
15670
2802
2937
10028
13507
53897
218
46111
22427
46136
54047
3028
3029
3032
10171
13928
34677
35734
32301
22612
43064
236
22548
10888
32333
54686
14369
19253
31431
3401
25812
54769
46847
51020
3499
46627
3515
10798
3567
19133
26049
55314
23361
35958
14880
15061
28037
32898
23393
11331
59969
51280
15012
3897
39772
29995
13254
48074
43468
3854
29187
23717
23833
29099
26690
11880
24142
11412
11678
40239
18399
23311
13432
23465
40399
15725
47625
40530
12093
24471
37524
41037
1735
56359
15822
56620
30799
24404
37810
15801
33414
37149
44255
34698
61113
13954
52444
16057
17267
49322
4900
16175
49362
57312
37923
30741
31436
9456
37755
8930
28050
9198
31370
13091
53753
35005
42039
20559
25653
2447
53804
2767
61655
2381
38369
5642
5746
34806
45664
38610
30864
42129
38665
46095
3064
31539
46110
39294
5988
13891
17241
2606
5929
18699
42801
17287
26232
2540
25623
29101
6187
46996
36542
54052
3117
17553
29401
2873
26428
26362
22151
32467
6404
58945
15708
17758
26892
26588
2248
17796
6348
23339
29994
29936
19802
18104
6923
15310
22704
30374
10758
26891
60152
7175
27188
3487
18379
29415
7382
15541
18945
51308
30406
27431
27613
34011
8268
23837
40839
18888
41086
7682
8221
7670
16033
40698
21687
19098
8377
17229
60948
56520
34220
49866
61126
8158
31482
37820
16630
39066
61259
8208
44798
38036
16614
38203
61679
56963
31571
52972
49367
14576
16931
18179
28359
3837
42369
16976
13226
29113
42277
8660
20192
8911
42073
8641
22824
20262
57689
42864
20212
45901
20248
49493
13535
29500
29140
2617
32603
32563
32492
45833
21163
43151
23279
20706
54199
20595
58615
33007
10014
15585
9460
13875
32489
17268
29614
50281
5752
50155
28912
29604
6
20818
29514
9813
29842
111
30090
42851
40532
10136
18120
29951
43576
10048
30302
33473
51229
14771
26930
366
47072
21724
15203
7538
25783
22019
33808
45935
598
10354
3190
56245
59963
51462
48022
55262
44412
11341
27232
34312
22291
4585
22308
10692
26454
56041
31401
34341
15772
904
10705
30712
34614
19248
24553
60496
10854
44192
56152
34213
1038
60197
19851
10862
56478
10903
49013
34233
17558
48730
19553
22854
1410
23102
31504
60465
1421
7976
60967
1493
45416
11683
1523
35231
28825
31911
61238
52738
1739
19521
8789
26136
48944
2175
57568
1857
1876
20631
20074
5454
32653
61980
32733
10464
49571
12534
23938
12598
36229
14090
29632
22208
36506
36478
7100
9454
19223
62379
28791
17306
24562
13802
7473
2469
58304
13084
21352
2477
13128
13109
30441
9641
13392
37200
30230
85
13580
33244
36948
34096
13636
47593
2968
43416
13705
50893
23662
3121
59181
33708
50802
47066
59277
3177
21644
18582
34225
37379
48028
47601
31147
14362
28352
31138
3511
37906
31303
10684
30935
3039
45039
22885
48352
14541
38183
14441
14646
3386
6988
59993
51426
22513
26259
26028
38515
41590
38446
3718
23288
3822
19965
49633
11746
11749
15247
26433
38920
23409
4030
34559
49351
32684
48873
20032
56741
28956
60706
35624
53317
45502
56637
4174
20507
38797
23558
8462
4259
48937
41788
15654
11578
48658
49694
50086
25946
9525
39473
39735
26935
24202
23214
55100
61066
53009
4824
13079
27287
4691
42546
33069
36238
4909
12695
36219
27074
42456
20609
5019
38953
16224
36586
16392
14404
5204
33026
37061
16453
16360
33116
53746
53987
21596
5463
12896
50380
27796
16525
14140
37020
9459
20532
25323
5687
50584
27839
5853
53878
5754
40584
28290
40746
37539
5957
17179
13870
43635
15241
37646
37900
10388
51708
41514
28601
6330
283
28668
44962
14207
41630
51802
14445
4246
14255
55861
55758
26288
25102
29368
28926
19196
41610
28974
44940
51218
6992
671
28593
18072
7090
52740
41855
56598
29600
529
17323
41906
3513
52768
23229
60330
52393
7488
7855
29844
60263
15320
52792
18905
52341
11534
19107
15529
60216
39700
32978
30025
39590
46025
53197
42687
12050
57589
42872
27524
43089
57160
39899
57159
43129
8172
43191
19584
50052
33821
4833
33103
40435
8405
53919
18231
40115
19826
40089
39965
18465
19891
28010
40675
54243
22175
25142
31013
31309
20099
8706
53669
31046
5473
58320
28541
26863
15380
43492
58189
44257
43980
20277
5449
54585
41336
25391
40879
20584
9303
31465
9377
25800
44212
59165
55203
11801
44156
801
28709
47277
59205
28003
29316
3003
10045
20951
55489
10299
5992
9746
44554
55400
32025
21121
3230
59155
45160
41666
59815
41890
56291
959
55308
21250
25317
53018
14584
55783
10208
56011
45544
44970
10762
59622
26565
59630
18176
4468
29788
33208
30082
39111
22161
45662
22233
45752
60639
18455
22039
7171
60661
33539
632
27518
33415
21363
23501
7892
60854
23659
56935
39679
1364
22652
43076
56912
11895
46206
36571
27692
12391
60850
1729
46419
37413
16635
53512
11763
43196
11795
34201
12819
33872
23223
4993
43575
54619
40622
22996
23240
11915
4823
4965
43389
11976
50963
43653
46975
34781
13037
21484
31505
5963
22334
34495
31353
10741
12466
20059
44429
34057
30894
44107
54927
43989
21929
31814
47422
57984
54070
29238
23960
23744
47688
35068
58169
2906
24060
32459
47928
22297
58901
24513
38666
58764
58791
13243
35531
22686
35736
47587
14316
52000
24543
6042
5959
36045
55506
29427
9799
24926
62471
51169
59397
6057
33039
15157
25061
24908
3116
29834
13840
591
36053
36417
25318
6860
56569
6864
49313
49058
45589
49295
45584
25417
49720
25618
52412
24349
49721
46301
20503
45814
25659
10525
46369
681
40855
7762
30895
11302
36813
25864
36957
49183
60505
49815
3538
54111
22816
22942
37297
46291
27580
13092
36807
1495
50378
21459
26080
7952
16231
15411
47080
8112
8388
61063
37914
8564
16428
5106
15497
19954
1767
26426
12212
37514
20010
47428
1873
61350
12427
16521
38375
26883
46973
40869
1833
53701
23491
16669
31728
50377
9193
35044
61579
6232
10400
16900
16789
44491
34798
62079
50571
62052
2235
38859
16330
51241
17027
27071
38387
51482
48115
48106
11050
54465
20496
61840
61614
27433
39084
27291
38749
48550
62131
39078
42218
2952
17926
2786
62389
59059
16989
51279
55715
6417
36483
39583
27849
17290
17299
28233
28080
49671
17499
25114
17575
10336
4
52634
28327
33397
37067
39852
40269
43291
17795
403
49465
17797
28416
28586
10401
3304
6528
7551
28652
56646
56723
1096
686
28834
24898
23372
4674
34048
38102
26006
1029
43420
15236
38011
22496
27989
50266
15470
41268
29274
1303
18700
41111
37649
25762
8401
53582
11995
54155
18973
41297
15423
41465
38514
29597
26495
25949
41611
15973
25801
35569
41640
1953
19245
2328
16150
51403
15907
1850
41660
1741
47753
16003
39080
54042
9194
13090
30109
7605
24042
38634
19746
41882
51203
2058
16537
35865
2349
41672
13316
30392
19894
61600
20462
48215
48905
58767
51330
23890
45667
55586
20101
37517
10187
21595
26932
25274
20144
27534
36305
5180
24760
52220
30773
42478
55754
30852
3027
35834
21205
59265
2523
52260
49335
31144
52759
5831
28074
39723
28438
25203
3135
336
17643
26701
16290
16449
28842
757
21325
3224
3744
40469
37398
21426
43622
56614
32423
15235
52653
7065
3721
53650
21899
15540
32801
44015
3676
54247
12102
22261
15406
17427
53731
11935
19804
23098
32602
44288
32820
15712
27326
18949
32894
4094
57928
53963
22691
38554
4597
32590
4728
57239
50105
19303
19230
57636
33096
54183
51053
58192
22881
45176
23970
16184
41768
8580
19566
44656
27054
41738
54431
4751
1990
61940
8555
58773
5125
23216
42036
17742
2045
35941
45434
19795
39139
52445
5368
34276
45657
23609
31140
23620
62290
58807
30928
42955
16881
45781
42873
5504
42715
55698
9184
20535
17419
46261
19116
24108
36978
6703
21066
34794
53469
6038
29131
6775
43422
46350
59543
37141
43433
46250
24558
6209
3223
49857
14528
26108
46599
26184
24869
34518
60043
3505
46756
6660
35412
60440
32151
46946
6607
47182
6370
10374
316
35441
38197
17116
47170
895
18673
29832
10636
60310
36026
25394
7173
36065
47211
7309
17450
25475
36097
7253
54335
35869
32624
60900
44629
36075
7570
21611
33108
57638
11145
32835
48142
26818
25740
19112
33296
36249
22826
7600
47591
8351
25857
36453
25920
60947
25969
57714
27356
47712
27789
61093
45381
27567
48280
13555
16760
45296
48307
61730
8289
58190
8118
27727
33719
15620
26387
13210
37037
2900
58278
62029
9982
36944
39985
18664
18940
28099
37494
58962
9610
58548
58666
52104
56151
12990
34204
58335
52466
62393
37467
37586
46169
31572
13415
58739
62206
5618
17750
38135
27860
24134
46337
6109
22508
27278
28925
37138
49405
62461
10402
59236
21148
24447
38211
27405
56342
59340
59802
38386
43906
27537
24978
13757
27602
56331
29339
47986
233
50130
227
29513
3062
60172
38602
49987
10617
47505
50745
3914
38964
19018
28048
12289
25463
50582
32662
25425
50669
8831
28192
50697
50562
39641
11501
47507
24567
1086
11500
32821
60105
7957
57163
7478
51000
60564
51061
25780
12521
19173
28552
11516
33578
30602
57822
1158
12104
28775
28779
1050
19821
39799
1699
47835
36539
15356
28895
22700
18287
36509
47847
43431
36727
26253
36496
50896
29209
33927
37111
51545
1590
1715
26637
61206
49202
10167
20315
26233
40400
26370
45918
37283
40442
46103
23346
12729
52078
40536
45981
12779
12852
52324
61364
40624
49526
37432
17689
49541
52176
2110
41003
30021
51852
49956
31872
62469
16607
40842
53050
2260
59567
54924
49811
49561
41299
2588
27549
13836
46981
52889
60003
35616
41367
24343
38317
16977
62167
49808
32506
52970
18020
24462
30620
14059
32554
60131
13934
41680
14534
27442
30778
53954
41770
22478
24532
24636
52990
39283
54019
41722
903
42098
3465
15421
39154
42178
1033
42269
56794
50927
610
33025
42108
51228
33575
50631
42254
39404
15316
4626
8068
42485
15273
28833
15430
51525
3970
31910
8058
1207
15858
19545
61374
48891
15891
37278
39937
1789
54555
15814
12148
29479
15999
32352
54710
54661
45888
55761
26175
1298
1831
14339
15829
19124
52463
25464
43114
14863
4746
43289
55599
29734
9322
16476
43441
3326
62111
1728
56234
21003
13053
24433
33016
16731
24361
16605
35359
27383
43971
4997
43978
33243
9841
2417
26666
5543
9546
17098
10391
25748
44495
5763
56589
30687
50198
41663
44328
53740
33798
3156
20642
18407
6858
14707
30941
42012
6092
804
57205
41811
25781
30783
45077
674
41831
57002
7067
45217
3784
56997
3561
7948
57060
4832
18019
45074
45169
34545
56950
51181
34629
12714
45361
11419
39864
45364
23127
51725
42881
34705
18073
45236
40012
3556
51093
7829
22156
1375
34809
57203
36881
26345
17489
7310
9091
17744
54365
42806
57674
35171
15918
7923
45938
7954
18862
20684
49499
5962
28958
45809
32404
8530
4051
22631
26605
19431
23729
19189
35261
58252
58037
16189
16365
24013
19331
37955
52281
56157
8613
4852
4538
30091
46568
43748
19573
46585
52706
35955
52799
55409
19749
46681
36015
16513
55904
5056
19698
43664
55804
41349
55843
26589
4826
47257
8680
23221
35923
38286
59536
3031
50342
8598
17092
56191
47115
20406
32957
47261
39427
55876
30696
44386
44467
32900
56710
9225
24854
36624
8966
20690
45081
42022
59491
20331
23132
20722
30402
47405
30703
2686
6118
17658
47459
47503
20645
19769
17511
17110
20856
17901
53830
14999
59492
60319
48042
34285
60063
6289
42068
39532
40107
39451
60009
6549
20208
21382
21756
37347
33785
34478
60277
31943
21153
15412
34494
489
48165
21615
31806
32048
37566
45271
21802
15067
48133
31960
15258
40250
11603
25998
31342
37929
48437
55228
7295
49194
10938
1003
60466
25261
46005
35336
40612
55283
35007
949
46012
60634
35404
5109
11869
26419
58467
55543
8874
2896
61522
46758
22485
7817
38608
19089
40937
12167
60825
35832
8167
21403
25677
12268
4812
49843
35827
22903
41194
61906
38968
22648
22906
33236
22850
46793
36315
39065
22944
55997
22375
36141
49565
50112
9177
49862
61866
47131
39224
9095
9028
9565
36449
33792
59095
39512
36666
23644
59203
50508
9409
23712
47434
17852
50053
36937
47675
153
26974
50117
59092
44942
13582
28269
27048
59134
13653
50811
62468
23964
62502
40036
50382
62157
20852
33964
17595
50490
37048
59571
9878
48348
40201
16304
60113
51417
28750
27338
40376
31893
37327
37455
27289
34420
45659
34445
57253
51247
29636
76
3488
24747
40650
87
60148
45889
46965
50837
16926
34978
54442
21530
57247
10905
32497
40876
51276
4934
18950
14737
51959
10799
397
25156
15220
25118
11826
29621
16411
32736
41188
22990
30394
38586
38860
20109
25614
36029
52188
827
38711
49036
44007
19118
35848
61088
48093
35635
1575
38974
12236
15896
16146
53372
26303
61586
30628
47081
12666
47008
61390
1765
1434
1797
20465
20528
22908
33675
8389
49905
16136
49871
12543
22953
34035
15190
39517
44711
1998
1918
26286
5369
59011
19052
34585
56575
42328
34172
53329
26535
5155
13477
13125
39585
5210
21235
53098
39962
53579
62524
36735
27040
32050
42700
20789
34663
2088
14697
17066
27218
23985
465
13752
17155
40047
62555
42977
43003
45215
13723
54056
2770
26673
45569
40335
26944
27400
37311
27439
34939
21581
21842
828
54209
37446
54223
17544
24962
8634
44170
30511
38568
307
51989
37792
17683
60177
14678
2988
3479
3093
18070
49070
43542
25611
24938
822
41113
15407
35689
25617
1044
41191
3365
40956
30243
885
31105
41079
43872
18624
49076
22706
56084
31163
57219
58524
18620
28469
4324
18517
15457
4208
41841
1725
1610
44360
4809
39334
44370
22066
25907
4557
55588
36552
31283
21637
8850
19233
44496
4973
23559
4813
16165
23293
31888
12218
44644
1515
44742
4785
56684
55749
56056
44856
26194
47610
47672
23936
32351
55801
6912
9138
29220
31676
2254
5136
56004
53586
7160
26581
37538
16565
19707
42530
19917
2087
32227
1946
45418
40054
56229
20167
50546
48693
50897
2276
10370
17216
45715
5214
32924
60251
5817
43059
25147
13746
43387
57157
43407
30590
43693
17756
46260
52056
55127
51227
17810
51590
6774
20927
55128
43774
18359
11193
6816
1458
31125
57204
21186
30848
57333
47326
17883
22555
6250
57407
52075
38904
25875
18094
55258
57504
25635
57411
39016
31066
18262
31071
33918
31012
7477
57872
18154
4002
49687
55022
44410
31134
39198
18320
22040
3928
46967
39244
55567
47032
39178
21911
7045
44538
22097
57880
59481
33957
49506
18629
34468
3961
8287
44415
31661
58088
47632
34350
42014
19009
31698
31842
58229
8018
22520
56220
8239
12992
42024
58318
2096
53082
28874
42279
26943
7941
8201
58573
8696
4644
16674
43047
29748
27277
45210
35245
59067
22951
8698
35351
22524
20038
8935
23208
56678
35620
17333
9820
51099
54154
20384
20298
43039
45710
20265
33152
38794
20596
17319
59570
43186
40997
23579
6019
35821
25287
33120
48878
22483
28244
33177
10732
49072
30641
46539
10694
41327
46611
28254
621
59787
24305
33710
49236
49247
33887
33939
3624
18293
33676
60501
60182
60570
39767
15676
60414
24592
31107
29152
47017
11168
4073
23893
44098
1867
25054
21945
49801
10749
9924
61473
47113
11742
60707
11924
34838
51608
49873
58484
61058
47329
61620
37510
50032
50040
47636
53467
11424
47703
61209
32664
55893
56380
48015
25358
22575
22784
35018
40147
38320
46623
48031
5167
42839
61287
40358
45701
49473
59302
48174
48087
38063
25994
