6329
16899
9956
850
8771
6303
4707
18443
18946
645
9705
35794
7440
4761
174
43242
8349
9089
11769
5319
8901
1163
8157
11798
13876
2457
36300
36715
25303
12003
17584
18715
19182
6090
683
2450
12115
15853
26301
53617
56016
11353
18754
62098
3843
51268
499
318
28808
14174
3216
45968
20182
53415
7093
251
364
10094
556
7181
6379
693
39327
1199
1400
1897
16732
1319
9045
51687
2317
9099
18516
120
4716
12072
8876
5930
539
27703
21116
24017
1525
7924
448
6134
4194
766
6837
35427
138
22253
4825
726
7134
16015
1228
430
4282
9270
6395
11487
36056
12731
3973
6656
708
3525
3258
2268
6146
3879
15988
2642
6997
1540
458
611
19314
3939
285
10995
40240
1671
2700
14171
37143
2483
2288
3775
2253
10686
8550
51891
13938
9395
18115
23983
2148
31822
4935
12578
45137
7641
3641
40186
12233
2055
6834
14620
2697
15452
4646
15967
5580
32317
19661
21193
2236
14995
65
5764
28460
47531
7938
737
8868
1052
21146
57580
3058
23427
4233
408
14901
7423
3639
9282
1381
27276
10081
273
5935
6074
2620
8478
56214
6206
834
8717
978
37378
163
21454
45796
3516
13518
2604
1492
4130
2939
1287
8592
40136
9405
13442
31908
1345
4865
11918
26528
49427
518
5720
1186
34399
11828
61196
2885
7905
37704
26627
764
31098
6648
6731
1607
22003
3931
8207
20382
2359
20826
6265
8327
8707
1185
2016
14272
2876
12035
8887
5620
3475
13617
3376
1542
16075
1791
14717
3247
37655
4110
1267
6153
26462
3203
61316
16703
5006
11130
10
1911
17693
3987
20224
1866
10568
16236
46460
3014
19992
10085
3710
1501
8784
981
26583
11630
6899
21428
12978
9335
6116
2719
38492
2979
5025
16591
2113
738
628
54709
8965
17018
315
12379
36230
5178
10567
22653
15859
10634
10428
37314
1390
4227
3236
40672
4534
843
8856
1255
27446
6044
13673
6130
18172
54954
17322
393
9985
28979
2067
8418
2053
5695
57983
36642
12979
866
25519
1020
296
950
59395
7584
7701
5637
1948
11584
3974
15078
22393
12558
84
29695
212
6043
1799
12610
2708
10998
26167
1325
6658
3354
17886
858
39595
5796
13177
22009
16535
18745
7284
2685
1958
44
27610
20393
1627
20721
8099
45696
33561
38899
312
16805
12435
3271
10565
52619
12939
2269
35082
4945
276
6261
62486
2791
6701
4802
23670
21531
22054
13021
3654
7951
31306
3292
6495
425
16923
41429
14562
8974
8617
24967
7547
49161
12947
11089
41424
9044
3609
15981
3169
7283
398
1951
28553
6568
14246
3193
6652
1469
13337
17288
42224
5503
11808
15336
21038
32655
2198
16190
5995
4300
6221
12243
659
8869
38609
39514
10939
49077
10086
982
30564
41552
5240
47803
1764
24876
14731
9485
14300
24617
10444
162
19
14290
30876
37050
840
36164
47902
33558
16951
392
12423
28454
2026
11034
8344
36340
250
32041
8932
15514
19807
57840
11454
21893
20754
2957
496
21820
7437
1688
41380
898
31936
12760
3861
4254
7541
28195
1959
13195
42688
25989
27879
52807
5624
14498
6104
26252
54331
3328
18308
14561
8597
1365
56211
380
881
24320
4100
2993
8968
10994
4781
4776
3133
8534
55117
31555
16308
23961
29792
9889
59080
3425
12439
44289
43962
5266
5712
1339
5560
60
54530
1963
6735
21856
7744
6758
36383
2380
886
1840
14451
9062
2986
52073
12975
5634
3852
8149
36579
12552
24867
2154
8195
24547
10325
10897
49761
13663
10638
2503
6802
1467
4177
5285
2755
2672
54835
4457
30322
2704
6999
35866
1732
54638
36364
2353
3146
8678
1804
7156
36324
15776
7832
1407
8951
11068
15476
25381
36619
11553
10459
6826
36036
5438
13330
3907
50920
41511
5920
2860
2627
50398
2958
1628
19523
25165
24719
15119
26196
4164
1210
33408
19999
18378
10761
38100
61414
3653
11954
54738
917
43497
3853
36840
20
53548
2306
7056
25711
41216
2596
16644
17844
3977
7822
18338
2431
4086
713
2912
14861
4737
1855
36671
43077
606
56799
17531
10797
47183
1204
9122
37131
3371
3042
4885
14892
9162
3720
5825
33
1314
18890
12467
7004
7522
5932
1248
19654
1226
40463
390
58668
20006
9818
49056
1430
7606
7714
4708
5195
7230
21101
5788
33635
2221
54293
33815
3896
48538
2357
23457
14728
2343
2675
449
55135
50167
9630
45734
3994
10469
25099
31647
4322
23965
6590
4519
9993
46990
16602
58731
8755
8627
2086
36279
11020
994
1722
4350
7340
2440
7152
26386
2250
10963
58404
57172
3514
2586
3691
596
23817
30413
4011
42998
32464
48911
1755
888
7025
7116
8538
5162
2239
2980
20509
2310
11564
11468
27207
229
3414
39184
19565
59786
249
9141
26047
56093
15762
18107
50506
9418
17099
825
110
1694
48306
6463
6350
14786
7557
40797
24537
2494
8150
10169
4241
56952
19583
59948
5157
6710
8601
2034
8813
24766
52266
10829
13247
8782
1104
30007
8858
1176
2228
49122
44040
12247
36561
9093
7490
7524
11365
4145
4017
1620
7170
4217
21639
17471
61846
1756
36798
10027
56738
10284
4493
6609
9596
38402
40245
33004
8309
6793
33317
262
16981
28889
57709
16000
19861
5171
57273
1773
142
4474
58503
15932
8952
13489
1205
58954
7468
10342
3105
7569
453
9232
2711
13711
14144
41676
6282
51200
11077
15693
2921
12296
58871
29145
26430
42505
441
60194
8506
7803
14690
5786
6713
21512
49023
58461
4861
19220
38574
33651
10315
37450
23885
19766
55073
12771
16784
4872
3859
5578
13978
4481
22
684
9308
53207
329
23453
33126
43824
41589
29629
31104
19892
24965
7210
11375
42370
7593
31022
40724
25488
61948
35447
1955
3898
37205
2162
25602
60531
52243
19138
45209
21588
4821
10622
25538
10624
15857
31671
8475
2443
18994
9021
42309
624
8943
1937
59971
805
3707
19994
2882
42915
5913
28526
11661
31843
31364
8016
14218
13394
40935
35303
15871
28197
2974
7946
54854
12834
6690
30770
9796
10920
20000
18105
53826
10011
54017
25933
4817
10300
574
11980
6778
6902
52515
23039
55366
10731
4146
5575
8031
4330
676
16638
4984
44669
23096
18796
14409
682
7508
10053
1638
3033
25406
28592
12535
28486
8316
27901
44200
2393
5188
25803
2459
2479
4787
31099
32144
13231
3255
17751
7455
47740
51708
22746
15864
32725
4749
8808
51833
9489
50025
3419
20275
26600
36334
17334
1389
14579
9376
847
41127
10019
7186
17580
20175
24220
7213
34227
4165
53476
12028
32959
18980
4697
15886
15892
19329
19347
36081
6239
27026
6072
41695
20041
47998
11975
580
47142
19664
13603
19390
28119
6541
39265
975
31352
16736
909
13541
42774
55895
31480
14984
12014
15148
7616
2070
15747
50152
15199
12537
2245
9030
57238
5921
49625
38958
51360
945
2622
23622
60144
9728
1845
20955
13682
2182
1317
19064
5689
40670
34830
33945
52397
55
35016
20376
17443
14503
19715
23910
33009
26674
43329
8199
8891
3572
20330
27706
32708
3947
56778
52212
17230
7673
1820
3659
11099
21993
49305
13222
21423
33482
7712
20918
6349
1439
44837
8830
50652
5223
52145
5329
31999
4175
27626
7871
6098
1041
58144
44983
23929
12699
19702
1543
4543
22538
36980
2720
52958
10566
53737
1337
18749
8749
607
1418
12540
13264
21099
6566
41606
1075
19171
1001
18390
55295
48804
951
45208
14078
42892
13521
47316
55374
32739
19655
60818
29631
3875
56047
19326
16254
300
44939
339
13027
42276
42572
19297
43943
10422
54084
4766
528
14967
2616
337
29764
24735
20518
10403
32141
2106
46479
12572
11482
5807
4567
11845
31693
57118
28449
6164
5450
1999
31059
5235
14287
11757
11910
6075
10251
9573
5085
16185
15893
18867
54137
9217
16175
49417
23519
4491
23011
14746
807
17686
50733
7568
12313
4983
35448
422
3491
52662
1403
20243
7372
10879
54667
3978
25497
27819
6460
10906
4188
24152
15800
1561
59061
40039
1392
19146
25055
40948
9438
7591
28589
52274
8967
25523
9894
60235
5307
396
50512
22628
50677
8582
10270
15610
2815
39093
5987
21172
43278
20246
2219
13474
3986
2124
9140
2542
17945
39204
34188
9767
10952
1277
3431
16084
27523
40363
8319
11583
42139
3693
32384
41798
8227
20981
2174
1747
2019
27259
17073
12198
1409
33409
4615
13002
3135
52285
10346
47713
54118
26463
2410
19839
10478
53852
13105
20340
31166
17106
14495
27752
15842
23401
6424
43111
14244
1906
13305
5340
1238
59667
59597
51153
3765
38480
24695
35838
60943
22818
50389
14100
16670
40803
42849
15011
22814
7125
20365
6355
39446
32693
6290
12871
33359
9436
475
33430
61123
4801
42978
11336
3757
8836
12953
42233
53093
16406
47924
3426
550
59255
52543
37320
6653
9808
9918
715
38463
7071
11663
1308
4447
5031
35256
53363
2554
7256
4078
920
21974
1022
60008
2821
53370
12308
9110
22982
23215
17508
8560
37709
3857
23121
7500
29032
81
31549
8490
32527
33553
4722
48053
17194
58921
13839
6285
486
9306
6375
18740
30071
34449
20895
57349
47201
27800
24571
7077
47476
459
12406
16389
650
1875
10898
12457
3711
53653
960
23071
31876
1406
12886
45638
17460
20178
13385
7305
39579
47315
27985
1080
17730
52540
12215
10265
56777
42060
46219
2093
25939
7375
52508
50445
54448
3742
878
16340
14791
17639
2118
96
2017
31937
10959
8909
436
13630
53039
2387
26611
1795
61546
13355
8793
3535
9291
204
8398
26640
2123
2557
13399
29024
2136
26035
7034
1320
20844
60587
11973
4285
14060
20149
52234
29864
37351
27582
45685
10430
1051
17687
19322
30783
39556
1098
3137
8010
21984
1745
18
9440
7777
6760
1417
25183
56504
9473
9447
18728
3634
29478
1769
240
17684
9437
28673
16107
59240
2135
43799
29120
3638
8013
53956
44326
26203
26435
2218
13789
55963
5875
47659
16396
49370
4849
5591
61240
961
14459
12541
27029
30277
10418
7299
159
52172
18766
49964
22303
60972
16634
15522
42248
1749
39261
4386
42821
36985
44188
34873
29362
2701
22741
9900
3569
15221
35925
16205
30141
15965
17983
13919
14390
5231
16619
22902
11
1696
4472
32720
13811
44291
13942
7410
6070
44342
36595
21760
54353
36992
2750
8654
6354
826
10364
10937
11085
19850
2392
2278
8487
54281
28017
9965
52610
49695
8489
54558
28184
6597
42890
11949
32309
42425
22020
43001
19825
12276
1092
16315
16419
16559
4577
14521
26948
61742
45536
18843
7755
30139
5096
1578
21164
61
14970
19823
5008
19550
3619
53105
9922
25655
15656
3689
17560
33363
17757
46132
2819
10199
61932
8604
50211
10688
1987
46667
11633
21128
51621
2315
29197
49858
11124
2802
5337
4539
29516
41989
61507
6950
18128
4178
27445
1301
9183
62268
22100
3612
30968
11703
19301
21860
9879
6491
58141
35911
17033
5
40848
19657
25370
44092
196
45164
59319
26588
12202
19349
38864
27753
25544
1009
10513
10288
188
10598
31504
4139
20939
26027
3406
12567
25995
18963
8894
29833
16545
11887
2189
7108
59825
9127
217
14582
7982
26657
21468
5326
17474
15170
19683
808
52639
4726
4216
61751
25757
2903
1014
22364
42001
8908
1216
32895
8661
5322
15998
14675
44947
7367
45347
14703
23319
57658
18599
7578
34511
7769
25821
20938
3456
7846
52704
9344
2771
7261
14868
5124
15274
19086
20498
36941
19030
59762
203
6165
24580
3915
43074
11509
52602
16589
31308
19334
46946
51013
2122
61020
39481
27475
8659
60613
46993
965
56147
43663
1033
13921
10602
10699
14688
5892
37354
15646
35103
51342
10864
34120
133
25747
45161
20768
12250
7161
58902
6550
2956
11406
11582
38634
21562
9955
11213
23455
15109
3128
17053
32357
59051
17950
15345
30167
2687
17075
57191
27099
29121
11627
10157
199
13101
3626
47033
16804
3125
3399
21970
7298
209
60206
7314
24713
13543
7479
61281
44142
13505
6930
53917
19974
17997
5469
581
12793
838
54580
21171
16212
60261
27776
36922
6003
58098
9469
824
593
12724
29649
16838
11660
43313
47180
1359
20811
16474
2111
21453
4166
23429
8282
34032
6584
13773
59540
8208
24696
39414
24544
479
46243
40291
4656
42820
33397
39540
16848
8334
43078
40031
7598
6486
21406
3776
1213
18906
367
18903
5135
9737
8145
9178
20576
8113
7175
5515
40565
41295
1890
21696
14676
15333
17819
52380
4093
19456
2880
19386
35148
14599
19719
35571
10489
2309
2207
4461
7529
10691
42486
20886
6800
10673
26661
6169
27691
10747
42850
4621
24941
14750
4794
4736
14344
4574
6500
3696
46406
10894
49949
42341
9660
2874
7807
8562
18687
22440
9
28237
50343
20562
27658
17537
1509
44258
40401
15096
2430
6718
26279
49331
34609
51334
3967
7877
7402
16450
8816
7219
49459
31594
31510
3420
3560
26466
25050
48284
51733
3537
26751
10491
38896
29397
7685
14279
22770
32164
4055
29993
46508
16286
10047
56345
33002
11250
33035
15374
5896
44020
42707
23984
30937
1388
4080
13800
13390
54369
5877
16928
17057
1197
11240
23112
13216
25936
27608
19534
7197
8139
3182
19569
14494
1579
41653
10636
24750
349
4586
48195
56452
21865
29402
41840
26849
55046
6222
49232
4190
35966
14363
27244
56204
9639
44540
20291
6743
6914
24841
25642
6262
5622
42894
20654
52279
5756
3681
36147
46349
10125
7887
2217
5657
35776
15348
23315
33473
7496
19251
45807
5236
15072
15937
2419
1563
2606
58527
21569
30894
13535
24217
2693
1151
1145
2706
4048
37507
34612
10737
62415
5489
10863
32467
22110
6949
7321
53809
11814
20103
38501
10903
6797
48550
11332
25660
35987
1690
16177
757
47868
3307
16191
11515
49649
1668
59403
7166
30232
11878
3438
2147
1812
4212
12129
42660
25802
31122
52587
28025
12007
17260
7464
21573
22540
11728
16508
43107
31998
17366
17153
4522
14169
3
18435
4101
40057
29208
4134
13116
22506
10354
58491
8448
7551
16422
59566
59380
22776
7789
62577
5625
25041
9535
20966
23341
38413
3704
13733
48343
28281
4671
4627
58920
16871
6859
25568
30754
57121
1991
19273
11844
23593
13899
17594
30495
60065
31026
17100
45156
4172
45862
57782
26102
11964
20617
14215
25984
11444
21162
779
39066
594
1155
9568
15960
26394
3597
41788
40353
5362
40388
899
19653
29712
16226
13012
26596
24131
10083
20482
18581
8042
13939
51094
6168
47375
10177
8071
38515
3204
14551
30202
44595
8591
4066
16504
50784
15632
25918
50669
15569
38933
2989
10496
24391
42277
57820
15749
5177
206
5584
27712
47486
13092
6256
55817
786
12070
27704
36149
45044
42534
3882
8368
9704
15829
11648
40288
22379
7041
33972
3064
45979
5486
1133
16555
12415
46335
10129
35240
27109
16791
37926
57281
12150
2937
44145
12200
18872
6622
22524
57589
29793
4665
30058
16961
35858
53775
21780
27332
12596
35927
12818
41340
9723
28403
4441
17758
22346
21818
31388
52588
6423
51318
1004
36478
29296
46197
45834
12564
507
8699
7207
31514
49716
31785
5962
18399
13771
52196
32076
8956
12375
32339
882
32173
9359
22854
472
61107
6293
2271
7527
41894
14153
20783
60424
43991
2773
38732
11601
55342
28217
23744
41562
14553
7254
4619
6906
50552
62173
26473
26400
31407
26606
41780
31170
1523
24202
42388
20289
11262
35156
20746
18305
1554
27221
26995
39941
46222
8568
29995
52407
3515
56780
15718
5559
40663
43370
5757
22824
40639
60390
47145
27642
35014
58063
33386
8554
23393
30928
31525
49993
18258
38481
27834
16266
2448
28727
5316
28333
17962
58101
33279
37227
48022
61126
12839
8838
9740
11216
28973
14210
51033
6087
17930
22795
29070
40026
42829
34175
51380
9655
3123
23034
28188
2905
59265
46385
15951
21310
16958
17892
46015
35262
52634
17385
35743
37967
6636
38
40690
38025
17996
2058
38195
44195
53131
43470
44033
46922
2234
27052
28170
558
44516
30814
52972
28390
18427
60610
365
18535
24480
11344
758
7878
7658
30442
33268
4591
60558
20977
44064
33679
28837
14089
13263
18507
42039
22997
22893
25286
31605
4157
39189
36826
39745
39862
14951
17947
6368
1283
32225
25689
1440
1943
19556
29997
29891
19786
287
26210
43637
419
16828
33427
28834
5336
7852
56735
61470
41507
9297
22445
3674
33944
34147
12191
17034
44624
4140
3815
18303
47888
8023
2286
5554
45627
665
10209
31788
2418
23211
10541
23365
21541
17799
30049
21757
58384
89
23833
10151
869
52514
19180
10853
33471
23783
43309
12634
30812
27792
16128
28118
4744
7883
1637
36136
26623
29102
271
25618
9027
56824
29211
15941
53344
31309
23113
8930
11246
3312
20633
33414
13395
8852
23406
19293
37084
61621
44562
23594
14386
47804
45075
35094
17653
18416
19558
51019
15969
14468
23479
32978
3808
24082
8998
83
16069
51779
9177
24343
20136
6219
3868
18103
2699
6330
16219
28294
61928
26550
52158
8556
54384
6053
41590
27116
36022
23
40923
98
36397
35643
49633
49956
40688
13931
23361
56450
16976
26454
109
29113
234
3601
23108
21219
8641
23655
47613
42293
2252
11976
11525
2664
32878
36716
39851
53947
4063
50760
24142
2335
32563
10716
21806
61382
27222
61386
24697
35655
16789
38322
33262
11941
52000
11752
22325
12239
56723
947
43650
46353
4507
43405
38552
17131
4542
36325
33766
33634
4030
1172
8738
44461
22751
29679
13427
10772
21732
32898
50109
59519
403
47192
100
3337
42056
3332
1862
19585
14865
28169
40399
13759
22689
43422
8874
14612
7483
2125
7382
43512
18565
21117
22993
24279
28778
43327
13201
33015
24959
8009
6308
40767
5988
16428
58662
31138
25489
3778
43759
19539
27241
49192
44181
583
36535
6536
32733
1297
14943
49891
60289
34843
44313
44829
3401
202
27352
2861
7853
13400
59960
10927
25771
37232
27869
50281
35019
17738
62511
35368
47995
20101
38011
10818
32603
28788
37276
30895
51782
5108
51791
45478
704
25117
6314
5100
678
45840
1877
40584
60708
40976
21106
51325
45833
31446
46139
12950
46420
23623
45923
30272
5889
34239
15184
13086
2769
16614
39074
32177
2629
57565
2282
18065
34312
14369
40675
1785
20212
44809
24702
27974
39720
39690
34467
4856
15609
12368
14872
59233
8048
20896
23055
37990
4847
7392
47844
19761
12932
12671
29037
56871
1326
9848
40614
11357
20559
33512
38416
11054
27422
3937
13210
695
13392
18387
54830
11683
7374
38623
4541
11906
55203
4109
5960
34706
34698
46944
2077
10257
6103
38964
58696
10868
17480
12714
61206
34636
61113
25445
2710
37215
12188
55773
58641
2238
5642
62016
52669
6037
56641
56466
31222
8789
1003
5117
50084
14362
40079
8221
21898
42889
10311
3499
12784
50452
7324
2929
27613
26866
1358
7054
31223
2968
13928
23998
43196
50761
43378
46280
15061
15396
16719
27623
27671
1857
27319
2150
10014
48473
3477
5308
11488
46378
36084
60722
11264
36568
29842
60935
9202
57253
9641
39149
6405
52321
26213
2021
2145
18461
47211
5557
60727
11996
13038
931
17691
3669
17879
3029
6404
14225
31009
42879
2621
62096
3147
8123
53695
6062
8234
3921
12459
37810
52969
51028
46785
8536
8669
13134
40547
8378
21450
22452
46112
38200
16231
26022
48028
31668
6645
156
50647
31401
45602
13776
45460
28048
56598
37005
4353
29690
59789
50997
38862
9149
53897
9804
14605
40836
1485
53943
11266
32492
41336
58130
464
3511
34545
6611
51603
35679
54402
54528
10535
34559
13046
49758
27249
47270
3567
52667
17925
42158
49799
29721
37324
4036
5752
29788
24895
30963
45215
35695
15251
4094
22019
21930
45454
31370
20690
1355
43216
9456
25417
34030
11558
40089
40949
53539
57187
42839
53980
19785
26452
30639
25800
7596
195
3000
11331
41643
26480
18231
21508
16453
53882
10028
30733
30502
30359
5929
23511
57730
14141
1739
22375
15977
344
23717
32873
7317
34057
16466
11678
26686
37118
19966
51426
35814
23630
21459
40173
24974
61784
23810
8172
31450
6897
40660
16577
50186
964
600
941
26155
42887
2445
17287
5650
10420
20093
16581
7955
3121
19098
4554
36282
6522
33365
18860
6365
58739
55951
18379
28252
9158
1767
7763
39278
62167
6951
15825
14285
8405
16133
11578
56950
20503
51438
41882
11714
14832
29316
13245
27271
26765
44206
10038
53873
21637
6923
23815
30687
46301
34893
2018
13206
1674
20392
18216
54114
5082
29401
54927
34489
52994
9386
1797
4962
32301
14212
18428
27643
52792
16116
44970
42477
3623
31686
36042
50657
2371
2491
25139
50887
22261
43064
61063
14695
4331
11018
20818
2477
19472
41480
59095
6372
43441
21533
36029
5005
32590
15654
43870
44235
15310
23946
27046
37159
12148
48769
37467
37236
54626
23603
18888
35798
14880
16047
26444
29500
15319
42073
4743
18718
248
39603
25042
19177
23491
31571
40168
20584
3411
35958
3729
5732
15822
3190
10046
21372
23867
31482
39248
17719
10758
12959
32350
27796
49671
34225
17151
30090
38682
14541
38859
2175
12864
28133
587
12329
23551
829
29242
1203
12284
57065
49150
50884
33674
4595
17241
1420
31058
35736
15548
33484
32900
1410
3071
12598
10385
51177
54199
15017
9721
37347
49731
21532
1550
19536
11753
35896
39863
4907
1872
1650
2066
10974
36483
38749
748
2211
231
3156
12145
17058
8680
18072
35009
2159
605
19837
6187
46025
31108
10798
51006
17977
8428
14936
8453
18782
4818
51308
13705
19107
61980
31171
27538
35550
59570
2818
6956
54486
23288
60152
51241
42476
17605
13008
34309
42372
40530
6660
35930
1666
3227
32018
19744
16344
47702
3272
54874
38761
32596
36805
37086
34633
3330
15540
52723
18093
3554
13840
12041
15725
11371
13797
22161
18294
20118
62519
14162
13226
26853
8673
61860
3589
11898
58161
15497
47601
12392
52399
53746
46419
23722
9799
50820
10143
59362
28926
26032
21119
60598
8164
48213
62079
24471
6470
35624
12859
44192
36275
28402
11795
28958
27190
16590
13934
43806
27717
38435
26893
10720
30282
54925
9034
62145
34384
24364
34213
10612
54769
30401
23582
11282
4897
6
55314
17553
15423
8715
9462
4900
19795
34696
17883
62471
40718
3586
16057
5281
29140
39111
29844
43433
20613
20558
16055
53154
58343
50870
9537
8289
20414
31043
35180
41680
598
18039
18013
41501
29998
18334
19282
30374
43635
2772
3822
21041
23729
40066
46599
32037
61109
33999
19917
26553
35834
51229
48873
38386
10523
17299
1493
10875
41109
12586
15796
31486
24760
25791
34468
20686
52104
5204
5115
47860
13580
35394
41523
50329
46111
21724
50583
37133
45243
21352
39645
2807
22688
22410
23214
18104
37019
2115
49158
6348
5334
11742
17102
5454
42218
30302
1735
1741
37923
23938
15190
1768
33007
12515
24060
49440
12655
32555
1399
31125
38077
42801
56478
18275
34458
9614
4833
14255
39294
61522
27518
10228
3210
16996
25704
41434
6804
52332
37149
3487
4051
46077
33123
52800
25261
3177
26028
2413
60721
26637
37081
62290
13636
60945
26362
31911
41980
24926
28010
15670
20262
24490
6689
4502
22267
60692
1901
37865
19584
53582
15812
34076
48573
7682
9559
58615
44612
12773
20277
13891
21425
3854
12337
38163
12093
52759
32359
13326
20281
32624
30598
26663
55783
49362
61707
1096
4259
10136
27291
8466
22612
10406
26259
13368
17267
37042
47277
51247
23465
20706
22635
14373
24562
54349
25220
24359
10582
7976
45544
40997
16392
16118
54247
25391
59571
45695
41915
3386
16513
8201
111
43568
15801
22885
4382
52412
22366
30129
17179
11450
53018
3295
9349
26827
28718
50792
30082
36297
9303
5387
36238
24108
27405
44515
51280
15157
2447
27245
20595
27323
22291
28586
5687
9478
16224
42687
45160
23663
51525
35005
5754
16475
60948
60465
29628
10374
22985
37524
87
17842
1038
23152
46756
57312
28074
18589
41411
27849
10762
25622
48074
35734
12310
30109
10441
11880
54481
6732
35869
5831
35938
13001
28779
15236
1673
40538
37958
10854
30747
10697
50391
23964
39244
31013
50155
24033
13886
2540
23339
16182
13137
15708
44629
13565
13128
25674
32894
4823
42254
1766
52738
48931
15311
21595
49070
34445
46973
23409
13376
29600
25970
26434
24361
31358
37031
17489
20609
31505
688
47150
21976
39679
14552
32554
26754
23652
34201
47587
54932
61614
8112
14207
20319
45584
37051
22297
8410
12050
45752
33708
672
55141
6232
19115
8911
14262
32459
18905
52110
13243
25857
28775
61838
29184
44015
26092
48477
44212
8660
13507
24741
15411
29531
15257
21644
3536
153
3039
1729
9503
38797
23127
24993
5473
17756
26892
27859
24607
53691
32344
20496
40765
14441
632
61712
26974
50975
19832
3833
2260
23440
19018
13721
16407
25612
54045
3897
45006
26932
14404
26891
24815
4174
29632
47422
54052
33872
13254
28895
26370
46110
38628
16544
10692
48115
10262
46021
32352
59384
27278
22881
22691
5618
57568
26136
10388
54465
10516
7006
22548
517
39735
7100
33107
48658
53132
44445
17555
5073
9377
46664
62131
17032
34857
10391
6632
366
51201
3116
15406
1044
33566
20507
58791
40842
54070
37501
51989
681
10208
6864
31310
24204
55921
49866
60825
13722
43598
51330
31673
27071
904
5853
12990
11946
30799
61845
16565
5746
59397
31084
29368
6276
18600
36542
50266
25736
16629
39084
3928
1421
40435
59795
11935
55758
1495
18945
53197
20192
3028
13017
17786
6370
39185
19123
35441
53731
51061
959
31342
15891
16189
22181
1876
2767
37020
9214
26788
32846
25812
7488
7625
29274
56620
13757
18120
36229
58383
11763
19891
13323
7690
29528
37398
38324
60639
724
56646
52182
26232
50086
48015
2469
40201
36644
3497
48042
14937
31046
52529
4297
40746
30559
2045
2248
13432
3032
38697
57453
5963
50697
25653
52405
41297
15484
61655
46448
20751
45664
12543
53512
36045
976
19764
39899
49228
28037
21121
41611
24869
43693
8979
57714
43565
22968
33216
15730
39700
42012
3718
32423
35848
19965
9841
41089
50378
21687
56041
53804
31353
4081
3614
10187
22178
28035
48730
28552
7941
10264
52312
9468
44554
42715
22631
54686
10529
2686
33882
10705
42864
36026
26318
10525
44962
44940
44934
27287
61586
24404
33415
17704
16630
22850
48307
20951
23896
16989
43088
21148
38036
15973
34011
20821
59993
34096
4909
41666
45400
16900
22922
5019
41358
29238
1029
55698
8561
22996
23279
22039
19632
36053
23311
40624
18664
24938
11746
46251
22427
47693
59181
11347
30025
16360
21079
29905
20278
7605
52506
33653
7294
44236
54479
37539
30525
12466
37297
51020
57689
49236
29342
35181
14445
12534
57547
61579
19746
45296
18700
62455
24991
19230
44689
60330
8706
38211
15247
31144
1143
1086
6992
19248
46957
53469
7090
39199
43389
49493
29936
54047
43653
19133
29808
47115
19289
19009
23223
13415
62206
51403
1532
46337
21830
1829
49867
25906
19411
31554
13875
20010
7939
9454
42853
13100
30712
32801
3538
43291
61234
24908
5957
16974
26428
30406
7923
59491
38203
56963
56997
7600
57060
8580
44803
20248
30773
53194
2523
8174
15091
8779
25635
25346
61759
45364
36586
31027
47428
6289
62480
30243
5817
38514
26426
13405
46186
62328
20600
25969
13084
49720
14140
10402
2952
9460
4997
36771
9095
58320
41086
19253
11302
31910
32333
9746
11173
25740
56790
9813
21899
1758
22478
14079
27602
44798
1831
41276
46206
42851
10048
39738
34118
26387
14339
16033
387
3479
5155
6417
13836
57617
22233
48891
21429
39772
59059
42129
3713
41610
50316
39590
45199
41381
55259
34957
49072
46996
343
49351
53098
56359
17213
38657
34791
40732
47625
10739
40532
35260
24345
22684
8158
16525
2460
7957
20722
40442
10408
49811
23346
8170
38610
19545
2820
50132
27074
13723
40735
3784
17290
33808
46085
56250
35628
56614
43003
46291
41037
17683
48944
58548
33821
41268
41465
17797
28233
23558
25677
46279
41855
42872
17419
11341
49322
28352
5041
45218
13091
41768
780
47170
50893
30009
218
13943
28327
50752
55044
25703
53291
41913
7473
56589
47593
45381
576
51596
21929
13037
58190
33016
27673
28099
37061
24513
29887
39473
42791
37379
38620
6775
60496
19851
26666
39154
52260
50052
25781
25061
39206
43191
19245
2906
17499
4
23659
50631
2873
41349
20876
33939
25274
37447
19553
19555
25475
45416
38369
11801
15999
31465
35946
13712
49471
7310
7948
13477
43524
5606
60850
1973
35171
43978
59630
54710
48937
24422
29187
12557
15620
45981
21215
41811
7478
6049
14646
38860
49478
45901
60476
27486
44412
5345
32820
1144
54155
18999
40869
32151
8850
45063
36957
49843
6057
37755
61840
19821
44555
54243
32602
23102
15417
24541
30935
4926
39198
50541
30941
38197
4852
21103
39723
33539
25147
25762
45502
46553
18719
18073
19303
33243
38602
26935
30741
18517
46627
24590
13469
42098
45176
1434
15585
55127
43420
27537
58764
47080
50584
3629
40376
27351
21250
57159
12427
27566
41841
22496
62393
2328
26049
1850
10888
49313
32025
36298
46103
7958
35261
40469
61364
39078
22308
54111
885
51545
33039
62111
25203
28593
2235
23209
34495
58252
59969
28279
27485
31893
57928
11924
12216
33785
41450
60113
22944
50053
43575
62226
35231
41783
36603
39845
29088
29101
35412
49058
52186
60505
40269
27621
60661
51000
23606
26701
27669
30006
47066
11591
25334
38920
19954
17795
31453
47072
36666
61679
29604
8634
5368
59374
40659
55599
13316
22151
23960
10299
61390
37111
29514
19692
39427
24462
47733
42478
22726
14090
39101
27839
28709
18369
43089
14528
58192
283
3721
34048
41188
58169
36417
34614
29220
34341
16635
43076
18465
16476
18455
41514
18582
27232
56152
39965
376
33108
60263
57897
30620
56307
7954
15712
36453
30392
48878
48933
15772
26566
28416
37067
43622
15944
26194
19566
15529
45583
59165
46885
38873
11915
42700
44410
57160
5448
39532
51169
42546
3676
44107
19826
25394
8
1918
25946
14710
14106
25949
7599
20144
45935
9937
61730
20927
36813
5992
26288
58294
26831
60172
38387
23770
33358
895
60177
27419
58649
2988
13389
21611
13109
60854
54901
1477
28853
58767
17098
51376
61093
15407
39224
44026
2786
30852
25318
51225
33208
58945
59155
26883
19452
17352
32653
36219
61238
44429
32217
49694
307
53586
39262
59134
5463
44370
40734
60570
44656
23936
30669
3556
7065
44360
57471
46250
27654
24636
51573
59622
9880
45077
28376
44386
38236
27524
33103
5813
41327
50539
24349
6528
41377
60148
44742
7952
2110
131
23208
20979
8068
45657
50508
23501
45814
3062
11937
52624
28080
3223
41299
5571
40876
44156
6912
37566
47566
39065
53009
11501
28825
17268
20208
52740
56935
52889
5106
1575
17148
17558
15626
26930
49526
53169
17066
20055
28652
19505
23216
16959
19196
17327
49687
34806
38102
7253
46095
28541
26433
57674
9846
48106
53884
28668
35351
7309
29209
46369
55544
3304
18019
46350
23620
27998
48280
38274
22520
23132
27692
38135
35446
14678
26673
42369
12873
43416
33675
9464
397
12683
29935
12104
27580
62130
18179
57816
36065
30230
52261
42108
37586
20018
4022
49013
23970
40650
39071
59567
50571
29597
56741
52324
52653
19866
15320
12819
29994
52341
36097
29951
49221
16687
28956
36266
8459
40942
49551
17229
39583
14584
32502
17575
49857
47835
15907
36944
41890
17643
55754
49715
28359
76
31441
61058
1728
3561
22472
36948
41906
31786
9563
48098
25659
16222
56011
52281
43576
46847
40729
42485
50380
16623
40622
56342
8351
1990
8287
2617
54019
25920
37446
15273
12896
32489
62502
33659
50896
62052
43129
58247
13090
19267
29390
24694
32278
29339
4934
21066
58807
28582
44179
15470
25142
20406
11050
26613
28254
27532
6703
20935
36680
14771
25156
50112
15067
47038
15241
14737
3513
97
48352
55543
3078
57822
1765
51959
17901
55801
33543
29131
57638
36978
54073
7538
61940
56127
10380
53768
3552
7892
28601
26690
20167
37929
52393
15203
41003
27433
20032
5125
24532
39517
34233
58304
19112
44914
9091
19124
51218
6038
22508
13053
46568
40400
16977
3027
19521
59067
15380
5136
28874
28290
25855
51482
13798
26530
21426
24065
233
61259
17796
21325
25994
30696
17658
23712
25377
37820
46975
54335
34809
15676
57333
12212
59787
9649
8118
61066
3148
31037
31260
16760
1996
50582
31572
6019
33069
62389
37963
2088
54555
14863
36571
19172
2381
10635
27895
35531
47591
54743
25907
33443
20038
30572
60319
61600
31841
4483
22652
53923
24543
31661
31888
62468
33918
19533
60685
36962
4751
7297
21363
33376
12210
52334
53878
1118
25998
17427
27534
13510
45319
3117
19573
53963
53669
6092
11516
30957
5056
59236
16146
13870
55875
49036
33104
7670
36506
24013
29152
49295
20596
47507
49183
10336
53883
41366
16330
41640
23609
31147
47680
16607
49335
5449
16537
56520
22439
9415
30778
32736
34793
13125
16867
5538
47329
14576
25087
45888
61906
26944
43163
22575
41635
37037
41722
48215
8401
29479
40279
43176
1303
49561
3970
13034
33575
19442
36075
62310
1529
24978
36015
30021
38482
24558
43971
50377
55586
25623
16058
12666
16136
38317
38375
39016
11717
30449
7365
28791
38665
3444
18154
39631
42977
43151
16003
28238
39784
9565
47672
42504
50927
42779
16556
40559
62004
56569
13555
22941
58704
1946
24474
1449
33096
13229
44255
38968
58396
21235
41785
45039
41831
33927
11168
55509
58901
57005
59092
10938
37494
51852
42307
25255
15357
26535
49002
58962
5004
34677
39852
9138
23350
62332
6209
52176
51802
36302
19816
3465
59340
46169
17541
44495
52706
12992
40115
27338
50546
11993
31436
57844
25545
46260
22704
60063
47610
1868
34798
19894
44467
30603
20315
49414
236
59194
13954
4059
14983
34172
10054
2087
40536
34705
60366
46585
28134
14474
18176
1833
62012
18949
27860
2551
50146
16931
10490
53579
29828
58666
37506
10948
6774
60569
28438
37906
51765
53830
55489
40723
2349
4813
41367
47261
60947
4691
1207
16731
3136
46742
24447
32913
31473
4248
24854
8696
33177
55588
36496
54183
1590
1298
49367
1715
54301
54056
56331
54209
17284
56234
38649
26495
41770
33152
5504
49420
62492
42137
3837
54585
36552
19792
16411
29614
18320
3744
57917
36727
54661
1847
47928
56291
227
29099
30105
30821
29832
36850
12167
54713
554
42178
17810
28833
12388
12500
37413
34794
46981
22156
20535
62104
8518
42806
55308
29297
18679
36624
4826
22908
48437
4557
39799
4246
18629
51487
60440
9322
6607
4468
62349
19116
52137
7126
1819
53650
26175
15316
30372
60564
49194
4585
55904
25054
4728
2660
44197
36598
54042
47632
16916
38446
13335
35827
41660
43492
32717
49473
21430
33974
35955
23592
21357
54682
16184
47983
9610
56245
4087
16150
19707
1957
40517
61161
38904
50117
54960
48348
26124
14033
58467
25864
12051
43748
16605
20265
31728
24505
48165
8286
42553
60131
15204
15258
19173
27646
8704
12695
32835
43980
23890
39451
6373
45528
30682
35336
20298
60429
20532
27896
44496
8966
52188
5167
29236
33912
57200
26184
11534
62285
10617
57504
62461
2951
20852
40250
57880
49808
39937
19229
39220
17968
38879
47547
37278
8269
11899
1835
58088
39512
60251
45236
39283
31134
36141
49815
49862
23625
42025
5233
45434
85
45361
28021
52433
59377
33026
32351
9878
50130
58278
610
22097
21615
55759
60197
23607
17210
42861
2276
36807
27188
8239
2588
30742
11058
27989
52346
52236
6250
18847
11231
46447
9184
49465
4746
26361
17323
38622
52725
24458
18940
16449
9225
18122
41945
18407
22175
38063
32893
15831
52990
42558
1699
53317
37646
55258
62015
7570
60009
54930
60043
41113
25317
17926
4475
53441
2370
32355
10150
18024
30717
22846
18287
37517
7248
20099
21791
19915
6394
45781
22485
18826
23837
47572
59277
12852
10358
41524
59393
10464
28317
8388
18699
38940
10749
44575
18673
52649
57981
20749
4824
28826
15541
44969
4922
11424
39328
42586
3003
61620
61105
42644
5210
11412
19901
61350
27567
3220
24727
45589
59564
4973
40937
32677
2072
29049
52970
59815
58263
30874
37707
37900
19769
16712
37741
32684
28192
5543
3196
38586
21756
55281
61635
50745
7678
34276
14707
54160
10741
43289
53446
31012
20109
55567
8086
55337
20074
22185
3914
62029
2938
57407
58859
55749
31053
49247
57706
13472
35068
33116
17306
2468
21972
50118
25801
15295
16560
33281
21163
62383
8935
10370
29549
4324
43679
36345
29962
46758
31456
3563
4644
62469
33710
7855
8800
13653
30266
11826
43872
50620
51462
5214
4088
48467
22700
4597
61589
7171
7045
43906
49801
4993
91
55453
30641
44328
29636
55272
32476
35835
31539
32524
58444
50558
50350
43075
801
9525
12218
20001
49539
44644
62299
8268
26943
50562
27289
35007
43542
47405
42068
8462
44916
10167
51099
53701
34191
46560
18230
21945
55409
827
57203
903
4208
34781
5882
6118
49506
18660
62325
57239
34629
6661
39320
26345
45169
62184
27383
50837
49565
57411
46792
26253
45569
35359
35172
56191
19087
48133
50963
9198
21874
17116
45418
1341
26108
5380
6858
13530
53913
9382
22513
31071
6979
5010
51540
41598
41123
11145
40422
29701
35503
57977
45880
13582
45809
25358
59486
39091
45938
26878
44124
23240
37239
5683
23333
18299
27122
47900
42022
13746
12779
37628
52078
62283
15666
34407
828
58484
44549
60779
42055
16766
52220
529
27263
37222
43664
36305
316
20528
29385
38971
51203
35037
13079
19423
59045
38275
14962
2618
20370
50105
8598
16881
61208
11193
59481
24042
53857
49997
47081
8389
41079
38546
46967
16962
11031
18973
40239
47032
44281
41391
17511
18886
53075
45225
35635
33293
56801
3230
19431
1412
22953
49076
58455
1725
11419
11995
17544
19749
44856
7765
4965
26419
43800
38974
47434
17642
21469
37514
15814
18550
55506
19682
3581
28912
23372
53753
48108
50854
12036
62074
24994
1968
14755
33683
58160
60085
18359
60105
42215
47712
14946
53987
60296
6686
56151
37283
43713
60955
32404
60182
16669
15657
12360
24898
60501
58587
33921
54271
58943
10401
36814
28050
10684
46793
27048
22334
60706
35809
33793
31431
18977
52564
31008
31066
22766
24433
37327
18874
10694
18627
35941
48767
58189
10142
18941
40503
1463
4858
25841
24468
34165
2344
19619
55283
61137
5097
11417
61088
28795
23633
3326
19189
39334
49202
48670
31644
21671
42328
30848
14059
18262
37455
21657
16643
21484
49392
14534
33798
32273
18768
49541
25473
40966
45662
24135
5763
43153
61866
34067
15235
49869
51181
22280
38554
36520
62068
35044
55876
49721
32825
55850
9924
59011
22208
22525
54375
14152
53200
43114
36923
15440
56004
24518
36249
35515
49212
27327
15918
56056
33244
34494
22678
51606
50040
28756
29335
40344
13154
62157
44170
6860
62379
9424
15412
48031
43402
26605
17708
17329
19331
50494
32924
24995
30501
13752
44638
33522
35245
13649
1338
37733
33957
60020
21387
7281
5109
42621
56912
62203
32550
9803
29432
55761
16521
7829
21530
7947
19802
57002
20462
21828
48222
27356
29661
32495
48974
28469
44288
15012
56223
40018
8555
57993
41692
12703
27439
822
40506
8530
26832
36215
41731
62503
5003
1063
60003
24300
8698
29463
17249
28325
34372
57636
27521
16798
8823
36197
18950
15186
1158
27845
61209
56330
9409
