0.99945660861
0.998913364899
0.998370268868
0.997827320516
0.997348371082
0.996837618413
0.996390817139
0.995912212631
0.995369934714
0.994955350074
0.994540851794
0.994126439872
0.993743982442
0.993361598595
0.992947432466
0.992597051655
0.992214888561
0.991800962092
0.99141895281
0.991068841808
0.990718792638
0.990336991334
0.989955263614
0.989573609478
0.989287417166
0.988969474254
0.988619796071
0.988270179719
0.987952400327
0.987634672035
0.987316994844
0.986999368752
0.986618284895
0.986300771224
0.985951565207
0.985665897183
0.985285070871
0.984967771821
0.984650523871
0.984365044407
0.984016181783
0.983699087134
0.98335034204
0.983033354702
0.982748109787
0.982431219539
0.982114380391
0.981829268848
0.98151252679
0.981227502629
0.980910857662
0.980625920882
0.980309373005
0.980024523606
0.979708072819
0.979391673133
0.979075324547
0.97879065451
0.978506025864
0.97822143861
0.977936892746
0.977557565714
0.977367928259
0.977083506569
0.97679912627
0.976514787363
0.976230489846
0.975914652262
0.975630442127
0.975377845644
0.975125281865
0.974841186705
0.974588692423
0.974304675446
0.974020700372
0.973705220489
0.973421332286
0.973137485473
0.972822149182
0.972569916532
0.972286193893
0.972065549345
0.971813414808
0.971561312975
0.971309243846
0.971057207421
0.970773706046
0.970521739118
0.970269804893
0.970017903373
0.969766034557
0.96954567617
0.969293868674
0.969010624333
0.968790351795
0.968538642411
0.968255508447
0.968003868559
0.967752261376
0.967500686897
0.967249145122
0.966966199717
0.966714727439
0.966463287864
0.966211880994
0.96599192681
0.96574058126
0.965489268414
0.965206580554
0.964986740835
0.964704126559
0.964452948618
0.964233194746
0.963950690847
0.963730994719
0.963511323119
0.963228924998
0.962946568267
0.962695619254
0.962444702946
0.962193819342
0.961911614379
0.961660800271
0.961410018867
0.961159270167
0.960877216972
0.960595205168
0.960375891269
0.960093953049
0.959906017231
0.959655464756
0.959404944985
0.959154457919
0.958904003556
0.958684882817
0.958465787116
0.958246716455
0.957965090968
0.957746077539
0.957558371671
0.957308125798
0.957089187486
0.956839002932
0.956620118276
0.956401258658
0.956151164041
0.955932358079
0.955682324782
0.955463572475
0.955213600498
0.954932421116
0.954713754657
0.954463880793
0.954214039633
0.953995455446
0.9538081175
0.953558362188
0.953308639581
0.953058949677
0.952809292478
0.952559667983
0.952310076192
0.95212290381
0.951873369251
0.951686239794
0.951436762468
0.951218496635
0.950969080628
0.950719697326
0.950439180203
0.950221028834
0.950002902504
0.949784801214
0.949566724962
0.949317525621
0.949068358984
0.948881505468
0.948632396062
0.948414452161
0.948165404076
0.947916388695
0.947698527064
0.947480690473
0.94726287892
0.947045092407
0.946796224195
0.946578491337
0.946329684445
0.946080910257
0.94586325967
0.945676721954
0.945490202633
0.945241538822
0.945023984814
0.944775382323
0.944588951917
0.944402539907
0.944154019176
0.943905531149
0.943688130954
0.943439704247
0.943191310245
0.942942948947
0.942725659639
0.94257046832
0.942322188782
0.942104971014
0.941887778285
0.941670610595
0.941453467945
0.941236350333
0.94101925776
0.940802190227
0.940554143706
0.940337129828
0.940089144627
0.939872184404
0.93965524922
0.939438339076
0.939190472427
0.938942638483
0.93872581061
0.938478037986
0.938261263768
0.938013552464
0.937765874376
0.937549182429
0.93730156515
0.937053980575
0.936837370899
0.936620786263
0.936373292135
0.936156761154
0.935940255212
0.935723774309
0.935507318445
0.93529088762
0.935074481834
0.934827191596
0.934579934062
0.934363610548
0.934178210322
0.933961933308
0.933745681334
0.933498566881
0.933282368562
0.933097075646
0.932911801127
0.93266479705
0.93244869531
0.93223261861
0.932016566949
0.931800540326
0.931615394579
0.931368562199
0.931152610694
0.930905839634
0.930689941785
0.930443232045
0.930227387851
0.930011568695
0.929795774579
0.929580005502
0.929364261464
0.929148542464
0.928932848505
0.928686371782
0.928532340438
0.928316718018
0.928070323056
0.927885548296
0.927670000994
0.927454478731
0.927238981506
0.926992729625
0.926777286056
0.926561867526
0.926346474035
0.926100340706
0.925854240081
0.925638928861
0.925423642681
0.925177631992
0.924962399467
0.924777934375
0.924593487678
0.924378323117
0.924193916278
0.92394806911
0.923763705196
0.923548637214
0.923395032556
0.923210723831
0.922995720235
0.922780741677
0.922565788159
0.922350859681
0.922105257793
0.92189038297
0.921706224479
0.921491396156
0.921307277523
0.921092495702
0.920939095445
0.920724356548
0.920540314565
0.920356290979
0.920202952042
0.919957636316
0.919743011884
0.91952841249
0.9192831867
0.91909928882
0.918915409336
0.918700906522
0.918486428747
0.91824134195
0.918057548314
0.917843145656
0.917628768038
0.917445035722
0.917200087918
0.916985785416
0.916771507954
0.916587861487
0.916404233416
0.916190023917
0.915975839457
0.915761680036
0.915547545654
0.915333436312
0.915119352008
0.914874715404
0.914660684756
0.914477249843
0.914263265696
0.914079870642
0.913865932996
0.9136825778
0.913468686655
0.913285371317
0.913071526674
0.912888251194
0.912674453052
0.91249121743
0.912277465789
0.912063739187
0.911850037624
0.911605837926
0.911453229723
0.911270116742
0.911056508181
0.910873435059
0.910690380332
0.910507344001
0.910293824866
0.910110828393
0.909897355759
0.909683908164
0.909439998716
0.909226604776
0.909013235875
0.908799892014
0.908586573191
0.908403748415
0.908190476094
0.908007691176
0.907794465356
0.907550809365
0.907368088833
0.907215835776
0.907002702959
0.90678959518
0.906546074093
0.90633301997
0.906119990886
0.90590698684
0.905694007834
0.905481053867
0.905268124939
0.905055221051
0.904872751932
0.904659894545
0.904416659619
0.904203855886
0.904021472616
0.903839107742
0.903626371973
0.903413661243
0.903200975552
0.90301869346
0.902836429765
0.902654184465
0.9024415882
0.902259382758
0.902046832994
0.901834308269
0.901621808582
0.901409333935
0.901227232738
0.901014804592
0.900832743253
0.900650700311
0.900468675764
0.900226004985
0.900074352355
0.899862060136
0.899649792955
0.899467869587
0.899255648908
0.899073765398
0.89886159122
0.898649442081
0.898497922312
0.898285816097
0.898073734922
0.897891970986
0.897710225447
0.897528498303
0.897346789556
0.897134819268
0.896953150378
0.896741226591
0.89655959756
0.896347720275
0.896135868028
0.895924040821
0.895712238652
0.895500461523
0.895318958198
0.89510722757
0.894835040802
0.89465360493
0.894472187453
0.894351252689
0.894139636526
0.893928045401
0.893686257633
0.893504938269
0.893323637301
0.89314235473
0.892961090554
0.892749638933
0.892568414615
0.892357009496
0.892175825036
0.891964466418
0.891783321816
0.891572009699
0.891360722621
0.89117963934
0.890968398762
0.890817527966
0.890606330313
0.890425323682
0.890244335448
0.890033205758
0.889852257382
0.889641174193
0.889430116044
0.889249228988
0.889038217339
0.88882723073
0.888646404994
0.888435464886
0.888224549817
0.888073911527
0.887863039382
0.887682311759
0.887531719458
0.8873209117
0.887140239264
0.886959585225
0.886809054245
0.886628433932
0.886477931057
0.886237153029
0.886026499082
0.885845958485
0.885665436285
0.88551501517
0.885334526695
0.885154056617
0.884943531443
0.884763101222
0.884582689398
0.884372232187
0.88413174032
0.883951392882
0.883741010788
0.883530653734
0.883350367616
0.883140057063
0.882929771548
0.882689475906
0.882509275637
0.882329093763
0.882148930286
0.881938762813
0.881758639194
0.881548518222
0.881368434461
0.881158359991
0.880978316088
0.880798290581
0.880618283471
0.880468291598
0.880288318213
0.880138354445
0.879928426632
0.879658556237
0.879478665634
0.879268816516
0.879088965772
0.878879163154
0.878669385576
0.878459633037
0.878309825124
0.878189987993
0.878010247625
0.877830525654
0.877650822078
0.877471136899
0.877291470115
0.877081882119
0.876872319161
0.876692713698
0.876483197242
0.876303631637
0.876094161682
0.875884716766
0.875705212481
0.875525726593
0.875406079554
0.875256532253
0.875047187493
0.874867769057
0.874688369016
0.874508987372
0.874329624124
0.874120390252
0.873941066862
0.873791644756
0.873612355093
0.873403207069
0.873194084084
0.873014855741
0.872835645793
0.872626590772
0.872447420682
0.872268268989
0.872059281931
0.871850319912
0.871641382932
0.871462314021
0.871283263506
0.871074394489
0.870925217665
0.870746222338
0.870597073618
0.870418112018
0.870239168813
0.870060244005
0.869881337593
0.869702449577
0.869523579957
0.869344728733
0.869165895905
0.868987081473
0.868778487886
0.868599713312
0.868391166227
0.868212431511
0.868033715192
0.867855017268
0.867616781987
0.867408352943
0.867229719405
0.867021336863
0.866842743184
0.866664167901
0.866515369217
0.866336827661
0.8661583045
0.865979799735
0.865831059817
0.865622845394
0.86541465601
0.865206491665
0.865028085013
0.864849696757
0.864641600375
0.864492975433
0.864284921975
0.864136327693
0.863958031417
0.863779753537
0.863601494053
0.863393547906
0.863185626799
0.863007428635
0.862799554028
0.862651087496
0.86250263374
0.862294819942
0.862116713759
0.861968305992
0.861790233535
0.861612179475
0.86143414381
0.861256126541
0.86110779287
0.860929809327
0.860751844181
0.86057389743
0.860395969076
0.860218059117
0.860040167555
0.8599215834
0.859714080803
0.859536241363
0.859388055882
0.859239883177
0.859032462851
0.858884320805
0.858706567213
0.858499211785
0.858291880884
0.858084575023
0.857906904213
0.857670038417
0.857462807673
0.85728520125
0.857107613223
0.856930043592
0.856752492357
0.856574959518
0.856367861124
0.856190368143
0.856042471378
0.85583543737
0.855628428401
0.855480580181
0.855303179181
0.855125796577
0.854948432369
0.854771086557
0.854652866235
0.854475551083
0.854298254327
0.854120975968
0.853943716004
0.853736935964
0.853559715858
0.853412046489
0.853205330835
0.853057692127
0.852851019397
0.852703411348
0.852526298553
0.852408233576
0.852260663853
0.852113106905
0.851906548639
0.851729518626
0.85155250701
0.851375513789
0.851198538965
0.850992091587
0.850785669248
0.850608755743
0.850431860635
0.850254983923
0.850078125607
0.849901285687
0.849724464163
0.849577126945
0.849400339148
0.849194109967
0.849017362028
0.848840632484
0.848663921337
0.848457781582
0.848281110292
0.848104457399
0.847927822902
0.847751206801
0.847574609096
0.847398029787
0.847250894415
0.847103771819
0.846927241566
0.846780147074
0.846603650548
0.846397761184
0.846221304515
0.846044866243
0.845868446367
0.845692044886
0.84548626641
0.845309904788
0.845133561562
0.844986622926
0.844839697065
0.844663402895
0.84451650514
0.844340244696
0.844164002648
0.844017148328
0.843840940006
0.843635386882
0.843429858797
0.843283068351
0.84310693668
0.842930823405
0.842754728526
0.842549307751
0.84237325273
0.842197216105
0.842021197876
0.841815866527
0.841610560216
0.841405278945
0.841200022713
0.841024108728
0.840877527794
0.840701647536
0.840555094706
0.840408554652
0.84023272345
0.840086211501
0.839939712327
0.839763930181
0.839588166432
0.839441710693
0.839265980669
0.839060985559
0.838885295393
0.838738900975
0.838563244535
0.838446150463
0.838299794369
0.838153451051
0.837948591867
0.837743757722
0.837568205527
0.837421926084
0.837217156326
0.837041659319
0.836836936062
0.836661478913
0.836456802157
0.836252150441
0.836076754612
0.835872149397
0.835696793426
0.835521455852
0.83537535526
0.835229267443
0.835053978925
0.834820289517
0.834645043923
0.834469816726
0.834294607924
0.834119417519
0.833915051963
0.833739901416
0.833564769265
0.833389655509
0.833185379379
0.833010305482
0.832835249981
0.832660212876
0.832485194168
0.832310193855
0.832135211938
0.831989407727
0.831814459536
0.831639529742
0.831493768966
0.831318872898
0.831114850735
0.830939994525
0.830765156711
0.830590337293
0.830415536271
0.830240753645
0.830065989416
0.829891243582
0.829745636106
0.829600041406
0.829396230287
0.829221554972
0.829046898053
0.828901364673
0.828726741479
0.828581236204
0.828406646737
0.828232075666
0.828057522991
0.827882988713
0.82770847283
0.827504894217
0.827301340644
0.827155960564
0.826981521332
0.826807100495
0.826661763851
0.82648737674
0.826400190084
0.826225830568
0.826051489448
0.825906219234
0.82573191184
0.825528576464
0.825325266127
0.825151020054
0.824947756218
0.824773550003
0.824599362183
0.82442519276
0.824280065626
0.824105929929
0.823873777616
0.823699684843
0.823496599858
0.823322546943
0.823148512424
0.822945495403
0.822771500742
0.822597524477
0.822423566609
0.822278615771
0.822104691629
0.821930785882
0.821727919096
0.821554053207
0.821380205715
0.821206376619
0.821032565919
0.820858773615
0.820684999708
0.82054020217
0.820395417408
0.820221692557
0.820076935899
0.819903244774
0.819729572045
0.819555917711
0.819353344751
0.819208664744
0.819035065599
0.81886148485
0.818687922497
0.81851437854
0.818340852979
0.818167345814
0.817993857046
0.817820386673
0.817589121459
0.817444597308
0.81727118519
0.817126689143
0.816924416141
0.816751059211
0.816577720677
0.816404400539
0.816259981143
0.816086694731
0.815913426715
0.815740177096
0.815566946383
0.815393733556
0.815249403585
0.8150473636
0.81487420596
0.814672211965
0.81452794587
0.814354843419
0.814181759364
0.814008693705
0.813864486375
0.813662617575
0.813518440905
0.813345445764
0.81317246902
0.812999510671
0.812826570719
0.812653649162
0.812509561918
0.812336674088
0.81213499487
0.811962146898
0.811760514181
0.811587706067
0.811414916349
0.811242145027
0.811040601736
0.810867870272
0.810695157204
0.810522462533
0.810378564359
0.810205903414
0.810033260864
0.809860636711
0.809688030954
0.809515443593
0.809342874628
0.80919908121
0.809026545971
0.808911532698
0.808767777605
0.808624035287
0.808451561369
0.808279105846
0.80810666872
0.807934249989
0.807790581766
0.807646926319
0.807474556644
0.807273481942
0.807101152126
0.806957557998
0.806813976646
0.806612984215
0.806412016822
0.806268484015
0.806067559547
0.805895358504
0.805723175856
0.805551011605
0.805378865749
0.80520673829
0.805034629227
0.80486253856
0.804661789366
0.804461065721
0.804260366605
0.804117025424
0.803945032869
0.80374439865
0.803601103459
0.803429166092
0.803314551401
0.803142644695
0.802970756385
0.802770243273
0.802627034952
0.80245520183
0.802283387104
0.802111590774
0.801939812841
0.801739428502
0.801596312161
0.801424589416
0.801224269463
0.801052586575
0.800880922084
0.800709275989
0.800509045461
0.800308839973
0.800165851383
0.800022875568
0.799851321453
0.799679785734
0.799508268412
0.799365351362
0.799165288954
0.79899382682
0.798822383081
0.798650957739
0.798479550792
0.798336725723
0.798193913429
0.798022555538
0.797851216044
0.797679894946
0.797508592244
0.797365854045
0.797223128621
0.797051874975
0.796909177657
0.796795028999
0.796623821344
0.79648116235
0.796309988421
0.796138832887
0.795939174682
0.795768059007
0.795625476664
0.795454394715
0.795283331162
0.795083780267
0.794912756572
0.794741751274
0.794542268342
0.794399795864
0.794228845754
0.794057914039
0.793915484996
0.793773068729
0.79360218607
0.793459797908
0.793345896576
0.793175059907
0.793004241635
0.792833441759
0.79266266028
0.792491897196
0.792349608679
0.792207332936
0.792065069969
0.791894371272
0.79175213641
0.791609914323
0.791439264681
0.791268633436
0.791126454784
0.790955857265
0.790813706718
0.790614717415
0.790444175084
0.790273651149
0.790131561923
0.789932658468
0.789762189721
0.789620146485
0.789478116024
0.78927929484
0.789108897123
0.78893851729
0.788768155854
0.788597812814
0.78842748817
0.788257181922
0.78805851455
0.787916624614
0.787774747454
0.787604511724
0.78743429439
0.787264095453
0.787093914911
0.786980471437
0.786867036139
0.786725253513
0.786555131226
0.786413376706
0.78621494184
0.786044874741
0.785874826038
0.785704795731
0.78553478382
0.785393121281
0.785279800447
0.785109834526
0.784939887002
0.784798278117
0.784628364319
0.784458468916
0.78428859191
0.784147041791
0.784005504446
0.783835676496
0.783694167257
0.783524373033
0.783382891899
0.783184839774
0.783015100738
0.782873665594
0.782675677855
0.782505994007
0.782336328556
0.7821666815
0.782053593684
0.781883977288
0.781714379289
0.781573061676
0.781403497403
0.781233951526
0.781092677348
0.780923165197
0.780725424782
0.78055595249
0.780414739632
0.780273539549
0.780104116312
0.779934711472
0.779765325028
0.779595956979
0.779454830992
0.779313717779
0.779172617342
0.77900331368
0.778918668747
0.778749392679
0.778608343342
0.77846730678
0.778298079768
0.778128871153
0.777987878025
0.777818703136
0.777677738114
0.777564975294
0.777395846395
0.777226735892
0.777085824525
0.776944925933
0.776804040117
0.776663167075
0.776494136288
0.776353291352
0.776184294291
0.776015315626
0.775874514125
0.775733725399
0.77556479579
0.775452186271
0.77531143587
0.775170698244
0.775001829956
0.774832980064
0.774692285873
0.774551604457
0.774410935816
0.77424215031
0.774101509774
0.773960882014
0.773848389003
0.773679664818
0.773482843185
0.773370384922
0.773229823592
0.773061166859
0.772948739256
0.772808216251
0.772639605508
0.772471013161
0.77230243921
0.772190066796
0.772021523505
0.771881084815
0.77171257525
0.771544084081
0.771403688827
0.771235231384
0.771066792338
0.770898371687
0.770729969433
0.770561585574
0.770421279745
0.770337102379
0.77019681699
0.770028491386
0.769916284537
0.769747989593
0.769607757859
0.7694675389
0.769327332716
0.769187139307
0.769018924079
0.768822696231
0.768654520861
0.768486363888
0.768318225311
0.768178123882
0.768010019031
0.767869945707
0.767729885159
0.767561829364
0.767421796921
0.767253774852
0.767113770514
0.766973778951
0.766805805938
0.76669383415
0.766553880912
0.766385953889
0.766218045263
0.76607813546
0.765938238432
0.765770378862
0.765602537688
0.76543471491
0.765294876647
0.765127087595
0.764987277438
0.76479156468
0.764651785182
0.764484066649
0.764344315256
0.764176630449
0.764008964038
0.763869256081
0.763729560899
0.763561943543
0.763394344584
0.763226764021
0.763087127604
0.762947503963
0.762807893096
0.762696213601
0.762500794158
0.762361224171
0.762165847652
0.762054215169
0.761886781775
0.761775169732
0.761635666176
0.761496175395
0.76132880332
0.761161449642
0.761022002296
0.760882567725
0.760715263103
0.760547976877
0.760408585742
0.760269207381
0.760046228576
0.759879015934
0.759711821689
0.759600369078
0.759488924644
0.759293916558
0.759126786698
0.758959675235
0.758764735112
0.758597663507
0.758458451222
0.758291413343
0.75812439386
0.758013057758
0.757901729832
0.757734753274
0.757623445788
0.757484322928
0.757289572387
0.757094846884
0.75695577257
0.756788900256
0.756649854046
0.756510820612
0.756399603063
0.756232792069
0.756121594959
0.75598261007
0.755788052687
0.755649098459
0.755482370247
0.755287877761
0.755148969523
0.754982296499
0.754843416365
0.754760094417
0.754593464318
0.754482387805
0.754288024092
0.754121446115
0.753982645187
0.753843857033
0.753677328112
0.753510817588
0.75337207287
0.753205596071
0.753039137668
0.752900436385
0.752761747877
0.752623072144
0.752484409187
0.752345759004
0.752179395648
0.752013050687
0.751846724123
0.751680415955
0.751541839868
0.751403276555
0.751237017443
0.751070776728
0.75093225685
0.750738350484
0.750627558089
0.750489079092
0.750405997825
0.750267539268
0.750101405863
0.749962975411
0.749824557734
0.749686152833
0.749547760706
0.749409381354
0.749243342995
0.749077323032
0.748911321465
0.748773000879
0.748634693068
0.748496398031
0.748302806442
0.748136890724
0.747943345636
0.747805114475
0.747639253945
0.747473411811
0.747307588073
0.747169415677
0.747031256056
0.74689310921
0.74675497514
0.746589231118
0.746451125152
0.746340649578
0.746174951546
0.746036883906
0.74589882904
0.74576078695
0.745622757635
0.745484741094
0.745319138109
0.74515355352
0.745015580415
0.744877620085
0.744712084552
0.744574152327
0.744436232877
0.744325906515
0.744188010061
0.744050126381
0.743967402305
0.743801967951
0.743691688601
0.743526284906
0.74333333718
0.743223092579
0.743085298324
0.742947516845
0.74283730086
0.742699542375
0.742561796666
0.742424063732
0.742231259086
0.742093556812
0.741955867314
0.74181819059
0.741680526641
0.741542875467
0.741432763726
0.741267611445
0.741102477559
0.740964880041
0.740827295297
0.740634698118
0.740497144035
0.740332095998
0.74019457002
0.740057056816
0.739892057836
0.739727077251
0.739562115062
0.73945215049
0.739287218961
0.739177274829
0.739039856161
0.738874970623
0.73873758006
0.738600202272
0.73843536579
0.738270547704
0.738105748014
0.737968428991
0.737831122744
0.737693829272
0.737556548574
0.737419280652
0.737254576009
0.737089889761
0.736897779056
0.736733132667
0.736595941395
0.736431328731
0.736321597176
0.736157015173
0.736019877556
0.735855329279
0.735718219767
0.735553705217
0.73541662381
0.735306967883
0.735142499322
0.734978049157
0.734868425934
0.73470400643
0.734539605322
0.73440261845
0.734238251068
0.734073902082
0.733909571492
0.733772643386
0.733608346522
0.733471446521
0.733334559295
0.733197684845
0.733033452367
0.732896606021
0.73273240727
0.732595589029
0.732458783564
0.732294633868
0.732103149141
0.731966389666
0.731829642965
0.731665563788
0.731528845193
0.731392139373
0.731228109252
0.731064097527
0.730954766598
0.730818114433
0.730654148698
0.730517524638
0.73035359263
0.730216996675
0.730053098393
0.729943843091
0.729779975469
0.729616126243
0.729479599273
0.729343085079
0.72920658366
0.729070095016
0.728933619147
0.728715284839
0.728551555187
0.728415127864
0.728278713315
0.728087754408
0.72795137052
0.727814999406
0.727678641067
0.727542295504
0.727405962715
0.727269642702
0.727106075549
0.72696978364
0.726806250213
0.72666998641
0.726533735382
0.726343005404
0.726206785036
0.726070577443
0.725934382625
0.725825435969
0.725662031826
0.725525875333
0.725362504404
0.725226376017
0.725117482505
0.724954157566
0.724818067504
0.724654776292
0.724545925704
0.724382665152
0.724246628745
0.724083401919
0.723920193489
0.723784200517
0.72364822032
0.723512252898
0.723403488158
0.723267543731
0.723158797388
0.722995693202
0.722832607413
0.722696716641
0.722560838645
0.722397801912
0.72226195202
0.722098949013
0.721963127227
0.721827318215
0.721691521979
0.721582894188
0.721447120947
0.72131136048
0.721202761305
0.721067023834
0.720931299138
0.720768446366
0.720659888071
0.7205242017
0.72044279601
0.720334262243
0.720171476923
0.720035836542
0.719900208936
0.719737472673
0.719574754805
0.719439170634
0.719276486493
0.719113820747
0.718951173398
0.718815647992
0.718707236866
0.718571734456
0.718409148427
0.718246580794
0.718111121819
0.718029852566
0.717921500716
0.717731904652
0.717542333627
0.717352787641
0.717217412982
0.717082051097
0.716919633698
0.716784299919
0.716703105783
0.71659485409
0.716432491879
0.716270148065
0.716134875606
0.715972565518
0.715837321164
0.715620956769
0.71548574563
0.715377585917
0.715215361677
0.715053155833
0.714890968386
0.714755826232
0.71459367251
0.714485580249
0.714350476421
0.71418836869
0.714107321722
0.713945241585
0.713783179844
0.713648142446
0.713486114431
0.713324104812
0.713189110849
0.713027134956
0.712892169098
0.712757216015
0.712622275707
0.712487348174
0.712325451997
0.712163574217
0.712001714833
0.711893818797
0.711758960249
0.711651082609
0.711543213145
0.711408387812
0.711246614276
0.711057902246
0.710923122904
0.710788356336
0.710680552281
0.710572756401
0.710464968697
0.710330245565
0.710195535208
0.710060837626
0.709899217391
0.709737615551
0.709629891212
0.709495247285
0.70930676725
0.709172153983
0.709037553491
0.708929882296
0.7087953048
0.708687652
0.708606917766
0.708445463096
0.708310931589
0.708176412858
0.708041906902
0.707907413721
0.707772933315
0.707638465683
0.707504010827
0.707342681863
0.707181371295
0.707046959874
0.706912561228
0.706778175358
0.706643802262
0.706509441941
0.70634822642
0.706213894204
0.706079574763
0.705945268098
0.705810974208
0.705703548293
0.705596130555
0.70546186988
0.705354470538
0.705220232857
0.705112851911
0.704978637226
0.704844435316
0.704683409887
0.704549236082
0.704415075052
0.70425409868
0.704093140703
0.703959023108
0.703824918289
0.703664009368
0.703503118844
0.703315436482
0.703181392983
0.703020557647
0.702832939672
0.702698942163
0.702591753353
0.702430985469
0.702297026285
0.702189868136
0.702055931947
0.701922008533
0.701788097894
0.701627421991
0.701466764483
0.70133289728
0.701172273498
0.7010384344
0.700904608076
0.700744033351
0.700610235132
0.700449694133
0.70031592402
0.700128667323
0.699914693396
0.699834460456
0.699727490355
0.699593789227
0.699433364736
0.699246226081
0.699112570944
0.698952201641
0.698791850735
0.698684960351
0.698551358868
0.698417770161
0.698257480574
0.698123919972
0.698017080688
0.697803426648
0.697696611892
0.697563104945
0.697456308585
0.697296129376
0.697162660754
0.697029204907
0.696895761835
0.696762331538
0.696628914016
0.696495509269
0.696362117297
0.696282088246
0.696148716714
0.696015357958
0.69590868015
0.695748678769
0.695615358338
0.695455390683
0.6953487558
0.695268785003
0.695135510562
0.694922299561
0.694762411622
0.694629185726
0.694469331514
0.694336133723
0.694202948707
0.69401651268
0.693909988173
0.693776844037
0.693643712676
0.693510594091
0.69337748828
0.693244395244
0.693058086457
0.692925024081
0.692791974481
0.692658937655
0.692499310328
0.692366301608
0.692233305662
0.692100322492
0.691993945154
0.691860984979
0.691701449632
0.691541932681
0.691409015941
0.691276111976
0.691116644081
0.690957194583
0.690850905137
0.690691486298
0.690558651319
0.690425829114
0.690266459332
0.690133665233
0.690000883908
0.689841563182
0.689708809963
0.689576069519
0.689443341849
0.689310626955
0.689177924836
0.689071772339
0.688992163332
0.688832959114
0.688700302985
0.688567659631
0.688461554146
0.688328933787
0.688196326204
0.688037213966
0.687904634488
0.687745555977
0.687586495862
0.687480466005
0.68732143655
0.687215427133
0.68708292686
0.686923943395
0.686791471227
0.686659011834
0.686500077425
0.686367646137
0.686235227624
0.686076342272
0.685917475316
0.685758626755
0.685599796591
0.685361588903
0.685202804729
0.685070498637
0.684938205319
0.684779470202
0.684594302481
0.6844091598
0.684250486003
0.68411827189
0.683959631819
0.683827445812
0.683721706204
0.683615974773
0.683457392956
0.683325255494
0.683166707403
0.683061018895
0.682902501464
0.682770417658
0.682638346626
0.682479878252
0.682374242888
0.682189400676
0.682057385855
0.681898984933
0.681740602406
0.681555846554
0.681397504396
0.681239180124
0.681133640829
0.681001728209
0.680869828363
0.680737941292
0.680606066996
0.680447834704
0.680315988514
0.680184155098
0.680052334457
0.679841448005
0.679709660579
0.679577885929
0.679472475407
0.679340723751
0.679208984871
0.679077258766
0.678892863681
0.678761168236
0.678629485566
0.678471483225
0.678366158551
0.678234514206
0.678155533731
0.678023909827
0.677892298697
0.677760700342
0.677629114763
0.677497541958
0.677418604407
0.677234434674
0.67705028998
0.676945075683
0.676813569308
0.676655778522
0.676550594885
0.676471712522
0.676340252138
0.676208804529
0.676077369695
0.675945947636
0.675840819187
0.675683141843
0.67555175811
0.675394114492
0.675236489271
0.675105148972
0.675000085931
0.674868768628
0.674737464099
0.674632429674
0.674501148141
0.674369879383
0.674238623399
0.674107380191
0.673949905715
0.673766208148
0.67358253562
0.673425121953
0.673320189729
0.673189035946
0.673057894938
0.672900542592
0.672769429689
0.672638329561
0.672481026271
0.672323741377
0.672166474879
0.672035433517
0.671878200745
0.671747187488
0.671616187005
0.67145900329
0.671328030913
0.67119707131
0.671066124483
0.670935190431
0.670804269154
0.670673360653
0.670542464926
0.670411581974
0.670254539806
0.670123684959
0.669966676006
0.669835849265
0.669705035298
0.669600393323
0.669469602351
0.669338824155
0.669260363369
0.669129605613
0.669025008606
0.668894273845
0.668763551859
0.668632842647
0.668502146211
0.668397598261
0.668293058486
0.668136264154
0.668005616263
0.667848855657
0.667718235871
0.66758762886
0.667457034625
0.667300338405
0.667169772274
0.667013109781
0.666908678339
0.666804255072
0.666673737487
0.666543232677
0.666412740641
0.666282261381
0.666151794896
0.666021341186
0.665916987416
0.665786556701
0.665630056706
0.665499654096
0.665369264772
0.665238887712
0.665134595263
0.665004241198
0.664873899908
0.664743571394
0.664613255654
0.664509012261
0.664404777043
0.664300550001
0.664144224769
0.664013967795
0.663857676289
0.66372744742
0.663597231326
0.663467028006
0.663336837462
0.663154592163
0.663024432279
0.66289428517
0.66271210068
0.662581984231
0.66247790027
0.662321789659
0.662191711535
0.662061646186
0.661957603106
0.661801553815
0.661671526791
0.661541512543
0.66141151107
0.661281522371
0.661151546448
0.661047574908
0.660917621979
0.660813668835
0.660709723867
0.660605787074
0.660475877581
0.660345980863
0.660190121665
0.660086225753
0.65995636736
0.659826521743
0.659722654446
0.659592831824
0.65943706154
0.659307267022
0.65917748528
0.659047716313
0.658892010415
0.658788216703
0.658658486061
0.658528768194
0.658399063102
0.658243433854
0.658113756867
0.657984092655
0.657802584221
0.657647025491
0.65751740727
0.657361882267
0.65723229215
0.657102714808
0.656973150242
0.65684359845
0.656714059434
0.656584533192
0.656455019726
0.656325519035
0.656170135068
0.656014769498
0.655937093611
0.65580764402
0.655678207204
0.655497017124
0.655367610968
0.655212340444
0.655057088316
0.654901854584
0.654772507193
0.654643172578
0.654513850737
0.654410402463
0.654281103617
0.654151817547
0.654048397888
0.653893283731
0.653764035986
0.653634801015
0.653479735914
0.65329884988
0.653143824637
0.65298881779
0.65285965947
0.652704686349
0.652575556134
0.652472261161
0.652343153941
0.652239877363
0.652084977827
0.651981721689
0.651826852813
0.651697809468
0.651594583991
0.651517170248
0.65136235656
0.651181763841
0.651052784372
0.650898025872
0.650769074507
0.650640135918
0.650459643867
0.650279176854
0.65015028681
0.650047183973
0.649918316925
0.649789462651
0.649634854386
0.649506028217
0.649377214823
0.649248414205
0.649093870326
0.648965097812
0.648862089
0.648707591111
0.648604602738
0.648450135509
0.648321426871
0.648218469159
0.648089783516
0.647935377607
0.647806720069
0.647678075306
0.647549443318
0.647369379998
0.647266497913
0.647086474451
0.646983614851
0.646855051848
0.646726501621
0.646597964168
0.646443736088
0.646289526404
0.646135335117
0.646006856429
0.645878390517
0.645724248286
0.645595810479
0.645416019011
0.645287611864
0.645159217492
0.645030835895
0.644902467074
0.644774111027
0.644645767755
0.644517437258
0.644389119537
0.644286474558
0.644158179831
0.64402989788
0.643901628703
0.643773372302
0.643670776379
0.643542542973
0.643439965446
0.643286114485
0.643157919404
0.643029737098
0.642901567567
0.642773410811
0.642645266831
0.642517135625
0.642414639858
0.642260911538
0.642107201614
0.641979124064
0.641902283665
0.641774226555
0.641646182219
0.64149254588
0.641364530161
0.641236526705
0.641108536025
0.64098055812
0.64085259299
0.640724640634
0.640596701054
0.640468774249
0.640340860219
0.640212958964
0.640136224344
0.640059494322
0.63995719478
0.639803760797
0.639701481695
0.63959921077
0.63947138361
0.639292447049
0.639190208827
0.639087978781
0.638960202722
0.638832439438
0.638704688928
0.638628044755
0.638525859677
0.638398139828
0.638270432754
0.638142738455
0.638015056931
0.637887388182
0.637759732208
0.637632089009
0.637504458585
0.637376840936
0.637223716621
0.637070610702
0.636968550309
0.636866498092
0.636738944318
0.63661140332
0.636483875096
0.636356359648
0.636203357973
0.63607587063
0.635973889953
0.635846425605
0.635744463325
0.635617021971
0.635489593393
0.63536217759
0.63520929549
0.635081907792
0.634929059418
0.63477622995
0.634648885688
0.6345215542
0.634394235487
0.634241469895
0.634037811055
0.633910540888
0.633783283496
0.633656038878
0.633528807036
0.633350703919
0.633198064034
0.633045442544
0.632918272022
0.632791114275
0.632689397276
0.6325114122
0.632409717685
0.632333452164
0.632180934919
0.63202843607
0.631901367748
0.631799722289
0.631672676962
0.631545644411
0.631393222212
0.631291617633
0.63119002123
0.631063037224
0.630910673279
0.630783717378
0.630682161855
0.630580614508
0.630428308818
0.630301401462
0.630174506881
0.630073000415
0.629920756045
0.629768530071
0.629616322493
0.629514860994
0.629413407672
0.629311962526
0.62918516759
0.62903303053
0.628982322265
0.628855560545
0.6287288116
0.628602075429
0.628500695691
0.628373982516
0.628272621174
0.628145930994
0.627993920152
0.627867258077
0.627765937615
0.627639298535
0.62751267223
0.6273860587
0.627234139328
0.627082238351
0.626980981253
0.626829110937
0.626702566392
0.626576034623
0.626449515629
0.626323009409
0.626196515965
0.626070035296
0.625918275356
0.625791822791
0.625665383002
0.625538955988
0.625361979631
0.625235583277
0.625134475392
0.625008102033
0.624856470865
0.624704858094
0.62457852817
0.624452211022
0.624351166501
0.624250130156
0.624123846223
0.623997575064
0.623871316681
0.623694576406
0.623568348683
0.623442133735
0.623315931562
0.623189742164
0.623063565541
0.622937401693
0.622836479812
0.622710338959
0.622584210881
0.622458095579
0.622357212534
0.622231120227
0.622105040694
0.621953762118
0.62182771069
0.621701672038
0.62157564616
0.621449633058
0.621348831774
0.621222841667
0.621046476979
0.620920517532
0.62079457086
0.620668636962
0.62054271584
0.620391627357
0.620290911922
0.620165029125
0.619988814671
0.619862962534
0.619762290023
0.619611296586
0.619485482774
0.619384840923
0.619183581749
0.61910811799
0.618932053771
0.618806308945
0.618680576893
0.618554857617
0.618429151116
0.618278320178
0.618152641782
0.618026976161
0.617876194279
0.617750556763
0.617624932022
0.617474199196
0.61734860256
0.61719790346
0.617047222757
0.616921669556
0.616796129131
0.61667060148
0.616545086605
0.616394485617
0.616243903026
0.616118431586
0.616018063632
0.615892615186
0.615767179516
0.615641756621
0.615516346501
0.615340793795
0.615215414336
0.615090047651
0.614964693741
0.614814285912
0.614688960108
0.614538586005
0.614413288306
0.614288003381
0.614162731232
0.614037471857
0.613912225258
0.613786991434
0.613736901481
0.613636727708
0.613511521989
0.613386329044
0.613261148875
0.613135981481
0.613060887177
0.612935740223
0.612785580741
0.61268548464
0.612560376012
0.612460298307
0.612335212673
0.612185126776
0.612085079731
0.611985040862
0.611834997889
0.611684973312
0.611559966883
0.611409976032
0.611284997709
0.611160032161
0.611035079388
0.610885152923
0.610760228255
0.610610335516
0.610485438953
0.610360555165
0.610185739324
0.6100858558
0.609961012892
0.609861147764
0.609736327852
0.609611520714
0.609486726352
0.609287081944
0.609162320796
0.609037572424
0.60888789124
0.608738228452
0.608563645117
0.608438958065
0.608314283788
0.608189622286
0.608040045347
0.60791541195
0.607765868737
0.60761634392
0.607466837499
0.607342262867
0.60721770101
0.607118060723
0.606968615622
0.606844092091
0.606719581335
0.60657018529
0.606445702639
0.606321232762
0.606221666059
0.606097219178
0.605972785072
0.605848363741
0.605699075007
0.605574681781
0.60545030133
0.605325933654
0.605226448712
0.605126971945
0.605002637484
0.604878315799
0.604754006888
0.604654568958
0.604579995875
0.604480572253
0.604356304223
0.604232048967
0.604107806487
0.603958732374
0.603859359851
0.603735155696
0.603586127573
0.603486785711
0.603337788248
0.603238466826
0.603114326546
0.60303984851
0.60291572867
0.602841262899
0.602741982357
0.602593076874
0.602444189787
0.60234494195
0.60222089365
0.602096858126
0.601972835376
0.60182402494
0.601700030296
0.601551253586
0.601427287046
0.601303333282
0.601179392293
0.601055464079
0.600956330706
0.600832425487
0.60073331051
0.600683756087
0.600559878973
0.600361702163
0.600237858264
0.600089262449
0.599965446655
0.599866403218
0.59974261042
0.599618830396
0.599495063148
0.599371308675
0.599272314294
0.599148582816
0.599024864112
0.598876418532
0.598752727933
0.598604316079
0.598480653586
0.598357003868
0.598208641069
0.598085019456
0.597961410619
0.597837814556
0.597738946904
0.597615373836
0.597491813543
0.597343558055
0.597220025868
0.597071804106
0.596948300024
0.596824808716
0.596726024868
0.596602556556
0.596479101019
0.596330971237
0.596207543805
0.59605944775
0.595936048423
0.595812661871
0.595664615383
0.595565927603
0.595442579377
0.595343909993
0.595245248786
0.595146595755
0.594998631538
0.594850685717
0.594702758292
0.594579499491
0.594456253464
0.594308375096
0.594185157175
0.594037312532
0.593889486286
0.593790945675
0.593643150089
0.593520001153
0.593372239293
0.593249118462
0.593126010406
0.593002915125
0.592904448099
0.592781375813
0.592658316302
0.592535269567
0.592412235606
0.592289214421
0.59216620601
0.592043210375
0.591920227515
0.591797257429
0.591674300119
0.591551355584
0.591428423824
0.591305504839
0.591182598629
0.591059705194
0.590887675847
0.59074024205
0.590666532051
0.590519125848
0.590347175195
0.590199808851
0.590077017616
0.589954239157
0.589831473472
0.589708720563
0.589635074949
0.58951234248
0.589389622786
0.589266915867
0.589144221722
0.589021540353
0.588947937664
0.588874339573
0.588751686309
0.588579993202
0.58843284761
0.588310240336
0.58811409527
0.588040549302
0.587917982909
0.58779542929
0.587697395593
0.58757486497
0.587452347121
0.587256345136
0.587133860503
0.586986895806
0.586888929561
0.586766483253
0.586668535404
0.586546112091
0.586423701553
0.58630130379
0.586178918802
0.58608102001
0.585958658017
0.585860777621
0.585762905401
0.585665041357
0.585542722799
0.585444877151
0.585322581588
0.585200298801
0.585102481769
0.585004672913
0.584906872233
0.584784632881
0.584686850597
0.58456463424
0.584417991474
0.584271367104
0.584149194182
0.584051465043
0.583953744079
0.583831604372
0.583685053587
0.583562941985
0.583440843158
0.583367589994
0.583245511607
0.583123445996
0.583001393159
0.582903760088
0.58283054065
0.582708518474
0.582586509072
0.582440114654
0.582342528594
0.582244950711
0.582098599217
0.582025430368
0.581903492507
0.581781567421
0.58165965511
0.581537755574
0.581415868813
0.581318368602
0.581147762907
0.581025917026
0.58092844952
0.580806626634
0.580684816524
0.580587377633
0.580465590518
0.580319462842
0.580222054612
0.580124654557
0.580027262679
0.579905534329
0.579808160847
0.579686455491
0.579540425928
0.579418748678
0.579321416076
0.579199761821
0.579078120341
0.578956491636
0.578834875706
0.578713272551
0.578567365629
0.578445790579
0.578324228304
0.578178370438
0.57808114208
0.577959618131
0.577838106956
0.577716608557
0.577595122933
0.577497943631
0.57735219052
0.577255031659
0.577157880973
0.576987886948
0.576890758746
0.576793638721
0.576672250187
0.576623698351
0.576478055105
0.576356699786
0.576211090778
0.576089763564
0.575992710991
0.575895666594
0.575774372596
0.575677346595
0.57558032877
0.575434817363
0.57531357191
0.57524083077
0.575119605756
0.574998393518
0.574901432925
0.574804480509
0.574683301486
0.574562135238
0.574465211437
0.574319841067
0.574198713144
0.574053376499
0.573932276682
0.573811189639
0.573690115371
0.573569053879
0.573448005161
0.573326969218
0.573205946051
0.573084935658
0.572963938041
0.572842953199
0.572721981131
0.572601021839
0.572504263603
0.572383327306
0.572262403784
0.572165674165
0.572044773638
0.571899709868
0.571754664495
0.571657977799
0.571537130928
0.571416296831
0.571319638752
0.571247150558
0.571150506786
0.57102971357
0.570884778573
0.570788165462
0.57066741057
0.570522521564
0.570401794777
0.570281080766
0.57016037953
0.57008796492
0.569943149498
0.569822484032
0.569701831341
0.569605318386
0.569508813607
0.569412317005
0.569267587431
0.569171111268
0.569050527562
0.568954069796
0.568881731836
0.568761178791
0.568664745552
0.56856832049
0.568423698226
0.568254995503
0.568134508887
0.568014035047
0.567893573982
0.567773125691
0.567652690176
0.567556350962
0.567484101917
0.567387777011
0.567291460281
0.567147000516
0.567050704737
0.566930345872
0.566834067979
0.566713732109
0.566569345928
0.566449038164
0.56635280115
0.56623251638
0.566136297763
0.566016035988
0.565919835767
0.565799596987
0.565607241512
0.565487035948
0.565366843159
0.565222628675
0.565102463991
0.565006341442
0.564886199753
0.564766070839
0.564621933005
0.564501832196
0.564381744163
0.564237655385
0.564117595457
0.564021556712
0.563853508582
0.563709487257
0.56361348326
0.563493489761
0.563421499794
0.563301526736
0.563205557488
0.563109596415
0.562989656572
0.562869729504
0.562749815211
0.562605934922
0.56251002495
0.562390148982
0.562246314683
0.56212646682
0.562030597728
0.56191077286
0.561790960768
0.561695120292
0.561551375419
0.561431601651
0.561335791835
0.561239990195
0.561144196731
0.561024466399
0.560904748842
0.560761104636
0.560593543491
0.560497805215
0.560378143868
0.560258495296
0.560138859499
0.56004316006
0.559947468796
0.559827866214
0.559684359979
0.55954087214
0.559421312994
0.559325674874
0.559182233025
0.559062712204
0.558967104745
0.558871505462
0.558775914354
0.558656436968
0.558560864257
0.558441409866
0.55832196825
0.558202539409
0.558107005534
0.557987599688
0.557892084209
0.557796576906
0.557701077779
0.557581715368
0.557486234638
0.557343028872
0.557223704786
0.557104393475
0.55698509494
0.556865809179
0.556746536194
0.556651127003
0.556531877013
0.556412639798
0.556317259223
0.556198045003
0.556102682825
0.556007328823
0.555911982997
0.555816645346
0.555721315872
0.555602165527
0.555530681452
0.555411551547
0.555340079737
0.555244791143
0.555125691898
0.554958974417
0.554863718527
0.554768470814
0.554649422669
0.554530387299
0.554387561719
0.554292354885
0.554173357841
0.554078169404
0.553959195354
0.553864025313
0.553745074259
0.553626135979
0.553507210475
0.553340736232
0.553221841388
0.553102959319
0.552984090025
0.552865233506
0.552746389762
0.552627558793
0.5525087406
0.552389935181
0.552271142537
0.55217611762
0.55208110088
0.551986092315
0.551891091926
0.551748606673
0.551629883015
0.551534913286
0.551439951734
0.55132126129
0.551202583622
0.551083918729
0.550965266611
0.550846627268
0.5507280007
0.550609386907
0.550538224764
0.550443349059
0.550348481531
0.550253622179
0.550158771003
0.55004021853
0.54994538575
0.549850561146
0.54970833957
0.549589835643
0.54947134449
0.549376560766
0.549258092609
0.549163327281
0.549044882119
0.548926449732
0.54880803012
0.548689623283
0.548594907011
0.548476523169
0.548358152102
0.548216123685
0.548097780723
0.548003115552
0.547884795585
0.54779014881
0.54769551021
0.547577223459
0.547458949482
0.547317037573
0.547198791702
0.547080558606
0.54700962488
0.546915053733
0.546796851297
0.546678661635
0.546584119104
0.54648958475
0.546371428303
0.546253284632
0.546135153736
0.546040658218
0.545969791944
0.545828073194
0.545709988288
0.545568303265
0.545473856802
0.545379418516
0.545261382155
0.545096152712
0.54500174713
0.544907349723
0.544789364463
0.544647799014
0.544553432267
0.544411897478
0.544317551172
0.544199629787
0.544105301877
0.543987403487
0.543893093973
0.543798792635
0.54368092746
0.54356307506
0.543445235435
0.543374537792
0.543256718608
0.543162472458
0.543068234484
0.542974004687
0.542856228937
0.542691364861
0.542573619771
0.542479432898
0.5423852542
0.542291083679
0.542220461153
0.542079229899
0.541938017041
0.541820353712
0.541702703669
0.541608592424
0.541514489355
0.541396872016
0.541279267452
0.541185192999
0.541114642525
0.54102058238
0.540926530411
0.540808976947
0.540691436259
0.540550404295
0.540432891712
0.540338890843
0.54024489815
0.540127418782
0.540009952189
0.53989249837
0.539798544514
0.539704598833
0.539563695642
0.539446290369
0.539328897871
0.539234993071
0.539117623568
0.539023737164
0.538953327726
0.538835988883
0.538718662816
0.538601349523
0.538507508087
0.538390217789
0.538272940267
0.538202579885
0.538061872919
0.537991526335
0.537897738043
0.537780514175
0.537663303083
0.537546104766
0.537405483648
0.537311746456
0.537194586464
0.537054011337
0.536960304805
0.536843183138
0.536749495003
0.536655815043
0.536538726592
0.536398237312
0.536304588013
0.536187537886
0.536047094598
0.535930072576
0.53581306333
0.535696066858
0.535579083162
0.535462112751
0.535345154605
0.535251597286
0.535158048143
0.535064507176
0.534970974385
0.53487744977
0.534737178178
0.534643674003
0.534550178005
0.534456690182
0.534339841901
0.534223006395
0.534129547189
0.534012734678
0.533919293867
0.533802504352
0.533685727611
0.533592315417
0.533475561671
0.533358820701
0.533242092506
0.533148719147
0.533032013947
0.532915321522
0.53282197678
0.53270530735
0.532565320896
0.532448679571
0.532355375709
0.53223875738
0.532145471914
0.532052194624
0.53195892551
0.531842350615
0.531725788495
0.531609239151
0.531516008873
0.53144609153
0.531352875561
0.531236367096
0.531119871407
0.531026684053
0.530910211359
0.530817042401
0.53072388162
0.530607442141
0.530514299755
0.530421165546
0.530328039513
0.530211643469
0.530118535832
0.53002543637
0.529909073542
0.529815992476
0.529722919587
0.529606589974
0.529513535481
0.529397228862
0.529304192765
0.529187909141
0.529071638293
0.528955380219
0.528839134921
0.528722902398
0.528606682649
0.528467235814
0.528351044171
0.528258100055
0.528141931406
0.528025775533
0.527909632435
0.527793502112
0.527677384564
0.527561279791
0.527445187794
0.527329108571
0.527189830367
0.527120198163
0.526980947553
0.52686491943
0.52677210613
0.526679301006
0.526586504058
0.526470519371
0.526354547458
0.526238588321
0.526122641959
0.526029894067
0.525937154351
0.525821241204
0.525705340832
0.525612629733
0.525496752356
0.525380887754
0.52528820527
0.525172363663
0.525056534832
0.524917557096
0.524824915493
0.524709124987
0.524639656815
0.524523886748
0.524408129456
0.524269238081
0.52417665371
0.524060934743
0.523968368768
0.523875810969
0.523760125218
0.523551924592
0.523436274611
0.523343763824
0.523228136838
0.523112522627
0.523020040456
0.522904449241
0.522765756645
0.522650193534
0.522511534664
0.522395999659
0.522280477428
0.522188068842
0.522118767767
0.522003276197
0.521910892139
0.521795423563
0.521679967763
0.521587612321
0.521472179515
0.521379842469
0.52131059505
0.521195193416
0.521079804046
0.520987501748
0.520872135373
0.520779851471
0.520687575745
0.520595308196
0.520456922201
0.520341614591
0.520226319757
0.520111037697
0.520018821247
0.519926612974
0.519834412876
0.519742220955
0.519650037209
0.519511776921
0.519419613615
0.519304420981
0.519212276072
0.519051042154
0.518889833275
0.518751674165
0.518659578312
0.518544469993
0.518429374449
0.51829127666
0.518176209221
0.518084164468
0.517992127891
0.517877093668
0.517785075487
0.517624063344
0.517532067647
0.517440080126
0.517325107223
0.517210147095
0.517095199741
0.516980265163
0.516911310548
0.516819378216
0.516704474298
0.516589583155
0.516474704787
0.51638281129
0.516267955917
0.516222017345
0.516084213893
0.515992355145
0.515877543207
0.515716827956
0.515602046679
0.515510230854
0.515372522448
0.515280727065
0.515165994332
0.515074217344
0.514959507607
0.514798935437
0.514661322077
0.514500796408
0.514363222907
0.514248592375
0.514133974618
0.51404228961
0.513904777429
0.513790197997
0.51369854365
0.513606897478
0.513515259483
0.513423629664
0.51333200802
0.513217492464
0.513102989682
0.512988499676
0.512874022444
0.512782449857
0.512690885446
0.51257644143
0.512462010189
0.512370474394
0.512301827913
0.512210306426
0.512118793116
0.512004412975
0.511844302239
0.511752821633
0.511638482372
0.511547020161
0.511455566126
0.511386980966
0.511272682585
0.51115839698
0.511066977693
0.510975566583
0.510861314192
0.510769921478
0.510701382308
0.510587160577
0.510495792391
0.510335917739
0.510221736888
0.510130401406
0.510016243551
0.509924926465
0.509833617555
0.509719492915
0.509628202401
0.509559739881
0.509445645901
0.509354379915
0.509240308931
0.509149061341
0.509035013351
0.508943784157
0.50885256314
0.508715746943
0.508624546366
0.508556151298
0.508464965029
0.508373786935
0.508259825816
0.508168666118
0.508054727994
0.507963586693
0.507849671563
0.507735769209
0.507599103248
0.507508002826
0.507371368036
0.507257519337
0.507143683413
0.507029860264
0.50691604989
0.506802252292
0.506688467468
0.506597448807
0.506483686979
0.506369937925
0.506256201647
0.506096992319
0.505983286701
0.505869593857
0.505801384283
0.505664978933
0.505551321859
0.505460405399
0.505369497115
0.50521042729
0.50511954149
0.505005945737
0.504869647697
0.504778792557
0.504687945592
0.504597106804
0.504483569817
0.504392749424
0.504279235432
0.504165734214
0.504052245772
0.503938770105
0.503825307212
0.503734546096
0.503621106199
0.503484995185
0.50339426473
0.503280863158
0.503212828346
0.503099447214
0.502986078857
0.50289539337
0.50282738462
0.502759380469
0.502646050437
0.50253273318
0.502442088573
0.502351452141
0.5022381681
0.502124896833
0.502011638342
0.501921040746
0.50180780525
0.501694582528
0.501581372582
0.501490813823
0.501377626872
0.501264452696
0.501173922553
0.501083400586
0.500992886795
0.500857131439
0.500744016028
0.500630913392
0.500517823531
0.50042736084
0.500314293975
0.50022384968
0.500110805809
0.499975170028
0.499884756393
0.499794350935
0.499703953652
0.499568373059
0.499455403283
0.499342446283
0.499229502058
0.499071401604
0.49898106973
0.498845587249
0.498732699234
0.498597250479
0.498484390569
0.498303841285
0.498236143735
0.49814588749
0.49803307868
0.497920282645
0.497830055015
0.497739835562
0.497627072742
0.497514322698
0.497446678803
0.497356494097
0.497266317568
0.497176149214
0.497108528315
0.496995837036
0.49690569321
0.496838090707
0.496747961189
0.496657839848
0.496567726683
0.496500147174
0.496410048317
0.496297436243
0.496207355782
0.496117283497
0.495982190399
0.495869626871
0.495779585246
0.495689551797
0.495577021483
0.495509509427
0.495351999181
0.495262004568
0.4951495228
0.495037053806
0.49494708781
0.494857129989
0.494767180344
0.494654754786
0.494564823538
0.494474900465
0.494384985569
0.494295078848
0.494182706945
0.494092818621
0.493958001464
0.493845667887
0.493733347084
0.493665960734
0.493576119422
0.493508743803
0.493441372784
0.493329097971
0.493216835934
0.493127035502
0.492992350184
0.492880126471
0.492767915534
0.492655717371
0.49256596804
0.492476226884
0.492408926383
0.49234163048
0.492229480863
0.492139770367
0.492072492861
0.491960374415
0.491870688448
0.491758592486
0.491646509299
0.491489614299
0.491399971256
0.491310336389
0.491198304302
0.49108628499
0.490996678739
0.490907080664
0.490817490765
0.490705514888
0.490615943385
0.490481601461
0.490392050398
0.490235355711
0.490123446265
0.489966794502
0.489854915716
0.489743049705
0.489653566095
0.489541723079
0.489452257864
0.489340437843
0.489250991025
0.489161552382
0.489072121915
0.488982699625
0.488759182735
0.488647441919
0.488535713879
0.488446340645
0.488334635599
0.488222943329
0.488133598711
0.488044262269
0.487954934002
0.487843285167
0.487731649107
0.487620025822
0.487463775196
0.487396818088
0.487285233128
0.48715134804
0.487062101534
0.48699517202
0.486928247105
0.486861326789
0.486772106856
0.486660593436
0.486571391899
0.486482198537
0.486393013351
0.486281543367
0.486192376578
0.486103217964
0.485991781195
0.485880357201
0.485791227203
0.485702105382
0.485590714603
0.485501611178
0.485412515928
0.485301158364
0.485189813576
0.485100746942
0.485033952333
0.484922638204
0.484811336851
0.484700048783
0.484611027118
0.484477509951
0.484366259697
0.484232776256
0.484143797515
0.484032585587
0.483943625242
0.483810200055
0.483721260151
0.483632328422
0.48354340487
0.483432261927
0.483365582293
0.48325445979
0.483165570985
0.483076690357
0.482987817905
0.482898953628
0.482810097528
0.482721249604
0.482543578284
0.482432550316
0.482321535123
0.482210532706
0.48212173997
0.482010760547
0.481877602614
0.481788840539
0.481677899441
0.481589155761
0.481500420258
0.481389512376
0.481278617268
0.481167734936
0.481079038269
0.480968178932
0.48087950066
0.480790830565
0.480657840752
0.48054702996
0.480436231943
0.480347602728
0.480236827706
0.480148216887
0.48003746486
0.479926725609
0.479838143406
0.479727427149
0.479616723668
0.479528170081
0.479417489594
0.479328954404
0.479262558376
0.47915190855
0.479063397887
0.478952771056
0.478842157
0.478753674953
0.478665201082
0.478554620241
0.478444052176
0.478355606921
0.478267169842
0.47817874094
0.478068216309
0.477979805803
0.477891403472
0.477803009318
0.477670433416
0.477559967551
0.477471604057
0.477339074145
0.477228646605
0.47711823184
0.477029909226
0.476919517456
0.476809138461
0.476720844463
0.476632558641
0.476544280995
0.476411879856
0.476301559626
0.476191252171
0.47612507383
0.476014786816
0.475970675587
0.475882459261
0.475794251111
0.475706051138
0.47561785934
0.475551720858
0.475463543368
0.475375374054
0.475287212917
0.475199059956
0.47511091517
0.474978713322
0.474890588977
0.474824501083
0.474736391046
0.474648289185
0.474538173356
0.474428070302
0.474317980023
0.47420790303
0.474119850225
0.474009795716
0.473921761307
0.473767721276
0.473657707647
0.473525708156
0.473415722633
0.473349737451
0.473261764362
0.473173799449
0.47310783113
0.473019880526
0.472909953767
0.472800039784
0.472690138576
0.472624203983
0.472536298347
0.472470374485
0.472382483156
0.472294600004
0.472206725028
0.472118858227
0.472030999603
0.47192118782
0.471811388813
0.471723558804
0.471591829122
0.471504019554
0.471416218162
0.471284531404
0.471152863042
0.471065094354
0.470933456652
0.470845708405
0.470757968333
0.470670236437
0.470582512717
0.470494797174
0.470407089806
0.470297467094
0.470187857157
0.470056342096
0.469946760264
0.469837191207
0.469749545159
0.469661907288
0.469552371446
0.46944284838
0.469355239124
0.469223840572
0.46911435583
0.469026777235
0.468939206816
0.468851644573
0.468764090506
0.468676544615
0.468610890562
0.468545241108
0.468413955998
0.468326442811
0.468217062825
0.468107695614
0.468020211043
0.467910866827
0.467801535386
0.467714079432
0.467626631653
0.46753919205
0.467451760624
0.467364337373
0.467276922299
0.467123965592
0.467036573001
0.466905499446
0.466818127296
0.466730763321
0.466643407523
0.466534224273
0.466381389184
0.466272236594
0.466163096779
0.466075794125
0.465988499647
0.465901213345
0.465813935219
0.465726665269
0.465595775674
0.465508526164
0.465399475775
0.465312244661
0.465225021723
0.465137806961
0.465007000149
0.464876211733
0.464767235438
0.464680063601
0.464571110301
0.464462169777
0.464396811594
0.464309674505
0.464222545592
0.464113645947
0.46402653543
0.463917658781
0.46383056666
0.463743482715
0.463656406945
0.463569339352
0.463438753293
0.46335170614
0.463264667163
0.463155879939
0.46304710549
0.462938343817
0.462829594918
0.462699113103
0.462612135446
0.462525165965
0.462416465612
0.462329514527
0.462220837169
0.462133904481
0.462025250117
0.461916608529
0.461829704457
0.461721085864
0.461612480046
0.461503887003
0.461395306735
0.461330164706
0.461221604878
0.461113057826
0.461004523548
0.460896002045
0.460809194041
0.460722394213
0.460635602561
0.460483736844
0.460396967676
0.460288517713
0.460201766942
0.460093339974
0.460006607598
0.459919883399
0.459833167375
0.459746459527
0.459659759856
0.45957306836
0.45948638504
0.459378042389
0.459248048069
0.459139733522
0.459053091083
0.458923142754
0.458836520755
0.458706603086
0.458620001526
0.458511761075
0.458446822936
0.458360245905
0.458295318497
0.458208755774
0.458122201227
0.458035654856
0.457927483389
0.457840955414
0.457776064799
0.457689551132
0.457603045641
0.457473302735
0.457386817684
0.457278722868
0.457192256213
0.457084184392
0.456976125347
0.456889687308
0.456781651257
0.456673627982
0.456587218559
0.456457619755
0.456349634805
0.456241662629
0.456176885456
0.456068933721
0.455982581531
0.455896237516
0.455831484871
0.455723574016
0.455615675936
0.455486215103
0.455399918101
0.455292058346
0.455184211366
0.455076377161
0.454968556242
0.454882308296
0.454774509861
0.454580504872
0.454494293718
0.454386541273
0.454278801604
0.454171074709
0.454084902392
0.45399873825
0.453891044571
0.453804898826
0.453675696048
0.453589570743
0.453503453614
0.453352768311
0.453266673666
0.453180587197
0.453072990608
0.452986922535
0.452900862637
0.452814810916
0.452728767371
0.452599717384
0.45249218978
0.452406176895
0.452341672597
0.452234175653
0.452148187297
0.452062207116
0.451954743387
0.451868781603
0.451761340869
0.451653912911
0.451589462268
0.451525016224
0.45143909532
0.451353182591
0.451267278039
0.451159908846
0.451074022689
0.450988144709
0.450923741589
0.450859343068
0.450773485528
0.450709097738
0.450601794976
0.450515961963
0.450430137127
0.450344320467
0.450258511983
0.450172711675
0.450065472787
0.450001135587
0.449893917139
0.449786711467
0.44967951857
0.44959377345
0.4494651711
0.449358016528
0.449272302068
0.449186595784
0.449058051689
0.448908106828
0.448801018686
0.448715357371
0.448629704231
0.448522649304
0.448437014561
0.448329982629
0.448244366282
0.448158758111
0.448051759394
0.447966169619
0.44788058802
0.447773622518
0.447688059315
0.447602504288
0.447495572002
0.447345888263
0.447281745754
0.447217607844
0.447110721548
0.447003848027
0.446875616665
0.44679013931
0.446683304114
0.446555118742
0.446426951766
0.446320160006
0.446256091081
0.44621338102
0.4460852631
0.445978512219
0.445893120713
0.445807737383
0.445701019717
0.445615654783
0.445530298025
0.445380943371
0.445274276806
0.445188952752
0.445060982
0.44495435376
0.444847738295
0.444762455121
0.444677180123
0.444570597873
0.444485341272
0.444357471699
0.444229620522
0.444144396624
0.444059180903
0.44393137265
0.443846177368
0.443760990263
0.443675811333
0.443569349169
0.443462899779
0.443377749466
0.443271323071
0.443186191154
0.443101067413
0.443015951847
0.442952120539
0.442888293829
0.442760654208
0.442675571346
0.442590496661
0.442505430152
0.442420371819
0.442335321662
0.442229020463
0.442122732039
0.442037710498
0.44193144507
0.441803943418
0.441676460163
0.44157023817
0.441485269773
0.441421548841
0.441294120774
0.441187944771
0.441103013166
0.440996860158
0.440869493411
0.440763368508
0.44065725638
0.440572375875
0.440487503547
0.440381424634
0.440296570702
0.440211724946
0.440105679248
0.439999646325
0.439893626177
0.439851221695
0.439766418863
0.439681624207
0.439596837727
0.439490866125
0.439363717576
0.439300149944
0.439215400256
0.439109474644
0.439003561807
0.438918840735
0.438834127839
0.43874942312
0.438643553718
0.438558867394
0.438474189246
0.438389519275
0.438304857479
0.438177880116
0.438093238761
0.438008605581
0.437923980578
0.437818210821
0.437691303976
0.437585562325
0.437479833448
0.437416402254
0.437310693818
0.437226136267
0.437141586892
0.43703591167
0.436951380691
0.436866857888
0.436782343261
0.43669783681
0.436613338536
0.436507727189
0.436423247311
0.436359892767
0.436254312081
0.436127632121
0.43602207954
0.435937646674
0.435853221983
0.435726600277
0.435663296323
0.435578898204
0.435494508262
0.435367938678
0.435304660785
0.435241387491
0.435114854699
0.435030509725
0.434925090005
0.434882925694
0.434777523859
0.434629982751
0.434566758513
0.434482466683
0.434398183029
0.434313907551
0.434208574701
0.434124317619
0.4339768874
0.433913710685
0.433829482219
0.433682102077
0.433576845878
0.433471602453
0.433366371804
0.433261153929
0.43315594883
0.433071793948
0.432945576956
0.432882475358
0.432798347049
0.432714226916
0.432609088246
0.432546011177
0.432461915572
0.432356807563
0.432272730353
0.43218866132
0.432104600463
0.431978524508
0.431873475264
0.431789445067
0.431705423046
0.431621409201
0.431558404183
0.431474404646
0.431390413285
0.431285435581
0.431201462617
0.431138488258
0.431075518499
0.431012553339
0.430907621626
0.430823685453
0.430739757457
0.430655837636
0.430592903136
0.430488022523
0.430404127231
0.430299269613
0.430236361174
0.430131523996
0.430047663452
0.429921887965
0.429838047861
0.429733259228
0.42964943752
0.429544671882
0.42946086857
0.429377073434
0.42925139606
0.429146678968
0.429062914492
0.428979158192
0.428895410068
0.42881167012
0.428707006683
0.428623285131
0.428560499333
0.428476792089
0.428372169532
0.42830940213
0.428225719414
0.428162962743
0.428037463197
0.427932894295
0.427849248372
0.427786519295
0.427702887679
0.42761926424
0.427472945961
0.427368446044
0.427305752226
0.42720127275
0.427138591196
0.427055022945
0.426971462869
0.426867024273
0.426783482594
0.426699949091
0.42659554371
0.426532906613
0.426449397638
0.426386771272
0.426345022917
0.426240660971
0.4261363118
0.426052841661
0.425969379698
0.425865063742
0.425802480301
0.425719042866
0.425614757571
0.42551048505
0.425406225304
0.425322826706
0.425239436283
0.425135209753
0.425051837726
0.424968473876
0.424864280561
0.424780935106
0.424676764786
0.424593437728
0.424489290403
0.424385155852
0.42430185741
0.424218567144
0.424114465809
0.42405201114
0.423947930245
0.423864674727
0.423760616828
0.42369818822
0.42361495723
0.423552539353
0.423469322671
0.423406915525
0.423323713152
0.423219721682
0.423136537704
0.423053361903
0.422949403648
0.422866246243
0.422783097013
0.422679171974
0.422596041141
0.422512918483
0.422409026659
0.422346697697
0.422242826312
0.422138968214
0.422055890525
0.421972821012
0.421889759675
0.421806706514
0.421682142613
0.421578352989
0.421474576141
0.421412316163
0.421350060785
0.421246312042
0.421163322245
0.421038852879
0.420955883523
0.420852183324
0.420789969337
0.420707024508
0.420624087856
0.420541159379
0.420458239079
0.420375326954
0.420292423006
0.420188804567
0.420064479305
0.420002323572
0.419919456416
0.419836597435
0.419753746631
0.419650194623
0.41954665539
0.419422425174
0.419318914046
0.419215415694
0.419111930116
0.41892568827
0.418884306814
0.418801550034
0.418739487814
0.418656745342
0.418532646965
0.418449924933
0.418367211077
0.418305181051
0.418222481503
0.418119118566
0.418036437414
0.417933097472
0.417850434717
0.417767780137
0.417643813598
0.417561179459
0.417478553495
0.417395935708
0.417251374254
0.41716877895
0.417086191823
0.416941684024
0.416838479497
0.416735287746
0.416652743543
0.416570207516
0.41646704898
0.416363903218
0.416260770232
0.416198896573
0.416137027512
0.416054542585
0.415951447924
0.415848366038
0.415745296927
0.415662850836
0.415559804721
0.415477377026
0.415394957507
0.415312546165
0.415230142998
0.415168345989
0.41508595713
0.414838858007
0.414694740103
0.414612398257
0.414530064586
0.414427158996
0.414344843722
0.414283112632
0.414200811666
0.414118518876
0.414036234261
0.413851126839
0.413748305565
0.413666057743
0.413583818097
0.413501586627
0.413398808787
0.413296043722
0.413193291433
0.413131646191
0.413028914342
0.41294673806
0.412864569954
0.412782410025
0.41267972161
0.412577045971
0.412494914658
0.41241279152
0.412330676559
0.412228044355
0.412125424925
0.41204333858
0.411920224392
0.411838158487
0.411735587603
0.411653540094
0.411592009828
0.411530484161
0.411407446623
0.411304929394
0.411222924809
0.411120430576
0.410997454359
0.41089498823
0.410833514685
0.410751557112
0.410649121644
0.41054669895
0.410444289032
0.410362370296
0.410280459735
0.41019855735
0.410096190867
0.410014306879
0.409891496226
0.409789168068
0.409727777306
0.409625469588
0.409543632611
0.409461803811
0.409461785415
0.409359510912
0.409277700508
0.40919589828
0.409114104228
0.40901187316
0.408909654868
0.408827889432
0.408725694134
0.408623511612
0.408541774792
0.408439615265
0.408337468513
0.408235334536
0.408153636552
0.40809236843
0.408010684754
0.407949427363
0.40788817457
0.407806511335
0.407704443788
0.407622798948
0.407541162285
0.407459534309
0.407377913997
0.407275900105
0.407214697902
0.407133102119
0.406990329172
0.406908755873
0.406806800746
0.406745633802
0.406664085031
0.406582544436
0.406501012017
0.406378728719
0.40629721674
0.406195338264
0.406113844681
0.406032359274
0.405950882043
0.405889779485
0.405787952109
0.405665776121
0.405584335683
0.405482546632
0.405340063423
0.405238305032
0.405075518179
0.405014481541
0.40493310651
0.40483139922
0.404750042585
0.404668694127
0.404628022964
0.404506021739
0.404445028024
0.404363710226
0.404302727243
0.404180775074
0.404119805888
0.404018200798
0.403936925924
0.403855659226
0.403794714568
0.403713462178
0.403611908188
0.403530674194
0.403469754064
0.403368230734
0.403287021269
0.403205819979
0.403124626865
0.403023146971
0.40290138796
0.402799936171
0.402739071229
0.402657925128
0.402576787202
0.402515939124
0.402434815506
0.402333422482
0.402252317261
0.402150947231
0.402049589977
0.401968513372
0.401887444943
0.401765859162
0.401644290244
0.401542996866
0.40148222697
0.401401207597
0.401299944879
0.401198695446
0.401117704689
0.401036722108
0.400955747703
0.400874781475
0.400793823422
0.400712873545
0.400631931844
0.400510536156
0.400429614896
0.400348701811
0.400227348025
0.400146455381
0.400025131744
0.399964476824
0.399883610752
0.399822966563
0.399742114799
0.399661271211
0.399560228223
0.399479403031
0.399398586014
0.399317777174
0.39925717591
0.399156184022
0.399095595021
0.39903501062
0.398954238572
0.3988734747
0.398792719004
0.398711971484
0.39865141621
0.398570682998
0.39844959851
0.398348708823
0.398268006271
0.398146967773
0.398066285662
0.39796544452
0.397884780804
0.397804125265
0.397723477901
0.397642838714
0.397562207702
0.397400970207
0.397340514578
0.397259914227
0.397179322052
0.397098738052
0.397018162229
0.396937594582
0.39683689652
0.396756347269
0.396675806194
0.396575141348
0.396494618669
0.396414104166
0.396313472535
0.39619273144
0.396132367792
0.396051890081
0.395971420546
0.39591107376
0.395830618534
0.395750171483
0.395669732608
0.39558930191
0.395508879387
0.39542846504
0.39534805887
0.395267660875
0.395187271057
0.395106889414
0.395046608548
0.394966241214
0.394865793543
0.394805531073
0.394725188266
0.394624771256
0.394524367021
0.394444052831
0.39434367159
0.394263375796
0.394183088178
0.394102808736
0.39402253747
0.39394227438
0.393862019466
0.393701534677
0.393621304292
0.393521027807
0.393400712888
0.393340562327
0.393220275003
0.393140093673
0.393059920519
0.392979755542
0.392879560817
0.392779378868
0.39271927583
0.392639145601
0.392538994312
0.392458882478
0.392378778821
0.392278660747
0.392198575485
0.392098480406
0.391998398102
0.391938354852
0.391818282148
0.391738243899
0.391658213826
0.391578191929
0.391498178208
0.391418172663
0.391318177229
0.391258186101
0.391138217642
0.390958299446
0.390858362777
0.390778422641
0.390718472904
0.390638547075
0.390558629422
0.390458743854
0.390358871061
0.390259011043
0.390179132226
0.390099261586
0.389979470955
0.389899621266
0.389819779242
0.389719988209
0.389640164581
0.389520444468
0.389420691761
0.389340898792
0.38924116908
0.389161394508
0.389081628112
0.389001869892
0.388902183614
0.38884237798
0.388762644288
0.388662989182
0.38856334634
0.388483641264
0.388403944364
0.388344177055
0.388264494463
0.388164902721
0.388085238525
0.388005582506
0.387906023979
0.387826386355
0.387746756908
0.387667135637
0.387587522541
0.387507917622
0.387428320878
0.387368628686
0.387289046251
0.38722936479
0.387090127466
0.387010573647
0.386911142871
0.386811724869
0.386732199666
0.386652682639
0.386573173788
0.386493673113
0.386434052973
0.386354566606
0.386255220145
0.3861956184
0.386096292379
0.38601684076
0.385957257412
0.385857962051
0.385758679465
0.385679262594
0.385580003515
0.38550060504
0.385421214742
0.385321988366
0.385242616464
0.385163252737
0.385103735308
0.385044222478
0.384964879191
0.384885544081
0.384786386691
0.384707069976
0.384607935581
0.384488992703
0.384429527396
0.384330428771
0.384231342921
0.384152083439
0.384053020584
0.383993589003
0.383874741171
0.383775714086
0.383696501616
0.38363709763
0.383577698242
0.383498506212
0.383419322358
0.383340146681
0.383280770288
0.383201608918
0.3831620313
0.383082882194
0.383003741265
0.382924608511
0.382845483934
0.382746589709
0.382667483528
0.382588385523
0.382489525025
0.382430214551
0.382291841331
0.382212782162
0.382153493151
0.382054688352
0.381975653711
0.381857117079
0.381778102878
0.381758350605
0.381679346625
0.38160035082
0.381501617561
0.381402897077
0.38128444936
0.381205494435
0.381126547687
0.381027875748
0.380929216585
0.380810842452
0.380712211394
0.380633315745
0.380534707682
0.38045583043
0.380337529881
0.380238960143
0.380160113551
0.380081275134
0.380002444894
0.37992362283
0.379825106747
0.379726603439
0.379647809991
0.379569024719
0.379490247623
0.379411478703
0.379332717959
0.379234278527
0.379155536179
0.379076802007
0.379017756743
0.378939036879
0.378880002347
0.378761947079
0.378683253788
0.378604568672
0.378545560201
0.378447222969
0.378368562381
0.37828990997
0.378191605953
0.378112971937
0.378034346098
0.377975382084
0.377896770552
0.377798517635
0.3777199245
0.377621694579
0.377543119839
0.37748419415
0.377385994889
0.377287808402
0.377209268411
0.377150368783
0.377052212957
0.376973697494
0.376895190207
0.376797067596
0.37669895776
0.376620479089
0.376522392248
0.376424318182
0.376365479874
0.376306646166
0.376228208375
0.376130172634
0.376071357322
0.375973342021
0.375855740523
0.375757753327
0.375718562026
0.375640185556
0.375581408568
0.375483457143
0.3754051052
0.375326761434
0.375248425844
0.375150517853
0.375072200659
0.374993891641
0.374896016866
0.374798154866
0.374759013643
0.374680737329
0.374622035459
0.374524209229
0.374465519623
0.374387273969
0.374289478399
0.374230807189
0.374133032059
0.374074373113
0.373996168339
0.373917971742
0.37383978332
0.37374205929
0.373663889265
0.373585727415
0.373507573741
0.373429428244
0.373351290922
0.373253630768
0.373195040807
0.373038823397
0.372921681801
0.37288263869
0.372804558601
0.372706969987
0.372628908293
0.372531342674
0.372414280795
0.372355756753
0.372277731852
0.372219218542
0.372121706578
0.372063205532
0.371985211291
0.371926720976
0.371809754143
0.371731786474
0.371673316088
0.371556389112
0.371478448016
0.371361551701
0.371303110442
0.371225195917
0.371166765389
0.37104991813
0.370952559467
0.37085521409
0.370777346578
0.370699487241
0.370602174568
0.37050487467
0.37042704395
0.370368676275
0.3703103132
0.370232502919
0.370174150575
0.370076906887
0.369999121135
0.369921343559
0.369843574159
0.369785252474
0.369707497382
0.369629750466
0.369552011726
0.369474281163
0.369396558775
0.36924114006
0.3691634422
0.369085752517
0.368969233321
0.368891564077
0.368775075542
0.368658605403
0.368580968863
0.3685033405
0.368425720312
0.368348108301
0.368231705614
0.368115321323
0.368037742015
0.367960170884
0.367882607929
0.367746892431
0.367688736311
0.367611201972
0.367553056583
0.367494915793
0.367436779602
0.367339896171
0.367243025515
0.367146167634
0.367068690527
0.366952490197
0.36689439693
0.366816946395
0.366739504037
0.366642712586
0.366565288623
0.366487872836
0.366410465226
0.366333065791
0.366255674533
0.366158946957
0.366023549813
0.365926852898
0.365830168757
0.365752830643
0.365656169498
0.365578849779
0.365540192986
0.365462885532
0.365385586254
0.365308295152
0.365211692772
0.365134420065
0.36503784068
0.36496058637
0.364883340236
0.364786794067
0.364728872497
0.364670955526
0.364574437461
0.364516532754
0.364458632646
0.364381439656
0.364284959917
0.364207785323
0.364111328579
0.364034172381
0.363957024359
0.363879884514
0.363783471205
0.363706349755
0.363648514033
0.363532856387
0.363436489068
0.363340134524
0.363243792755
0.363185993826
0.36310893574
0.363031885831
0.362954844098
0.362877810541
0.36280078516
0.362743021489
0.362685262418
0.362608257477
0.362550509137
0.362454272123
0.362358047885
0.362281077692
0.362204115675
0.362127161834
0.362050216169
0.361973278681
0.361877118317
0.361800199225
0.361723288308
0.361646385567
0.361550268639
0.361473384295
0.361377290362
0.361281209204
0.361204353475
0.361127505923
0.36103145798
0.360935423323
0.360858604387
0.360743391312
0.36064739447
0.360570606194
0.360513020352
0.360436246384
0.360378671273
0.360301911613
0.360225160129
0.360129232272
0.360071681689
0.359975774272
0.359899057536
0.359783997762
0.359726474774
0.35964978461
0.359573102623
0.359477261636
0.359419763175
0.359362269314
0.359285617987
0.359208974835
0.359113182393
0.358998248326
0.358921635834
0.358845031519
0.35876843538
0.358691847416
0.358653556501
0.358576980801
0.358500413789
0.358423854442
0.358289895258
0.358175093029
0.35809856843
0.357983796861
0.357907292702
0.357830796719
0.357773430098
0.357677829282
0.357601357827
0.357544009601
0.357467552454
0.357391103484
0.357276445357
0.357219123193
0.357161805627
0.357085389361
0.356970780291
0.356875286785
0.356798901179
0.356741617339
0.356646154494
0.356550704423
0.356417095786
0.356321676376
0.356226270252
0.356149954141
0.356035495306
0.355978272787
0.355863841546
0.355768496231
0.355692229176
0.355615970298
0.355539719596
0.35546347707
0.355387242721
0.355291961281
0.355196692616
0.355120486882
0.355063337947
0.355006193611
0.354949053875
0.3548538312
0.354777662258
0.354682462579
0.354587275674
0.354511135349
0.35445403547
0.354377909453
0.354282763428
0.354168605062
0.354092509705
0.354016422523
0.353940343518
0.35382624034
0.353731168411
0.353636109257
0.353541062878
0.353446029274
0.353370011589
0.353313003691
0.353237000314
0.35314200759
0.353047027642
0.352971052881
0.352857106069
0.352781151749
0.352686220345
0.352591301717
0.352496395863
0.352439458483
0.35234457307
0.352268673937
0.352173811519
0.3521169002
0.352022058222
0.351927229019
0.351851374855
0.351775528866
0.351699691054
0.351585949666
0.35152908587
0.35145327463
0.351377471565
0.351301676677
0.351225889965
0.351150111429
0.351036458955
0.350960700859
0.350884950939
0.350828143864
0.350752408252
0.350676680817
0.350600961557
0.350506323979
0.350449547565
0.350373852833
0.350298166278
0.35020356958
0.350090070407
0.349995501815
0.349900945998
0.34984421864
0.349787495881
0.349711872689
0.349636257674
0.34952285048
0.349447255905
0.349352774183
0.349277198004
0.349144959364
0.349069405669
0.348974975047
0.348880557201
0.348805032122
0.348729515219
0.348616255194
0.348521885893
0.34844639965
0.348370921583
0.348276585497
0.348201125826
0.348125674331
0.348050231012
0.34797479587
0.347918224878
0.347823950112
0.347748539498
0.347691986902
0.347597742796
0.347503511466
0.347446978799
0.347333927775
0.347258570304
0.347220894635
0.347145549429
0.347089045889
0.346994883544
0.346938392269
0.346881905593
0.346806597178
0.34673129694
0.34663718314
0.346580720992
0.346505445282
0.346430177748
0.346373732463
0.346298479237
0.346166805765
0.346091575023
0.346035157332
0.345922335747
0.34588473264
0.345790733815
0.345734340653
0.345677952089
0.345583981369
0.345508813991
0.345471233369
0.345414866267
0.345339717285
0.34526457648
0.345208226241
0.345076760236
0.344907769818
0.344813903854
0.344738820281
0.344682512966
0.344607443701
0.344551147117
0.344494855133
0.344438567748
0.344382284961
0.3443072484
0.344213464196
0.344157199806
0.344063436042
0.343988434229
0.343913440592
0.343838455131
0.343763477846
0.343688508737
0.343594808849
0.343501121735
0.343426181242
0.343332517124
0.343295055054
0.343220137045
0.343126501032
0.34301415519
0.342883107695
0.342808234655
0.34273336979
0.342677226507
0.342602375951
0.342527533571
0.342471407151
0.342396579079
0.342321759182
0.342246947462
0.342172143918
0.342116046625
0.342041257389
0.341966476329
0.341891703445
0.341854320069
0.341779559449
0.341704807005
0.341648748037
0.341592693669
0.341499279941
0.341461918027
0.341387200331
0.341312490812
0.341237789468
0.3411630963
0.341069741338
0.340976399151
0.340901734599
0.340808415407
0.340733769251
0.34067779
0.340565845295
0.340491225711
0.340435266389
0.340360661114
0.340230121555
0.340155538764
0.340099607036
0.340006397709
0.339950478245
0.339894563381
0.339820017381
0.339745479558
0.339670949911
0.33957779935
0.339410160532
0.339317045741
0.339242563106
0.339168088647
0.339093622364
0.339000551008
0.338907492427
0.338795838993
0.338702808517
0.338646996364
0.338609790816
0.338553986328
0.338479587497
0.338405196843
0.338330814364
0.338237849297
0.338126306239
0.33805195442
0.337996195922
0.337903275312
0.337828948021
0.337736050406
0.337661741512
0.337587440794
0.337513148251
0.33745743421
0.337364587695
0.337290319681
0.337234624036
0.33716037033
0.3370861248
0.337030446018
0.336974771835
0.336900546745
0.336826329831
0.336770672511
0.33671501979
0.336640823317
0.336548089222
0.336473911144
0.336399741242
0.336325579517
0.336251425967
0.33619581617
0.336140210973
0.336066077863
0.336010483397
0.335936364595
0.335880780859
0.335806676366
0.335732580049
0.335602931167
0.335547375025
0.335473307324
0.335362221102
0.335288173841
0.335214134756
0.335140103847
0.335066081113
0.334973564195
0.334899559858
0.33484406197
0.334770071941
0.334696090088
0.334640609064
0.334548151422
0.334474194097
0.334400244948
0.334344788452
0.334289336555
0.334233889257
0.334141487313
0.334067574957
0.333993670776
0.333919774771
0.333845886943
0.33377200729
0.333679669222
0.333587343929
0.333513492893
0.333439650032
0.333365815348
0.33327353349
0.333199717202
0.333144360351
0.333070558371
0.332996764567
0.332922978938
0.332849201486
0.332756991169
0.332683232113
0.332627918186
0.332535738529
0.332425139803
0.33233298825
0.332277703451
0.332240849473
0.332167147649
0.332111876647
0.332056610243
0.332001348439
0.331927673187
0.331872422114
0.331761933765
0.331651463811
0.331577827396
0.331541012254
0.331430579092
0.331338565511
0.331264963843
0.331209767958
0.331099389985
0.33102581489
0.330933857518
0.330860300819
0.33080513866
0.330731596269
0.330658062054
0.330602916758
0.330511018151
0.330474262286
0.330400756687
0.330345632853
0.330290513618
0.330217028459
0.330088449105
0.33001498643
0.329959894789
0.329868085608
0.329794647461
0.329721217491
0.329647795696
0.329592734715
0.329537678334
0.329464276979
0.329390883801
0.329280809363
0.329189094717
0.329115732199
0.329024040548
0.328932361673
0.328877360479
0.328804032709
0.328657401696
0.328565773921
0.328492480899
0.328382556696
0.328309284114
0.328236019707
0.328162763477
0.328071204687
0.327979658672
0.327906431058
0.327796605479
0.327741699332
0.327686797784
0.327631900835
0.327577008485
0.327503825839
0.327448944221
0.327357485076
0.327302615721
0.327211177017
0.327119751087
0.327064901661
0.326991776248
0.32691865901
0.326863826448
0.326772449064
0.326681084454
0.326626271821
0.326553195463
0.326498393561
0.326425331512
0.326334015448
0.326260971794
0.32620619442
0.326133165075
0.326078398431
0.326005383394
0.325932376533
0.325877626753
0.3258046342
0.325749895151
0.325695160701
0.325603946837
0.325530984944
0.325458031227
0.325385085686
0.325293915258
0.325202757604
0.325148069144
0.325038706021
0.324947584138
0.324911138962
0.32485647503
0.324801815697
0.324728943741
0.32465607996
0.32460143749
0.324528588018
0.324473956279
0.324401121115
0.324328294126
0.324255475314
0.324182664678
0.324146262425
0.32409166288
0.324037067933
0.324000673857
0.323946086575
0.323855117993
0.323800542975
0.323727783439
0.323655032079
0.323582288895
0.323509553887
0.323436827055
0.323345930013
0.323291397919
0.323236870425
0.323164174253
0.323091486257
0.323018806438
0.322946134794
0.322855306737
0.322800816034
0.322673688948
0.32260105614
0.322492122259
0.322419509891
0.32231060667
0.322238014743
0.322165430991
0.322110998543
0.322056570694
0.321947728793
0.321875177746
0.321820769826
0.321748233087
0.321675704524
0.321603184137
0.321530671926
0.321421918939
0.321349427168
0.321276943573
0.321204468154
0.321132000911
0.321077655845
0.32100520291
0.320932758151
0.320860321568
0.320787893161
0.320733577222
0.320679265881
0.320606857915
0.320534458124
0.320443969883
0.320353494418
0.320281123243
0.320190670772
0.320136405422
0.320045973392
0.319937471818
0.319865147656
0.319720523859
0.319630150594
0.31955786118
0.319485579941
0.319395239891
0.319341041993
0.319268785283
0.319160415548
0.319088179278
0.319015951184
0.318889571693
0.318781266344
0.318727120569
0.318672979392
0.31860079831
0.318510583455
0.318420381376
0.318312155743
0.318240015542
0.318185915756
0.318131820569
0.318059700808
0.317969562603
0.317879437174
0.31778932452
0.317735263059
0.317699224641
0.317591121649
0.317519063207
0.317447012942
0.317356962119
0.317302937451
0.317212907068
0.317140891551
0.317050883652
0.316978886531
0.316906897586
0.316852911242
0.316780936606
0.316726960993
0.316655000664
0.316601035783
0.316529089762
0.316439168734
0.316385222249
0.316313300756
0.316241387439
0.316169482299
0.316115558809
0.316043667976
0.315971785831
0.315881944007
0.315810079747
0.315756186917
0.315666376265
0.315576577877
0.315522704976
0.315397019426
0.315325210354
0.315253409458
0.315145723443
0.315055999151
0.314984228914
0.314912466854
0.314768967773
0.314679297136
0.314607569824
0.314535850688
0.314464139728
0.314356589129
0.314302820473
0.314231136085
0.314159459873
0.31410570808
0.314034046176
0.313980305114
0.313890746897
0.313819109521
0.313729574299
0.31365795532
0.313586344516
0.313532641779
0.313461045284
0.313389456964
0.313299983063
0.313210521936
0.313121073584
0.313049524101
0.312995867354
0.312906449663
0.312834924708
0.312763407928
0.312638273239
0.312566778944
0.312495292825
0.312423814882
0.312352345115
0.312245155794
0.312173706467
0.312102265317
0.312030832342
0.311959407543
0.31188799092
0.311834433819
0.311763031504
0.311691637366
0.311638097127
0.311531030447
0.311423982163
0.31137046492
0.31129911575
0.311227774755
0.31113861001
0.311085117295
0.311031629178
0.310978145661
0.310906841459
0.310835545433
0.310764257582
0.31071079706
0.310657341137
0.310603889813
0.310550443088
0.310461375433
0.310372320553
0.310318893757
0.310212053962
0.310158640963
0.310087430785
0.310016228783
0.309927237778
0.309873849307
0.309802671834
0.309731502536
0.309660341414
0.309589188469
0.309518043699
0.309411341875
0.309340217545
0.309304658446
0.309233546381
0.309162442491
0.309091346778
0.30902025924
0.308949179879
0.308895875723
0.308789281209
0.3087004665
0.308629423931
0.308558389538
0.308487363321
0.30841634528
0.308363087114
0.308274333726
0.308185593112
0.308096865273
0.3080258922
0.307919449454
0.307848496821
0.307742083202
0.307653419238
0.30761795723
0.307529311151
0.307387503998
0.307245729549
0.307192572562
0.307157137125
0.307068557477
0.307033129195
0.306944567432
0.306856018444
0.306785188452
0.306696662459
0.306625850862
0.306537347865
0.306484252198
0.30641346513
0.306342686237
0.306271915521
0.306201152981
0.306095024501
0.306024282401
0.305953548477
0.305847462921
0.305776749437
0.30568836908
0.305635346997
0.305582329514
0.30551164669
0.305440972043
0.305370305571
0.305317311082
0.305281983979
0.305228997155
0.305158355212
0.305087721444
0.305017095853
0.304946478437
0.304875869198
0.304752322702
0.304699381869
0.304646445635
0.304575871144
0.304522945641
0.304417108432
0.304364196726
0.304311289619
0.304258387111
0.304205489202
0.304134965811
0.304064450596
0.303976318074
0.303905821255
0.303835332612
0.303747233306
0.303676763059
0.303588686748
0.303518234897
0.303447791222
0.303359748126
0.303271717805
0.303201302746
0.303130895864
0.303078096067
0.303007703493
0.302954914427
0.30281416607
0.302743804155
0.302673450417
0.302603104855
0.302550351048
0.302480019794
0.302427276719
0.302356959772
0.302286651002
0.302216350408
0.302163630327
0.302093344041
0.302023065931
0.301970362714
0.301900098912
0.301812280657
0.301742035251
0.301671798021
0.301601568967
0.301531348089
0.301478687796
0.301408481226
0.301338282832
0.301250546337
0.301180366339
0.301127736707
0.301057571017
0.300952337812
0.300864657528
0.300776990018
0.300706865209
0.300636748575
0.300566640118
0.300496539836
0.300391404744
0.300321324903
0.300216220471
0.300146161069
0.300093621884
0.299953539873
0.299901017551
0.299848499828
0.299743478178
0.299673473965
0.299603477928
0.299515994379
0.299481004536
0.299393538873
0.29932357554
0.299253620383
0.299148702978
0.299096251173
0.299043803968
0.298973881516
0.298903967239
0.298816585891
0.29874669001
0.298676802305
0.298606922777
0.298537051424
0.298484653275
0.298432259725
0.298362408813
0.298292566076
0.298187817302
0.298117995005
0.298030728632
0.297960924732
0.297891129008
0.29782134146
0.297751562087
0.297681790891
0.297612027871
0.297542273027
0.297472526359
0.297402787867
0.297333057551
0.29728076518
0.297211049172
0.29714134134
0.297054218047
0.297001950204
0.2969322669
0.296862591772
0.296810340792
0.296740679972
0.296653615445
0.296566563693
0.296444714235
0.29637509634
0.296322888284
0.296253284696
0.296201087371
0.296131498092
0.296096706518
0.296009736526
0.295940169731
0.295888
0.295818447513
0.295731518401
0.29566198431
0.295592458395
0.295522940655
0.295418679377
0.295349182078
0.295297064469
0.295210212008
0.295123372321
0.295071274642
0.294967093079
0.294897648925
0.294828212946
0.29474142947
0.294672011887
0.29460260248
0.294515852219
0.294446461209
0.294394423316
0.294325046614
0.294255678087
0.294186317737
0.294134302839
0.294082292541
0.29401295263
0.293891627461
0.293822310034
0.293753000784
0.293666375719
0.293597084864
0.293527802186
0.293458527684
0.293354631261
0.293268064961
0.293198821119
0.293146893603
0.293077664069
0.293025747284
0.292973835098
0.292852724549
0.292783529763
0.292697047778
0.292627871388
0.292575994462
0.29250683238
0.292437678474
0.292368532744
0.292299395191
0.292230265813
0.292178424146
0.292109309076
0.292022926737
0.291936557172
0.291867470719
0.29178112415
0.291712056092
0.291608469336
0.291539421719
0.291470382278
0.291418608062
0.291332327923
0.29126331301
0.291194306273
0.291125307712
0.291073564157
0.2910218252
0.290970090843
0.290883877134
0.290814915366
0.290763199404
0.290694251944
0.290608079115
0.29053915005
0.290487458617
0.290401316449
0.290332411912
0.290246292739
0.290194627367
0.290125747358
0.290039658845
0.289988011869
0.289884731714
0.289833098535
0.289764261451
0.289695432542
0.289643816227
0.289557799254
0.289488994873
0.289403000896
0.289334214911
0.289299824985
0.289265437103
0.289179476851
0.289059153246
0.288938856212
0.288887307349
0.288801402796
0.288698334196
0.288663982084
0.288595283992
0.288509422875
0.288440743179
0.288354905057
0.288303408316
0.288234753148
0.288183267138
0.288131785726
0.288028836701
0.287960214237
0.287925906072
0.287857295872
0.287788693849
0.287737247697
0.287634369189
0.287565793738
0.287514367515
0.287462945891
0.287377253404
0.287308708613
0.287188776435
0.287137383938
0.287068867763
0.286983234041
0.286914736262
0.286846246659
0.286777765232
0.286675058422
0.286623711915
0.286572370007
0.286503921285
0.286435480738
0.286367048367
0.286298624172
0.286213105426
0.286161800311
0.286110499794
0.286042106259
0.285990816474
0.285922437247
0.285854066197
0.285785703322
0.285717348624
0.285649002612
0.285563580957
0.28549525283
0.285392775971
0.285273242885
0.285204949507
0.285136664305
0.285085455768
0.285034251831
0.284965987069
0.284897730483
0.284778301131
0.284710067029
0.284624785899
0.284556570193
0.284454261964
0.284386066698
0.284317879608
0.284232657244
0.28416448855
0.284113367395
0.284062250839
0.284011138882
0.283925962508
0.283840798908
0.283755648084
0.283704563721
0.283653483957
0.283602408793
0.283500272261
0.283432191459
0.283381136224
0.28331306973
0.283262025226
0.28321098532
0.283159950014
0.283108919306
0.283040885517
0.282955854778
0.282870836814
0.282802831641
0.282717836672
0.282649849895
0.282598865178
0.282530892709
0.282462928416
0.282394972299
0.28231003865
0.282225117777
0.282174171385
0.282106250016
0.281987407294
0.281919508409
0.281851617701
0.281783735168
0.2816988935
0.281647994631
0.281597100361
0.281512286798
0.28142748601
0.281376611669
0.281325741927
0.281257922759
0.281156209336
0.281105359524
0.28105451431
0.281003673695
0.280935893363
0.280885063479
0.280817297455
0.280749539607
0.280698726586
0.280630983046
0.280563247682
0.280512451525
0.280444730469
0.280393945042
0.280309312885
0.280258539723
0.280190849327
0.280140086895
0.280072410808
0.280021659107
0.279970912006
0.279920169504
0.2798694316
0.279801788217
0.279734153009
0.279649620497
0.279582003685
0.279497494168
0.279429895753
0.279362305513
0.27932851346
0.279260935484
0.279210257368
0.279142693701
0.279092026316
0.279024476957
0.278940051755
0.278889402766
0.278838758376
0.278788118585
0.278737483393
0.278669976958
0.278619352497
0.278484376419
0.278433768822
0.278366299179
0.278281973622
0.278180799818
0.278113360835
0.278062786964
0.278012217691
0.27792794579
0.277860537467
0.277759440313
0.277675206737
0.277624672724
0.277557301193
0.277489937839
0.277405745654
0.277355236169
0.277304731282
0.277237398588
0.27717007407
0.277085929919
0.277035449561
0.276984973802
0.276900858267
0.276850394772
0.276783117266
0.276682216337
0.27663177277
0.276581333803
0.276480469666
0.276413237128
0.276346012766
0.27627879658
0.276228389806
0.276110791885
0.276026808701
0.275942838291
0.275892462177
0.275858880656
0.275808512207
0.275758148357
0.275691003712
0.275607084402
0.275539958153
0.275472840079
0.275439284108
0.275355403124
0.275288307534
0.275204449545
0.275137372352
0.275070303334
0.275003242493
0.274936189827
0.274852385493
0.274802109025
0.274751837156
0.274701569885
0.274634554012
0.274534045532
0.274483798191
0.27441680889
0.274349827765
0.274266112856
0.274199150127
0.274148933446
0.274081985025
0.273931380972
0.273831002797
0.273780819842
0.27371391639
0.273647021113
0.273563413515
0.273513255088
0.273446384339
0.273396236643
0.273346093546
0.273279243238
0.27319569185
0.273128859937
0.273062036201
0.27299522064
0.272911712687
0.272844915523
0.272778126535
0.272711345723
0.272644573086
0.272594498975
0.272544429462
0.272460990494
0.272410933246
0.272344197402
0.272277469734
0.272210750242
0.272144038926
0.272094010804
0.272043987282
0.272010640822
0.271927283615
0.271877275422
0.271827271829
0.271727278439
0.271643964667
0.271577322847
0.271510689204
0.271444063736
0.271377446445
0.271310837329
0.271260885858
0.271210938986
0.271177643626
0.271077769811
0.271011197487
0.27096127361
0.270894715595
0.270811529573
0.270744989954
0.270695090605
0.270661826928
0.270578676676
0.270512165673
0.270429038416
0.270379168195
0.270329302572
0.270246203421
0.270163117044
0.270113271351
0.27004681758
0.269980371985
0.269913934566
0.269847505323
0.269797688756
0.269731273822
0.269664867063
0.26959846848
0.269515481749
0.269449101563
0.269399321788
0.26933295591
0.269266598207
0.269167076983
0.269100739721
0.268968089724
0.26890177699
0.268835472431
0.268769176049
0.268719459128
0.268636607812
0.268537203097
0.268487507638
0.268437816778
0.268388130517
0.268305330302
0.268222542862
0.268156322108
0.26809010953
0.268023905128
0.267941161123
0.26784188518
0.267775711438
0.267693005758
0.267626850413
0.267544167728
0.267478030778
0.267428433432
0.26736231079
0.267263142669
0.267197040467
0.267130946442
0.267048340407
0.266998782919
0.266932713421
0.266883166664
0.266817111474
0.266767575448
0.266701534567
0.266536468134
0.266470455868
0.266404451779
0.266338455866
0.266288964297
0.266189994955
0.266124025614
0.266074553974
0.26599211146
0.265942652084
0.265876713403
0.265810782898
0.265761340385
0.265695424189
0.26561304044
0.265547142639
0.265497724654
0.265415371566
0.265333031253
0.265283633197
0.265217776276
0.265135466623
0.265053169745
0.264987341441
0.264937975578
0.264888614314
0.264789905583
0.264724109983
0.264674768648
0.264608987356
0.26454321424
0.264493889768
0.26442813096
0.264362380328
0.264313072719
0.26426376971
0.264181608247
0.264132317502
0.264000897998
0.263918777926
0.263853090659
0.263787411567
0.263721740651
0.263656077911
0.263606836222
0.26354118779
0.263491956832
0.263442730473
0.263377102481
0.263295078989
0.263213068272
0.263147468896
0.263049085163
0.262999900195
0.262950719826
0.262868762764
0.262819594659
0.262737658038
0.262672117938
0.262606586015
0.262557442438
0.26250830346
0.262459169081
0.26239366373
0.262360914121
0.262328166555
0.262279049039
0.262229936122
0.262180827805
0.262115357202
0.262049894775
0.261984440524
0.261918994449
0.26185355655
0.261771770674
0.261706351171
0.26162458829
0.261575536693
0.261526489696
0.261461100853
0.261379376297
0.261297664517
0.26123230429
0.26113427928
0.261036272667
0.260970945144
0.260921954868
0.26087296919
0.260807662108
0.260758687162
0.260660751066
0.260595470556
0.260513881416
0.260432305051
0.260383365364
0.260318119601
0.260269190645
0.260203959191
0.260138735913
0.26008982382
0.260008313885
0.259959414056
0.259894221438
0.25984533234
0.259780154031
0.259714983897
0.259666111662
0.259600955836
0.259535808186
0.259486952815
0.259421819473
0.259324134791
0.259242744941
0.259161367867
0.259096275405
0.25903119112
0.25896611501
0.258901047077
0.258803460507
0.258722152418
0.258657115144
0.25854331959
0.2584783048
0.258413298187
0.258332051418
0.258283309489
0.258185839427
0.258137111295
0.258055907961
0.257990954492
0.2579260092
0.257877305595
0.257812374611
0.257763681737
0.257714993463
0.257650082918
0.25758518055
0.257520286357
0.25745540034
0.2573905225
0.257341869485
0.257244577252
0.257179725983
0.257098673395
0.257017633582
0.25695281093
0.256887996453
0.256839390961
0.256774590793
0.256677405871
0.256612626142
0.25653166298
0.256483091214
0.256434524047
0.25638596148
0.256321218544
0.256256483784
0.256191757199
0.256143217627
0.256013802784
0.255965280075
0.255900590283
0.255835908667
0.255771235227
0.255706569963
0.255658076381
0.255593425425
0.255528782645
0.255496464321
0.255447990668
0.255399521614
0.255334903362
0.255286445039
0.255221841096
0.255157245328
0.255108803868
0.255060367007
0.255011934745
0.254963507082
0.254915084018
0.254834389131
0.254753707019
0.254721437752
0.254640773525
0.254576251342
0.25452786507
0.254479483397
