0.99945660861
0.998913364899
0.998370268868
0.997859254566
0.997316445207
0.996837618413
0.996390817139
0.995976019922
0.995433724631
0.995019126705
0.994540851794
0.994126439872
0.993712114311
0.993329736596
0.992947432466
0.992533353207
0.992151202378
0.991769125132
0.991387121471
0.991005191906
0.990623335413
0.990273364937
0.989923456292
0.989573609478
0.989223824496
0.988874101344
0.988492655698
0.988174840536
0.987825302878
0.987507595026
0.987126413057
0.986808817626
0.986491273295
0.986173780064
0.985856337933
0.985538946903
0.985253338666
0.984936044726
0.984587080413
0.984301610147
0.983984469508
0.983699086623
0.983382043074
0.983065050625
0.982748109276
0.982462905753
0.982146061495
0.981797592343
0.981480855395
0.981164169548
0.980879195975
0.980562607218
0.980309373005
0.980024523606
0.979739715599
0.979423310802
0.979138590176
0.978853910941
0.978569273097
0.978253057372
0.977968506909
0.977683997838
0.977304719862
0.977051906714
0.976767531014
0.976483196706
0.976198903788
0.975914652262
0.975598865778
0.975314701633
0.975030578879
0.974778060069
0.974494015498
0.974178458965
0.973957599797
0.973705219978
0.973484414465
0.973200558454
0.972948276749
0.972664498921
0.972412286712
0.972128587068
0.971844928815
0.971592822894
0.971309242824
0.971025704657
0.970710710737
0.970458751984
0.970206825936
0.969954932592
0.969703071952
0.969451244016
0.969199448784
0.968947686256
0.968695956433
0.968444259313
0.968224051161
0.967940963187
0.967689364179
0.967406354388
0.967186264278
0.966934763383
0.966714726928
0.966463287353
0.966180456924
0.965897667885
0.965614920238
0.965363623744
0.965112359954
0.964829727283
0.964547136002
0.964295978501
0.964044853704
0.963793761611
0.963542702222
0.963291675537
0.963009309608
0.96275835242
0.962507427935
0.962225176982
0.96194296742
0.961660799249
0.961410017845
0.961159269145
0.96090855315
0.960657869858
0.960407219271
0.960156601388
0.959874695872
0.959624147485
0.959436257657
0.959217076619
0.958966614081
0.958716184246
0.958497084969
0.958246716455
0.958027670832
0.957777363638
0.957527089149
0.957245569439
0.956964091121
0.95671392292
0.956463787422
0.956213684629
0.95596361454
0.955713577156
0.955494821271
0.955244845207
0.954994901846
0.95474499119
0.954495113238
0.954276496857
0.954026680225
0.9538081175
0.953558362188
0.953371067166
0.953152579558
0.952934116989
0.952684476142
0.952466067228
0.952216487701
0.951966940879
0.95171742676
0.951499128733
0.951249675935
0.951031431564
0.950782040086
0.95056384937
0.950345683693
0.950096382151
0.949847113313
0.949629029908
0.949410971541
0.949192938214
0.948974929926
0.948725808257
0.948476719292
0.948258793275
0.94800976563
0.947823016359
0.947636285483
0.947387339599
0.947169538777
0.946920654213
0.946671802353
0.946422983197
0.946205293263
0.945987628368
0.945801078388
0.945552373696
0.945303701709
0.945055062425
0.94483752988
0.944620022374
0.944371473027
0.944122956384
0.943874472446
0.943626021211
0.943377602681
0.943129216854
0.942911906084
0.942694620353
0.942508395369
0.942260124008
0.942042913394
0.941825727819
0.941608567283
0.941453467945
0.941236350333
0.94098824658
0.940771182623
0.940554143706
0.940337129828
0.940089144627
0.939903177189
0.93965524922
0.939407353956
0.939190472427
0.938973615938
0.93872581061
0.938509007776
0.93829222998
0.938075477224
0.937858749507
0.937642046829
0.937456321606
0.937239665429
0.937023034291
0.936806428193
0.936620785752
0.936404226154
0.936187691596
0.935971182077
0.935754697597
0.935538238156
0.935321803754
0.935105394391
0.934889010067
0.934703557719
0.934487219897
0.934270907113
0.934054619369
0.933838356664
0.933622118998
0.933375020897
0.933158836886
0.932911800105
0.932695669749
0.932510435088
0.932294351233
0.932078292418
0.931831399228
0.931584538232
0.931368561688
0.931152610183
0.930936683717
0.930751623819
0.930504906414
0.930289055065
0.930073228756
0.929857427486
0.929703299051
0.929487540705
0.929240990398
0.929025285707
0.928809606055
0.928593951442
0.928439927763
0.928224316075
0.928039525985
0.927823960798
0.927639210566
0.92742369188
0.927208198233
0.926992729625
0.926777286056
0.926561867526
0.926346474035
0.926192636872
0.925977286305
0.925761960778
0.925577415969
0.925362136943
0.925146882956
0.924993145438
0.924777934375
0.924624227517
0.924409059378
0.924163183594
0.923886612939
0.923671530649
0.923487194329
0.92327215854
0.923057147789
0.922842162078
0.922627201406
0.922381562727
0.92216665571
0.921951773733
0.921736916794
0.921583462882
0.921337963195
0.921123177797
0.920939095956
0.920755032511
0.920540315076
0.92032562268
0.920110955324
0.919896313006
0.919681695727
0.919436449497
0.919221885874
0.91900734729
0.918792833744
0.918578345238
0.918333246177
0.918118811326
0.917904401515
0.917720641605
0.917506278294
0.917291940023
0.917108241433
0.916863338597
0.916649075443
0.916434837328
0.916220624252
0.916006436215
0.915822866398
0.915608724862
0.915394608366
0.915211099869
0.914997029873
0.914782984917
0.914568965
0.914354970122
0.914141000283
0.913896493984
0.913713135722
0.913499241
0.913285371317
0.913040979483
0.912857707069
0.912643912504
0.912399606518
0.912216398491
0.912002679043
0.911758458905
0.911544793112
0.911331152358
0.911087022157
0.910903945968
0.910690380332
0.910476839734
0.910293824866
0.910141326528
0.909988840965
0.909775382639
0.909561949352
0.909318056256
0.909104676624
0.908921799726
0.908738941224
0.908525629555
0.908312342926
0.908099081336
0.907885844785
0.907672633273
0.9074594468
0.907276735466
0.907033148971
0.906880924019
0.90669827094
0.906515636257
0.90633301997
0.906150422079
0.90590698684
0.905663584306
0.905481053867
0.905268124939
0.905055221051
0.904842342201
0.90462948839
0.904416659619
0.904234254887
0.90405186855
0.903839107742
0.903626371973
0.903444046957
0.903231357689
0.903049072532
0.90286680577
0.902623812037
0.902411219349
0.902198651699
0.901986109089
0.901773591517
0.901591453528
0.901378982458
0.901166536427
0.900954115435
0.900741719483
0.900529348569
0.900347336286
0.9001653424
0.899953039449
0.899740761538
0.899528508666
0.899316280833
0.899104078039
0.898891900284
0.898740360075
0.89858883264
0.898407016583
0.898225218921
0.898043439655
0.897831387096
0.897619359575
0.897407357094
0.897195379652
0.896983427249
0.896771499885
0.896589867788
0.896377986925
0.896166131102
0.895954300317
0.895772751002
0.895560966719
0.895409707561
0.895197966202
0.894986249882
0.894774558601
0.894562892359
0.894351251156
0.894139634992
0.893928043868
0.893746699976
0.893535155353
0.893323635768
0.893142353197
0.892961089021
0.892779843241
0.892568413082
0.892387207161
0.892175823503
0.89199465744
0.891813509773
0.891602194078
0.891451269627
0.891270177148
0.891058925839
0.89084769957
0.890666668412
0.890455488644
0.890244333915
0.890063364076
0.889882412634
0.889701479588
0.889520564937
0.889369816781
0.889158790825
0.888977931363
0.888766951908
0.888586132304
0.888345068115
0.888164291435
0.887953408559
0.887742550723
0.887531717925
0.887351024028
0.887170348526
0.886959583692
0.886778948049
0.886568229716
0.886357536422
0.886176962099
0.886026497549
0.885815868641
0.885605264773
0.8854247671
0.885244287824
0.885063826943
0.884883384459
0.884672891478
0.884492488851
0.884342167382
0.884131738787
0.883951391349
0.883771062307
0.883590751661
0.883410459412
0.883200141704
0.882989849036
0.882809618106
0.882629405573
0.882419180868
0.882208981202
0.882028829988
0.881848697171
0.881608548698
0.881398445611
0.88121837718
0.881038327145
0.880858295507
0.880678282264
0.880468290065
0.88028831668
0.880108361692
0.879898437456
0.879718522326
0.879508644591
0.879328769319
0.879118938085
0.878939102671
0.878759285653
0.878579487032
0.878309825124
0.878130072493
0.877950338257
0.877740671566
0.877560977189
0.877351356999
0.87717170248
0.876992066357
0.87678251413
0.876602917865
0.876423339996
0.876243780524
0.876034317722
0.875854798108
0.875675296889
0.875495814067
0.875286440691
0.875106997726
0.874927573158
0.874718267746
0.874538883036
0.874359516721
0.874180168803
0.874000839281
0.873791644756
0.873582475271
0.873373330824
0.873194084084
0.873014855741
0.872835645793
0.872656454242
0.872477281086
0.872298126327
0.872118989964
0.871910020791
0.871671229539
0.871492157562
0.871313103981
0.871134068796
0.870984886861
0.870776053615
0.870597073618
0.870418112018
0.870209346735
0.870030424992
0.869851521646
0.869672636696
0.869493770142
0.869285115746
0.86910628905
0.868897681155
0.8686890983
0.868540125876
0.86836137583
0.868212431511
0.868033715192
0.867855017268
0.867676337741
0.867467901543
0.867319033875
0.867140409535
0.866961803592
0.866783216045
0.866574887158
0.86642609614
0.866217810176
0.86603929928
0.865890554251
0.865682332674
0.865503876966
0.865325439653
0.865206491665
0.865028085013
0.864879426855
0.864730781473
0.864611874365
0.864403806599
0.864225482729
0.864017461465
0.863839177453
0.863601494053
0.863423252966
0.863245030274
0.863066825979
0.86288864008
0.862680779781
0.86250263374
0.862324506094
0.862146396845
0.861968305992
0.861760556581
0.861552832209
0.861374802676
0.861167124805
0.860989135131
0.860811163852
0.86063321097
0.860455276483
0.860277360393
0.860129111037
0.859951228673
0.859773364705
0.859565879992
0.859358420319
0.859180617671
0.859032462851
0.858854693929
0.858706567213
0.858499211274
0.858291880373
0.858084574512
0.857906903702
0.857729251289
0.857610826567
0.857462807162
0.857226002686
0.857048420791
0.856870857292
0.856693312189
0.856515785482
0.856338277172
0.856190367632
0.856012893047
0.855835436859
0.855657999066
0.85548057967
0.85530317867
0.855125796066
0.854948431858
0.854741530199
0.854564205849
0.854386899895
0.854209612337
0.854032343175
0.853884632926
0.853707397491
0.853530180451
0.853352981808
0.853146273308
0.853028165407
0.852851018886
0.85267389076
0.852496781542
0.852319690209
0.852142617272
0.851965562732
0.851788526587
0.851611508838
0.851405011382
0.851198538965
0.851051073997
0.850874132898
0.850667724867
0.850490823627
0.850343419979
0.850166552465
0.850019176923
0.849842343135
0.849636060299
0.849429802503
0.849253030035
0.849076275964
0.848899540288
0.848722823008
0.848546124125
0.848369443638
0.848163339653
0.847986699024
0.847868948824
0.847692338855
0.847515747282
0.847309747031
0.847133195316
0.846956661997
0.846750729709
0.846603650548
0.846427172417
0.846250712683
0.846074271344
0.845897848402
0.845721443856
0.845545057705
0.845398083299
0.845251121669
0.845045396847
0.844898465877
0.844751547681
0.844575262709
0.844398996133
0.844222747954
0.84404651817
0.843870306782
0.843694113791
0.843488578552
0.843283068351
0.84310693668
0.842930823405
0.842754728526
0.842578652043
0.84237325273
0.842167878456
0.841991863294
0.841815866527
0.841639888156
0.841522579463
0.841375955093
0.841229343499
0.841082744679
0.840936158635
0.840760272244
0.84058440425
0.840408554652
0.840203420038
0.840027610298
0.839851818955
0.839676046007
0.839471000818
0.83923669412
0.839060985559
0.838856015488
0.838680346784
0.838504696477
0.838329064566
0.838182718692
0.838007120507
0.837890065271
0.837714497746
0.837538948617
0.837392671729
0.837217156326
0.837041659319
0.836866180709
0.836690720494
0.836515278676
0.836339855253
0.836164450227
0.835989063597
0.835813695363
0.835638345524
0.835463014082
0.835287701036
0.835112406387
0.834937130133
0.834761872275
0.834586632813
0.834411411748
0.834265408246
0.834090220906
0.833944245509
0.833739901416
0.833564769265
0.833389655509
0.83321456015
0.833097840131
0.832922775432
0.832718556534
0.832543531693
0.832368525248
0.832135211938
0.831960248418
0.83172699234
0.831581223899
0.831406318632
0.831231431762
0.831056563288
0.830852573319
0.830706881528
0.830502934483
0.830299012477
0.830124242115
0.830036863833
0.829832999059
0.829629159324
0.829483574844
0.829338003138
0.829192444208
0.829017790355
0.828843154897
0.828639436781
0.828464841182
0.828290263979
0.828086614337
0.827912076992
0.827737558044
0.827563057491
0.827417654416
0.82724318759
0.82709781262
0.82692337952
0.826748964815
0.826574568507
0.826400190595
0.826225831079
0.826080545535
0.825935272765
0.825760962305
0.825586670242
0.825383352751
0.825209100545
0.825034866736
0.824831617208
0.82462839272
0.824454220231
0.824309090542
0.824134951779
0.823960831412
0.823786729441
0.823612645866
0.823438580687
0.823264533904
0.823119508971
0.822945495914
0.822771501253
0.822597524988
0.822452558821
0.822278616282
0.82210469214
0.821901803891
0.821727919607
0.821554053718
0.821380206226
0.82120637713
0.821119469481
0.820945667979
0.820771884873
0.820569161167
0.820395417919
0.820221693068
0.82007693641
0.819874299064
0.819671686245
0.819498038044
0.819353345262
0.819179730786
0.819006134707
0.818832557024
0.818658997737
0.818485456847
0.81834085349
0.818196262909
0.818022771074
0.817849297635
0.817675842593
0.817473501627
0.817300086443
0.817126689654
0.816982206383
0.816808843321
0.816664388155
0.816491058819
0.816317747879
0.816144455335
0.815971181188
0.815797925436
0.81562468808
0.81548033767
0.81530713404
0.815133948807
0.814960781969
0.814845347631
0.814701066206
0.814527945359
0.814354842908
0.814210604918
0.814037536193
0.813864485864
0.813720291309
0.813547274706
0.813374276499
0.813201296689
0.813028335274
0.812826570208
0.812682467633
0.812538377834
0.812365486938
0.812192614437
0.812019760333
0.811875729299
0.811702908921
0.811501308397
0.811328527877
0.811155765754
0.810983022026
0.810839082972
0.810666372971
0.810522462022
0.810407342461
0.810205902903
0.810033260353
0.809889405615
0.809716796792
0.809572970158
0.8094291563
0.809285355217
0.80911281078
0.808940284739
0.808767777094
0.808595287846
0.808451560858
0.808279105335
0.808106668209
0.807991720344
0.807819313878
0.807618196251
0.807445829643
0.807330928791
0.807129871973
0.806957557487
0.806842691383
0.806670407558
0.806469433522
0.806297189555
0.806124963983
0.805952756807
0.80580926488
0.805608398155
0.805436246168
0.805264112577
0.80512068197
0.804977264138
0.804776500636
0.804604437563
0.804403720562
0.804231697347
0.804031026847
0.80385904349
0.80368707853
0.803515131965
0.80331455089
0.803142644184
0.802970755874
0.802827529668
0.802655675084
0.802483838896
0.802312021104
0.802168853663
0.801997069597
0.801853930261
0.801682179922
0.801453208085
0.801281500669
0.801081198602
0.800909531044
0.800737881883
0.800623459329
0.800451840827
0.800251642493
0.80008006385
0.7999370957
0.799765550783
0.799565438298
0.799422516138
0.799251026409
0.799079555076
0.79890810214
0.798736667599
0.798593819535
0.798422418721
0.798251036302
0.79807967228
0.797936882981
0.797736999424
0.797594240785
0.797422947281
0.797251672173
0.797051874464
0.796909177146
0.796737957226
0.796566755702
0.796424101819
0.796224407844
0.796053261508
0.795910653615
0.795711024537
0.795568447303
0.795397371486
0.795226314065
0.79499826612
0.794827251623
0.794656255523
0.794485277818
0.794314318509
0.794171866472
0.794000940889
0.793830033703
0.793659144912
0.793488274518
0.79331742252
0.793146588918
0.792975773712
0.792833441759
0.792691122582
0.792520356432
0.792349608679
0.792150426216
0.791979718321
0.791809028821
0.791638357718
0.791496145851
0.791325508474
0.791126454784
0.790984288907
0.790842135806
0.790699995479
0.790557867927
0.790387331728
0.79018839608
0.79001789974
0.789847421795
0.789676962246
0.789534926675
0.789364500853
0.789194093426
0.789023704396
0.78888172759
0.788711372286
0.788569423585
0.788399102007
0.788200417261
0.788001757043
0.787803121864
0.787661254923
0.787462662668
0.787292460665
0.787122277057
0.786980471437
0.786781965031
0.786611836611
0.786441726588
0.786328330126
0.786158250763
0.786016532013
0.785874826038
0.785733132838
0.785591452413
0.785421452766
0.785279800447
0.785138160902
0.784968210312
0.784798278117
0.784628364319
0.784486783539
0.78428859191
0.7841187333
0.783977198511
0.783835676496
0.783665866942
0.783496075784
0.783354597205
0.783184839774
0.783015100738
0.782845380098
0.782647396447
0.782505994518
0.782336329067
0.782138409291
0.781940514554
0.7817991765
0.781629587699
0.781460017294
0.781290465285
0.781120931672
0.780979667714
0.780810167827
0.78061244121
0.780471223242
0.780301778543
0.780132352241
0.779962944335
0.779821785132
0.779680638704
0.779511279854
0.779370161531
0.779229055984
0.77905974619
0.778862241858
0.778692971922
0.778523720383
0.778382691485
0.778213473672
0.77807247288
0.777903288792
0.777762316105
0.777621356193
0.777480409056
0.777311289355
0.777170370323
0.777001284348
0.776832216769
0.776691341172
0.776550478351
0.776409628304
0.776240625112
0.776071640315
0.775958994004
0.775790039867
0.775592949958
0.775452186782
0.775283287834
0.775142552763
0.775001830467
0.774861120946
0.7747204242
0.774579740229
0.774439069033
0.774270280461
0.774101510285
0.773960882525
0.773792146075
0.773651546419
0.773510959539
0.773342272145
0.77320171337
0.773033059703
0.772836320341
0.772667706532
0.772499111119
0.772386724397
0.772246252492
0.772077703069
0.771965347007
0.771824913427
0.771628327877
0.771459845907
0.771319458317
0.771122937153
0.770954510371
0.770786101984
0.770617711994
0.770477401055
0.770309044791
0.770168761956
0.770000439418
0.769832135276
0.769635803695
0.769523625461
0.769327333227
0.769187139818
0.76901892459
0.768878759286
0.768738606758
0.768598467004
0.768458340025
0.768290204514
0.76815010564
0.767982003855
0.767813920466
0.767673865028
0.767533822364
0.767337784098
0.767113772558
0.766973780995
0.766805807982
0.766665844524
0.766525893841
0.766413942493
0.7662460308
0.766078137504
0.765910262604
0.765742406099
0.765630511983
0.765490655836
0.765294880224
0.765155054737
0.764959320516
0.764819525689
0.764679743637
0.764512022037
0.76437226809
0.764232526918
0.764064854374
0.763897200227
0.763729564476
0.763589882069
0.763422280044
0.763254696414
0.763087131181
0.762919584344
0.762779976033
0.762612462922
0.76241705421
0.762277491888
0.762137942342
0.761998405571
0.761830978308
0.761663569442
0.761524076106
0.761384595545
0.761217235734
0.761105672748
0.760938343598
0.760826801051
0.760659502561
0.760492222467
0.760324960769
0.760213463191
0.760074102715
0.759934755015
0.759795420089
0.759628235041
0.75946106839
0.7593217769
0.759182498184
0.759015380589
0.75884828139
0.758653355575
0.758486296234
0.758319255289
0.75815223274
0.757985228587
0.757846072512
0.75765127547
0.757484326505
0.757345216421
0.757178301182
0.757039219203
0.75687233769
0.756705474574
0.756594242717
0.756455214392
0.756344000931
0.756204995602
0.756066003048
0.755899228846
0.755760264397
0.755621312723
0.755482373824
0.755315664008
0.755176753214
0.755010077125
0.754871194436
0.754732324523
0.754537928106
0.754371322534
0.754232498611
0.754065926766
0.753899373317
0.753788347904
0.753621825115
0.753483070177
0.753316581625
0.753177854792
0.753011399456
0.752872700728
0.752734014775
0.752567608494
0.752373491084
0.752207124662
0.752040776636
0.751846727189
0.751680419021
0.751541842934
0.751347857873
0.751181604894
0.75101537031
0.750849154122
0.750710654685
0.750544472223
0.750406000891
0.750267542334
0.750101408929
0.749962978477
0.7498245608
0.749686155899
0.749520086879
0.749326362941
0.74916033378
0.748994323015
0.748855994764
0.748717679287
0.748551717579
0.748358118836
0.748192196985
0.748026293531
0.747860408473
0.747666899155
0.747501053955
0.747362863674
0.747224686168
0.747058890024
0.746920740623
0.746782603998
0.746644480147
0.746506369071
0.746368270771
0.746202569673
0.746064499478
0.745926442057
0.745788397412
0.745650365542
0.745457142385
0.745319141175
0.74518115274
0.745015583481
0.744822442596
0.744684500151
0.74451898608
0.744353490405
0.744243170176
0.744077705161
0.743939831701
0.743801971017
0.743636555058
0.743471157496
0.743333340246
0.743195535772
0.743057744072
0.742892410896
0.742754647302
0.742644445625
0.742479158439
0.742313889649
0.742148639255
0.742010944646
0.741845727978
0.741708061475
0.741570407746
0.741460293961
0.741322663227
0.741185045268
0.7410749601
0.740937365136
0.740772268043
0.740607189346
0.740442129045
0.74027708714
0.740112063631
0.739974558092
0.73980956831
0.73961710348
0.739479643932
0.739287222027
0.739149793139
0.738984895337
0.738847494554
0.73865515492
0.738490312306
0.738325488088
0.738188148625
0.738023358133
0.737858586038
0.737748748194
0.737611462386
0.737474189354
0.737309478578
0.737144786199
0.73695266834
0.736815456628
0.736678257691
0.736541071529
0.736403898142
0.736211876862
0.736074734136
0.735937604184
0.735800487007
0.735635963258
0.735498874187
0.73536179789
0.735197323198
0.735032866901
0.73489583404
0.734758813953
0.734594406713
0.734457414732
0.734293041218
0.734128686099
0.733964349377
0.733854801782
0.733717878786
0.733526208565
0.73338931623
0.73322506229
0.733088198059
0.732951346603
0.732814507923
0.732705046177
0.732540868887
0.732404068532
0.732239924968
0.732103152718
0.731966393243
0.731829646542
0.73172025838
0.731583534675
0.73139214295
0.731200776264
0.731036767605
0.730900107776
0.730736132843
0.730572176306
0.730435559912
0.730271637101
0.730135048811
0.729971159727
0.729834599543
0.729670744184
0.729534212105
0.729370390473
0.729206587237
0.729070098593
0.728906329083
0.728742577969
0.72863342078
0.728469700837
0.728333281178
0.728169594451
0.728005926119
0.727869549895
0.727733186447
0.727596835773
0.727433231828
0.727269646279
0.72713333904
0.726969787217
0.726833508084
0.726669989987
0.726506490286
0.726370254588
0.726206788613
0.726043341035
0.725879911852
0.725743734919
0.725580339463
0.725444190635
0.725308054582
0.725117485571
0.724981380178
0.72484528756
0.724709207718
0.72457314065
0.724409877032
0.72427383807
0.724137811883
0.723974597321
0.723811401155
0.723648223386
0.723512255964
0.723376301317
0.723213172603
0.723077246062
0.722914151074
0.722751074483
0.722588016288
0.722424976489
0.722261955086
0.722098952079
0.721963130293
0.721827321281
0.721745842007
0.721582897254
0.721447124013
0.721311363546
0.72114846785
0.721012735489
0.720849873518
0.720714169262
0.720578477781
0.720415664867
0.720280001492
0.720144350891
0.720008713065
0.719900212002
0.719764597172
0.719601876238
0.719466289512
0.719303602305
0.719168043684
0.719005390203
0.718842755118
0.718680138428
0.718517540135
0.71838205561
0.718219491043
0.718111124885
0.717975678685
0.717867330923
0.71770482461
0.717542336693
0.717406944148
0.717271564379
0.717082054163
0.716946705053
0.716811368719
0.716676045159
0.716513673751
0.716378378297
0.716243095617
0.716107825713
0.715945518691
0.715810276892
0.715675047868
0.715512789902
0.715323512192
0.715188329158
0.715080191929
0.71494503189
0.714809884626
0.714647724773
0.714485583315
0.714323460254
0.714161355589
0.71399926932
0.713837201446
0.713729166418
0.713594134129
0.713432112246
0.713351108204
0.713216111685
0.713054132727
0.712919164313
0.712784208675
0.712649265812
0.71248735124
0.712352436482
0.712217534499
0.712082645291
0.711947768859
0.711812905201
0.711705023473
0.71157018281
0.711354464833
0.711192697429
0.711003992042
0.710842264496
0.710707505594
0.710572759467
0.710411080977
0.710249420884
0.710114718192
0.709980028275
0.709845351133
0.709710686766
0.709522178114
0.709387544408
0.709252923476
0.709091395221
0.708956802394
0.708822222343
0.7087145675
0.708580010443
0.708445466162
0.708284029887
0.708176415924
0.708041909968
0.707880519683
0.707719147795
0.707504016959
0.707369574878
0.707262030412
0.707127611326
0.707020085255
0.706858811479
0.706697556099
0.706563190669
0.706401969015
0.706267631689
0.706133307139
0.705998995363
0.705837838096
0.705730410137
0.705542430884
0.705408175319
0.705273932529
0.705139702513
0.705005485273
0.704871280808
0.704737089118
0.704656580236
0.704522408986
0.70436142035
0.704173624035
0.704039498775
0.703878565327
0.703771286581
0.703610383792
0.703476312188
0.703342253358
0.703235015493
0.703074174025
0.702913350952
0.702779345778
0.702618556432
0.702511373755
0.702350615069
0.70221666355
0.702082724806
0.701948798837
0.70184166726
0.701707764286
0.701573874087
0.701413222712
0.701279360618
0.701145511299
0.70098490898
0.700851087767
0.700717279328
0.700556726065
0.700449700776
0.700289178173
0.70015542339
0.700048428762
0.699914696973
0.699754235691
0.699620532008
0.6994868411
0.699379897571
0.699219497609
0.699085845026
0.698952205218
0.698791854312
0.698604801505
0.698471207688
0.698337626645
0.698204058377
0.698070502885
0.697963667689
0.697830135192
0.697696615469
0.69758980889
0.697483010486
0.69732282821
0.697216050247
0.697082589289
0.696949141107
0.6968157057
0.696708966573
0.696548873212
0.69641547613
0.696308767662
0.696175393576
0.696042032264
0.695908683727
0.695748682346
0.695615361915
0.69545539426
0.695322101934
0.695162168005
0.695028903784
0.694895652338
0.694789060379
0.69462918777
0.694549258365
0.694416052909
0.694309497742
0.694149680322
0.694016513191
0.693856730008
0.69369696471
0.693563841014
0.693404109442
0.693244396266
0.693111316006
0.69297824852
0.69284519381
0.692712151874
0.692579122714
0.692419504585
0.692286503529
0.692153515249
0.692047133823
0.691887577014
0.691754627059
0.691621689879
0.691488765474
0.691355853844
0.691222954989
0.691116645104
0.691010343394
0.690877477754
0.69071805636
0.690558652852
0.690425830647
0.690293021218
0.690186782872
0.690053996438
0.68989466958
0.689735361118
0.689576071052
0.689469887894
0.689310628999
0.68917792688
0.689045237536
0.688886027187
0.688753365948
0.688620717484
0.68846155619
0.688302413293
0.688143288791
0.688010699093
0.687878122169
0.687719046724
0.687559989675
0.687427456187
0.687268432864
0.68713592748
0.686976937883
0.686870955039
0.686738487981
0.686579544374
0.686447105421
0.686341163457
0.686261712349
0.686129304056
0.685943953908
0.685811576275
0.685679211418
0.685546859335
0.685440986867
0.685282193495
0.685176341467
0.685017578755
0.684885290547
0.684753015115
0.684620752458
0.684488502576
0.684356265468
0.684224041136
0.684091829579
0.683933192574
0.683801009122
0.683642405842
0.683483820959
0.683351680942
0.683193129785
0.683061017873
0.682876082659
0.68271758669
0.682585520769
0.682453467622
0.682321427251
0.682189399654
0.682057384833
0.681898983911
0.681740601384
0.681582237254
0.68142389152
0.681291950794
0.681160022843
0.681001726164
0.680869826319
0.680737939248
0.680632438789
0.680500574714
0.680368723413
0.68026325157
0.680131423265
0.679973246161
0.679815087454
0.679709658535
0.679577883885
0.67944612201
0.679314372909
0.679182636584
0.679050913034
0.678919202259
0.678787504259
0.678655819034
0.678550480052
0.678445149246
0.678313497236
0.678181858001
0.678050231542
0.677918617857
0.677813336107
0.677681745417
0.677550167503
0.677392290868
0.677208124712
0.677076592788
0.676945073638
0.676813567264
0.676682073665
0.676550592841
0.676419124792
0.676261380507
0.676129940563
0.675945946103
0.675840817654
0.67568314031
0.675551756577
0.675446658788
0.675315298049
0.675183950085
0.675052614897
0.674895029533
0.67481624375
0.674632428141
0.674501146608
0.674396130579
0.674264872041
0.674081132061
0.673949904182
0.673818689079
0.673661247819
0.673556297198
0.67342512042
0.673293956417
0.673162805189
0.673057893405
0.672926765172
0.672795649715
0.672664547032
0.672533457124
0.672402379992
0.672271315634
0.672166473346
0.672035431984
0.671851995538
0.671720984836
0.671563788856
0.671432806259
0.671301836437
0.671144689514
0.671013747797
0.670778087965
0.670673362186
0.670542466459
0.670411583507
0.670306886343
0.670176026387
0.670071347619
0.669914344798
0.669757360374
0.669600394345
0.669469603373
0.669338825177
0.669234211818
0.669077307109
0.668920420797
0.668841984539
0.668685125821
0.668554424275
0.668423735504
0.668240792686
0.668110134575
0.668005617285
0.667874982169
0.667744359828
0.667639871154
0.667561510013
0.667457035647
0.667326454186
0.667195885501
0.66706532959
0.666934786455
0.666804256094
0.666673738509
0.666543233699
0.666386644789
0.666230074276
0.666099612901
0.665969164301
0.665812642844
0.665708305426
0.665577895151
0.665421419684
0.665317112926
0.665186740977
0.665056381802
0.664899967655
0.664769636586
0.664639318291
0.664509012772
0.664378720027
0.664222386108
0.664092121469
0.663961869604
0.66380558423
0.663701404201
0.663545149487
0.663440989898
0.663310801909
0.663154593185
0.663024433301
0.662920314592
0.662764151858
0.662581985253
0.662451881579
0.662321790681
0.662165698465
0.662009624646
0.661853569223
0.66172353709
0.661619520581
0.661463511148
0.661281523393
0.66115154747
0.66104757593
0.660917623001
0.660761696351
0.660631771528
0.660475878603
0.660345981885
0.660216097943
0.660086226775
0.659956368382
0.659826522765
0.659696689922
0.659566869854
0.659437062562
0.659333225926
0.659203441628
0.659073670106
0.658943911359
0.658814165386
0.658658487083
0.658528769216
0.658399064124
0.658243434876
0.658113757889
0.657984093677
0.657802585243
0.657621101847
0.65746556458
0.657335964243
0.657206376682
0.65710271583
0.656947239883
0.656817690647
0.656688154186
0.656558630499
0.656403218939
0.656299621452
0.656118345523
0.65601477052
0.655885313264
0.655781756657
0.655652322396
0.65552290091
0.655393492199
0.655238218609
0.655082963415
0.654953598139
0.654824245639
0.6546431736
0.654539715105
0.654384542694
0.654281104639
0.654151818569
0.653996692147
0.653893284753
0.653764037008
0.653634802037
0.653505579842
0.653376370422
0.653273012084
0.653143825659
0.652988818812
0.652833830361
0.652704687371
0.652601382177
0.652472262183
0.652343154963
0.652239878385
0.652110794161
0.651955909954
0.651826853835
0.65169781049
0.651594585013
0.651491367711
0.651362357582
0.651233360227
0.651052785394
0.650949611016
0.650820654542
0.650717498561
0.650614350756
0.650485427497
0.650356517013
0.650227619304
0.65009873437
0.649944089312
0.649866773682
0.649737924518
0.649583322385
0.649454501326
0.649351453678
0.649196897534
0.649093870326
0.648965097812
0.648862089
0.648733339481
0.648578856922
0.64842439276
0.648269946993
0.648166993368
0.648012578262
0.647858181551
0.647729531678
0.647600894581
0.647472270258
0.647369379998
0.64724077867
0.647137906806
0.647009328473
0.646855051337
0.64672650111
0.646597963657
0.64646943898
0.646366628436
0.646263826068
0.646135334606
0.646006855918
0.645878390006
0.645749936869
0.645595809968
0.645467384936
0.645338972679
0.645210573197
0.645056510682
0.644928139305
0.644799780703
0.644671434876
0.644543101825
0.644414781548
0.644286474047
0.644132521908
0.644004242511
0.64387597589
0.643747722044
0.643645128165
0.643516897314
0.643414321831
0.643286113974
0.64313228141
0.643004101659
0.642850302821
0.642696522379
0.642594012304
0.642440262522
0.642312151756
0.642158435701
0.64203035304
0.641902283154
0.641774226044
0.641671789553
0.641543755438
0.641415734098
0.641287725532
0.641108535003
0.640980557098
0.640827000475
0.640673462247
0.640545527777
0.640443189399
0.640315277924
0.640187379224
0.6400594933
0.63993162015
0.639829330828
0.639701480673
0.639548077351
0.639420255301
0.639292446027
0.63913909176
0.639011310591
0.638909094853
0.638781336679
0.63865359128
0.638525858655
0.638423681754
0.638295972125
0.638168275271
0.638015055909
0.63788738716
0.637785261359
0.637657615605
0.637504457563
0.637402362422
0.637274754993
0.63714716034
0.637019578461
0.636892009358
0.636764453029
0.636636909476
0.636509378697
0.636330857069
0.636228855953
0.636101366054
0.63594839504
0.635820933246
0.635693484228
0.63554056227
0.635438624517
0.635311213824
0.635183815906
0.635056430763
0.634954531847
0.634827169699
0.634648884155
0.634521552667
0.634394233954
0.634266928017
0.634139634854
0.634012354467
0.633885086855
0.633783281963
0.633706933659
0.633605143076
0.63345247253
0.633350702386
0.633274380144
0.633121749456
0.632994571269
0.632841974308
0.632714824226
0.632587686919
0.632435139014
0.632308029812
0.632206351649
0.632079265442
0.631952192011
0.631799720756
0.631672675429
0.6315202379
0.631393220679
0.631266216233
0.631164621874
0.631037640422
0.630910671746
0.630809106003
0.630682160322
0.630555227416
0.630428307285
0.630301399929
0.630174505348
0.630047623542
0.629946127296
0.629819268485
0.629692422449
0.629565589189
0.629438768703
0.629362682544
0.629210524022
0.629083739307
0.628956967366
0.628830208201
0.628728810067
0.628602073896
0.628475350501
0.628348639881
0.628272619641
0.628145929461
0.627993918108
0.627867256033
0.627740606733
0.627639296491
0.627512670186
0.62741137834
0.627234137795
0.627132868433
0.627006293228
0.626854419846
0.626727872746
0.626601338422
0.626449514096
0.626323007876
0.626221812099
0.626095328874
0.625968858425
0.625867691264
0.625715955852
0.625589523728
0.625437822042
0.625311418023
0.625159750064
0.62503337415
0.624932282617
0.62483119926
0.624730124079
0.624553262186
0.624426947592
0.624300645773
0.624149100454
0.624022826741
0.623896565803
0.62374506954
0.623618836706
0.623467374169
0.623341169441
0.623214977488
0.62308879831
0.622962631907
0.622836478279
0.622710337426
0.622609433942
0.622483316084
0.622407651502
0.622281554084
0.622155469441
0.622054610925
0.621953760585
0.621827709157
0.621726877213
0.621600848781
0.621474833124
0.621348830241
0.621222840134
0.621096862802
0.620970898244
0.620844946462
0.620719007455
0.620593081223
0.620467167766
0.620341267084
0.620265732807
0.620139852565
0.620013985098
0.619888130407
0.619787455851
0.619661624155
0.619560967995
0.619435159294
0.619309363367
0.619158425119
0.619032657297
0.618856603809
0.618756013058
0.618630286117
0.618504571951
0.61837887056
0.618253181944
0.618102372467
0.618001843037
0.61785106422
0.617700304311
0.617574684681
0.617423957987
0.617273249689
0.617147673493
0.617022110073
0.616871450831
0.616745915515
0.616645496461
0.616519984141
0.616369386219
0.616243902004
0.616118430564
0.615992971899
0.615867526008
0.615742092893
0.615591590018
0.615491264988
0.615340792773
0.615215413314
0.615090046629
0.61501483275
0.614914554732
0.614789218707
0.614613769735
0.61448846437
0.614388229277
0.614262946907
0.614112624927
0.613987370663
0.613837082409
0.613736900459
0.61361168452
0.613436403667
0.613311218388
0.613161012916
0.613035855742
0.612910711343
0.612760554928
0.612635438634
0.612510335115
0.612410261498
0.612285180974
0.612160113226
0.612060068225
0.611910016054
0.61178498663
0.611659969982
0.611509966867
0.611384978323
0.611260002555
0.611135039562
0.611035078366
0.610910138367
0.610785211144
0.610685278564
0.610560374336
0.610435482883
0.610260656311
0.610135795518
0.60998597943
0.609836181738
0.60971136438
0.609561600414
0.609436811162
0.609336988958
0.6092122227
0.609112418892
0.608912835805
0.608788112982
0.608663402935
0.608563644095
0.608438957043
0.6083392166
0.608214552543
0.608089901261
0.607990189433
0.607865561146
0.607740945635
0.607616342898
0.607491752936
0.607317348452
0.607217699988
0.607043334851
0.606943708872
0.606819187896
0.606744481442
0.606619980905
0.606495493144
0.606395912133
0.606296339298
0.606171884752
0.606047442981
0.605898129719
0.605773716053
0.605649315162
0.605549803647
0.605425425751
0.60530106063
0.605201577732
0.605102103009
0.604977771103
0.604878314777
0.604754005866
0.604654567936
0.60453028202
0.60440600888
0.604281748514
0.60418234942
0.60405811205
0.603933887455
0.603834516976
0.603735154674
0.603586126551
0.603461950501
0.603362618859
0.603263295393
0.603114325524
0.602990198019
0.602866083289
0.602741981335
0.602617892155
0.602518630009
0.60241937604
0.602320130246
0.602220892628
0.602146469781
0.602047246471
0.601972834354
0.60184882438
0.601749625598
0.601650434993
0.601526458234
0.601402494249
0.60130333226
0.601179391271
0.601080247678
0.600981112261
0.600857204487
0.600708532021
0.600584652352
0.600460785458
0.600336931339
0.600213089996
0.600089261427
0.59999020777
0.599891162289
0.599816883544
0.599717852371
0.599618829374
0.599495062126
0.599346558291
0.599222819148
0.599099092779
0.598975379186
0.59887641751
0.598727990325
0.598604315057
0.598455921598
0.598357002846
0.598258092269
0.598134465547
0.598035573366
0.597911969639
0.597813095854
0.597689515122
0.597565947164
0.597442391981
0.597318849574
0.597220024846
0.597096505433
0.596972998796
0.596849504934
0.596775414748
0.596651941326
0.596528480679
0.596405032807
0.59628159771
0.596133492456
0.596010085464
0.595911369069
0.595787985072
0.59566461385
0.595516585247
0.59539324213
0.595269911788
0.595146594222
0.595047949366
0.594949312687
0.594826028336
0.594727410563
0.594628800456
0.594530198525
0.59443160477
0.594308374074
0.594185156153
0.59403731151
0.593914121694
0.593766310778
0.593643149067
0.593520000131
0.59339686397
0.593224494807
0.593101389306
0.592953679568
0.592855216629
0.592732149454
0.592584485706
0.592461446635
0.592363024577
0.592240008502
0.592117005201
0.591994014676
0.591871036926
0.59174807195
0.591649709168
0.591526767188
0.591428422802
0.591280921553
0.591182597607
0.591059704172
0.590961398622
0.590887674825
0.590740241028
0.590617393584
0.590494558914
0.590371737019
0.5902489279
0.590126131555
0.590003347986
0.589880577191
0.589757819172
0.589659621954
0.58953688693
0.589414164681
0.589315996079
0.589168758507
0.58909514662
0.588972470361
0.588849806877
0.588702627559
0.58857999218
0.588457369576
0.588334759747
0.588187644816
0.588089578415
0.587967006911
0.58781993797
0.587697394571
0.58759936905
0.587452346099
0.587354341019
0.587207348727
0.587060374833
0.586913419334
0.586815459221
0.586693020578
0.58657059471
0.586423700531
0.586301302768
0.586154442316
0.586032072658
0.585909715775
0.585811839467
0.585689505579
0.585542721777
0.585420415994
0.585273665918
0.585175842754
0.585102480747
0.584980220954
0.584882422319
0.584760185521
0.584613518227
0.584491309535
0.584369113618
0.584246930476
0.58414919316
0.584027033013
0.583904885641
0.583733900783
0.583587362261
0.58346526088
0.583343172273
0.583245510585
0.583123444974
0.583025801683
0.582928166567
0.582830539628
0.582708517452
0.582610908908
0.582464511424
0.582366923321
0.582269343394
0.582171771643
0.582049818452
0.581952265097
0.581879105446
0.581781566399
0.581635273159
0.581537754552
0.581440244121
0.58131836758
0.581220875546
0.581099022
0.580952814608
0.580830989167
0.580733538013
0.580611735567
0.580441233605
0.580270756683
0.580149002782
0.580002914965
0.579905533307
0.579808159825
0.579735135078
0.579637775904
0.579516088434
0.579418747656
0.579297083181
0.579199760799
0.579078119319
0.578956490614
0.578810553031
0.578688952431
0.578543049086
0.578445790068
0.578324227793
0.578226987172
0.578129754726
0.578008225667
0.577886709382
0.577668013796
0.577546533282
0.577449358068
0.577376482024
0.577279321119
0.577182168389
0.577085023836
0.577012170787
0.576890759257
0.576793639232
0.576672250698
0.576550874939
0.576380970339
0.57625962524
0.576114027985
0.575992710991
0.575871406773
0.575750115329
0.57562883666
0.575531822924
0.575362069069
0.575192339742
0.575046877391
0.574949912711
0.574828718358
0.574707536779
0.574610600715
0.574489442132
0.574392524464
0.574295614971
0.574198713655
0.574077598507
0.573932277193
0.57381119015
0.573690115882
0.57356905439
0.573423797461
0.573302764074
0.573205946562
0.573060735624
0.572939740562
0.572818758274
0.572697788762
0.572576832025
0.572480075833
0.572359142091
0.572238221124
0.572117312932
0.572020595576
0.571899710379
0.57180301142
0.571682149218
0.571561299791
0.571416297342
0.57129547602
0.571174667474
0.571053871702
0.570957244283
0.570836471506
0.570739862483
0.570594964278
0.570498375695
0.570377651464
0.570208659513
0.570136241838
0.570039692091
0.56994315052
0.569846617125
0.569701832363
0.569581192447
0.569436441411
0.5693158296
0.569195230564
0.569074644303
0.568978184493
0.568881732858
0.568737070736
0.568616533021
0.56849600808
0.568351395015
0.568254996525
0.568134509909
0.568038129815
0.567893575004
0.567773126713
0.567628605628
0.567508185443
0.567411858493
0.567291461303
0.567219229121
0.567122926699
0.567002560169
0.566882206415
0.566689666979
0.566593409525
0.566473099205
0.566352801661
0.566256572823
0.566136298274
0.566040087832
0.5658957875
0.565775551276
0.565679371494
0.565559158265
0.565438957811
0.565270698637
0.565198595227
0.565054402205
0.564934255406
0.564814121383
0.564694000134
0.564597912333
0.564501832707
0.564405761258
0.564285683445
0.564189630392
0.564069575573
0.56394953353
0.563829504261
0.563709487768
0.563613483771
0.563469493106
0.563397504672
0.563229550055
0.563133586939
0.562989657594
0.562869730526
0.562749816233
0.562605935944
0.562486049756
0.562390150004
0.562270286811
0.562174405455
0.562054565257
0.561886810442
0.561767000904
0.561671162472
0.56155137593
0.561455555894
0.561359744034
0.56126394035
0.561120250154
0.56102446691
0.560880807374
0.56078504457
0.560689289943
0.560569608156
0.560449939143
0.560330282906
0.560234567115
0.560114933873
0.560019236477
0.559923547258
0.559827866214
0.559708276408
0.55961261376
0.559493046949
0.559349584149
0.559230045442
0.559134423675
0.559014907963
0.558895405027
0.558775914865
0.558656437479
0.558513081479
0.558417521032
0.558274195691
0.55815477196
0.558059242173
0.557939841437
0.557820453476
0.557677204786
0.557581715879
0.557462366244
0.557366895733
0.557247569092
0.557128255227
0.557008954136
0.55688966582
0.556794244366
0.556651127514
0.556508029059
0.556412640309
0.556293415868
0.556198045514
0.556102683336
0.556007329334
0.555888148329
0.555768980098
0.555649824643
0.55550685496
0.555411552058
0.555316257333
0.555173330574
0.555030422211
0.554935160189
0.554839906343
0.554720850534
0.554601807499
0.55448277724
0.554363759755
0.554244755046
0.554149560476
0.554030578762
0.553935402588
0.553840234591
0.55374507477
0.553554779655
0.553435861816
0.553340736743
0.553221841899
0.55310295983
0.552984090536
0.552889004299
0.552698856353
0.552580030494
0.552484979005
0.552389935692
0.552294900555
0.552176118131
0.552081101391
0.551986092826
0.551891092437
0.551772353449
0.551653627235
0.551534913797
0.551416213134
0.551297525246
0.551202584133
0.55108391924
0.551012726436
0.550894081983
0.550799175619
0.550704277431
0.550561945478
0.550419631922
0.550301051344
0.550182483541
0.550063928514
0.549945386261
0.549826856783
0.549684638274
0.549566136901
0.549471345001
0.549352866624
0.54925809312
0.549163327792
0.54904488263
0.548973821665
0.548855396942
0.548760666363
0.548665943959
0.548523876195
0.548381826315
0.548287136616
0.548145117397
0.548050448137
0.547932123061
0.547861134147
0.547695511232
0.547577224481
0.547458950504
0.547364340521
0.547222440876
0.547127851333
0.546985982349
0.546891413246
0.546773213364
0.546655026258
0.546536851927
0.546395059593
0.546229658453
0.546111530112
0.545993414546
0.545875311756
0.54575722174
0.545639144499
0.545544691904
0.545403028343
0.545308596188
0.54521417221
0.545096153734
0.544954548427
0.544836558056
0.544718580461
0.544600615641
0.544459074719
0.544341138004
0.544223214064
0.544152465832
0.544010983165
0.543916671607
0.54372807353
0.5436337865
0.543539507646
0.543421670576
0.543327410119
0.543209596044
0.543091794744
0.543021120096
0.542950450048
0.542809123747
0.542714916434
0.542550073309
0.542455888479
0.54233816894
0.542244002506
0.542126305962
0.542008622193
0.541890951199
0.54177329298
0.541655647536
0.541538014867
0.541373350592
0.541232229715
0.541161676174
0.541067611941
0.540926530922
0.540808977458
0.540714943885
0.540597413417
0.540479895723
0.540385890766
0.540268396068
0.540174409507
0.540103924952
0.539986460914
0.539869009651
0.539775057838
0.539634145449
0.539516732511
0.539399332348
0.53928194496
0.539164570347
0.539070679855
0.538953328237
0.538835989394
0.538718663327
0.538601350034
0.538484049516
0.538366761774
0.538249486806
0.538132224614
0.538014975196
0.53792118486
0.5378274027
0.537710186498
0.537592983071
0.537428919735
0.537311746967
0.537218017952
0.537077439758
0.536960305316
0.536843183649
0.536726074757
0.536608978641
0.536468480164
0.536351412152
0.536234356915
0.536117314454
0.536023689682
0.535930073087
0.535813063841
0.535719465641
0.535625875618
0.535462112751
0.535368545212
0.535274985849
0.535158048143
0.534994356817
0.534854069894
0.534737178178
0.534620299237
0.534503433071
0.53438657968
0.534269739065
0.53417627577
0.534059458149
0.533942653304
0.533849218625
0.533732436775
0.533615667699
0.533498911398
0.533382167873
0.533265437123
0.533148719147
0.533032013947
0.532915322033
0.53284531271
0.532728640725
0.532611981514
0.532495335079
0.532378701419
0.532285403689
0.532192114136
0.532098832758
0.531982242533
0.531888979551
0.531772412321
0.531655857867
0.531539316187
0.531446092041
0.531329573357
0.531166468661
0.531073277219
0.530933505387
0.530793751951
0.530677304806
0.530560870437
0.530444448843
0.530328040024
0.530188366304
0.53007198559
0.529955617651
0.529862532498
0.529746187554
0.529629855385
0.529443750487
0.529327451534
0.529211165355
0.52911814561
0.529001882427
0.528908881078
0.528769394385
0.528699657937
0.528583440744
0.528467236836
0.5283742825
0.528281336339
0.528118700232
0.527979317783
0.527863179795
0.527723831072
0.527584500746
0.527491624082
0.527375539749
0.527282681481
0.527189831389
0.527073780271
0.526980948575
0.526864920452
0.526725703568
0.52658650508
0.526470520393
0.526331355631
0.526238589343
0.526122642981
0.525983524209
0.525913971722
0.52579806113
0.525658985282
0.525543102795
0.525427233083
0.525334546512
0.525195531985
0.525056535854
0.524963881986
0.524848076149
0.524732283088
0.524616502801
0.52452388777
0.524454431862
0.524315533843
0.524199799547
0.524084078026
0.523968369279
0.523852673308
0.523760125729
0.523667586326
0.52355192357
0.523436273589
0.523320636383
0.523205011952
0.523112521605
0.523020039434
0.52292756544
0.522811984444
0.522742641979
0.522650192512
0.522557751221
0.522419105127
0.522326684276
0.522234271602
0.522118767256
0.522026372978
0.521910891628
0.521818515745
0.52170305739
0.52158761181
0.521472179004
0.521333676501
0.521264432148
0.521149035113
0.521033650853
0.520918279368
0.520802920658
0.520687574723
0.520572241564
0.520479984234
0.52038773508
0.520272435135
0.520157147966
0.520041873571
0.519926611952
0.519788314871
0.519696127038
0.519626991528
0.519488734306
0.519373534007
0.519304419959
0.51921227505
0.519120138316
0.519028009759
0.518935889378
0.518797724136
0.518705624195
0.51861353243
0.518521448841
0.518406355852
0.518268261128
0.518130184801
0.518015135247
0.517900098979
0.517808078755
0.517716066706
0.517601063142
0.517463075729
0.51737109434
0.517256129102
0.517164166109
0.517072211293
0.51695727927
0.516842360021
0.516727453548
0.51661255985
0.51652065409
0.516382810779
0.516267955406
0.516153112809
0.516061247928
0.515946428326
0.515808661665
0.515716827445
0.515625001401
0.515510230343
0.515418422695
0.515326623223
0.515211885381
0.515051273864
0.514936566681
0.514844810134
0.514753061762
0.514638387795
0.514546657819
0.514432006847
0.51431736865
0.514248591864
0.514156896636
0.514042289099
0.513927694337
0.513836027726
0.513721455959
0.513583986702
0.51346944304
0.513354912154
0.513240394042
0.513148788751
0.513057191636
0.512965602697
0.512874021933
0.512759557477
0.51266799511
0.512553553649
0.512416240758
0.512256065637
0.512141670166
0.512050162987
0.511958663984
0.511890045098
0.511798560403
0.511638481861
0.51154701965
0.511409841664
0.511295540728
0.511181252568
0.511089831237
0.510952714572
0.510861313681
0.510747074066
0.510655691571
0.510541474951
0.510427271106
0.510313080036
0.510221736377
0.510107568302
0.509970583475
0.509856443505
0.509719492404
0.509605380539
0.509514100245
0.509400011375
0.509285935281
0.509171871961
0.509080630503
0.508989397221
0.508875367117
0.508784152231
0.508670145122
0.508578948632
0.508487760318
0.508396580181
0.508305408219
0.508214244434
0.508077514086
0.50800915581
0.507918018597
0.50782688956
0.507712989761
0.507621879119
0.507485228488
0.507394138286
0.507280287032
0.507189215227
0.507098151598
0.506961571485
0.506847768776
0.506756735807
0.506620201684
0.506529189155
0.506392686203
0.506278947369
0.506165221311
0.506051508028
0.505937807519
0.505846856311
0.505733178797
0.505596782645
0.505483133237
0.505369496604
0.505301320756
0.505210426779
0.505119540979
0.505028663355
0.504915077822
0.504778792046
0.504665234618
0.504551689965
0.504438158088
0.504301936697
0.504211132657
0.504097639105
0.504006853461
0.503916075993
0.503802615656
0.503689168093
0.503598419242
0.503507678566
0.503394264219
0.503303541939
0.503190150587
0.503099446703
0.503008750996
0.502918063464
0.502850053181
0.502759379958
0.50266871491
0.502555395098
0.502464748447
0.50235145163
0.502260823375
0.502147549553
0.502056939694
0.501966338011
0.501853097404
0.501739869573
0.501649296506
0.50153609167
0.501400262729
0.501287085998
0.501173922042
0.501083400075
0.501015513965
0.500925006306
0.500789260148
0.500676152402
0.500585675403
0.500495206581
0.500404745934
0.500291681623
0.500201239373
0.500110805298
0.499997774203
0.499907358524
0.499816951022
0.499703953141
0.499590968036
0.499500589149
0.49938762755
0.499252089881
0.499184327945
0.499071401604
0.498935906859
0.498845587249
0.498710123164
0.498619823994
0.498506961529
0.498371543434
0.498258709074
0.49814588749
0.49805563942
0.497965399526
0.497875167808
0.497762389659
0.497672176337
0.497559421182
0.497469226257
0.497356494097
0.497266317568
0.497153608404
0.497040912014
0.49690569321
0.496815557561
0.496702899497
0.496612782243
0.496522673166
0.496365001955
0.496252394991
0.496162318618
0.496049734649
0.495959676672
0.495847115698
0.495734567499
0.495622032076
0.495532012935
0.49544200197
0.495374499112
0.495284502455
0.495172018131
0.495082039871
0.494969578542
0.494879618678
0.494812154145
0.494699723476
0.494632271208
0.494542342003
0.494474900465
0.494340031186
0.494227654173
0.494137761761
0.494047877525
0.493935533727
0.493823202704
0.493710884456
0.493598578983
0.493508743803
0.493396461326
0.493284191623
0.493194385059
0.493104586671
0.492992350184
0.492880126471
0.492767915534
0.492678155982
0.49256596804
0.492453792872
0.492364061937
0.492274339177
0.492184624593
0.492094918186
0.491982796674
0.491893108662
0.491781010145
0.491668924403
0.491579265008
0.491489613788
0.491422380739
0.491310335878
0.491198303791
0.49110868732
0.490996678228
0.490862284181
0.49077269837
0.490683120735
0.490571160189
0.490503989993
0.490392049887
0.490280122555
0.490190589889
0.490101065398
0.490033927395
0.489922040944
0.489832540981
0.489743049194
0.489653565584
0.489564090149
0.489452257353
0.489362800314
0.489250990514
0.489139193488
0.489027409237
0.488937991035
0.488826229779
0.488714481299
0.488625091712
0.488513366227
0.488423995036
0.488334632022
0.488245277184
0.488155930522
0.488066592036
0.487999593536
0.487910269358
0.487820953356
0.48773164553
0.487620022245
0.487508411735
0.487396814
0.48730754501
0.487195970271
0.487084408306
0.486995167932
0.486883628962
0.486772102768
0.486705193183
0.486615987557
0.486526790108
0.486415304793
0.486303832254
0.48621466342
0.486125502763
0.485991777107
0.485902636889
0.485791223115
0.485702101294
0.485612987649
0.485457058443
0.485345695769
0.485256614828
0.485167542063
0.485078477474
0.484989421061
0.484878112042
0.484766815798
0.484700044184
0.484611022519
0.48452200903
0.484433003717
0.484321758574
0.484232771657
0.484166036835
0.484054822352
0.483943620643
0.483810195456
0.483721255552
0.483632323823
0.483476712972
0.483387803727
0.483298902659
0.483210009766
0.483076686269
0.482943380656
0.482854520468
0.48274345673
0.482654614938
0.482565781322
0.482454750799
0.482365935579
0.482254928052
0.482143933299
0.48207734258
0.481966368267
0.48185540673
0.481744457968
0.481655708156
0.48156696652
0.48147823306
0.481389507777
0.481300790669
0.481212081737
0.48110120707
0.481012516535
0.480901664863
0.480835159991
0.48072432876
0.480635672972
0.480524864735
0.480436227344
0.480369754666
0.480281131583
0.480170364226
0.480081759539
0.479971015177
0.479860283591
0.479793850771
0.479660998928
0.479550303112
0.479439620071
0.479328949805
0.479196162348
0.479041267411
0.478952766968
0.478864274701
0.47877579061
0.478687314695
0.4785767313
0.478488273781
0.47837771338
0.478289274258
0.478156630904
0.478068212221
0.477957700366
0.477869300079
0.477758811219
0.477670429328
0.477559963463
0.477471599969
0.47738324465
0.477294897508
0.477184475078
0.477096146332
0.476963668543
0.476875360237
0.476764986352
0.476676696442
0.476566345552
0.476456007437
0.476367746143
0.476279493025
0.476147128678
0.476058896001
0.475948616651
0.475860402369
0.475772196263
0.475683998334
0.47559580858
0.475485582886
0.475397411528
0.475309248347
0.475199055868
0.475088876163
0.474978709234
0.474890584889
0.474824496995
0.474714360726
0.474604237743
0.474516148146
0.474428066725
0.47433999348
0.474229913421
0.474141858572
0.474009791628
0.473921757219
0.473789720936
0.473679704752
0.473591701003
0.473481707815
0.473415718034
0.473349732852
0.473239767768
0.47317379485
0.473085838114
0.472997889553
0.472909949168
0.472800035185
0.472690133977
0.472602222208
0.472492343995
0.472382478557
0.472294595405
0.472162786007
0.472052958894
0.471943144556
0.471855302284
0.471745510941
0.471679642267
0.471591824523
0.471482063841
0.471394264493
0.471262580801
0.471174801893
0.471087031161
0.470867643167
0.470779901051
0.470670234904
0.470582511184
0.470472868032
0.470385162709
0.470297465561
0.470209776589
0.470100176872
0.470034423174
0.469924843897
0.469793365628
0.469683814456
0.46957427606
0.469464750438
0.469377139139
0.469267636512
0.469158146661
0.469070563978
0.46898298947
0.468895423139
0.468807864984
0.468720315005
0.468632773202
0.468545239575
0.468435834039
0.46828268775
0.468173312874
0.468063950773
0.467954601447
0.467867131185
0.467779669098
0.467692215187
0.467604769453
0.467517331894
0.467408046443
0.467320627281
0.467233216294
0.467102115145
0.467014724598
0.466905497913
0.466818125763
0.466708922072
0.466599731157
0.46653422274
0.466425052264
0.466315894564
0.466206749639
0.466119442897
0.466032144331
0.465923032621
0.465835752451
0.465748480457
0.465683031827
0.465595774141
0.465464902943
0.465355857663
0.465268630637
0.465159608352
0.465050598843
0.464941602108
0.46481082289
0.464723646964
0.464636479215
0.464549319641
0.464483955327
0.464375025022
0.464309672972
0.464200763108
0.464070088134
0.463961206375
0.463874110165
0.463787022132
0.463678173588
0.463569337819
0.463482278402
0.463373465628
0.463286424607
0.463177634829
0.463068857825
0.46298184542
0.462894841191
0.462807845138
0.462720857262
0.462633877561
0.462481682758
0.462394725541
0.462307776501
0.462199101697
0.462090439669
0.462003519245
0.461916606996
0.461807978183
0.461721084331
0.461612478513
0.461547321154
0.46146045183
0.461373590681
0.461308450186
0.461221603345
0.461134764681
0.461026227848
0.460896000512
0.460809192508
0.46072239268
0.460635601028
0.460527122961
0.460396966143
0.460310205151
0.460158393089
0.460093338441
0.460006606065
0.459876523343
0.459789811407
0.459681432985
0.459594739445
0.459508054082
0.459443045425
0.459356374369
0.459291376443
0.459161394388
0.459074749904
0.458966455798
0.45887982971
0.458771558599
0.458641650128
0.458533407121
0.45842517689
0.458338601902
0.458230394666
0.458078925997
0.457970749421
0.457884217358
0.457776063777
0.45768955011
0.457581419524
0.457494924253
0.457386816662
0.457300339787
0.457213871088
0.457127410566
0.456997735112
0.456889686286
0.456781650235
0.456652023837
0.456565616459
0.456457618733
0.456328038326
0.456241661607
0.456133702207
0.456025755582
0.455917821731
0.45583148436
0.455701992867
0.455615675425
0.455529366159
0.455443065069
0.455356772155
0.455270487417
0.45514107564
0.455033246545
0.454946992467
0.454839186367
0.454731393042
0.454623612493
0.454537397251
0.454386540251
0.454300347494
0.454235708291
0.454149529842
0.454041818277
0.453912581263
0.453826433473
0.45374029386
0.453654162423
0.453568039161
0.453481924076
0.453374291717
0.453309718433
0.453223627876
0.453137545495
0.45305147129
0.452922375312
0.452793297731
0.45270725623
0.452599715851
0.452492188247
0.452384673418
0.452320170653
0.45223417412
0.452148185764
0.452062205583
0.451954741854
0.45186878007
0.451782826461
0.451696881028
0.451567978209
0.451460573246
0.4513961364
0.451288751877
0.451159907313
0.451052550895
0.450966674958
0.450859341535
0.450752020887
0.450666173567
0.450580334423
0.450451591037
0.450344318934
0.45025851045
0.450151261342
0.45004402501
0.449936801452
0.449851031804
0.449722392663
0.449636643455
0.449529468442
0.449465169567
0.449379444887
0.449272300535
0.449165168958
0.449079472894
0.448993785007
0.448908105295
0.448758185473
0.448672528246
0.448586879194
0.448522647771
0.448437013028
0.448329981096
0.448244364749
0.448158756578
0.448008961951
0.447923376264
0.447816405653
0.447730838362
0.447645279247
0.44753834185
0.447452801131
0.44734588673
0.447238985104
0.447153473001
0.447067969074
0.446961100663
0.446875615132
0.446768769716
0.446704668599
0.446619207596
0.44651239284
0.446426950233
0.446320158473
0.446234734262
0.44617067147
0.446085261567
0.445935816977
0.445850429559
0.445786394361
0.445658338272
0.445572977426
0.445487624755
0.445380945415
0.445295611141
0.445231615801
0.445124967121
0.445039657374
0.444933031689
0.444826418779
0.444741137649
0.444655864695
0.444549285
0.444442718081
0.444357473743
0.444229622566
0.444144398668
0.444059182947
0.443973975401
0.443888776031
0.443782288317
0.443675813377
0.443590642624
0.443505480046
0.443441613478
0.443356465209
0.443271325116
0.443164911496
0.443058510652
0.442952122583
0.442867021326
0.442760656763
0.442675573901
0.442590499216
0.442484167357
0.442399111068
0.442292802204
0.442165248431
0.442058967672
0.441973952263
0.44188894503
0.441825194971
0.441655220363
0.441570243791
0.441485275394
0.441400315173
0.441272890172
0.441166716724
0.441060556051
0.440954408152
0.440869499032
0.440784598087
0.440678483404
0.440572381496
0.440487509168
0.440402645016
0.440296576323
0.440211730567
0.440148101615
0.440063270167
0.439957242354
0.439830025842
0.439724026134
0.439639235566
0.439512065044
0.439448486682
0.439342532964
0.439257779188
0.439173033588
0.439088296165
0.438982385882
0.438897666855
0.438812956003
0.438707078936
0.438580043318
0.438474194356
0.438410691111
0.438283698418
0.43822020897
0.438135563526
0.438050926259
0.437987453674
0.437902830714
0.437818215931
0.437733609324
0.437649010893
0.437564420637
0.437458694316
0.437374122457
0.437247279998
0.437205003266
0.437120455935
0.437057050803
0.436951385801
0.436845733575
0.4367189693
0.436613345179
0.436549976838
0.436486613096
0.43635989941
0.436296549466
0.436212090027
0.436127638764
0.436043195678
0.435937653317
0.435853228626
0.435768812112
0.435663302966
0.435578904847
0.435473418697
0.435346852179
0.435262484721
0.435178125439
0.435093774332
0.435009431402
0.434904014237
0.434819689703
0.434756451668
0.434672141441
0.434587839391
0.434482473326
0.434398189672
0.434292846602
0.434208581344
0.434103261269
0.434019014408
0.433913717328
0.433829488862
0.433724214777
0.433618953468
0.433534753618
0.433450561944
0.433366378447
0.43321907751
0.433113877521
0.433008690307
0.432924549733
0.432756293114
0.432672177069
0.432503969506
0.432398856387
0.43231477509
0.432230701969
0.432125622065
0.432020554936
0.431936510431
0.431831466297
0.431768445949
0.43164241905
0.431579412498
0.4314744118
0.431390420439
0.431285442735
0.431159486354
0.43103354888
0.430949600443
0.430886644481
0.430781728098
0.43069780419
0.430613888457
0.430509005289
0.430404134896
0.430320247779
0.430236368839
0.430110565758
0.43000574391
0.42992189563
0.429838055526
0.429754223598
0.429670399846
0.429565632164
0.429481826808
0.42937708161
0.42929329465
0.429188572959
0.429104804395
0.428979166879
0.428853547759
0.428769811899
0.42870701537
0.428623293818
0.428539580442
0.42843495022
0.42835125524
0.428267568437
0.42816297143
0.428058387198
0.427995642791
0.427891078999
0.427807437163
0.427723803504
0.42764017802
0.427514755125
0.427431150082
0.427326655276
0.427222173244
0.427138596817
0.42703413778
0.426929691519
0.426846143708
0.426720837321
0.42663730995
0.426553790755
0.426449403259
0.42636590246
0.426282409837
0.426198925391
0.42611544912
0.426031981025
0.425948521106
0.425844207705
0.42573990708
0.425635619229
0.425531344153
0.42544793329
0.42534368121
0.425260288743
0.425176904453
0.425072685587
0.424989319693
0.424885123823
0.424760105641
0.424635105856
0.424551782886
0.424468468092
0.424364336096
0.424260216876
0.424135290675
0.42403119956
0.423947935866
0.423823055655
0.423719002866
0.423614962851
0.423531740037
0.423448525399
0.423365318938
0.423261322358
0.423157338553
0.423074160708
0.422949409269
0.42284546379
0.422762316604
0.42265839412
0.422575265331
0.422492144717
0.422429809623
0.422325928019
0.42220128849
0.422118204669
0.42201436139
0.421931295964
0.421848238715
0.421765189642
0.421682148745
0.421619873438
0.42155760273
0.421474582273
0.421391569992
0.421308565887
0.421184075059
0.421101091395
0.420976631227
0.420893668003
0.420810712954
0.420665561292
0.420582628728
0.420478974519
0.420396060351
0.420292429138
0.420188810699
0.420105925147
0.420023047771
0.41994017857
0.419857317546
0.419753752763
0.419650200755
0.419567368347
0.419484544115
0.419381025322
0.419277519304
0.419194723688
0.419049851034
0.418925694402
0.418842933534
0.418739493946
0.418636067134
0.418574017179
0.418470610806
0.418367217209
0.418263836387
0.41816046834
0.4180777831
0.417995106037
0.417891771205
0.417829776438
0.417726462046
0.41764381973
0.417581843359
0.417478559627
0.41739594184
0.417313332229
0.417230730793
0.417148137534
0.417086197955
0.417003619004
0.416921048229
0.416838485629
0.416735293878
0.416652749675
0.416570213648
0.416487685797
0.416405166122
0.416322654623
0.4162401513
0.416095790158
0.41601330932
0.415930836657
0.415827757326
0.415765915859
0.415683467725
0.415601027766
0.415539203162
0.415436172377
0.415333154366
0.415250749155
0.415168352121
0.415065367325
0.414982988687
0.414880026887
0.414777077861
0.414674141611
0.414591801808
0.414488888553
0.414344831458
0.41426252436
0.414159651985
0.414097934691
0.414015652121
0.413953945559
0.413871677297
0.413809981466
0.413727727513
0.413624921568
0.41354268601
0.413460458628
0.413378239422
0.413275476913
0.413172727178
0.413090536588
0.413008354175
0.412926179937
0.412802933911
0.412720780113
0.412618099364
0.412535963962
0.412433306208
0.412330661229
0.412228029025
0.412145932459
0.41204332325
0.411940726816
0.411838143157
0.411735572273
0.411633014164
0.411571485431
0.411489454274
0.411407431293
0.411325416488
0.411222909479
0.41114091307
0.411079421129
0.410976944781
0.410915465104
0.410833499355
0.410772030409
0.410669592385
0.410587651165
0.41050571812
0.410423793251
0.410341876559
0.410280444405
0.41019854202
0.410096175537
0.410014291549
0.409911948061
0.409830082468
0.409748225052
0.409686837355
0.409604994247
0.409523159315
0.409420877147
0.409339060611
0.409236801438
0.409155003298
0.409073213334
0.409011876226
0.40893010057
0.408868774194
0.408725697201
0.408643950161
0.408562211297
0.408460049214
0.408378328747
0.408296616455
0.408214912339
0.408133216399
0.408051528636
0.407969849048
0.407888177636
0.40778609987
0.407724859341
0.407643212458
0.40756157375
0.407459536864
0.407357512752
0.40727590266
0.407194300745
0.40709231036
0.407031121954
0.406929151497
0.406867975355
0.40678641432
0.406725248909
0.406643702182
0.406541780271
0.40646025194
0.406358353023
0.406256466882
0.406174967167
0.406073104021
0.405991622702
0.405889782551
0.405808319629
0.405726864882
0.405645418311
0.405543621595
0.405482549698
0.405401127655
0.405319713789
0.405279009921
0.405197608319
0.405116214892
0.405034829642
0.404953452567
0.404872083669
0.404811062361
0.4047093704
0.404668697193
0.404567023118
0.404506024805
0.404404371169
0.404302730309
0.404180779673
0.404099488447
0.404018205397
0.403916613082
0.403835348428
0.403733779108
0.40365253285
0.403550986525
0.403449453486
0.403368235844
0.403287026379
0.40316522751
0.403063742506
0.402941977363
0.402860810821
0.402779652456
0.402698502266
0.402597076027
0.402515944234
0.402434820616
0.402292873959
0.40219149882
0.402130679869
0.402049595087
0.401948250608
0.401867184223
0.401786126014
0.401705075981
0.401583516261
0.401502486668
0.401421465251
0.401320199977
0.401239196956
0.401117707755
0.401036725174
0.400915266633
0.400874784541
0.400773588252
0.400692640419
0.400591467126
0.400510537689
0.400409387391
0.400328476351
0.400227349047
0.400146456403
0.400065571934
0.400004913949
0.399903827526
0.399782540681
0.399721904157
0.399641062613
0.399519815627
0.399438994522
0.399358181594
0.399297577264
0.399236977532
0.399176382399
0.399115791866
0.399035011642
0.398974431839
0.398873476233
0.398812908694
0.39873215913
0.398671602323
0.398590867067
0.398530320991
0.398449600043
0.398368887271
0.398308358058
0.398227659594
0.398146969306
0.398025949205
0.397965446053
0.397884782337
0.397804126798
0.397723479434
0.397622681727
0.39754205276
0.3974815864
0.39740097174
0.397320365257
0.39725991576
0.397179323585
0.397078594863
0.39695773726
0.396857036644
0.396796622406
0.396716077243
0.396655673736
0.396575142881
0.396494620202
0.396393978351
0.396313474068
0.396212855211
0.396132369325
0.396031773464
0.395951305973
0.395870846658
0.395770284012
0.395689843093
0.395609410351
0.395528985784
0.395448569393
0.395327960138
0.395227466477
0.395126985591
0.395006425392
0.39494615219
0.394845707075
0.394765360181
0.394644855169
0.394544448379
0.394383824087
0.394303524204
0.394183089711
0.394122879363
0.394042606053
0.393982406436
0.393902147434
0.393801835179
0.393721594573
0.393621305314
0.39356113789
0.393480921812
0.393380663212
0.39330046553
0.393200229926
0.39312005064
0.393039879531
0.392959716597
0.392879561839
0.392799415258
0.392679211227
0.392599085085
0.39251896712
0.39243885733
0.392378780354
0.39227866228
0.392198577018
0.392118499933
0.392038431024
0.391978384708
0.391898330106
0.391818283681
0.391738245432
0.391618203389
0.39153818558
0.391438174816
0.391358175403
0.391278184166
0.391198201105
0.39111822622
0.391038259511
0.390958300979
0.390878350622
0.390798408441
0.390678512033
0.390578611135
0.390498699614
0.390398821711
0.390298956583
0.39019910423
0.390119231546
0.390039367037
0.389939547899
0.389839741536
0.389719990764
0.389640167136
0.389560351683
0.38950049546
0.389420694316
0.389320954383
0.389181339939
0.389121512843
0.389041750535
0.388922122403
0.388862315235
0.3887825795
0.38870285194
0.388623132556
0.388543421348
0.388483643308
0.388364101024
0.388264496507
0.388184822091
0.388125071645
0.388025497788
0.387945847901
0.387866206189
0.387786572654
0.387687042232
0.387607427093
0.387547721103
0.387468120272
0.387388527617
0.387308943138
0.387249260144
0.387149798707
0.387090127977
0.387010574158
0.386950914159
0.386851491048
0.386791843313
0.386732200177
0.386632805171
0.386553298364
0.386473799733
0.386414181125
0.386314826999
0.386235352896
0.38615588697
0.38609629289
0.386016841271
0.385937397828
0.385877820612
0.385778535471
0.385718970519
0.385639557736
0.385560153129
0.385480756699
0.385421214742
0.385341832619
0.385262458673
0.385202933578
0.385103735308
0.385024385889
0.384925210614
0.384845879592
0.384766556746
0.384687242075
0.384607935581
0.384528637263
0.384449347121
0.384330427238
0.384231341388
0.384112455231
0.384053019051
0.383973777965
0.383835125738
0.383755907136
0.383676696711
0.383597494461
0.383518300387
0.383439114489
0.383340143615
0.383241185515
0.383162028234
0.383122452659
0.383023522664
0.382924605445
0.382825701001
0.382746586643
0.382608156191
0.382529064318
0.382449980621
0.3823709051
0.382311603824
0.382272072196
0.382212778585
0.382133727592
0.382034925348
0.381955892751
0.381857113502
0.381778099301
0.38165959333
0.381541105754
0.381422636575
0.381343667342
0.381244967299
0.381166016462
0.381087073801
0.380988406973
0.380909482708
0.38083056662
0.380731933006
0.380653035314
0.380554424696
0.380455826853
0.380376957776
0.380278382928
0.380179820855
0.380061563231
0.379963029263
0.37986450807
0.379785700314
0.379706900734
0.37962810933
0.379509937554
0.37943116659
0.379352403802
0.379214588596
0.379135848292
0.37903743441
0.378958712502
0.37884064497
0.378761943502
0.378683250211
0.378584895094
0.378486552752
0.378407888076
0.378329231576
0.378250583253
0.378171943105
0.378053998214
0.377995032667
0.377896766975
0.377837813692
0.37773956844
0.377680627421
0.377621691002
0.377543116262
0.377464549699
0.377366352993
0.377248533808
0.377130733019
0.377091470178
0.377012950627
0.37689518663
0.376855936053
0.376757818551
0.376659713825
0.376581239242
0.376502772836
0.376404701325
0.376326253314
0.376228204798
0.376149775183
0.376090958338
0.375992940482
0.375914535395
0.375816540535
0.375738153844
0.37565977533
0.375581404991
0.375503042829
0.375424688843
0.375346343032
0.375228839647
0.375150514276
0.375072197082
0.374974312087
0.374896013289
0.374817722667
0.374700302064
0.374641598661
0.374563334611
0.374465516046
0.374387270392
0.374309032914
0.374230803612
0.374152582486
0.374074369536
0.373957065441
0.373898420293
0.373800688598
0.37372251244
0.373624803741
0.373546645979
0.373488033024
0.37340988957
0.373312221751
0.373234096693
0.373155979812
0.373077871106
0.372999770577
0.372882635113
0.372824074279
0.372746000322
0.372667934541
0.372531339097
0.3724532958
0.372336246185
0.372258223328
0.372180208647
0.372102202142
0.372024203813
0.37194621366
0.371868231683
0.371770765709
0.371712292257
0.37159535915
0.371536899495
0.371478444439
0.371381029565
0.371303106865
0.371244670205
0.371166761812
0.371088861596
0.371030441799
0.370991497822
0.37095255589
0.370855210002
0.37077734249
0.370699483153
0.370582709479
0.370485412136
0.370349217318
0.370251951146
0.370193597268
0.37013524799
0.370057456106
0.369960227748
0.369843570582
0.369746370329
0.369668619325
0.369571442068
0.369474277586
0.369377125878
0.36929941371
0.36924113495
0.36916343709
0.369066326263
0.368988646799
0.368891558967
0.36879448391
0.368755657465
0.368678010705
0.368600372121
0.368522742225
0.368464524785
0.368386908685
0.368309300762
0.368251100185
0.368154109443
0.368076526048
0.367979558301
0.367901993302
0.367843824918
0.367746887832
0.367688731712
0.367630580191
0.367553051984
0.367475531953
0.367417397295
0.367320516419
0.367243020916
0.367146163035
0.367029950441
0.366971851042
0.366894392331
0.366816941796
0.366739499438
0.366662065255
0.366565284024
0.366468515568
0.366410460627
0.366352410284
0.366275016982
0.366197631855
0.366100911945
0.36604288613
0.365965525532
0.36588817311
0.365810828863
0.365733492793
0.365656164899
0.36557884518
0.365482207541
0.365385582677
0.365288970077
0.365192370251
0.365095783201
0.365018522759
0.364941270493
0.364864026403
0.364806098702
0.36472886892
0.364670951949
0.364593736475
0.364535830235
0.364420031552
0.364342842651
0.364265661925
0.364149906166
0.364092035186
0.363976307021
0.363918449838
0.363822031418
0.363744905881
0.363629232905
0.363552127807
0.363475030886
0.363378671743
0.363263057021
0.363185990759
0.36308966943
0.362993360877
0.362916323231
0.362839293762
0.362743018423
0.36266600735
0.362589004453
0.362512009732
0.362435023188
0.362358044819
0.362281074626
0.362204112609
0.362107921585
0.36199250922
0.361896346302
0.361819425165
0.361742512205
0.36168483285
0.361607934197
0.361550265573
0.361473381229
0.36139650506
0.361319637068
0.361242777251
0.361108292246
0.361031454914
0.36097383228
0.360916214245
0.360839397353
0.360762588637
0.360666589239
0.360608995733
0.360532211544
0.360417050592
0.360340286844
0.360282719399
0.360186783876
0.360071678112
0.359994951156
0.359899053959
0.359841521773
0.359764819345
0.359668952808
0.359592268776
0.359534761118
0.359458091394
0.359362265737
0.359304776475
0.359208971258
0.359132336282
0.359017400682
0.358940786147
0.358825880185
0.358768433847
0.35867270017
0.358596122427
0.358519552859
0.358423852398
0.358289893214
0.3582324898
0.358155959069
0.358098566386
0.358002922135
0.357945541716
0.357869041645
0.35779254975
0.357716066031
0.357658708607
0.357582239197
0.357505777962
0.357429324903
0.35735288002
0.357276443313
0.357180908928
0.357085387317
0.357008979226
0.35691348061
0.356837090916
0.356760709397
0.356684336055
0.356607970888
0.356531613898
0.356455265084
0.356378924445
0.356264428818
0.356188108619
0.356092719869
0.356016418067
0.355940124441
0.355863838991
0.355787561717
0.355730359126
0.355615967743
0.355520655643
0.355444415161
0.355387240166
0.355291958726
0.355215742772
0.355120484327
0.355063335392
0.355006191056
0.354930005763
0.354872872158
0.354815743152
0.354739578298
0.354682460024
0.354625346348
0.354530167109
0.354454032915
0.354377906898
0.35432081775
0.354244706041
0.354130553806
0.354054462537
0.353959359948
0.353845253704
0.35375017922
0.353693140662
0.353598086618
0.353541060323
0.353446026719
0.353351005891
0.353293999525
0.353217998192
0.353161002558
0.353085015533
0.35302803063
0.352952057913
0.352857103514
0.352762161891
0.35268621779
0.352610281865
0.352553335287
0.352439455928
0.352382523147
0.352287645399
0.352211752399
0.352116897645
0.351984122453
0.351908262157
0.351832410036
0.351775526311
0.351699688499
0.351623858863
0.351548037402
0.351453272075
0.35137746901
0.351301674122
0.35122588741
0.351131165517
0.351055397201
0.350979637061
0.350903885097
0.350828141309
0.350752405697
0.350676678262
0.350582030464
0.35046846997
0.350392773195
0.350336005978
0.350260323511
0.350184649219
0.350090067852
0.34999549926
0.349919853584
0.349844216085
0.349768586761
0.349692965614
0.349617352642
0.349541747847
0.349485049616
0.349390562784
0.349333876817
0.349258302682
0.349182736723
0.34910717945
0.349050516478
0.348974973003
0.348899437704
0.348823910581
0.348748391634
0.348654004448
0.348578503897
0.348521883849
0.348446397606
0.348370919539
0.348314316354
0.348257717769
0.348182260142
0.348087949606
0.347993651845
0.34793707932
0.347842801999
0.347748537454
0.347635436862
0.347578893464
0.347503509422
0.347446976755
0.347352765865
0.34727740635
0.347202055012
0.347089043334
0.347013712436
0.346938389714
0.346844247808
0.346787768797
0.346693647332
0.346618359358
0.346561898743
0.346467807938
0.346373729908
0.346279664653
0.346204421647
0.346129186817
0.346035154777
0.345941135512
0.345865929298
0.345809530003
0.345753135307
0.345640359713
0.345565186203
0.345414863712
0.345358501209
0.34528335836
0.345208223686
0.345151878046
0.345076757681
0.345001645491
0.344945316715
0.344870218833
0.344776357979
0.3446825099
0.344569909068
0.344494852067
0.344419803242
0.344344762593
0.344269730119
0.34421346113
0.344100936948
0.344044681756
0.343969681987
0.343894690394
0.343800962401
0.343725989204
0.343651024183
0.343576067338
0.343482382779
0.343407444331
0.343313782767
0.343238862715
0.343126497966
0.343051598353
0.342957985335
0.342883104118
0.342808231078
0.342752081663
0.342621084247
0.342527529994
0.342433988516
0.342377869761
0.342265646049
0.342172140341
0.342097344973
0.341985168272
0.341910393344
0.341835626592
0.341760868016
0.341686117616
0.341611375392
0.341536641344
0.341461915472
0.34136851963
0.341275136563
0.341200439307
0.341125750227
0.341051069323
0.340957729691
0.340883067184
0.340808412852
0.340715106435
0.340640470499
0.340547187077
0.340453916431
0.340397960175
0.340304709968
0.340248765976
0.34017418114
0.340099604481
0.340025035998
0.339969115001
0.339894560826
0.339820014826
0.339726843825
0.339615057019
0.33954054168
0.339484660541
0.33941015951
0.339354289103
0.339261181976
0.339205323833
0.339130853462
0.339056391267
0.339000549986
0.338944713305
0.338851662389
0.338795837971
0.338740018153
0.338684202933
0.338591187787
0.338516784869
0.338423792718
0.33836800356
0.338312219
0.338237846742
0.338144893427
0.338070539565
0.337940439979
0.337866108601
0.337736048362
0.337661739468
0.337606013163
0.337550291456
0.337476003002
0.337401722724
0.337308883874
0.337234621992
0.337160368286
0.337049003057
0.336993327341
0.336937656224
0.336863435222
0.336789222396
0.336715017746
0.336622273432
0.336529541892
0.336418280907
0.336344117138
0.336251423923
0.336195814126
0.336121674885
0.336066075819
0.336010481353
0.335936362551
0.335843725547
0.335732578516
0.335658490374
0.335584410409
0.335454790143
0.335399246266
0.335343706987
0.33526966177
0.335195624729
0.335140102314
0.335047575175
0.334992065023
0.334918058642
0.334844060437
0.334751574179
0.33467759437
0.334548149378
0.334474192053
0.334400242904
0.334307817965
0.334233887213
0.334141485269
0.334067572913
0.333993668732
0.333919772727
0.333845884899
0.333772005246
0.33369813377
0.333624270469
0.333550415345
0.333495029367
0.333421188551
0.333365813304
0.333310442656
0.333255076607
0.333181262363
0.333125907045
0.333052107109
0.332959868686
0.332867643039
0.332775430166
0.332683230069
0.332609479189
0.332554171394
0.332480434822
0.332425137759
0.332351415495
0.332277701407
0.332203995495
0.332130297759
0.332075029823
0.332019766485
0.33194608919
0.331890836583
0.331817173596
0.331743518784
0.331688283041
0.331577825352
0.331504197112
0.331430577048
0.331375367366
0.331301761611
0.331228164031
0.331154574628
0.331044205853
0.33097063689
0.330915465533
0.330823523491
0.330749979056
0.330676442797
0.330602914714
0.330511016107
0.33043750642
0.330382379521
0.330290512085
0.33023539745
0.330125182486
0.330070081647
0.329996621017
0.329904806726
0.329849724283
0.329739573195
0.329666149867
0.329592734204
0.329519326718
0.329464276468
0.329372536273
0.329280808852
0.329189094206
0.329115731688
0.329042377345
0.328987366954
0.328932361162
0.328859027259
0.328767371379
0.328675728273
0.328620748542
0.328510802877
0.328419195542
0.328327600982
0.328272650378
0.328236019196
0.328162762966
0.328089514912
0.327997966342
0.327924736684
0.327851515203
0.327759999848
0.327705096767
0.327631899813
0.327595304402
0.327522119712
0.327430650348
0.327357484054
0.327302614699
0.327247749943
0.32717460409
0.32708318327
0.327010055813
0.326936936531
0.326845548927
0.326717629276
0.326644542699
0.326589733131
0.326516660862
0.326443596768
0.326370540851
0.326260972305
0.326187936828
0.326096653979
0.326023636898
0.325968879453
0.32589587668
0.325841129966
0.325768141501
0.325695161212
0.325567466402
0.325476270423
0.325403322838
0.325330383429
0.325239220666
0.32518452914
0.325111614259
0.325038707554
0.324965809026
0.324911140495
0.32476538023
0.324692512361
0.324601439023
0.324528589551
0.324455748254
0.324382915134
0.32431009019
0.324219070507
0.324128063599
0.324018872173
0.323964283358
0.32387331222
0.323764163718
0.323727784972
0.323655033612
0.32356410591
0.323491372946
0.323418648158
0.323345931546
0.323291399452
0.323218697148
0.323164175786
0.323073317069
0.323000639293
0.322927969693
0.32285530827
0.322782655022
0.32269184996
0.322655531512
0.322601057673
0.322528433042
0.322455816586
0.322383208307
0.322328757462
0.322256163491
0.322147287864
0.322092856949
0.32202028955
0.321947730326
0.321857042795
0.321784501968
0.321657575194
0.32160318567
0.321548800745
0.321476294666
0.321403796763
0.321313185882
0.321258825485
0.321204469687
0.321132002444
0.321059543377
0.320987092487
0.320914649772
0.320842215233
0.320751683557
0.320679267414
0.320624960673
0.320552558838
0.32048016518
0.320425875301
0.320353495951
0.320299216803
0.320244942255
0.320136406955
0.320064060309
0.320009805689
0.319937473351
0.319865149189
0.319738601578
0.319630152127
0.319539791636
0.319449443921
0.319359108981
0.319268786816
0.319196538282
0.319124297924
0.319034008974
0.318979841736
0.318889573226
0.318817367616
0.318672980925
0.318636889362
0.318528626937
0.318474502623
0.318402344026
0.318366267793
0.318294121459
0.318221983302
0.318131822102
0.318077731515
0.317933512432
0.317879438707
0.317807347562
0.317717245127
0.317609140602
0.31750105294
0.317447016008
0.317374973919
0.317284932805
0.317194904466
0.317104888902
0.317032885649
0.316960890572
0.31690689963
0.316816924946
0.316744954397
0.316672992024
0.316601037827
0.316529091806
0.316439170778
0.316367243153
0.316295323704
0.316223412432
0.316151509335
0.316061641962
0.315989757261
0.315935849101
0.315774157326
0.315720267562
0.315630461509
0.315558625864
0.315486798396
0.315397025558
0.315343167987
0.315289315016
0.315217518207
0.315163675967
0.315073949119
0.314984235046
0.314912472986
0.314840719102
0.314786909055
0.314715169479
0.314625506506
0.314553785326
0.314482072322
0.314410367495
0.314356594239
0.314284903719
0.314195302067
0.314105713701
0.314034051797
0.313944485915
0.313872842408
0.313801207076
0.313747485943
0.313675864919
0.313604252072
0.3135326474
0.313425255723
0.313353671492
0.3132642027
0.313156857013
0.313085303442
0.313031643629
0.312977988415
0.312906455284
0.312834930329
0.312781291978
0.312709781331
0.31263827886
0.312566784565
0.312513169209
0.312441689222
0.312370217411
0.312298753776
0.31220943573
0.312137990491
0.312084411927
0.312030837963
0.311959413164
0.311887996541
0.311780886937
0.311691642987
0.311638102748
0.311602411811
0.31147751116
0.311406149725
0.311263451384
0.311192114478
0.311102954843
0.311031636332
0.310978152815
0.310871199578
0.310817729857
0.310764264736
0.310675166421
0.310586080881
0.310497008116
0.310443570589
0.310318900911
0.310229866471
0.310158648117
0.310087437939
0.310016235937
0.309927244932
0.309856061327
0.309767093317
0.309678138082
0.309518050853
0.309446914259
0.309322444894
0.309269108545
0.309198000568
0.309126900767
0.309055809141
0.309002495788
0.30893141847
0.308860349329
0.308789288364
0.308700473654
0.308629431085
0.308558396692
0.308505126263
0.308416352434
0.308345342569
0.30827434088
0.308185600266
0.308096872427
0.308043641856
0.307972674915
0.30790171615
0.307759823148
0.307688888911
0.307600232613
0.307564773671
0.307493861918
0.307440683469
0.307369786024
0.307316618306
0.307210296667
0.307139425795
0.307050848702
0.306962284384
0.306891442127
0.3068383158
0.306732076944
0.306678964414
0.306643558616
0.306537353486
0.306448863263
0.306395775261
0.306324998413
0.30623653885
0.306130404238
0.306077343831
0.306006603775
0.305953554098
0.30588282835
0.305794432663
0.305723725311
0.305653026135
0.305564663663
0.305493982883
0.305440977664
0.305370311192
0.305299652896
0.30524666454
0.305193680783
0.305140701624
0.305052413247
0.304981791744
0.304893526873
0.304822923765
0.304752328834
0.304664096667
0.304575877276
0.30450531096
0.304434752821
0.304311295751
0.304205495845
0.304134972454
0.304046829712
0.303958699746
0.303888204971
0.303817718372
0.303782478138
0.303694386497
0.303641537645
0.303588693391
0.30351824154
0.303430188224
0.303342147683
0.303236515897
0.303183706902
0.303130902507
0.303042905401
0.302990113269
0.302884542804
0.302814172713
0.302726221597
0.302655869903
0.302603111498
0.302515191042
0.302444863876
0.302356966415
0.302251506326
0.30218120982
0.302093350684
0.302023072574
0.301917670739
0.301847413069
0.301777163575
0.301706922257
0.301619132107
0.301566464149
0.301478694439
0.301408487869
0.301355838307
0.301285646045
0.301233007214
0.301180372982
0.30112774335
0.30105757766
0.300987420146
0.300917270808
0.300829596145
0.300759465203
0.300724402799
0.300671813024
0.300619227848
0.300566647272
0.30049654699
0.300408933647
0.300338851761
0.300251260902
0.300181197413
0.3001111421
0.300023584456
0.299918532146
0.299848507493
0.299778491015
0.299620983835
0.29955099393
0.299481012201
0.29942853127
0.299376054938
0.299288604604
0.299218653535
0.299148710643
0.299096258838
0.299026330254
0.298956409845
0.298886497612
0.298816593556
0.298729224982
0.298659339322
0.298606930442
0.298519592528
0.29843226739
0.298362416478
0.298292573741
0.298205281818
0.29811800267
0.298030736297
0.297960932397
0.297908584837
0.297873689019
0.297786458417
0.297716683132
0.297646916024
0.297612035536
0.297524843259
0.297472534024
0.297385362187
0.297315633915
0.297263343076
0.297193629112
0.297141349005
0.297054225712
0.297001957869
0.296932274565
0.296845181933
0.296792932486
0.296740687637
0.296688447388
0.296636211738
0.296566571358
0.296496939155
0.296409910398
0.296322894416
0.296253290828
0.296183695417
0.29609671265
0.296009742658
0.295940175863
0.295870617244
0.295731527599
0.295609849838
0.295522951386
0.295470818448
0.295418690108
0.295331819761
0.295279703686
0.295210222739
0.295158117394
0.295053920502
0.29496710381
0.294915019928
0.294828223677
0.294689376247
0.294619964796
0.294550561522
0.294481166423
0.2944117795
0.294342400754
0.294238347964
0.294168989658
0.294082303272
0.294012963361
0.293943631627
0.293874308069
0.293804992686
0.29373568548
0.29366638645
0.293597095596
0.293527812917
0.293458538415
0.293406587904
0.29332001445
0.293250764476
0.293181522678
0.293060369205
0.2929565433
0.292870035765
0.292818137376
0.292731650281
0.292645175961
0.292593297502
0.292489554379
0.292437689716
0.292299406433
0.292230277055
0.292161155854
0.292109320318
0.292040213425
0.291971114707
0.291902024166
0.291850211625
0.291763867611
0.291694801597
0.291573957281
0.291504913751
0.291418620837
0.291349595704
0.291280578747
0.291211569966
0.291159818746
0.291108072124
0.291056330102
0.291004592679
0.29091837386
0.290849408003
0.290780450322
0.290711500817
0.290642559488
0.290573626336
0.290539162825
0.290435784558
0.290366875933
0.290297975485
0.290211861421
0.290160199115
0.290091323195
0.289988024644
0.289936382267
0.289867532919
0.289798691746
0.28972985875
0.289643829002
0.289540610167
0.289471807831
0.289368619656
0.289248256704
0.289196680246
0.28912791879
0.289041978467
0.288973235407
0.288904500523
0.28880141506
0.288715523283
0.288612470013
0.288543778053
0.288492264449
0.288440755443
0.288354917321
0.288269091974
0.288217602898
0.288114638542
0.288063163263
0.287977381351
0.287925918336
0.287857308136
0.287805855852
0.287720112265
0.287668672245
0.287600092706
0.287531521342
0.287462958155
0.287394403144
0.287308720877
0.287240184262
0.287188787166
0.287137394669
0.287068878494
0.286983244773
0.286914746993
0.286829136267
0.286777775963
0.286709302712
0.286640837637
0.286538155355
0.286486821112
0.286401274261
0.286281530132
0.286213116157
0.286127610186
0.286076312736
0.286007923289
0.285939542018
0.285871168924
0.285802804005
0.285734447263
0.285666099207
0.285580674997
0.285495263561
0.285444022832
0.285375709014
0.285307403371
0.285256179505
0.285187888171
0.285136675036
0.285085466499
0.285017195605
0.284948932887
0.284880678345
0.284778311862
0.28471007776
0.284658907549
0.284607741937
0.284539528275
0.284471322789
0.28442017404
0.284351982862
0.28428379986
0.284215625035
0.284147458385
0.284096338763
0.28404522374
0.283977077531
0.283925973239
0.283857841337
0.283789717612
0.283721602062
0.283653494689
0.283568371969
0.283483262025
0.283398164856
0.283330096318
0.283210996562
0.283142950509
0.283023891122
0.282972872679
0.28288785216
0.282836845981
0.2827858444
0.282717849447
0.28264986267
0.282581884069
0.282496922316
0.282479931498
0.282411973337
0.282361010082
0.282276082054
0.282191166291
0.282089284237
0.282038350109
0.281953470116
0.281885575319
0.281817688699
0.281749810254
0.281698906786
0.281631042649
0.281563186689
0.281495338904
0.281444458432
0.281376624955
0.281325755213
0.281224029527
0.281139272174
0.28107147549
0.281003686981
0.280918962844
0.280834251481
0.280766491589
0.280715677035
0.280614062236
0.280546328916
0.280495534291
0.280427815279
0.280343178012
0.28025855352
0.280190863124
0.280106261626
0.28005550686
0.279987840992
0.279937096957
0.279852533785
0.279784892445
0.279717259282
0.279632729325
0.279565114557
0.279480607595
0.27942990955
0.279362319311
0.279311631996
0.279244056065
0.279159597648
0.27910892873
0.279058264411
0.27899071914
0.278940065552
0.278855653126
0.278805011802
0.278720619815
0.278653115424
0.278585619209
0.278535002413
0.278467520506
0.278416914441
0.278366312976
0.278298851509
0.278180813615
0.278130233611
0.278062800761
0.278012231488
0.277927959587
0.277860551264
0.277810000388
0.277725759147
0.277658375352
0.277607842872
0.27755731499
0.277489951636
0.277422596457
0.277338413982
0.277271077199
0.277220579978
0.277170087356
0.277102771013
0.277052289122
0.276984987088
0.276900871042
0.276816767772
0.276749494354
0.276648599557
0.276581346578
0.27653091221
0.27646367354
0.276413249903
0.276346025541
0.276211602878
0.276144403044
0.276043618624
0.275993233312
0.27592606005
0.275875685469
0.275808526515
0.275707803415
0.27562388155
0.275556753257
0.275523192176
0.275472854387
0.275422521197
0.275355417432
0.275288321842
0.275221234429
0.275103851129
0.275053551665
0.274969729446
0.274919442247
0.274818882156
0.274751851975
0.274684829969
0.274651322033
0.274584312292
0.274534060351
0.274467064918
0.274416823709
0.274366587099
0.274282869635
0.274199164946
0.274132210393
0.274031793894
0.27394812753
0.273881203637
0.273814287921
0.273730654772
0.273663757452
0.273613589827
0.273546706814
0.273463115057
0.27339625044
0.273312681167
0.273262545735
0.273195705647
0.273128873734
0.273078755165
0.273028641196
0.272961829723
0.272911726484
0.272828231307
0.272778140332
0.272728053956
0.272661279276
0.272611203631
0.272561132586
0.272511066139
0.272477691063
0.272410947043
0.272360894393
0.272294164681
0.272194085443
0.272127376171
0.272060675075
0.271960638762
0.271877289219
0.271843952979
0.271777286632
0.271727292236
0.27167730244
0.271627317243
0.271544018801
0.271460733134
0.271427422444
0.271344154662
0.271260899655
0.271194304847
0.271094427966
0.271044496424
0.270977928189
0.270928007378
0.270878091166
0.270778272539
0.270711737008
0.270595319501
0.270528806454
0.270462301583
0.270395804888
0.270345937732
0.270279455345
0.27022959892
0.270163130841
0.270096670938
0.270046831377
0.269996996414
0.269913948363
0.26984751912
0.269781098053
0.269731287619
0.26966488086
0.269598482277
0.269498899733
0.269415928332
0.26934956041
0.269283200663
0.269233436219
0.269133921127
0.269067587953
0.269001262954
0.268934946132
0.268885213881
0.268818911366
0.268769189846
0.26870290164
0.268669760603
0.26860348466
0.268537216894
0.268470957304
0.268437830575
0.268371583249
0.2682887861
0.268206002748
0.268172892371
0.268123230638
0.268057022148
0.267990821834
0.267941176964
0.267891536693
0.267841901021
0.267759185121
0.2676930216
0.267593791647
0.267511114072
0.267444981211
0.267378856525
0.267312740015
0.267213582114
0.267147486045
0.267097919358
0.26704835727
0.266982281641
0.266932730284
0.266883183527
0.266817128338
0.266767592311
0.26670155143
0.266635518725
0.266585999561
0.266519981164
0.266420968898
0.266354970941
0.26628898116
0.266222999555
0.266190011818
0.266124042477
0.266041592299
0.265975641865
0.265926184022
0.265860247385
0.265810800273
0.265761357759
0.265711919845
0.26566248653
0.265580107892
0.265481270389
0.26541538894
0.265349515667
0.265250722622
0.265201332231
0.265151946439
0.265069647006
0.265020273478
0.264970904549
0.264921540219
0.264872180488
0.264806374668
0.264740577024
0.264691234156
0.264641895887
0.264576118683
0.264526791145
0.264444588803
0.264378836127
0.264329526985
0.264296656779
0.264247355302
0.264181627154
0.264132336409
0.264050195386
0.263951643022
0.263885951667
0.263836688515
0.263787429963
0.263754593483
0.263656096818
0.263574029891
0.263508385547
0.263459157655
0.263393527619
0.26332790576
0.263262292076
0.263213087179
0.263163886881
0.263114691182
0.26304910407
0.262999919102
0.262934346299
0.262868781671
0.26275406478
0.262704907406
0.262639371395
0.262573843559
0.262524703049
0.262459189521
0.26239368417
0.262344560522
0.262295441474
0.262229956562
0.262180848245
0.262115377642
0.262082645406
0.262033550885
0.261984460964
0.261919014889
0.261837219304
0.261771791625
0.261706372122
0.261640960795
0.261575557645
0.26151016267
0.261444775871
0.261395741138
0.261314026802
0.261265004332
0.261199648194
0.261134300231
0.261068960445
0.261003628834
0.2609383054
0.260856662604
0.260824009063
0.260758708113
0.260693415339
0.260644451123
0.260579172657
0.260481270288
0.260432326002
0.260367074108
0.260301830389
0.260171367992
0.260122452833
0.260008335347
0.259926838187
0.259861649658
0.259812763626
0.259747589404
0.259666133124
0.259617265488
0.259552115794
0.259486974277
0.259438123504
0.259356715769
0.25929159878
0.259226489966
0.259145115447
0.259063753702
0.258966136472
0.258884802833
0.258836008782
0.2587709572
0.258705913795
0.258640878566
0.258592107509
0.258510832635
0.258478326263
0.258429570536
0.258364570055
0.25831582506
0.258250838887
0.25818586089
0.258120891069
0.25803969029
0.257958502797
0.257909796127
0.257828628563
0.257747473775
0.257715015436
0.257666331761
0.257601427349
0.257568978208
0.257504086059
0.257439202087
0.257341891458
0.257293243042
0.257228385641
0.257179747956
0.257114904864
0.25706627791
0.256985243207
0.256855614254
0.256790812042
0.256726018005
0.256661232145
0.256596454461
0.256547876563
0.256483113187
0.25643454602
0.256353610963
0.256288872115
0.256224141443
0.256159418947
0.2561432396
0.256062350533
0.255997648477
0.2559491273
0.255884439552
0.25578742326
0.255722755953
0.255658096821
0.255609607838
0.255544963014
0.255480326366
0.255399542054
0.255351077599
0.255302617743
0.255189563141
0.255124971461
0.255060387958
0.255011955696
0.254979670076
0.254931245479
0.254882825481
0.254802135704
0.254737593081
0.254673058634
0.254608532362
0.254527886021
0.254447252455
0.254398878447
0.254334386924
0.254269903576
0.254157077393
0.254108730979
0.254060389164
0.253979829693
0.253899283508
0.253850961622
0.253802644336
0.253738228441
0.253673820722
0.253609421179
0.253545029813
0.253496741653
0.253448458093
0.253384087166
0.253319724415
0.253223195619
0.25317493812
0.253110601942
