6329
9956
850
16899
6303
8771
4707
18946
18443
9705
35794
7440
174
8349
645
2457
4761
43242
1163
8901
9089
5319
11769
11798
499
8157
12003
13876
683
6090
2450
17584
36715
12115
19182
20182
36300
18715
56016
39327
62098
15853
11353
45968
8876
3843
18754
18516
51268
318
28808
25303
26301
2317
3216
9099
16732
7093
1897
14174
16015
364
10995
10094
27703
251
7181
4194
448
6134
120
24017
1319
53617
539
7924
693
53415
6656
1540
12072
726
556
19314
4716
708
6146
21116
766
1199
138
1400
36056
5930
9270
12731
51687
4825
51891
6379
1525
6837
37143
4282
15967
34399
1671
458
611
737
9045
3525
6395
1228
8592
14171
430
7641
2288
5764
8550
4935
13938
4646
21193
40186
3258
6206
22253
11089
35427
2148
28460
23983
5695
6834
3475
40240
3931
23670
1052
2700
6997
1345
273
32317
12035
3775
7423
31908
3939
3973
7134
3879
2939
2253
2697
45137
15988
12578
5580
8478
11564
11487
1542
12233
21454
57580
10081
47531
49761
23427
2268
8099
5720
3516
23457
2236
9405
15452
2483
11828
31098
37378
6731
2876
163
31822
285
8327
5637
27276
19661
1020
4865
4945
4110
4233
14901
2719
3639
18115
37704
8418
2494
49427
3247
21146
2620
6130
20382
4130
1866
45796
14620
3058
2885
10686
1381
7938
834
35082
6265
49161
40136
22393
3641
8707
3987
6074
3974
16236
2642
13673
408
1799
57983
14272
13518
61316
10634
1365
2016
17018
12610
12978
2055
1469
9282
27610
13177
13442
950
1492
1287
2708
56214
14995
7905
29695
1501
6044
26627
26528
8784
8868
981
31671
16703
45696
886
50398
62486
10
2113
19992
40672
65
9395
17693
37314
3376
38492
22653
1764
4086
1267
42688
8207
58954
6153
6495
40797
20393
12947
8932
3203
21531
54954
10761
12435
19807
1185
33945
7283
2672
2359
11077
37655
7547
39595
18172
3271
24320
31936
10567
61196
1255
1911
11630
16951
5178
8869
16075
11553
843
881
393
1627
2604
9985
14717
738
22009
16644
20826
23817
866
315
6658
764
4227
518
1390
5935
6899
7284
26583
11918
20955
28195
24967
978
10998
8887
52073
10797
1959
14290
7701
1948
3014
36164
628
40935
5025
58461
11584
5006
4534
6164
25519
33561
26462
5796
858
26252
6043
47803
1467
9335
6648
16190
1186
22054
3654
6652
12979
6568
3236
262
33815
11454
17886
24867
8968
37050
4457
16591
25711
4802
13330
2979
1325
2685
9306
28979
2791
40463
33558
13617
6221
20721
9030
1607
44
41511
1694
29629
20224
84
312
10428
3609
6758
2053
21428
16805
11034
17531
276
30876
840
7437
159
46460
36619
36642
5438
1791
2957
425
36340
3193
24547
37131
36230
3328
8617
10568
15859
5634
13021
24617
15199
6778
38609
9062
8974
14562
5560
16535
212
453
16923
59395
21893
4164
13337
11757
2067
36383
8830
4984
2357
2755
56211
15336
10053
10085
59948
19861
31352
29792
14731
496
41380
7584
2353
15078
12243
8951
7951
41429
5995
2704
2993
3710
12760
982
13195
1804
54530
5266
2026
8534
22
7714
4350
49077
3292
5932
14561
2440
32141
21038
2431
2245
5195
994
26430
42276
8597
162
15476
3354
60531
10565
8856
36324
58404
32041
3042
7557
8782
36671
7156
5085
8195
54709
6463
8538
55135
2503
38899
7170
25381
15864
41552
10011
26167
2343
7152
58731
5171
18980
28553
41695
2958
142
8149
11468
1248
3169
2443
19
7541
60
3371
27446
36036
3146
10994
17844
8813
15514
54331
16602
22003
6116
8965
16638
3994
8627
16000
39093
390
12552
16308
11975
12423
7056
17474
14861
29764
3907
898
2269
58668
17288
27879
50920
10566
49056
14246
57840
4776
7490
52274
10897
39514
19390
11482
20754
34830
5920
47902
1628
8717
33
21820
20
7500
41424
5188
57238
53826
6104
12379
10086
3514
2154
4300
26196
9093
18308
9162
9889
6701
3852
7468
59786
26640
1226
1339
4781
7569
10489
7340
13489
10284
2479
19523
15693
12939
380
5913
3133
4817
14409
20149
6802
10478
31647
2086
9818
10444
398
35866
56952
19994
38402
52266
12975
2221
18994
19301
9485
6590
21101
3896
909
4217
2586
43111
392
54738
1176
57172
15871
713
18338
1418
54835
41216
10325
3898
23961
3414
1688
9489
14300
3693
4697
1958
6098
5240
25099
6710
18890
43077
5620
2596
50167
596
3977
59080
11068
25933
4017
19654
58503
9044
19138
50733
606
36364
2380
2974
36840
3765
43329
51153
2306
9436
12247
61846
7744
44837
5162
7108
847
33009
12537
7213
52145
6261
7230
110
28454
52243
296
36579
17580
5285
7116
229
47211
1561
53207
18378
40245
13541
17322
3720
13711
10459
5825
56738
23453
528
7606
31364
7822
449
3425
3691
31306
9630
2228
8601
41676
15119
1104
26674
4737
2912
23965
4708
1407
53093
60194
888
9993
17230
9232
25939
11130
1756
21512
9596
2034
52807
2980
32959
38574
3861
2250
42224
8319
11973
10829
11020
2198
10638
61414
14892
24876
6609
24965
43962
15981
15148
6735
24695
24766
659
32725
49122
15892
52515
15932
1722
4821
2860
2986
1041
9418
21639
51833
329
6690
26047
4188
7186
42998
6826
7025
3707
16736
7508
3859
5223
56093
7946
7210
2459
6999
825
7522
13663
14144
4145
1955
5712
10939
10963
8894
6541
29145
8309
3255
4322
7529
19565
2627
25538
4254
14728
50652
1210
1963
47183
3947
30007
12014
59061
24719
34227
8755
40724
43497
14984
24152
33430
38100
12834
1840
960
53852
16389
5157
6902
25165
12771
2162
48911
16784
9376
25803
1430
9918
1409
28486
7524
21588
7616
13978
7479
7593
2310
44040
14451
56452
56799
3572
27029
17334
6713
7410
11365
19329
422
18390
20041
7004
31022
44200
9437
14498
48306
2542
28119
6760
1543
805
3853
11949
8016
25989
10469
47316
4100
12028
25523
55117
45734
27026
4177
4330
31555
16961
32164
4539
8506
52602
41589
20376
300
4519
21423
61507
715
5591
11954
54854
22628
42370
39265
10422
8952
29362
37086
54293
9573
52619
7077
12296
9141
30139
27259
5578
44289
15762
2239
9796
19839
43824
30770
31480
4474
20175
56824
2019
2393
15857
58871
25655
10027
3634
3659
27626
17751
19892
8199
25602
1001
7712
27706
3491
18745
2921
951
60144
55374
60008
8943
4615
6793
42309
917
3419
50025
19326
11845
33317
12313
10019
1620
23622
7568
5503
13231
26853
2815
42915
28017
43001
36561
12535
7803
249
2711
11582
4165
12558
17687
15221
19220
8150
1439
38958
8316
4787
32739
1951
8475
20330
31099
2182
13264
52958
2136
27052
5788
13474
16254
32693
13521
1075
18867
8858
9021
337
4011
8891
31843
55
5921
42139
29121
8836
9728
6804
581
1314
7125
19347
50445
9140
56047
7324
19293
51360
37205
31104
4885
15893
5624
6349
13603
15886
60943
4766
20000
17106
20576
52610
1301
4493
2070
2387
13305
5450
11099
55817
36980
5329
25488
11375
26203
52540
8808
6486
10879
8909
11661
44983
31388
25406
27819
17684
55073
18749
2720
56777
46990
18107
45208
2903
5449
27207
7673
6314
30564
81
13942
24735
475
12467
55366
1389
12541
39184
54118
9894
47659
19251
49417
32464
28197
8208
49625
40948
35262
3406
19655
28449
23885
2410
13682
6350
13394
24220
10622
13002
9122
14786
42774
10699
3653
50506
27445
61240
32144
30322
21099
8489
35256
4577
3742
59971
1890
52212
21171
9900
40399
13839
7305
53370
10315
61020
2135
54638
40670
3105
12886
34032
47142
23096
49695
6566
5689
47924
33004
28889
10731
6239
2118
41127
29631
20275
23929
1406
2218
50152
945
676
42060
1022
57782
8838
57709
23984
13919
35447
8908
6460
9308
17508
14287
3535
57005
17443
14676
17471
9438
21406
7071
14690
808
9767
624
3619
32467
15747
920
1855
8654
45862
10199
12699
50389
11583
15011
10169
1820
6282
15776
18507
2017
12459
204
12540
7777
10300
3033
22741
6653
15965
49023
52543
47033
4543
11964
13630
46479
19715
2554
2622
28589
40363
1317
8793
38480
339
396
17686
9535
36334
17057
5575
26386
49891
53548
9291
20006
48284
4983
14970
5340
42978
786
9110
12276
42879
15610
2219
5786
26611
2819
11910
1696
3674
33473
51791
10270
22746
931
1937
12953
15096
2675
36325
23121
19456
3420
11980
52397
27099
19664
44092
16419
6375
59667
14675
16848
33635
17100
4241
7871
20243
46508
53476
53039
10894
24537
19999
2123
1638
1987
33651
17639
12198
29864
1999
18105
17950
436
2174
42505
21970
47201
10346
16474
2189
4481
53775
15842
7161
8398
1204
2706
36595
26435
5987
23319
10952
4722
1080
6075
8582
2771
10513
37351
60972
51621
550
44669
52172
14100
44939
682
26155
43637
1014
1749
14503
33359
24571
45627
29120
60235
3875
34609
1392
1745
11332
20981
46993
1277
7982
7832
7591
18728
6355
10598
10602
10403
8227
18
42892
4139
12714
975
209
10430
16185
47180
19171
2448
19823
1875
4507
54137
22364
42572
19974
10959
29516
2106
50512
5489
7402
14459
37507
36941
5177
441
8344
8749
23429
32708
5231
650
459
574
250
25055
5235
17033
838
684
21128
58144
607
59540
32590
21162
6290
15348
12871
34188
20509
1795
8139
27985
2882
52662
9660
18766
34449
35016
45638
15829
3612
10624
35448
1732
16212
31407
60613
7034
28958
4586
54281
60587
19702
46667
3307
1403
1845
24131
8678
47740
17073
19850
11336
44195
24544
7455
14846
14746
3978
14967
20844
4285
16634
37450
14791
43313
38864
28170
57349
38501
21172
18843
10491
8967
5469
10673
21453
4801
4656
486
5756
7299
14605
13027
44020
22440
16084
44326
5988
40388
5307
19386
16396
16450
50884
27287
27249
31937
30141
14218
16928
3560
47375
1773
5875
51200
9879
1337
826
58130
59597
1238
27523
42001
6949
7769
14363
26657
29070
1320
20783
7261
2093
14521
13105
4491
48343
25497
31549
43278
15656
5657
45156
12572
33482
11213
43943
36279
25918
12375
19297
2802
16226
2124
7807
7372
7375
30071
22538
46222
7496
25642
11663
19322
34873
5322
4749
11627
3071
14468
2392
26463
30754
8490
43799
55295
33512
18796
7254
45685
5515
29679
8816
53695
20498
20518
58921
1637
1098
1308
20918
39579
37042
20938
13759
2616
15333
32895
15522
12457
15170
6743
33108
24713
15800
54017
36826
42829
13543
15998
19064
29197
3537
7314
9217
61621
46378
4146
13773
13789
33766
47998
23011
7219
89
23055
35303
25995
40039
41989
31122
17075
14060
22445
2122
49858
17053
11
19766
27475
49964
14390
96
22824
4166
57191
3312
4157
31693
16981
11898
24202
20562
26995
45164
17757
40803
40848
20093
45536
27792
8334
57822
53980
507
18128
4567
15632
28184
9808
10937
41798
3125
5008
13222
5362
25370
824
5096
28673
37354
16422
21562
10047
6293
52639
18906
35838
3477
11406
3689
1359
36957
6365
6354
16406
42821
27901
53363
1051
1151
12439
42849
5752
19273
26600
18740
38025
3757
10496
1205
19583
12007
16219
13811
19534
39540
3401
22982
49370
52506
19180
26751
22524
4093
39189
6500
13247
4175
30559
27582
2880
1877
40168
23833
30639
52334
13216
13385
10747
37501
23215
17997
10864
7256
51334
12308
6897
20768
48804
42660
10737
593
3204
4872
2315
33408
7578
7367
10920
32898
14344
46219
7755
16340
52285
57121
33409
22303
11878
30277
14215
7846
29140
44188
2701
58902
47713
1216
8282
29993
42850
28592
47476
26027
8487
3497
38732
1579
2111
12724
51006
17730
44595
47868
23623
17153
10265
62268
61382
49305
1668
34511
46349
3426
17194
23998
35809
1690
6348
3776
16266
25041
25757
13921
23
9
25183
21468
21164
4078
10716
45840
25544
16559
10083
472
4081
51308
57273
199
10251
2557
4726
271
19683
39556
39261
25791
20178
23479
9183
10418
58527
2874
2058
12793
4849
5031
59825
8659
52587
1213
5124
5117
1563
869
42894
12250
30202
23815
35571
961
2606
10906
11124
20340
18427
35148
53653
18065
11515
36136
44461
1092
9359
16205
39481
5896
11509
36147
44540
10342
6072
3986
11703
11262
27776
17945
32384
17099
9127
40663
1417
16619
1578
29024
50211
9955
19349
1509
12406
28526
12202
12567
4736
41590
1769
25802
36992
83
6584
56504
4063
6550
234
344
1523
23406
33679
7483
6950
17460
156
2175
36985
5486
42341
30413
2278
51380
2207
7464
27244
12415
2419
4743
34612
6053
20895
40031
8123
52380
31370
4591
17983
13733
22100
15960
16958
43663
54580
15801
27691
59255
22297
16069
1004
21993
25970
16545
2956
21984
3128
32339
14579
46132
19550
60818
55342
29102
50343
29032
20966
8591
8604
4671
4216
3438
15274
3597
8661
3431
6219
12596
15345
33016
42293
44947
3638
45807
3915
3704
45979
16670
33972
26932
4066
52704
7298
46922
8562
4080
55963
37709
23519
9469
34175
13116
4172
17930
8086
9655
5326
51177
17925
4101
38
52321
6424
43327
217
24480
26673
2687
7197
9965
10125
39204
4386
20977
4621
17537
32655
35240
28718
27704
40026
58920
4627
43806
1009
19030
32177
32720
16804
41523
60722
10691
965
29184
17366
39446
60206
8023
53917
60065
44829
50677
61546
23593
23113
17799
580
41295
12239
44809
1197
45695
133
26866
7294
15718
11250
6256
38862
5622
5892
42425
2821
36081
28133
18535
46015
13399
37320
18903
12129
3967
25618
62415
42277
28025
38628
6930
1991
12150
6285
59377
6491
34636
3857
3711
188
22410
28333
38933
24941
5337
31308
21573
6636
6859
39414
14169
19569
26394
2750
7166
25984
11216
17738
19657
16838
10288
2217
20291
19825
11633
15184
29296
20246
9737
7527
13037
20365
5606
7598
6222
41606
40690
36922
5584
29478
40976
2693
6276
29833
33126
12041
587
13771
21856
61126
6062
59960
33553
6262
1666
18599
11054
1145
26948
8113
42024
61948
35094
13086
38481
6103
19719
49459
14553
11601
3182
4502
5877
61281
15796
14582
19086
3456
8568
46420
46353
21760
43309
22346
31998
61
8031
22506
22110
51779
51603
27800
27753
21757
17058
28390
9202
23034
43107
22893
9473
4055
9440
58141
36022
57658
26006
25568
4134
23401
28788
52588
57917
367
44033
16107
20939
6914
37447
26466
29793
25660
2335
3210
37084
21450
24636
13427
5625
53956
10157
3681
33279
10177
60261
31358
24750
31170
31504
24696
54558
21310
8956
42801
21974
2937
42707
61932
2989
6070
31059
26035
22020
25286
50887
3399
10898
61107
18435
11085
25747
27974
31026
56147
3137
30968
31785
4048
43074
35103
62206
26210
6003
26553
1906
43420
61742
6169
26480
27752
29402
26661
4472
6597
43991
807
26606
16047
29712
23783
11344
6797
34698
37232
19146
24580
7041
41358
38552
34559
53943
24697
13101
15977
38682
10228
27712
45209
41666
25050
11683
13355
17560
13390
31668
17260
2773
28254
11880
50820
5135
7685
10853
60558
10818
10927
28778
46243
8378
1297
17819
20482
8673
5642
33268
1554
51342
5308
13899
14078
13201
20654
30058
47315
62511
35927
51318
35925
6906
22902
35911
14386
9027
4212
8448
20811
11887
3921
40353
4574
29628
13395
40401
61751
8699
48769
21569
8048
14703
21860
33386
1797
4541
14868
52279
202
2309
44516
33708
9344
49331
7877
45400
15569
31450
7878
45161
49192
9568
42248
15749
38195
49649
42233
878
31594
14495
9922
14244
50186
10151
54667
32076
2211
7789
32173
7658
50084
60289
56735
27658
8874
15072
22818
42890
5757
16128
131
1355
24082
1172
23655
39941
40291
9462
44258
14695
47270
1203
12392
21865
11246
45347
11240
17594
4861
31046
2021
22379
56345
18581
62577
12655
31342
44142
4554
35156
40767
10364
44342
25689
31686
98
17996
10354
44803
58662
34706
25936
41653
7596
13008
40966
45044
45460
28973
15609
196
35014
20055
31788
12200
26279
58491
15944
28294
59789
35368
23663
42476
2150
2238
54448
26596
2430
23365
23744
35743
40288
32309
43512
24217
2491
13012
4744
27241
26849
13800
56204
20633
36397
5336
19558
5807
33363
1550
52234
18963
8013
46944
5929
16589
17034
14599
14832
47080
1133
5316
5
43650
14951
8556
19472
15257
44257
51782
14362
23071
14153
28237
15251
12959
29211
48538
25261
37227
14279
38463
9178
20617
38413
18013
57187
57730
13017
58063
15822
14494
2018
23039
1862
38657
100
39111
594
38515
10772
2066
46197
59566
29500
20943
28834
59051
59762
7887
50109
15109
59403
21117
46139
36798
4461
13245
29997
50647
10406
46973
9297
43216
39745
25704
376
16577
8554
8145
47486
15937
1038
15941
22776
30937
27642
52634
13389
43088
2861
22795
97
23112
1857
22993
31166
20746
3515
1420
20212
3614
23211
12145
1155
1755
13931
3626
2077
18120
50583
12818
23594
31514
49158
1440
52969
39149
53737
62145
14750
38896
3937
26623
54070
26400
42477
30167
1812
4178
29891
32563
43470
16719
29935
17977
24841
29995
53897
17892
18379
11357
49949
231
11660
27623
40718
46975
9639
55203
43370
7939
30812
24702
18416
55046
11371
17385
51325
2629
5082
15061
31058
43870
13092
2929
20751
26213
48022
56778
15319
44206
16116
51094
11516
51033
44612
40923
31510
26473
9447
25969
25821
31605
35695
8042
13928
16614
3000
15969
60598
6800
54084
19556
22953
26550
57065
16315
35858
18582
1485
45478
53105
45381
27046
15772
19966
29788
14688
45602
17131
21806
35987
36042
3669
62096
58696
36149
25139
33002
42388
11814
46085
29721
22452
6718
39863
39723
54199
27834
33015
59240
43196
54925
51708
24974
2235
2818
43576
11678
4441
16466
4794
558
8368
44689
22814
25812
21541
21041
60727
23361
47804
14225
18687
28837
16581
8010
44313
59795
20886
21898
35643
419
23717
14943
42158
10798
27485
40688
38623
3569
5100
24364
6330
60948
10541
18231
60706
35814
14551
26765
32527
6373
4036
3554
42372
20103
22770
13001
30049
12634
3272
11941
16867
33674
14262
36238
62173
5889
58384
37019
23341
30747
3882
3868
46785
40057
50452
25771
30814
50391
4109
46335
51013
23910
12188
4190
21508
51733
12839
29208
40839
2234
23551
54486
4595
37926
7321
4447
18872
22375
695
47613
7100
59059
48053
51438
7207
12784
32225
5559
19769
60390
38416
2968
17032
17267
49232
18399
52407
16623
5005
22689
15951
60692
52667
41980
52669
27332
3330
8009
30090
947
15374
1767
59570
53809
33427
26102
21425
5732
61386
26259
16057
15357
12215
34893
2445
28188
54353
28217
2147
28352
16191
32037
50760
41643
10209
6622
31446
51330
43759
34843
44064
23455
54626
35019
2115
54830
206
6956
24391
2664
2125
14872
24204
19585
479
44235
29649
32217
365
17947
28403
41894
9537
7599
41109
27319
44970
14089
51426
27422
27222
2282
2807
15708
2418
8234
59265
27271
7175
17962
11444
27608
4907
11264
57118
32555
23108
24959
758
16286
56641
36568
16629
3123
30598
46385
39603
46025
16555
45833
14140
1283
37005
11714
8071
1388
16871
16791
21103
37236
53768
37347
1747
23582
39772
40584
37159
349
40639
21106
1758
8453
58641
6368
23729
21732
3536
53947
19334
4542
54384
34545
19837
20289
20406
37967
21930
38761
17653
47888
9386
55489
1873
4665
13580
9704
2159
29274
18387
35776
39735
11424
20706
39473
16133
33035
18589
48028
10688
28169
21696
45215
48307
18294
46279
34384
19282
60708
19098
28252
4856
60610
31043
34312
45584
60935
10529
39720
583
10535
16996
49731
10441
46406
19785
31138
19832
5236
26788
40079
1768
14285
8560
58101
47192
13565
10903
11801
3696
10046
50552
11525
47145
57714
29998
3808
62455
9034
11906
57820
11844
50761
24279
50784
16055
6372
3815
41562
62167
22751
3833
7625
6645
12070
51241
47995
240
19816
36275
41840
18039
4174
6632
9723
55588
42056
16177
21429
33634
14880
23393
21532
464
18718
42546
12586
899
52738
28593
42534
46112
11808
2699
23896
14369
52792
13046
23946
40201
28956
60945
13134
16828
12859
24471
29342
4728
2551
26891
7952
28359
37524
56871
24562
53539
7690
25117
49993
22233
19764
58098
5557
34857
1143
16976
49758
8428
5554
7853
15548
8172
35655
61928
25489
41381
15646
7006
13263
44192
14162
14141
32878
44145
44291
22997
58320
16175
11795
35930
9149
42486
30401
3822
52529
12093
33882
23630
15310
13400
45075
1943
8389
10385
14404
26452
12671
46568
6923
195
51596
248
24142
34239
59362
52196
39899
46251
42889
366
19087
21250
45834
2371
18305
56466
9799
56598
8351
10028
37297
3032
12666
7488
672
32018
24343
10038
10388
779
10129
13636
35736
40949
7955
16504
38203
38200
3295
13891
35734
29397
6092
28586
41507
10612
14212
18303
3156
5368
6470
47587
38873
44236
54045
8580
33471
38011
23279
27538
9464
12329
44624
6037
4962
9848
31013
47860
47844
3586
11488
34201
58615
6536
39294
31673
31486
9158
15484
52000
34120
3778
17796
37133
51959
30442
39690
48473
55599
34696
40565
24108
39851
4353
45752
18999
33793
11996
37324
4382
46206
4140
29113
40530
13376
13405
2286
27671
32333
35550
18700
30109
287
35896
4619
23214
23315
20559
7551
4522
2621
20262
38435
10257
10420
32733
54160
30495
7883
3227
1003
13323
4847
16508
41611
1086
35966
40532
39074
5204
61470
61784
47703
50997
8641
26444
33397
22175
32900
51280
61845
15497
15670
39206
3589
43378
11752
31108
11946
14373
22635
109
12050
24991
30232
20595
4259
20315
37958
6522
13469
52399
14612
7392
12191
62328
32350
49956
6951
13797
20278
62519
33262
20074
49716
29905
30525
233
37990
50541
10692
9641
46553
7382
53344
8164
665
17179
13038
19107
28652
24033
13128
33944
44181
19555
34030
5115
13776
2413
8998
13326
2772
44562
36813
44629
42039
30741
34633
29037
39517
15730
48213
49070
48730
13505
15396
31571
54479
18093
11728
13939
1358
47593
1410
16544
50896
24869
5960
15157
54769
5963
8536
32344
1739
32357
55141
5650
6187
43076
1673
10048
35394
25781
20208
57589
6232
21637
23652
46021
4030
13535
3713
52341
52312
55951
13886
2145
18320
33177
30359
43565
56450
12557
10014
7126
9559
56620
17758
13210
30733
34147
678
50105
12864
56997
7065
41780
27116
10875
36805
24349
26893
19521
34225
12950
53512
44798
4833
7763
57312
31223
2710
28281
19653
27291
30282
50582
10262
829
3028
10523
22325
16475
31171
10684
16344
3147
13510
3121
24993
50697
29242
53873
40066
20136
18782
3029
58190
20600
20584
19177
23712
8221
42887
61113
3567
3411
19539
18888
1493
37810
48195
11347
17151
18977
48658
52508
48115
8715
37865
22968
14552
9468
33107
48931
61759
28402
25622
43416
1785
1650
59519
26028
11746
11993
1765
52110
1364
17213
43089
6308
11450
15411
17327
49633
17605
41340
43431
9740
52990
46291
19173
17797
18072
9303
49694
12284
60424
8
31436
44554
12534
20101
29401
18461
1847
18258
31037
20613
18216
18103
39862
60496
12368
22280
29690
2477
12564
60854
18860
27839
45160
39185
3064
2905
2769
20686
21121
343
30272
4897
4818
45454
47693
50752
34445
61259
22985
21818
5073
35180
38036
30799
61940
26092
61208
3499
58304
20144
13721
19786
62203
62290
36417
6087
1590
6168
9184
41434
22849
33039
3
52723
55921
18334
52800
6
53372
3854
17148
59969
6660
52994
41855
6423
29238
6611
22996
41501
41913
16449
53131
31876
387
24135
6775
7054
12598
12515
14865
47625
29844
51201
40239
20896
56614
53883
203
7374
704
13507
42820
17480
54243
4585
37020
51028
13705
54402
57281
26426
28118
42864
45662
35009
13206
9377
22261
22161
5746
3027
40765
34677
49362
20496
16453
22548
8789
1399
3190
49478
16360
38904
1144
780
8174
31999
26827
1495
14210
8466
39066
6689
9614
11792
9746
49236
8669
34458
47072
25612
1872
60148
23152
58767
26433
9478
36716
18550
24590
16900
34957
1741
27524
17287
15091
42254
9721
9503
20535
60216
53882
12773
10136
50870
51020
25445
13432
17879
17691
40660
1699
24607
10311
24490
26387
57617
48206
7976
10636
23810
42916
57471
22019
28779
40675
54155
60505
13254
51229
22181
33653
46599
19802
30243
46301
10854
24359
43422
16146
51545
41297
45901
21119
3332
18517
54874
58807
3177
8286
3337
19123
26883
3928
38964
34467
3039
19248
61980
41680
59233
52186
46280
55773
3601
58943
5334
61906
52260
27323
52412
1674
61860
11018
31911
17558
17241
2344
20507
42791
41788
30009
26049
8232
3729
17861
27869
47150
59319
3897
47702
40089
60152
59571
11976
23465
17756
20277
53291
56646
54042
17842
17499
25783
42851
4331
60721
20248
24065
40614
9924
33007
18104
27109
40517
21459
36084
16635
38386
60508
13084
29368
13368
60105
41276
13100
61238
21219
757
40937
13243
13722
10720
5019
10758
57159
54932
5387
6528
32008
37067
31084
46250
24518
25417
61707
13392
27537
7892
2276
23409
61234
21533
42715
29531
27796
3511
19584
39248
23209
11302
16760
37311
47422
55783
53018
22850
23603
5957
5992
11578
31009
14445
37215
36478
22631
6404
37379
19553
4051
10370
6405
22267
111
19133
22684
59380
24926
27654
27534
40547
1850
43441
49574
13472
7478
32301
43153
6992
7317
598
20821
10299
605
39101
29187
23440
16428
681
13137
26124
4852
724
34468
21215
748
15654
7852
7682
26663
10974
7309
15725
41783
30895
61206
904
27602
941
16033
964
61364
30502
55044
49150
35005
5108
16407
21724
5125
32596
58278
32873
8598
32894
5345
17704
21976
35531
1421
32359
16525
34781
5687
35958
8405
42129
8738
40538
17098
50266
36229
36053
8911
56478
50281
61522
42485
50792
11937
3561
40734
31353
1575
1876
53582
17102
1901
25394
34011
56011
40746
9214
30894
16182
15540
10389
59384
45502
43387
43191
31505
45664
23511
9813
41336
43723
17553
30935
31525
13226
2469
23867
14863
45923
25857
10208
48873
23620
34495
23339
23960
29936
26362
1033
49322
10264
52104
10582
32492
37189
26892
47601
7817
55314
5106
8518
30501
26686
40173
44515
20392
1434
10868
26428
33216
5109
5473
28926
50151
28601
34118
16989
27643
33539
40422
24543
34096
3623
11331
27278
44656
11742
40435
27613
36045
11501
16789
30602
3718
8930
48352
3135
20951
34076
38286
50584
62079
33103
21595
6165
50963
11753
20609
16959
36978
16513
48944
31147
19744
26136
27859
37111
12337
54047
56963
29528
27717
41890
12466
28727
36496
20118
12310
37318
20192
37037
2260
10863
12543
37081
9880
37467
45888
54183
12427
20558
22686
57568
10054
20414
12932
61063
39965
46996
11412
12990
4900
600
18428
21611
26434
57689
21372
16222
52158
11558
18565
60639
2686
11341
49671
517
19632
15320
22885
29597
38211
52466
3117
50669
49953
52759
37239
61579
21687
35865
959
3116
1158
5754
36302
38490
801
9649
22334
27486
59181
38801
56152
53132
30082
17229
55801
36644
14207
35309
29842
45981
53669
38749
30025
51061
30374
56569
36029
62068
38649
56520
14255
28010
43598
22178
28279
59622
52725
41037
22039
11534
30392
56589
26613
36603
39084
14441
50927
6732
57060
37494
46110
37566
8979
9454
46946
54465
20935
29316
51487
37539
25102
23288
35869
37755
2523
36571
24760
35172
47257
4
49721
54686
15417
32835
44445
21363
49867
47591
20722
60465
11266
40735
36282
38602
23558
32025
55586
307
25674
54927
13712
22366
29808
16392
10402
31910
43078
55875
60825
16224
47712
882
55698
45006
17883
28048
13757
32352
41188
25220
26565
32459
27860
17489
48106
17786
24060
24541
30266
56245
27071
19761
14707
8660
34794
61635
8706
19917
8779
27532
26420
59374
6049
5618
19619
56780
24908
43624
30129
54073
62016
32278
32801
50893
51218
9349
51725
19124
25475
62480
9095
3721
17290
22854
27352
49228
25318
17643
7855
9804
20503
56723
17719
20631
46627
38369
38514
30928
44934
23223
40269
54528
15984
17795
55400
26232
48098
35848
15891
34309
4468
31572
50155
26032
55759
47428
62012
60799
4997
41089
4674
55544
42806
12992
18874
8158
31644
10705
43433
10739
13034
35171
24447
28233
61341
903
43405
5041
61712
19331
34791
61620
50657
8462
31309
18600
24474
22472
24741
46104
5448
19115
26974
34233
44179
26588
19303
19289
19411
22151
43693
51247
51169
21079
18664
27190
11763
37283
59567
6860
17299
30682
44491
25142
9198
35624
42307
40442
53913
32893
9460
14678
19894
15241
44962
30687
39700
9177
22097
33821
54349
20579
15712
27849
25946
40506
218
28035
9841
25906
4538
52332
52514
87
38797
36483
49687
23837
33219
2328
18847
41086
61058
57565
23349
45296
54114
7958
34806
10143
13109
34614
55758
37061
5538
7670
21830
53194
19545
53098
36948
1029
55904
3230
10408
58901
46077
24694
38971
41524
11058
37276
11145
13840
42022
8388
53746
46448
37929
35068
21644
18949
59393
29514
3487
44412
3676
13723
53691
23346
21899
27405
29604
27989
17750
14541
25274
26184
44410
51540
30852
6109
47329
22922
14937
38665
14646
39845
54585
40624
33710
22612
42687
15918
33443
1918
2088
9225
22308
47733
37413
29994
33123
54661
19826
36297
38634
30406
22881
4324
30302
12695
62332
58247
26454
38920
57313
22691
52261
50380
2381
5962
29339
36944
18719
50112
7177
39154
16290
48467
31027
23936
10167
36097
31401
50539
2447
28853
58161
16330
17450
31482
58649
19112
48891
59067
23098
54111
23938
16607
46419
16590
37868
46885
42839
33365
58739
40115
30696
47261
403
24854
33575
27566
895
56790
27351
49351
24513
24422
38859
32624
12426
60009
19954
20032
3914
2963
43575
32050
34904
40997
39645
50329
25653
15626
39590
50558
25740
7090
25659
3078
50546
15633
25920
828
40836
53154
58192
7473
41882
18369
283
40503
49072
61093
41915
58343
15311
37820
32978
42012
56250
61306
28925
2252
46758
10464
26288
56041
25042
21235
2951
31456
34494
18945
42872
23770
3386
33415
44429
42853
38077
26754
34213
42644
47115
9194
13870
1326
19245
12779
42881
41299
25762
2786
17268
42977
38163
49866
26935
3444
8831
54481
59630
57203
27245
41268
50377
27074
17575
43129
41465
14755
32602
60131
52393
15406
19891
60085
12148
33785
33120
43653
11282
22513
52972
35446
11924
15423
13530
33808
10020
20281
48550
674
7253
4248
10374
4599
227
32846
42073
44212
5281
42178
29088
6289
44360
4973
19009
30864
15676
61066
13202
31310
33906
7941
25864
44170
58548
58263
44255
20818
60564
14339
44940
10617
28238
10697
29614
37118
25623
53987
36542
36624
34809
8401
28416
36586
27400
8287
23579
27673
28552
42700
21352
25203
28074
8170
61614
3062
39278
21426
28895
35260
14576
35946
8410
37149
14584
25334
5813
57674
1298
62131
47507
61838
41194
47928
5853
8935
32489
8852
35231
35441
11826
24433
43635
54694
37906
35635
15247
17066
22291
44015
62471
46186
21382
37586
49799
1953
18287
38102
24345
4246
30021
5167
22040
20331
26419
15316
52653
15488
39583
2349
30957
43978
7600
60569
4823
30091
19821
60850
53075
53197
153
13124
4824
25736
60197
51606
13415
23216
36141
30620
46664
827
53731
39078
26253
40335
5524
46847
7923
59277
15836
32151
13875
45416
52075
32302
27845
39262
6370
16712
28668
31144
56935
3513
24404
39244
45935
14936
48189
34894
45918
33069
45814
45809
6591
37398
19253
39852
22485
43568
11648
1829
40376
22427
30783
37741
35181
62325
22478
33116
1728
43989
38135
62555
57453
46350
18179
19638
32603
263
12104
25061
42553
49221
47066
19795
55895
4909
2588
36318
24895
28327
26007
37923
56291
10187
4785
39979
56056
47170
19018
47773
30773
41514
36735
56206
23964
35359
54271
59165
16630
29209
10525
10516
19116
56741
5463
41450
9138
50053
32497
33566
25998
14059
24994
20038
5763
1449
26535
59963
16537
33104
54369
41768
57160
50130
57239
20018
56950
25156
3196
29828
8634
6042
14312
6607
42218
12334
19505
4094
2254
57547
60661
3637
36305
38322
46967
2087
43003
17683
53206
42478
40842
17110
25054
60570
22652
12896
44856
7045
18465
20927
35412
49493
58252
54301
23407
49715
38940
4926
33675
43151
49551
41480
31126
58666
23311
28842
10799
35628
54052
7954
36015
28795
49565
47604
8068
22540
28192
36026
47726
15132
24995
52324
62226
44107
28290
14090
43492
52706
59340
43774
36065
8561
2873
40250
19533
43980
39985
62111
19536
5817
18973
19233
37646
35941
3556
62389
41987
31539
48477
1515
5831
32554
46462
15620
8564
36771
26863
19866
6038
19746
10842
26022
44370
10249
17284
27896
17541
16977
37900
59993
50295
29479
38729
60955
44742
29632
29600
21148
6703
43114
15235
25391
30590
30703
45243
31073
60685
397
59194
13053
45781
18070
56637
61109
4297
56229
61350
54056
41377
41411
45880
28791
2617
45583
13802
15973
13335
13477
38063
61596
46111
16118
38197
56359
57149
16247
38317
31107
38324
38375
33377
30712
8018
45528
52405
21780
46080
25147
11231
60063
30778
8530
28775
1715
42025
14079
3003
54710
46585
15380
46756
50975
17744
21325
59847
29862
34048
11915
38968
19230
9424
24798
61840
52970
6250
17658
27122
40279
33957
42736
49076
31465
33414
6417
40723
55689
56234
62379
39224
41550
1766
39512
53169
49013
26943
16916
30259
56331
16565
20532
47434
2896
43337
47277
9409
39016
9982
53804
489
45364
20167
51203
53579
45544
23102
20099
39679
56004
30511
41111
32423
51525
22942
41738
45569
26666
29951
23491
688
40036
54019
51989
13555
23970
32653
10762
33999
38446
48280
40400
33543
316
13091
48042
32820
48074
10888
24016
44001
59536
26566
27338
48215
33096
885
60188
33208
62074
33243
8112
52903
17777
3136
40876
48878
21671
53082
41003
44542
40869
23609
3581
29038
21756
39128
3365
11602
57333
17419
17427
31198
48933
49194
3763
24361
11869
28541
38953
62502
19801
49313
12102
35659
53830
41640
621
35783
45039
41610
9456
40942
34276
58704
43291
12268
29789
34341
45074
57025
58700
15186
43524
6988
4746
9878
58294
7173
25801
34705
46742
42098
21153
43713
1777
61250
33358
32351
2248
52581
4922
4813
59155
34057
19089
48165
48437
25875
46095
13125
48573
46539
25346
42369
25800
40358
8269
20298
2988
26345
1146
36509
59397
33927
5504
12862
3223
16830
21596
43064
23662
25907
43176
16728
8704
43059
59491
38879
34489
50837
35938
30975
3744
51019
35955
43053
55850
59815
6118
51000
33918
60366
27114
3465
49202
36075
16962
49539
5959
27567
51482
1477
3970
29621
43800
14737
51376
53545
6057
31222
27232
41475
20462
51573
47943
49815
24558
30941
17323
58088
36506
6979
56851
43748
43971
1868
22688
51802
58812
30230
32003
33346
59481
38270
60947
44328
51852
17810
21403
32572
23659
15412
52182
50086
27433
33974
59204
26108
44288
22908
10391
20979
34544
42558
40669
58764
10400
15814
15825
44495
4751
44555
26516
52740
61586
49002
46792
58962
28874
18407
30708
59205
57638
22558
8613
49071
61260
14033
7957
45077
3148
61655
35410
61866
13836
16731
31462
59236
61730
53050
45652
28421
26175
31431
62029
45434
62052
26194
33856
14528
1532
53441
45361
17642
38387
20109
18073
49843
49673
62468
26318
30963
19915
37443
32204
51403
53878
62383
46303
53753
48348
29297
42068
17352
23893
46260
50273
60319
60779
53963
56191
1831
13943
76
9565
15236
49720
44386
46337
13635
16165
44408
52236
52188
52281
54555
17926
17852
15529
38482
39220
52444
27431
7171
20642
42431
50449
7310
52649
576
610
13316
38799
27646
23372
27327
56307
7570
979
16365
38610
54713
27621
40883
47113
16150
39799
31105
57897
3326
1284
45218
35827
11173
19189
31814
1096
26605
55721
21469
8268
18905
53664
8377
8696
21945
1729
55754
19172
33676
55861
55749
36220
1463
15067
1529
15407
21484
56457
16974
2271
36215
40536
28469
44157
53701
29236
48133
31163
1946
22726
40650
24532
36249
24727
22520
47983
57987
54209
60975
17752
36552
18154
19692
52346
60967
46005
12391
12729
12388
32495
48171
12212
12521
2110
39065
38664
61390
27580
9937
12819
54743
49058
39574
20059
36881
38559
10150
41367
9914
54682
47997
29152
19965
29636
10336
27345
20690
39784
37138
22944
2820
56912
18455
18950
41770
15472
24907
57200
18679
39939
49295
41906
32825
55337
60187
47487
1206
5454
27054
21387
1063
23722
43963
57981
18940
31841
50052
19164
21791
11749
43906
42108
49801
8680
40379
40667
58169
36219
57636
53525
1118
3479
30793
49811
42328
19452
21929
36937
14534
15273
56003
35798
47753
17210
21890
33236
57928
36812
28826
55876
39328
33683
22123
19682
29285
44156
1835
6912
53954
17742
58213
2900
50378
52697
36727
36598
31661
52823
34284
15440
38697
1990
15190
16003
36675
4858
4644
50560
39451
43289
58945
36807
50813
10741
39198
50631
39321
22884
32476
37425
35515
2370
32677
2460
7538
55804
45319
57906
29887
20805
27521
5004
59134
57253
21802
43622
20645
60172
38917
23240
5016
21430
23320
48015
35679
1735
18773
39631
43872
51276
8239
35245
2952
62104
30572
30553
16931
27263
46369
57287
60263
19851
23229
26752
42621
36375
35351
48623
26530
54624
3282
9999
15154
60482
19749
46558
37051
44496
22156
60043
16859
52220
60440
40659
27223
6774
12036
24462
6209
25440
58495
24747
44596
60330
29220
41123
25611
50571
10142
31125
34191
57163
36850
27277
17901
15585
29549
60745
55509
15812
45236
52624
23701
33376
27518
41391
49440
20319
39139
39283
53009
21205
33921
34372
35569
52889
16459
34708
61161
30008
10380
52942
4691
51099
45063
18262
18959
45715
43402
4965
33484
16231
25635
18180
8118
32502
53446
45938
23208
53586
632
5097
18826
16184
28375
32821
16605
28075
25987
16476
53650
28080
28582
952
14710
5210
48324
5683
23985
3538
50198
19196
18862
31008
62119
34461
35007
48223
289
62130
47326
55886
17216
16881
61137
17681
31303
45169
32114
9803
45254
15258
54305
39299
47032
43029
33293
6549
32182
62461
26637
43679
21366
28833
85
38608
27998
43163
61589
41841
26944
59095
54930
53469
17968
49541
274
27463
26379
36449
13090
50897
36535
41945
18094
28912
54960
236
27439
27442
55308
57962
55281
41811
47757
55567
47835
57597
10694
44117
10938
18372
567
7605
55597
19185
10749
53919
8201
1207
40047
28134
35144
20749
38806
50126
24134
18629
18699
40469
23293
53884
42938
28269
35463
19804
37031
21723
31134
1044
9525
54335
8459
44638
62360
1412
1303
26268
60493
17441
8886
15017
57247
22508
1973
27356
1833
37733
47405
21842
19442
35582
62310
28825
9921
31888
2128
20001
19792
36078
47632
55127
24283
50907
2072
12852
60020
38622
53560
19229
49808
49367
25425
36453
51215
13453
29308
2045
29617
1996
22648
38558
10358
20528
49905
49520
18019
44197
49561
39080
36315
3053
2770
28037
32404
2618
36666
16521
36849
36844
47688
22903
529
7480
14046
49862
27482
33025
57411
1334
2906
2938
39387
57504
56342
31676
17092
30372
56330
50117
10905
11050
1957
14152
19223
47017
9091
37222
19489
3304
39738
57880
50350
48937
30603
46793
58383
28709
50490
4195
49183
50508
58160
48758
15220
43468
58455
38118
41660
4059
3772
49312
37649
30762
24931
30711
27040
33111
49397
50811
47545
49490
4208
15272
12236
58484
36197
49392
40612
30874
31012
53401
26831
12617
15012
15401
33578
29390
24505
29131
39937
12873
18024
5380
38620
31283
4483
42586
40370
7067
