583
1332
535
866
653
38
206
572
753
681
426
1558
577
59
421
143
603
1245
605
444
1223
183
1222
1458
75
135
790
1017
96
1195
660
850
40
751
158
167
26
1033
907
1251
590
899
837
371
211
1063
1504
131
43
32
1105
1220
64
518
151
491
430
463
125
1065
870
986
1240
1007
334
256
105
324
623
367
884
194
186
1349
35
1051
77
604
283
1191
1193
219
180
113
902
250
305
1288
271
214
661
910
69
619
1421
418
994
1155
1294
34
1011
723
483
168
1543
479
771
246
455
1181
1261
448
52
123
506
950
1028
332
128
680
1273
137
294
530
646
33
480
240
1215
794
1455
1434
57
1160
201
825
454
571
1436
99
872
170
92
957
203
801
709
601
134
230
527
1253
1344
23
393
1038
309
