1332
866
583
1245
603
426
605
653
535
38
332
1051
1222
753
790
206
421
577
1223
135
143
211
572
681
1043
59
986
1458
491
751
907
1558
1105
1195
1273
1288
1434
40
158
183
371
404
590
661
846
850
1240
1294
1504
342
367
801
870
950
1030
1033
1181
1253
1368
26
75
137
294
444
619
623
660
771
837
872
899
1063
1073
1160
1191
1251
32
64
96
114
123
131
167
202
230
250
256
263
324
411
427
448
463
518
571
601
680
709
723
752
787
838
845
863
884
928
961
994
1004
1007
1011
1040
1062
1065
1072
1146
1149
1155
1169
1203
1220
1329
1344
1349
1509
25
34
43
69
77
99
105
125
130
134
151
168
175
180
184
186
191
194
205
209
214
219
240
246
262
271
279
283
305
311
327
333
