583
866
1332
535
653
38
206
753
1558
426
572
421
681
1245
605
577
603
59
1458
1223
143
1222
790
183
660
158
1251
75
850
1195
1033
1105
444
1220
96
135
167
40
43
899
1063
590
837
1504
211
371
32
751
907
131
26
64
463
613
1065
125
479
430
1007
1288
334
518
105
324
1240
194
123
246
491
367
870
1191
1434
1181
1051
1017
1239
113
1193
137
994
151
69
77
1349
305
902
623
252
619
393
801
530
1261
256
771
1294
1203
180
910
214
219
455
186
661
884
1107
454
986
283
1273
35
1011
99
380
427
34
201
483
23
92
1131
1406
957
250
1155
271
604
1215
527
128
332
57
249
74
260
723
1436
404
230
680
1543
1344
825
240
270
1038
832
1421
253
505
506
1253
709
203
106
775
