0.969709256777
0.944822400922
0.9263697078
0.900842672986
0.888812002668
0.872105031434
0.847347668162
0.827562820089
0.813737868164
0.802306910372
0.792087517562
0.780809522885
0.770728525274
0.767382760652
0.751866311857
0.741974697149
0.735416707133
0.727802543234
0.716993959171
0.699869374357
0.679802070586
0.673525726939
0.664165841151
0.656931252388
0.652815006895
0.647687909925
0.639526639862
0.625369053862
0.611370905606
0.607400339271
0.602455341245
0.598513910741
0.593605332505
0.591647566511
0.588716987485
0.582877681306
0.579968954153
0.572247958873
0.569365939566
0.565534577757
0.561716165207
0.556961359413
0.554118187881
0.551282300306
0.545632377031
0.543755543901
0.539077624329
0.533491638016
0.529783294162
0.524245058239
0.521486866215
0.515994762025
0.51143824175
0.50962129894
0.506901954691
0.504189894399
0.501485118065
0.498787625689
0.492521803314
0.474838781734
0.473088203873
0.466987484542
0.465251474597
0.463518701966
0.46178916665
0.459200933642
0.455761286897
0.45319004979
0.45062609664
0.447218823042
0.444671865794
0.442977940938
0.441287253398
0.437074697797
0.43455687638
0.432882375412
0.42954308542
0.427047115876
0.426216744686
0.423730487086
0.421251513445
0.417957545857
0.416315418034
0.414676527527
0.413040874334
0.409779279892
0.408153338643
0.406530634708
0.404911168088
0.403294938782
0.401681946792
0.400072192115
0.39286835784
0.391276408394
0.389687696262
0.388894554189
0.384940983755
0.381793504652
0.379440786279
0.377876354007
0.376315159049
0.372426334907
0.371650998064
0.37087647055
0.369329843508
0.36855774398
0.36701597291
0.36470938627
0.363175708486
0.361645268017
0.360118064863
0.356315029557
0.345774333275
0.343535730241
0.342047374862
0.338341458993
0.335390646751
0.33318603552
0.331720341342
0.33025788448
0.329527870041
0.328798664931
0.327342682698
0.325889937779
0.324440430174
0.323716890365
0.321551126909
0.320830824415
0.319392647411
0.318674772902
0.317241451871
0.315811368154
0.315097540288
0.314384521752
0.309417671853
0.307301277444
0.305191357665
0.304489669729
0.303088721843
0.302389461894
0.300296538016
0.298905302074
0.294064707444
0.294060660801
0.292683992774
0.291996872754
0.2906250607
0.283832365376
0.281804997119
0.281130826357
0.280457464924
0.278443045925
0.275100518618
0.274434441142
0.272441064688
0.260635387733
0.259339652571
