1332
583
753
535
653
866
681
38
603
1245
206
572
426
421
577
59
1558
143
444
1273
1458
135
986
158
1222
26
183
605
1223
850
43
1288
167
75
64
1105
96
1195
907
660
125
1063
371
491
751
790
837
899
211
151
1220
590
1504
40
846
870
1033
1251
131
1007
32
801
367
623
872
950
571
723
430
661
619
250
518
105
1065
1240
902
1180
479
334
448
463
1349
305
910
194
283
1072
1011
35
393
527
1101
113
1155
203
219
1193
240
750
52
69
324
775
77
418
165
180
427
1368
128
483
253
1261
1017
123
271
50
294
680
646
1191
202
455
771
1344
480
256
1542
794
1181
506
134
24
514
34
33
884
327
56
957
186
994
1056
528
246
1028
342
130
1111
270
168
23
1203
1213
779
317
