0.987321866765
0.957225362417
0.932500372291
0.914169078466
0.888812002668
0.870917746311
0.854380734093
0.842666511276
0.833352757221
0.819479245576
0.803441589133
0.793214912366
0.767383569981
0.757389979864
0.750764006242
0.74416716845
0.734326541447
0.726718042849
0.713767165861
0.700932832197
0.694559369112
0.685053804168
0.665201781818
0.660026125129
0.656930443059
0.649735511399
0.645641927109
0.640543156641
0.635464619389
0.629397082532
0.62637424004
0.612364761183
0.608390957533
0.597530576436
0.591647566511
0.578033849361
0.576101981884
0.570326612668
0.567449449333
0.564579569955
0.560764394719
0.557911511243
0.555065911725
0.553172892023
0.547515684789
0.542821578644
0.540949601487
0.537215359115
0.533494066002
0.529785722148
0.526090327551
0.521489294201
0.518738386134
0.501485927394
0.496098226599
0.493415302139
0.490739661636
0.485411041833
0.483641040084
0.481874275651
0.478351268056
0.475716903314
0.472215747593
0.467857512836
0.465252283925
0.462654338973
0.460063677978
0.458340617291
0.450626905969
0.446369837293
0.444672675123
0.442133001832
0.43875810138
0.436235423991
0.435396150186
0.43204714825
0.431211921087
0.429543894748
0.42455923962
0.422904162539
0.421252322773
0.419603720322
0.417958355185
0.41713688661
0.415496377445
0.413859105595
0.412225071059
0.410594273838
0.408966713931
0.40734239134
0.404911977417
0.404103458099
0.402488847451
0.400073001444
0.396863204035
0.394464353929
0.392072787781
0.390482456992
0.388895363518
0.388103030774
0.386520793272
0.384153506983
0.381793504652
0.380224216408
0.378658165479
0.377095351864
0.374757201406
0.373979436578
0.373202481078
0.369330652837
0.36778726311
0.362412511573
0.361647696003
0.358596527009
0.354044053377
0.352533036795
0.351025257528
0.348769658593
0.346521343615
0.344280312595
0.342790338558
0.340561447468
0.336863624886
0.335389837422
0.334654157683
0.333919287273
0.332451974438
0.32227385739
0.320113759234
0.318677200888
0.317960135708
0.316528433334
0.314386949737
0.31296334065
0.312252750099
0.310833996983
0.303088721843
0.299601324709
0.298906111402
0.297518112775
0.296825327454
0.296821280811
0.295438138156
0.294747780821
0.293369494137
0.292681564788
0.284525960026
0.283848551949
0.28114701293
0.280473651497
0.279129356616
0.27778829905
0.275782782666
0.274449818387
0.273120091422
0.272456441932
0.271131570939
