0.969709256777
0.951013765062
0.923923916633
0.911739473872
0.888812002668
0.872105031434
0.857911025646
0.840332407461
0.824090800199
0.812587002829
0.786439212944
0.772963890993
0.764045089318
0.754073351074
0.747461945367
0.737599466491
0.724551470065
0.714841954302
0.708405363583
0.698805107187
0.691383563506
0.685053804168
0.675614604174
0.668317697104
0.664165841151
0.661060447138
0.656931252388
0.642581855499
0.637495224961
0.632428827639
0.629398701189
0.627382663533
0.608391766862
0.604430912469
0.589693037831
0.58190729626
0.579000997093
0.577067510958
0.574173351721
0.568407694449
0.564579569955
0.558864091059
0.555068339711
0.55034186042
0.544696793116
0.540949601487
0.538147705715
0.533494066002
0.527012962208
0.522407882214
0.519654546161
0.515994762025
0.513258421874
0.508714850857
0.505997934593
0.502386710176
0.501485927394
0.498788435017
0.496098226599
0.494308800963
0.489849400126
0.487183471567
0.485410232504
0.483640230756
0.480991298098
0.479229389637
0.47747071849
0.476592596909
0.473963088139
0.470468407047
0.466118265576
0.463517892638
0.460062059321
0.458338998634
0.452333780083
0.43204714825
0.430377503254
0.428711095572
0.425387992153
0.423731296415
0.422077837992
0.420427616883
0.417958355185
0.416316227363
0.413041683663
0.411409267784
0.408966713931
0.404911977417
0.404103458099
0.402488847451
0.400877474118
0.397664439394
0.396863204035
0.395263161302
0.393666355884
0.391277217722
0.389688505591
0.387311507358
0.385730888513
0.384153506983
0.382579362767
0.381008455866
0.379440786279
0.378658165479
0.377095351864
0.375535775563
0.373979436578
0.372426334907
0.36470938627
0.362410083587
0.357833330096
0.354799157003
0.353286521764
0.35177712384
0.351023638871
0.348768039936
0.348017792281
0.347268353955
0.345771905289
0.345024894949
0.343533302255
0.342044946876
0.340559828811
0.339818483771
0.338338221678
0.3368611969
0.336123898504
0.334651729697
0.333182798205
0.331717104028
0.330985470932
0.320830015086
0.32011052192
0.318673963574
0.317240642542
0.311544587534
0.308713555931
0.30659878018
0.303792837765
0.301695057916
0.300300584659
0.294756683436
0.292003347383
0.29199930074
0.291312990049
0.290627488686
0.289258913946
0.28789357652
0.281133254343
0.28045989291
0.279115598029
0.277105225673
0.275769024079
0.2744360598
0.273106332835
0.272442683345
0.271117812352
