583
1332
653
866
535
38
572
753
206
426
577
421
59
790
681
1245
183
143
603
1558
444
1458
1223
1222
660
751
605
96
75
1251
850
371
1195
40
167
211
158
135
463
1063
837
1504
26
64
907
801
1051
899
590
1220
32
1033
131
151
1105
43
1007
518
334
1017
105
367
194
1011
123
1240
1193
430
491
623
1065
113
661
870
324
1294
125
283
186
1288
69
1349
180
77
884
1434
256
214
305
771
1261
680
986
483
619
271
1191
35
1203
219
99
1273
246
479
530
247
646
994
1181
455
910
872
332
427
203
838
1344
1028
527
341
950
128
480
393
92
60
902
175
1239
294
418
250
448
24
1543
794
506
52
1455
57
230
876
1155
825
1152
201
832
1421
620
498
240
462
1160
514
1436
841
1111
