0.969709256777
0.951013765062
0.923923916633
0.900842672986
0.888812002668
0.872105031434
0.854380734093
0.848513101412
0.839166974212
0.829872644044
0.82063011091
0.806863430647
0.780808713556
0.770727715945
0.760712273955
0.749661700626
0.743069718807
0.727802543234
0.720228036439
0.709476105381
0.700932832197
0.685053804168
0.67352491761
0.666239341142
0.663129091156
0.643599990936
0.639525830533
0.636478708182
0.630406315353
0.625368244534
0.62035040693
0.609383194453
0.602455341245
0.597530576436
0.593605332505
0.589693037831
0.587741746466
0.58190729626
0.579000997093
0.564579569955
0.547513256803
0.545633186359
0.542819150658
0.540012398915
0.537212931129
0.534420747302
0.528859040848
0.525166883567
0.523325660898
0.519652927504
0.515993143368
0.510530175009
0.505997934593
0.502386710176
0.497890889549
0.494308800963
0.491630732475
0.488959947944
0.486296447371
0.484524826966
0.482756443875
0.479229389637
0.47747071849
0.474838781734
0.469597569424
0.462653529644
0.46178916665
0.459200933642
0.458339807963
0.45661998459
0.454046319497
0.452334589411
0.449773064248
0.448069427449
0.446369027964
0.442977940938
0.432083568039
0.428747515361
0.426253973804
0.424595659409
0.422940582328
0.421288742562
0.419640140111
0.418817052878
0.413896334712
0.411446496902
0.408192186418
0.406569482483
0.402526885898
0.399309804531
0.397704905827
0.396103244437
0.396083820549
0.394485396474
0.393687398429
0.386558831718
0.38497983153
0.382617401213
0.381831543098
0.380262254854
0.379478824725
0.378696203925
0.376353197496
0.370140790811
0.368595782427
0.365515477601
0.36398018116
0.361683306464
0.360156103309
0.356353068003
0.353324560211
0.351815162287
0.349557944694
0.343577006002
0.342832423648
0.336904900647
0.334695433444
0.332493250199
0.323758166126
0.320872909504
0.318716857992
0.31728353696
0.315853453243
0.314426606841
0.312293216531
0.310874463415
0.309458947614
0.306637627955
0.304530136161
0.303129188276
0.301731477705
0.301033836412
0.297557769879
0.296864984558
0.295481841903
0.294791484568
0.294101936562
0.288616307001
0.287252588233
0.286571942842
0.283857454564
0.282505066397
0.281830086307
0.281155915545
0.280482554112
0.278468135113
0.277798010994
0.276460190743
0.272469391191
0.27180655103
0.271802504387
0.270479252051
0.26915923703
0.268500443512
0.267185284463
0.266528918931
0.265218615854
