0.975980744453
0.954738295489
0.923923916633
0.914169887795
0.905677602315
0.89361536818
0.886416389876
0.86026940932
0.848513910741
0.831032411994
0.829873453373
0.827557964118
0.821783404231
0.802301245071
0.798887496844
0.781930443059
0.767379523338
0.757385933221
0.748557776353
0.741970650506
0.733233138447
0.728883806305
0.703065413178
0.684004104915
0.682952787004
0.673527345596
0.670400099709
0.664167459809
0.662096387804
0.654873129642
0.649737939385
0.633442107103
0.631419594818
0.626377477355
0.621355593108
0.61935250471
0.616353942078
0.613362663403
0.610378668687
0.600484625993
0.598515529398
0.597532195094
0.594587048152
0.592627663501
0.591649185168
0.586768933434
0.583850494338
0.581908914917
0.577069129616
0.575138880796
0.57224957753
0.570327421997
0.566492822874
0.565536196414
0.564580379284
0.558864900388
0.556965406056
0.555069149039
0.554122234524
0.548460171319
0.536287059159
0.535356331216
0.534426412602
0.511442288393
0.509625345583
0.506001171908
0.499690836457
0.496998200053
0.493419348782
0.492526659286
0.487188327539
0.483645086728
0.482761299847
0.48099615407
0.478354505371
0.473967944111
0.469601616067
0.466123121548
0.450630143284
0.449777110891
0.448073474092
0.443828545345
0.440447170263
0.439603849815
0.437919636903
0.43707874444
0.4353993875
0.434560923023
0.432050385564
0.430380740568
0.428714332887
0.427882343039
0.425391229467
0.422907399854
0.422081075306
0.421255560088
0.419606957637
0.4179615925
0.41549961476
0.41468057417
0.413044920977
0.409784135864
0.408970760575
0.408158194614
0.40653549068
0.40491602406
0.404107504743
0.398471340054
0.389716832093
0.387339833861
0.385759215016
0.381826687127
0.38104163834
0.377909536481
0.377128534338
0.376348341524
0.375568958038
0.371684989867
0.370910462353
0.369363835311
0.363976134517
0.363209700289
0.360152056666
0.360147200694
0.35938481311
0.358623234854
0.357862465927
0.355585015118
0.355570447203
0.353300280351
0.351790882427
0.350284721818
0.347282112542
0.346533483545
0.345038653536
0.343547060842
0.342058705463
0.341315741766
0.339832242358
0.339091706648
0.338351980265
0.337613063212
0.335401168023
0.333930617874
0.332463305039
0.330999229519
0.329538391314
0.325905315023
0.325180156557
0.324455807419
0.323732267609
0.323729839623
0.321564076168
0.320124280507
0.319405596669
0.316538954606
0.315824317412
