0.994297889143
0.991207255665
0.987771108839
0.985075481238
0.983257113791
0.981580111238
0.981405505723
0.979416106814
0.977707534803
0.976000453172
0.974434037529
0.972973183501
0.971513428465
0.97012420336
0.969187037899
0.968285009737
0.96738340154
0.966239662886
0.965616087204
0.965442907458
0.964265710125
0.96353896961
0.962397507839
0.9615677752
0.96070385267
0.959736723063
0.959080729917
0.958355945098
0.957527960658
0.95645901806
0.955735225379
0.955149498131
0.954426201208
0.953634334399
0.952946020703
0.952292352896
0.951604524397
0.950985690098
0.950332695105
0.94954252928
0.948993040807
0.948237755703
0.947482775633
0.946830986488
0.946145139156
0.945528083496
0.944842702723
0.944191821845
0.943575403588
0.942993415025
0.942377387534
0.941761561328
0.941214329858
0.940633071264
0.93994946851
0.939573591551
0.938992840519
0.936773970371
0.936228193869
0.935716668762
0.935171196051
0.934489585025
0.933978535175
0.933399514946
0.932888763917
0.932105888464
0.931357358837
0.930745148929
0.930303119371
0.929555315985
0.928943695644
0.928773836481
0.928230392153
0.927347669345
0.926940383833
0.92646533047
0.92602431852
0.925617323753
0.925142609592
0.924498558741
0.923820847925
0.923380465922
0.922770883283
0.922364604196
0.921619996522
0.921146309289
0.920469833518
0.919759813336
0.919286604465
0.918881093865
0.918408114236
0.917901485203
0.917327472873
0.916584905384
0.916045040701
0.915336717153
0.914965795908
0.914628658879
0.914257879901
0.913685011914
0.913179687506
0.91280920238
0.912371453857
0.911900150361
0.911395316742
0.911025193804
0.910453337834
0.909948905542
0.909545459357
0.909108494231
0.90857083685
0.90796616333
0.907428845773
0.906958820189
0.90648891637
0.90611979116
0.905515934585
0.905113472461
0.904644048247
0.904208262875
0.903806092118
0.90340401082
0.903002018361
0.902600115362
0.902131343461
0.900926486198
0.900458147308
0.900023370848
0.899555268033
0.899154133521
0.898819923202
0.898352133498
0.897951266744
0.897550490072
0.897049646744
0.896348714211
0.895814844593
0.895314488946
0.894980993065
0.894614218666
0.894247519439
0.893814248889
0.893447713672
0.893014633846
0.892515057868
0.892182083837
0.891882459767
0.891449758903
0.891050435957
0.890285345038
0.889886283017
0.889420824865
0.889055192325
0.888722864394
0.888357374741
0.88789231916
0.887394180134
0.887095361205
0.88676339919
0.886298758604
0.885966946311
0.885535683021
0.885170849409
0.884806090968
0.884474557616
0.884176230717
0.883513471533
0.883149055401
0.882817833296
0.882387339113
0.882122470273
0.881692144449
0.881195753
0.88079873365
0.880401804382
0.880038030622
0.879740452951
0.879343761621
0.878781940708
0.878286363097
0.877823950315
0.877427694481
0.877130558519
0.876800467089
0.876470437164
0.876107476621
0.875843552081
0.875480722622
0.87488717259
0.874491577767
0.873964272901
0.873601831724
0.873305344347
0.873008907291
0.872712520556
0.872449108547
0.872152816864
0.871823663522
0.871527478073
0.871198442769
0.870902363553
0.870441896527
0.870080186561
0.869751424608
0.86932413235
0.868962654732
0.868601253528
0.868174241453
0.867747332507
0.867451842237
0.867090755385
0.866729743705
0.866303190113
0.866007943994
0.865417604584
0.865089724806
0.864729131848
0.86443415411
0.864106460085
0.86381158858
0.863484013215
0.863189247943
0.862894532993
0.862665345045
0.862305256542
0.861977966331
0.861618020095
0.861389001747
0.861061885486
0.860734831971
0.860473233391
0.860244367872
0.859852101087
0.859557956444
0.859231189326
0.858675843705
0.858316588299
0.858022706446
0.857761520377
0.857402455074
0.856847689701
0.856554059454
0.856260479528
0.855966950545
0.855738685153
0.855477846984
0.85518445157
0.854532665531
0.854337171094
0.854011398597
0.85375082446
0.853490290083
0.853034451993
0.852676381312
0.852350925031
0.852058066998
0.851765258666
0.851472500654
0.851212313556
0.850887136217
0.850497008397
0.850139470127
0.849846991678
0.84958705308
0.849229704913
0.848904906537
0.848515234093
0.848223035828
0.84796334573
0.847671243138
0.847346742962
0.847054745361
0.846762798702
0.846535763386
0.846341185915
0.84601693983
0.845757587692
0.845336231481
0.845076984334
0.844817776326
0.8444614321
0.844169933363
0.843943245947
0.843684211889
0.843360477093
0.843101532496
0.842842627658
0.84258376258
0.842324937262
0.842066152326
0.841613382592
0.841354706374
0.840999092117
0.840740510329
0.840514283881
0.840223466034
0.839900394734
0.839577385558
0.83925443975
0.838931554825
0.838673291117
0.838382792593
0.83809234377
0.837769683116
0.837511598328
0.837285806755
0.836995548655
0.836673099847
0.83641518404
0.836125076283
0.835835018847
0.83557723226
0.835383918412
0.834965157785
0.834675302255
0.834385498289
0.834095743402
0.833870412796
0.833645112632
0.833419842909
0.833162429072
0.832872886653
0.832647721921
0.832197489373
0.831940264396
0.831522365443
0.831265245458
0.831072431095
0.830815380069
0.830558369423
0.830269279274
0.829980239446
0.829755465481
0.829530721957
0.829306008874
0.829081326854
0.828856674654
0.828632052895
0.828375379589
0.828182900702
0.827926296975
0.827669733009
0.827413208802
0.827252901364
0.827028497043
0.826740022553
0.826483642476
0.826131187277
0.825906935162
0.825618656366
0.825394473831
0.825202341601
0.824946200085
0.824562066088
0.824338027062
0.82414601784
0.823826054034
0.823154356921
0.82293050924
0.822610783373
0.822291117767
0.822067387502
0.821779779656
0.82152416993
0.821300544036
0.821140829892
0.820917256182
0.820693712914
0.820438272789
0.820214794752
0.819927511199
0.819640277967
0.819416908649
0.819161667324
0.818970261958
0.818683196463
0.818491847009
0.818204866005
0.81782230315
0.817631054338
0.817376090713
0.817057444578
0.816802570413
0.816579588134
0.816197407969
0.815878990455
0.815624302044
0.815369651528
0.815083219088
0.814828653062
0.814574126797
0.814192416298
0.813969790617
0.813651807978
0.813492839334
0.813302097462
0.813111377956
0.812825340631
0.812602901946
0.812348723581
0.811872268677
0.811649960454
0.81139593181
0.811141943548
0.810951477512
0.810697557587
0.810475410268
0.810285022509
0.80977744607
0.809587140316
0.809206599631
0.808984656704
0.808762744839
0.808509168466
0.808255631852
0.807970449989
0.807748676663
0.807526933778
0.807336892677
0.807115206326
0.806861888393
0.806545297354
0.806323720344
0.80607052666
0.805849014881
0.805595895126
0.805216296257
0.804868405384
0.804552204491
0.804362513775
0.804078020257
0.803603981396
0.803382808819
0.803066901156
0.80290897
0.802624734301
0.802308976981
0.802056414488
0.801835454379
0.801551409403
0.801204313109
0.800951924567
0.800731116664
0.800731084359
0.800478771608
0.800226497376
0.800005790115
0.799785112675
0.799595984812
0.799312335573
0.799028737898
0.798808195269
0.798524687054
0.798304214005
0.798052282702
0.797737424952
0.797517060622
0.797328201139
0.797139364022
0.796919082318
0.796761756881
0.796510069108
0.79628987438
0.796006813465
0.795818132902
0.795598033846
0.795315095317
0.79518936046
0.794875070534
0.79465510194
0.794026836438
0.793744177473
0.7933673792
0.793084840136
0.792739582743
0.792519909864
0.792300267427
0.792112026709
0.791892440806
0.791704248546
0.791390646964
0.791202514344
0.790826322412
0.790544236239
0.790262198524
0.789823580872
0.78957299147
0.789291127083
0.789071932568
0.78872755238
0.788571037675
0.788320647073
0.788039010686
0.787819990741
0.787601000617
0.787350764085
0.787100566692
0.78691294474
0.786694080729
0.786475249024
0.786287701622
0.786100176585
0.785943922805
0.785568981449
0.785381542145
0.785162891223
0.784663237589
0.78444468731
0.78422616685
0.783945257947
0.783758012472
0.783445996322
0.7831964208
0.783009264786
0.782790944369
0.782479113351
0.782136170737
0.781980311451
0.781730968899
0.781450507917
0.781107789574
0.780858588046
0.780640568935
0.780391440714
0.780080089302
0.779893306037
0.779644298339
0.779364214456
0.779177516924
0.778990841757
0.778741976947
0.778555353965
0.778368753348
0.777871280303
0.777622594412
0.77740502633
0.777218563631
0.777032123918
0.776783572217
0.776535060276
0.776286589338
0.77610026145
0.775913955307
0.775727671528
0.775541410114
0.775324133398
0.775013791517
0.774672490867
0.774424316266
0.774176182045
0.773959096674
0.773773047728
0.773587021147
0.773215041292
0.773029081805
0.772564298953
0.772316463554
0.772099639729
0.77178994954
0.771573199023
0.771263608855
0.770861238054
0.770675561858
0.770397090741
0.770211470457
0.769994941727
0.769747519459
0.769500135709
0.769314623523
0.769129134323
0.768943666867
0.768758221776
0.768634604141
0.768449196946
0.768263811495
0.768047557357
0.767769561496
0.767553376317
0.76739897697
0.767121099146
0.766843272266
0.766565495085
0.766380337012
0.766102645564
0.765886695839
0.765732464229
0.765547406798
0.765300700832
0.765115696207
0.764899885021
0.764745752811
0.76452999381
0.764252636594
0.763944522517
0.763790486601
0.763605664003
0.763390065905
0.763205291764
0.763051330398
0.762835810578
0.762651103533
0.762404864126
0.76218943563
0.761850974716
0.761574105182
0.761297283484
0.761051263379
0.760866772528
0.760651562091
0.760374910616
0.76019050177
0.76000611529
0.759760302682
0.7595452488
0.759268801095
0.759023107146
0.758685348244
0.758409052746
0.758224882461
0.75791798417
0.757703190592
0.75751910666
0.757304370237
0.757151005271
0.756997655837
0.756844321934
0.756691003562
0.756415071494
0.75626179661
0.75607788725
0.755863355218
0.755710136246
0.755250579973
0.755097423126
0.754913655411
0.754668667202
0.754454334591
0.754301258507
0.754117587707
0.753933939272
0.753811519407
0.753536111675
0.753107808643
0.752710205317
0.752496151027
0.751945913947
0.751762530165
0.751609727431
0.751304174769
0.751090321142
0.750876497336
0.75063216641
0.75044894291
0.750265741775
0.749990983871
0.749716278152
0.749533166478
0.7493805905
0.749197519828
0.74901447152
0.748770443143
0.748526454527
0.748312996015
0.748160544287
0.748038594088
0.747886170316
0.74767280375
0.747489942439
0.747124288776
0.74694149456
0.746667347967
0.746423704765
0.746180097596
0.74587564641
0.745723443183
0.745510385378
0.745297358014
0.745053936599
0.744932239869
0.744780133557
0.744475968147
0.744323907806
0.744050239576
0.743867821216
0.743685425843
0.743472659405
0.742956094094
0.742773809925
0.74259154812
0.742378938237
0.742105628468
0.741893089407
0.741710936321
0.741468100124
0.741225304929
0.741043233227
0.74086118389
0.74067915754
0.740527485482
0.740375828954
0.74016353653
0.740011917277
0.739769360021
0.73955715395
0.739314671244
0.738860134674
0.738587472247
0.738314863248
0.738102867781
0.737890901513
0.73773951523
0.737527601147
0.737345984822
0.73716439024
0.737013078507
0.736801268794
0.736649994957
0.736438237429
0.736256755294
0.736014813076
0.735803146871
0.735621742393
0.735470589078
0.735319451295
0.735107885112
0.734956784604
0.734624427474
0.734443168368
0.734231728299
0.734080718493
0.733929723598
0.733718357457
0.733235375697
0.732993931722
0.732843048651
0.732692181112
0.732541329104
0.732390492627
0.732209509356
0.73202854845
0.731787303895
0.731576246517
0.73133507527
0.731124083122
0.73079258891
0.730521419969
0.730250300728
0.730099700327
0.729919000967
0.729708213211
0.729497455275
0.729316829844
0.729166325736
0.729045933632
0.728865364114
0.72874499686
0.728353879388
0.72814331901
0.72793278783
0.727782426609
0.72763208092
0.727451686595
0.727301375695
0.727121022372
0.726910640293
0.726730335427
0.726580098457
0.726399834594
0.726219593095
0.726129480733
0.725979305888
0.725799116575
0.725588925219
0.725258687796
0.725078587943
0.724928521816
0.724718457196
0.724568428344
0.724238425754
0.724088446602
0.723998466566
0.723638615382
0.723428737136
0.72321888871
0.722949130008
0.722769317173
0.722559564419
0.722409759218
0.722200059893
0.722050291966
0.721870590956
0.721690912311
0.721451377437
0.721152016777
0.720912571364
0.720703087612
0.720553474999
0.720284213918
0.720015001916
0.71974584272
0.719446838036
0.719237567373
0.719088107587
0.7189087756
0.718669702937
0.718400792862
0.718191675027
0.717892989666
0.717713806779
0.717534646256
0.717325655156
0.717176393549
0.716907765522
0.716191734742
0.716012764322
0.715505814724
0.715326930037
0.715118260123
0.714969228378
0.714790411407
0.714641413832
0.714403053743
0.714254096548
0.714105154885
0.713807321879
0.713301157542
0.713152315278
0.713003488546
0.712854677345
0.71276539808
0.712616612351
0.712438089231
0.712170347728
0.712021623503
0.711843175554
0.711605280161
0.711486346753
0.711307965899
0.710980991904
0.710802673797
0.710654092459
0.710475815354
0.710297560615
0.71011932824
0.709911420601
0.70976293245
0.709495695403
0.709317564292
0.708397632316
0.708160312201
0.708041667053
0.707863717968
0.707685791249
0.707507887516
0.707418943726
0.707241072919
0.707033585245
0.706855762895
0.706737227087
0.706559442013
0.706233565146
0.706115081523
0.705966990973
0.705730080261
0.705522814994
0.705374786569
0.705167573487
0.704989985971
0.704842013458
0.704486955841
0.704250293629
0.704102398773
0.704013669314
0.703865801171
0.703688378286
0.703481414325
0.703304039276
0.703126687214
0.702978910395
0.702831149107
0.702624311261
0.702240265481
0.701679176401
0.701472508156
0.701236352884
0.70100023613
0.700852682962
0.70067563966
0.70046911803
0.700262628084
0.700115152571
0.699849740136
0.699731793274
0.699554892239
0.699407491276
0.699201157264
0.698906446663
0.698729649998
0.69858233601
0.698140506494
0.697993254632
0.697816573519
0.697669355826
0.697522153663
0.69731609735
0.69713950197
0.69699235572
0.696756954647
0.696580430089
0.696374512315
0.696198036215
0.69593336928
0.695786350387
0.695492363542
0.695315998646
0.695169044984
0.694816423911
0.694669523055
0.69452263773
0.694346395842
0.694199544686
0.694082074944
0.693759088754
0.693436178358
0.693289424117
0.69317203141
0.692995961608
0.69284925396
0.692673225161
0.692526551061
0.692321234036
0.692145272331
0.691998654144
0.691793415396
0.691558894013
0.691412337951
0.691236491178
0.69106066677
0.690826270258
0.690562624659
0.690445463057
0.690445450011
0.690269726866
0.690123307479
0.69012328325
0.689859769356
0.689567036816
0.689391425497
0.689245099298
0.689128049521
0.688864727593
0.688689205113
0.688572202551
0.688367473228
0.688075058147
0.68781193564
0.6876657778
0.687490408768
0.687344284475
0.687256617354
0.687081299886
0.686935219081
0.686701524582
0.686555484158
0.68638025615
0.686088262898
0.68591309453
0.685708760322
0.685562825511
0.685446088844
0.685271003102
0.685154291285
0.684979242198
0.684804215475
0.68460004652
0.684454229746
0.684308428503
0.684133489377
0.683987722303
0.683725383193
0.683608803081
0.68352137452
0.683288260891
0.683171718054
0.683026053486
0.68288040445
0.682763896403
0.682618275944
0.682443551149
0.682181505891
0.681948621502
0.681861299175
0.681715774389
0.68139567515
0.681250200064
0.681075651082
0.680697544457
0.680581222785
0.680406759536
0.680203247243
0.680028832452
0.679912567935
0.679796313359
0.679680068722
0.67947666639
0.679302346029
0.679098998988
0.678953769295
0.678808555134
0.678605283265
0.678460106378
0.678256886694
0.678111747083
0.677821521288
0.677618396033
0.677502337772
0.677270252933
0.676893203675
0.676719213198
0.676574238218
0.676400289364
0.676226364118
0.676081441945
0.675878577616
0.675675743106
0.675530879951
0.675357065288
0.675125348229
0.674980544714
0.67477784688
0.674662032149
0.674459380908
0.674314648216
0.674198873245
0.673996291584
0.673851608592
0.673678009503
0.673157387427
0.673012794516
0.672752568279
0.672636927498
0.672492390499
0.672434580049
0.672232266768
0.672116670717
0.671972189631
0.671885508435
0.671741052199
0.671596611494
0.671452186321
0.671278896614
0.671163383189
0.67101900461
0.670903512928
0.670759162305
0.670499376534
0.670470513865
0.670268494436
0.670066505448
0.669806848898
0.669576086079
0.669345363021
0.669114679722
0.668970521687
0.668653437997
0.668451691918
0.668278790493
0.668105910811
0.66790424798
0.667760221028
0.667587409063
0.667328241437
0.667126694779
0.666982751075
0.666838822902
0.666579795678
0.666435910992
0.666292041838
0.666119419975
0.665975585611
0.665831766157
0.665687962234
0.665544173842
0.665314145342
0.665141650214
0.664940433441
0.664796725811
0.66468177089
0.664595561223
0.664250784057
0.664078426847
0.663934812405
0.663733779522
0.663590202355
0.66344664072
0.663331802594
0.663073455639
0.662958649818
0.662843853937
0.662700373065
0.662270052211
0.662126633463
0.661954551467
0.661782492457
0.661639126516
0.661467107887
0.661352441227
0.661266447754
0.661123137725
0.660922530399
0.660779257645
0.660693301447
0.660550053543
0.660320889823
0.660206322563
0.660063127465
0.659919947898
0.659662266303
0.659519130224
0.659404632543
0.659261524421
0.659089815796
0.658946742463
0.658803684041
0.658632034435
0.658460407815
0.658288803561
0.658145816582
0.65797425333
0.657831301141
0.657631195784
0.657488280871
0.657345380867
0.657231072046
0.657116773166
0.657031055529
0.656888205225
0.656745370452
0.656516873334
0.656374078943
0.656174193509
0.655945790199
0.655803057933
0.655660341198
0.655403490214
0.655289350374
0.655089631435
0.654889943559
0.654661765763
0.654519175142
0.654348085282
0.654205526966
0.654062984803
0.653920457549
0.653720947972
0.653521468214
0.653407492384
0.65303715263
0.65295170213
0.652780817284
0.652638429811
0.652467585967
0.652296763867
0.652154429201
0.652012110066
0.651812891234
0.651642154866
0.651528343046
0.651386092249
0.651300749225
0.651158523899
0.65093099531
0.650788809744
0.650618207567
0.65047605617
0.650362346234
0.650248646239
0.650078114884
0.649936022506
0.649623478292
0.649509842907
0.649197399336
0.64902700652
0.648856635447
0.648686288603
0.648544348431
0.64840242379
0.648260514681
0.648005119908
0.647636323961
0.64749449872
0.647295970718
0.647125828266
0.646984058937
0.64672891577
0.646473824789
0.646360465239
0.646247115629
0.646105443216
0.645992115971
0.645850470893
0.645708841346
0.645538906391
0.645425628846
0.645312361241
0.645199103576
0.645085855851
0.644972618066
0.644746173559
0.644519768812
0.644151957546
0.644010514996
0.643869087355
0.643727675246
0.643614556741
0.64341662514
0.64321872398
0.643077383314
0.64293605818
0.642794748577
0.642653454505
0.642512175965
0.642370912956
0.642201417846
0.642088433532
0.641947217737
0.641664840819
0.64118493984
0.640818086543
0.640648797067
0.640535949427
0.640366698469
0.640197469876
0.640084661996
0.639859079784
0.639718108763
0.639577153272
0.639408027807
0.639238924706
0.639098022022
0.638957134869
0.63884443633
0.638647238425
0.63853456722
0.638365579672
0.638196614489
0.638027671671
0.637915055136
0.637774298446
0.637661704277
0.637408406223
0.637211430726
0.637098886256
0.637014484427
0.636761314973
0.636536319221
0.636367596326
0.63622701048
0.636058329829
0.635889670301
0.635721033138
0.63555241834
0.635355729861
0.635271443584
0.635074799213
0.634962443604
0.634822013692
0.634597359628
0.634485046263
0.634260451218
0.634120098962
0.633979761616
0.633839439801
0.633699133518
0.633586899673
0.633446621967
0.633334410488
0.633250258402
0.632885686336
0.632689411609
0.632549232681
0.63238103847
0.632212866623
0.632016694403
0.631876590026
0.631680471854
0.631512393195
0.631400353181
0.631204307695
0.63106429402
0.630980292898
0.630868300099
0.630756317239
0.630560373639
0.630392444701
0.630280504087
0.630140592298
0.629972719273
0.629860815933
0.629692980183
0.629581101694
0.629357377021
0.629161649616
0.628742345394
0.628602604449
0.628462879655
0.628323169772
0.628127604513
0.627792426286
0.627680717398
0.627429411073
0.627317733869
0.627233982489
0.627094409281
0.626982761897
0.626843217266
0.626703687546
0.626536273004
0.626396777452
0.626285192193
0.625866854016
0.625811083751
0.625699550677
0.625392895296
0.625281399497
0.625114175678
0.624974838545
0.624863380021
0.624696211494
0.62458477782
0.624445500327
0.624334089018
0.624111298706
0.623999917217
0.623832864242
0.623693670618
0.623554492525
0.623443160736
0.62327618169
0.622997939815
0.622691942337
0.622497254905
0.622386017546
0.622274790127
0.622163572648
0.622024565399
0.62188557306
0.621663220108
0.621468693579
0.621385333587
0.621246412692
0.621107507328
0.620940842013
0.620801970818
0.620663115154
0.620524275021
0.620440978396
0.620274402542
0.620052339092
0.619941320414
0.619774811033
0.619663817204
0.619441863095
0.619136743444
0.61902580677
0.618859420397
0.618582162582
0.61841583647
0.618304964407
0.618083251342
0.617861578659
0.617723052257
0.617612242319
0.617390652883
0.617279872764
0.617141412215
0.616975279313
0.616836852311
0.616726121893
0.616560046145
0.616421666359
0.616310973836
0.616172622006
0.616006620187
0.615868301905
0.615674683644
0.615121690698
0.61501111435
0.614872907893
0.614789991473
0.614679444945
0.614568908356
0.614430751599
0.614320237375
0.614126863266
0.614016376378
0.613850664683
0.613740202645
0.613602139075
0.613353667515
0.613243250207
0.613077643503
0.612967251045
0.61282927445
0.612718904357
0.61263613331
0.612387858065
0.612222366293
0.61211205087
0.611974170569
0.61183630642
0.611698457182
0.611560623474
0.611450367691
0.611312562561
0.611202329143
0.611092105665
0.610954340917
0.610816591078
0.61070640239
0.610596223642
0.610238223783
0.610100554707
0.609990430629
0.609852789509
0.609715163921
0.609522516054
0.609137327174
0.609027290071
0.608862254917
0.608724741775
0.60855974576
0.608422266166
0.608312293673
0.608147354192
0.607954953582
0.607762584035
0.607597719104
0.60746034885
0.607240589617
0.607075795509
0.606911023765
0.606746274387
0.606526646239
0.60625216417
0.606114946122
0.606005182369
0.605895428556
0.605703383922
0.605264578653
0.605072635283
0.604825902604
0.604716255646
0.604579210927
0.604250371317
0.604085983506
0.604003797677
0.60386683372
0.603757273737
0.603592953022
0.60342865405
0.603264378064
0.603154872751
0.602935895673
0.602771686162
0.602634861986
0.602525413828
0.602333904091
0.602142427902
0.602060374399
0.601868940455
0.60167753571
0.601431491375
0.60124015621
0.601103506606
0.600966871912
0.600830252749
0.600666330876
0.600529746503
0.600365865633
0.60025662373
0.60012008533
0.599928958283
0.599819756141
0.599683267441
0.599601381675
0.59943762754
0.59927389577
0.599137469816
0.599028339738
0.598891941119
0.598755558032
0.598646462744
0.598455571773
0.598319239006
0.598046628143
0.5977740763
0.597501587202
0.597310878257
0.597201914674
0.597011254187
0.59687508543
0.596738932205
0.596493901751
0.596439455993
0.59633057193
0.596112835489
0.59597676986
0.595840719763
0.595677480023
0.59556866554
0.595432661415
0.595051950508
0.59494319318
0.594834445793
0.594644163026
0.594535443595
0.594453910078
0.594426733482
0.594263687572
0.594127833169
0.594019160331
0.593910497434
0.593747523589
0.593638885542
0.593503101961
0.593421639267
0.593231582013
0.593095845026
0.59296012357
0.592851557588
0.592715864709
0.592580186741
0.592336011749
0.592254629196
0.592254619877
0.592091871546
0.591929145581
0.591820674028
0.591657985337
0.591549538635
0.591359781445
0.591224258789
0.591061652725
0.591061643406
0.590871964494
0.590871951448
0.590736485326
0.590573946356
0.590492684948
0.5903843451
0.590221853967
0.590086462395
0.589978159823
0.589842795586
0.589761584498
0.589653311746
0.589545049555
0.589355614173
0.589247378696
0.589085044739
0.588868639637
0.588733402757
0.588598181407
0.58821966662
0.58803044619
0.587895305603
0.587733159264
0.58757103529
0.587354906644
0.587138815895
0.586976772062
0.586976744106
0.586895730576
0.586787721234
0.58654474277
0.586409773027
0.586301808415
0.586193853743
0.586058924381
0.585950992696
0.585843070329
0.585708181348
0.585627255415
0.585519362868
0.585411480261
0.585114863663
0.585007018332
0.58489918294
0.584791357488
0.584629638569
0.584521837967
0.584360157565
0.584171558386
0.584063800029
0.583929116061
0.583767516422
0.583632866623
0.58344438486
0.583282852316
0.583175175964
0.583013680695
0.582906029194
0.582798387632
0.58261004068
0.582421723549
0.582260333893
0.582152751971
0.581991398347
0.581830066467
0.581641877934
0.581534353168
0.581373085276
0.581238711933
0.581131224442
0.580996879055
0.580916279278
0.580808821606
0.580701373875
0.580593936083
0.580325388819
0.579761648242
0.579654297425
0.579546956548
0.579198176045
0.578929952452
0.578715424148
0.578634982789
0.578474118711
0.578152466967
0.578045265872
0.577911277704
0.577830892259
0.577616564618
0.577509412602
0.577348703836
0.57724157667
0.577161237818
0.577027352157
0.576732860857
0.576625790845
0.57649196793
0.576384920284
0.576304641072
0.576144099422
0.576037084081
0.575930078679
0.575849831151
0.575448718383
0.575341767651
0.57523482686
0.575101164849
0.574994246422
0.574887337936
0.574780439389
0.574646830806
0.574459805875
0.574219391933
0.574059142271
0.573979025205
0.573872211149
0.573765407032
0.57349844582
0.573364985715
0.573284917108
0.573178167661
0.573044744831
0.57293801775
0.572857978962
0.572644572015
0.572564553728
0.572377866758
0.572297867109
0.572164547406
0.572057902951
0.571924610584
0.571711378829
0.571604775998
0.571498183107
0.571338313028
0.571178465315
0.571045275454
0.570938734748
0.570858835742
0.570672428334
0.570512675051
0.57035294289
0.570246466794
0.570086771909
0.570006932542
0.569873879978
0.569794055521
0.569581221366
0.569474817335
0.569315231168
0.569155666745
0.56902271296
0.568942948143
0.568836603752
0.568756851982
0.568650524986
0.56854420793
0.568437900814
0.568278459398
0.568145608119
0.568039338278
0.567933078377
0.567826828416
0.567720588394
0.567481587175
0.567322279329
0.567162994468
0.567003731352
0.566897568366
0.566711807058
0.566526078056
0.5664199598
0.566207755593
0.566101667157
0.565730463865
0.565650930154
0.565544894524
0.565438868213
0.565412363189
0.565200345978
0.565067855645
0.564961874064
0.564855902423
0.564776430216
0.564643988961
0.56453804714
0.564432115259
0.564326193319
0.564220281318
0.564061432575
0.563955545424
0.563796734578
0.563690872277
0.563585019916
0.563479177496
0.563373345015
0.563241068392
0.563082357567
0.562950115734
0.562844332953
0.56279144529
0.562579923216
0.562447740402
0.562315572498
0.562183420125
0.562077709409
0.561681416922
0.561549339721
0.560810008326
0.560625247853
0.56049329428
0.560334972358
0.560229435592
0.560123908766
0.559886515964
0.559781021443
0.559622798921
0.559438235385
0.559438201216
0.559359111077
0.55928002653
0.55912187483
0.558963744874
0.558805637283
0.558621208558
0.558515833317
0.558357790958
0.558252440567
0.558147100117
0.558041769606
0.557936449036
0.557831138405
0.557646872447
0.557541589152
0.557436316417
0.557278426264
0.557173177759
0.557041631726
0.556936405586
0.556568211009
0.556463029598
0.556252699083
0.556173834458
0.555989839986
0.555884713246
0.555648223742
0.555543129306
0.555438044811
0.555306703791
0.555149114323
0.555070327976
0.554939029822
0.554834002482
0.55467648073
0.55449273538
0.554361506185
0.5542302919
0.554125331655
0.554020381971
0.553915441606
0.55381051118
0.55365313418
0.553574454066
0.553495779544
0.553364668387
0.553259790147
0.55318113799
0.553076277144
0.552945215066
0.552840376586
0.552735548045
0.552604526348
0.552447320813
0.552368726432
0.552263942622
0.55202821974
0.551923468235
0.551844911129
0.551740177019
0.551635452849
0.551530738619
0.551347515119
0.551164321439
0.551059651939
0.550928829663
0.550798022919
0.550693388208
0.550614918699
0.550431846784
0.550327246864
0.550118080571
0.550013510471
0.549908950311
0.549752128708
0.549647593398
0.549438556326
0.549334050835
0.549177311859
0.549072831219
0.548994477262
0.548916128896
0.548785562576
0.54870722912
0.548655009922
0.548524472801
0.548420054285
0.548263448878
0.548159055213
0.54802857711
0.547950297703
0.54781984445
0.547689407349
0.547611152792
0.547480740542
0.547350343822
0.547246037132
0.547115668369
0.546933178566
0.546724658995
0.546646472775
0.546516174835
0.546438003526
0.546333783811
0.546151426955
0.545917017397
0.545838888954
0.545656614725
0.545526434822
0.545422302082
0.545318179282
0.545240093705
0.5451359883
0.545031892836
0.54495382776
0.544823732347
0.544719666702
0.544615610997
0.544537575742
0.544433537432
0.544355515223
0.544251494308
0.544121482143
0.543939491825
0.543783524441
0.543653568188
0.543549614369
0.543419686072
0.543289773928
0.543159876694
0.543081945808
0.542978046659
0.54287415807
0.542770279422
0.542692376492
0.542562551323
0.542458701874
0.542251039007
0.542147219377
0.542069361178
0.541939610559
0.541835820749
0.541732040879
0.54160233002
0.541550450025
0.541368891477
0.541161433001
0.541083645624
0.540876246168
0.540746637815
0.540617044993
0.540539296756
0.540461554109
0.540228365308
0.5400729322
0.539943420762
0.539736236258
0.539554982122
0.539399645929
0.53929610027
0.539192563931
0.539089037531
0.539011399255
0.538882015173
0.538778518594
0.538623293605
0.538519821875
0.538442224601
0.538338770267
0.538209467569
0.537795822939
0.537692430729
0.53758904846
0.53748567613
0.537382313741
0.537253124732
0.537046457108
0.536943136964
0.536839826759
0.536762350629
0.536659057819
0.536529956407
0.536400871768
0.536271804525
0.536142749706
0.535987907407
0.535884689148
0.535781480828
0.535626686987
0.535497709203
0.535394538159
0.535265588953
0.535085087151
0.534904615169
0.534801501279
0.53469839733
0.534595303321
0.534492219251
0.534131518818
0.533925456292
0.533822436832
0.533667926902
0.533564932293
0.533358976622
0.533256011833
0.533153056983
0.533050112074
0.532921444916
0.532767066069
0.53271561101
0.532586984854
0.532458373608
0.532355495794
0.53225262792
0.532175483537
0.532098344746
0.53196979314
0.531815550969
0.53168703291
0.531584229646
0.531455739544
0.531327265595
0.531198806555
0.531121738586
0.530941938797
0.530787845726
0.530659451918
0.530556748054
0.53027437362
0.530171707031
0.530043388394
0.529838116099
0.529684185174
0.529607227167
0.529478976867
0.529350741478
0.529248164349
0.52914559716
0.529043039911
0.528940492602
0.528863588643
0.528786690276
0.528684167817
0.528581655298
0.528504777431
0.528376660701
0.52824855888
0.528069244909
0.52796679203
0.527838739909
0.527736309395
0.527582682262
0.527480277219
0.527377881495
0.527275495711
0.527173119867
0.527096344508
0.526789312027
0.5264312283
0.526354506989
0.526252220605
0.526149944161
0.526073243351
0.525970984302
0.525894296539
0.525792054885
0.525664266796
0.525587601397
0.525485389563
0.525357638749
0.525229903466
0.525127726423
0.525076641628
0.524974479494
0.524897864417
0.524770185047
0.52469358488
0.524591460021
0.524463817925
0.524361715432
0.524234101293
0.524080985448
0.523978920229
0.523876864951
0.523749310452
0.523621771484
0.523494248047
0.523392239984
0.52329024186
0.523188253676
0.523086275432
0.522933327326
0.522805887758
0.5226784631
0.522500097157
0.522347235404
0.52221986728
0.521939716302
0.521736014527
0.521659636146
0.521557807002
0.521354180399
0.521252381075
0.521099700727
0.52097248481
0.520819847328
0.52071810019
0.520590930866
0.520540067237
0.520463776452
0.520336638191
0.520260362316
0.520158669848
0.520056987319
0.519370974735
0.519370965416
0.519243960723
0.51916776499
0.519066179377
0.518913821458
0.518837649953
0.518736096645
0.518507639908
0.518304610326
0.518203109202
0.518050878018
0.517822576594
0.517771848397
0.517645039398
0.517543603506
0.517492888977
0.517391467374
0.517315407694
0.517214003486
0.517061916432
0.516960537074
0.516859167655
0.516656462366
0.516580456735
0.516529789421
0.516403132629
0.516276491368
0.516175189045
0.516073896661
0.515997933897
0.515896658909
0.515770079772
0.515668827149
0.515516968715
0.515289221446
0.515036232154
0.514859174564
0.514758012022
0.514656858799
0.514530431869
0.514404020471
0.514252349033
0.514201796029
0.514100698097
0.514024880706
0.513923799547
0.513822728329
0.513696403285
0.513620615713
0.513544833732
0.513443799789
0.513317521959
0.513166010805
0.513039766523
0.512964027408
0.51286305062
0.512635896024
0.512534951541
0.512434016998
0.512333092394
0.512232177731
0.512106048381
0.512005156704
0.511904274346
0.5118286191
0.511727754137
0.511626899114
0.511500844934
0.511425219509
0.511349599675
0.511248781927
0.511173175139
0.511072374786
0.510870810112
0.510795231281
0.51071965804
0.510618903038
0.510492973109
0.510417422234
0.510316697052
0.510215981189
0.510115275887
0.510014580525
0.509888725146
0.509788051528
0.509712552838
0.509712536685
0.509611881083
0.509486074783
0.509410598457
0.509259664444
0.509083604582
0.509033306291
0.508932717163
0.508832138596
0.508731569348
0.508555598946
0.508455057033
0.508254006755
0.508128368813
0.508128312901
0.508027813854
0.507701272249
0.507525478903
0.507324615
0.507249298957
0.507148886265
0.507048483512
0.506948090699
0.506847707826
0.506722245077
0.506621884569
0.506521534001
0.506421193373
0.506345944426
0.506295781567
0.506019937096
0.505919646168
0.505819365181
0.505668962958
0.505593769922
0.505318123009
0.505242956067
0.505167794715
0.50516778229
0.505067576474
0.504942333026
0.504842148953
0.504716933462
0.504616771754
0.504316353726
0.504191203466
0.504116120392
0.504041042909
0.503940948296
0.503790825015
0.503665739986
0.503490647411
0.503390607468
0.503315584034
0.503215562108
0.502990557038
0.502915563424
0.502815580636
0.502740600069
0.502615645502
0.502490706467
0.502390765925
0.502215895136
0.502091005179
0.501991104397
0.501916185333
0.50184127186
0.501766363979
0.501666495502
0.501566638828
0.50146679023
0.501366951573
0.501192260325
0.500992648863
0.500793079645
0.500468886367
0.500419015495
0.500269421519
0.500169702142
0.500069992704
0.499970293207
0.499895525107
0.499795843004
0.499696170842
0.499621423243
0.499521768476
0.499347398415
0.499222867541
0.499023649951
0.498924055445
0.498824470258
0.49872489501
0.498625329703
0.498525774336
0.498451114333
0.498301811723
0.498177409449
0.498077898811
0.497978398114
0.497878907357
0.497779426539
0.497655089496
0.497580494725
0.497481043727
0.497406462002
0.497182759694
0.497133052833
0.497033646566
0.49698394716
0.496884555802
0.496735489268
0.496660963455
0.496561604403
0.496412585083
0.496288419505
0.496139441188
0.496089786512
0.495990484614
0.495891192657
0.49576709231
0.495618192892
0.49551893821
0.495419693467
0.495270846234
0.495097220431
0.494849240902
0.494750063255
0.494452598029
0.494403027843
0.494303894926
0.494204771949
0.494105658912
0.494031330657
0.493857923534
0.49368454561
0.493585484758
0.493511195642
0.493412152185
0.493337876115
0.493263605636
0.493164587029
0.493164567149
0.493040807869
0.492917064119
0.492818080302
0.492719106425
0.492644883162
0.492595403678
0.492521189112
0.492348045399
0.492249119359
0.492174930885
0.492001848676
0.491680493269
0.491556920985
0.491458073843
0.491383945009
0.491285115262
0.491161592057
0.491038085004
0.490963987854
0.490791117491
0.490692347384
0.490618276327
0.490544210861
0.490544201543
0.490445456286
0.490322039314
0.490198637873
0.490124604091
0.490025901079
0.489927208008
0.489853194727
0.489729852305
0.489655853934
0.489606524793
0.489507873966
0.489359916985
0.489236636688
0.489138023136
0.489137999529
0.489064045888
0.488940802245
0.488842218513
0.488743644722
0.48864508087
0.48847262426
0.488374087743
0.488078555849
0.487955437077
0.487783099747
0.48768463281
0.487610789131
0.487512339589
0.487143256003
0.487020255269
0.486921865367
0.4867497082
0.486602169941
0.486503822284
0.486380903555
0.486307158655
0.486135115176
0.486061388913
0.485963095926
0.48554550325
0.485447262448
0.485349031587
0.485275364964
0.485128049112
0.484980755005
0.484882571358
0.484735315147
0.484661695118
0.484563543776
0.484391806574
0.48426915374
0.484146516438
0.484023894666
0.483950328686
0.483876768297
0.483827731143
0.483754180073
0.483631608001
0.483582583273
0.483582577061
0.483509044628
0.483435517786
0.483312986096
0.483214971429
0.483141466953
0.483043469681
0.48294548235
0.482871998374
0.48279851999
0.482676068441
0.482602604967
0.482529147084
0.482455694792
0.482382248092
0.482137469865
0.481966160705
0.481868282713
0.481770415283
0.481721484985
0.481623631843
0.481525788642
0.481330132059
0.481232318678
0.481134515858
0.4810611698
0.480963383753
0.480816725185
0.48071896461
0.480596777714
0.480523472658
0.480401309991
0.480328019846
0.480230308349
0.480083761606
0.480010495689
0.479912816498
0.47986398063
0.479766316349
0.479693074661
0.479595428396
0.479497791449
0.479375759866
0.479204942735
0.479009764515
0.478863402905
0.478741452084
0.478521987945
0.478448841309
0.478375700263
0.478205060811
0.478083193858
0.477912605348
0.477839505305
0.477742047279
0.477595880741
0.477522804927
0.47740102495
0.477279260504
0.477181860254
0.477084469323
0.476865378556
0.47676801993
0.476670671244
0.476573332497
0.476451673664
0.476354357904
0.476257051463
0.476184078155
0.476086789109
0.476038148314
0.47596519178
0.475843609981
0.475746355725
0.475527576205
0.475430354875
0.475333142864
0.475235940793
0.475138748662
0.475017273719
0.474871523418
0.474750081401
0.474677223646
0.47458008867
0.474458683928
0.474385848538
0.474313018739
0.474215921038
0.47409456289
0.473876163575
0.473730588467
0.473657808989
0.473585035103
0.473342508909
0.473269759252
0.473100035522
0.473027304502
0.472978820261
0.472857620532
0.472736436955
0.472566805792
0.472494116395
0.472397205069
0.47227607989
0.472179190929
0.471985445312
0.471840164056
0.471815952067
0.471743319825
0.471670693175
0.471573866339
0.471428646587
0.471307645658
0.471235052555
0.471138270449
0.471065690393
0.470968926303
0.470775429187
0.470702877087
0.470606149651
0.470509432776
0.470388550506
0.470267685009
0.470171002925
0.470025998125
0.469929340269
0.469832692353
0.46976021294
0.469639426963
0.469518655897
0.469397900361
0.469325454495
0.46925301422
0.469156436506
0.469011589503
0.469011580806
0.469011574593
0.469011568381
0.469011562168
0.468794332046
0.468794323349
0.468721924076
0.468408264097
0.468408257885
0.468311767145
0.468215285725
0.468142931182
0.468046467156
0.467950013071
0.467853568925
0.467733028342
0.467733016539
0.467660699271
0.46766068374
0.467564269414
0.467564263202
0.467443759273
0.467299175681
0.46720279863
0.467130522365
0.467130513668
0.46691372277
0.46684146887
0.466745139655
0.466672898802
0.46660066354
0.466480283861
0.466480277648
0.466359914122
0.466359863801
0.466215447946
0.466095117967
0.466095101815
0.465998849014
0.465878546992
0.4657582605
0.46551774343
0.465517737218
0.465517724793
0.465373439401
0.465253218141
0.465108973751
0.464988788524
0.464868617585
0.464772491519
0.464700403493
0.464652347916
0.464532220465
0.464412107923
0.464316029073
0.464195945109
0.464075876677
0.4640038427
0.463907806094
0.463787774937
0.463691760696
0.463379811019
0.463331823779
0.463211867172
0.463115912571
0.463019967911
0.462780163415
0.46266027763
0.462372628782
0.462276761156
0.462109020458
0.461941307094
0.461869438991
0.46177362355
0.461629919649
0.461558075774
0.461462292639
0.461366519443
0.461198942134
0.461007460353
0.460887806295
0.460816020196
0.460744239689
0.460648541044
0.460576773583
0.460457173574
0.460361504748
0.460241932695
0.460146286235
0.460050649714
0.459835507615
0.459668209246
0.459572622426
0.459381482333
0.459285925333
0.459214264106
0.459118724501
0.459023195457
0.458927675732
0.458856042461
0.458712793315
0.458641176818
0.458569565912
0.458497960597
0.458426360874
0.458235461827
0.458163882605
0.458068452961
0.457996886785
0.457877623493
0.457782223048
0.457710679237
0.457615296187
0.45756760839
0.457448401631
0.457376883913
0.457257700141
0.457162364306
0.457090868953
0.457019379191
0.456828769646
0.456709659182
0.45663819924
0.456542928015
0.45644766673
0.456328604102
0.456185749449
0.45611433051
0.456019113955
0.455923907961
0.455828711286
0.455757320303
0.455662141644
0.455590763708
0.455471813526
0.455329096791
0.455257744947
0.455162617852
0.454996169975
0.454758446046
0.454592075205
0.45449701769
0.454425731077
0.454354450055
0.45425941739
0.454140641158
0.454093134766
0.453950632362
0.453879388616
0.453760662084
0.453689433247
0.453594470784
0.453499517639
0.453428309303
0.45328591127
0.45319099043
0.453048629671
0.45288257194
0.452811412062
0.45262168345
0.452455702753
0.452408284579
0.452337161976
0.452266044964
0.452171230979
0.452100127014
0.452005330424
0.451934239505
0.45183946031
0.451744691055
0.451673620637
0.451602555811
0.451413078805
0.451294674702
0.451199962603
0.451105260443
0.451010568223
0.450868550395
0.450773883025
0.450608242774
0.45051360336
0.450395319159
0.450277050489
0.450229746624
0.450040559742
0.449969623514
0.449875050575
0.449638666062
0.449355088888
0.449284206709
0.449213330743
0.449071594962
0.448953498378
0.448882647883
0.448788189253
0.448717351804
0.44862291057
0.448552086167
0.448481267355
0.448410454135
0.448339646506
0.448292444526
0.44817445107
0.448009291666
0.447938515721
0.447938507024
0.447820560161
0.447749799126
0.447655459776
0.447537550189
0.447490390454
0.447278209234
0.447042511202
0.446901119594
0.446806869705
0.446712629756
0.446571290333
0.446500628076
0.446406420432
0.446218041175
0.446053240233
0.445935541871
0.445864929936
0.445794323592
0.445723722839
0.44558253935
0.445488428621
0.445417852097
0.445417845884
0.44532375255
0.445253189072
0.44520614986
0.445135596323
0.445018019104
0.444900457417
0.444782911261
0.444688885643
0.444477372887
0.444406876505
0.444359882023
0.444265900513
0.444101459275
0.443960533605
0.443866594341
0.443772665016
0.443678745632
0.443561361001
0.443467463982
0.443397047741
0.443303168738
0.443138905798
0.442857396146
0.442622866686
0.442552518161
0.442435283873
0.442364949637
0.442036819495
0.441849364038
0.441755648423
0.441638517884
0.441544824635
0.441451141326
0.441380885367
0.440982910534
0.440842479379
0.440655274286
0.440585081695
0.440514894695
0.440444713286
0.440374537468
0.440234203229
0.440187429912
0.440093891354
0.439930225436
0.439860090621
0.439766586232
0.439649720345
0.439626348907
0.439509501037
0.439416033923
0.439299214008
0.439205769881
0.439135692842
0.438832101467
0.438738706418
0.438668666654
0.438551946761
0.438458582154
0.43822521816
0.438108557286
0.437991911943
0.437921931819
0.437898606354
0.437828633685
0.437735345491
0.437642067237
0.437548799545
0.437455541792
0.437362293358
0.437245747415
0.437129217004
0.436966101514
0.436919502147
0.436779722683
0.436616674289
0.436476940176
0.436360512271
0.436220819162
0.436127703054
0.436034596265
0.435941499416
0.435848412508
0.435778603849
0.435708800782
0.435639003306
0.435545948702
0.435476164272
0.435359869936
0.43517383093
0.435080826026
0.434987831683
0.434918091984
0.434708915751
0.434639198416
0.434569486673
0.434406848924
0.434337155818
0.434267468304
0.434267455879
0.43417454789
0.434058428746
0.433965543122
0.433663767662
0.433594134196
0.433524506322
0.433338861188
0.4332460526
0.433153254572
0.433083662109
0.432967687716
0.432898110163
0.432758972451
0.432318519626
0.432202647739
0.432086790763
0.431970953045
0.431878291072
0.43178563966
0.431669838596
0.431577209548
0.43150774382
0.431391980653
0.431322529834
0.431206790896
0.430998503051
0.430813402132
0.430605219279
0.430535831828
0.430443323925
0.43037394952
0.430212101381
0.430050281198
0.429842282856
0.429726744581
0.429634323653
0.429565014479
0.429472610946
0.429241652434
0.429172374944
0.429126193058
0.429010749213
0.428918405319
0.428802990052
0.428733747974
0.428664511487
0.428549131631
0.428479910054
0.428410694068
0.428341483674
0.428226146063
0.428041646515
0.427949406991
0.427857177408
0.427649700916
0.427534456493
0.427465316921
0.42739618294
0.427257932995
0.427142741378
0.42707363349
0.42705059877
0.426958466723
0.426866343994
0.42668213457
0.426613063957
0.426567019988
0.426451921559
0.4263598535
0.426244783027
0.426152737334
0.426083709587
0.425416840832
0.425347872725
0.425232938927
0.425141003195
0.42498014098
0.424934185228
0.42486525626
0.424704447473
0.424635537142
0.424566632403
0.424520699017
0.424336994048
0.424222198167
0.424084462617
0.423992650514
0.423900848351
0.423854950997
0.423786109626
0.42364844552
0.423579620922
0.423350252189
0.423258519606
0.423166796963
0.423098011504
0.42296045798
0.422845846611
0.422777087244
0.422708333469
0.422639585285
0.422547930358
0.422273037643
0.422158521325
0.422066918583
0.42197532516
0.421723502576
0.421609058944
0.421517515221
0.421425981438
0.421334457596
0.421265821236
0.421197190469
0.421105692097
0.421037074375
0.420968462245
0.420922723931
0.420831255379
0.420716933513
0.420579768271
0.420511193416
0.420442624151
0.420374060479
0.420282650946
0.420214100319
0.420145555284
0.42007701584
0.419985638612
0.419894271945
0.41968873624
0.419597401257
0.419506076214
0.41939193451
0.41932345657
0.419232161347
0.419049602585
0.418867087932
0.418639002081
0.418570585645
0.418456571297
0.41838816977
0.418342571859
0.418251383491
0.418205793035
0.41813741201
0.418069036576
0.417977878649
0.417932303103
0.417841159465
0.41777280826
0.417704462646
0.417636122623
0.417567788192
0.417476684314
0.417340047756
0.417248968729
0.417157899641
0.417044077881
0.416975791907
0.416884752639
0.416748216103
0.416679954358
0.416611698204
0.416429712856
0.416361477203
0.416270505031
0.416202282424
0.415929457851
0.415838532894
0.415747617876
0.415702164095
0.415611263987
0.41552037382
0.415452212717
0.415338623926
0.415270477733
0.415202337132
0.415088781888
0.414975242176
0.414884421588
0.414748209344
0.414657414228
0.414543934155
0.414453160783
0.414317021225
0.414226272703
0.414158217834
0.414090168556
0.41402212487
0.413931408653
0.413840702996
0.413636659534
0.413523320485
0.413342011679
0.413274029497
0.413206052905
0.413160738284
0.413092771012
0.413002157301
0.412934203074
0.412775666821
0.412639803098
0.412503962362
0.412436049139
0.412322873479
0.412254975165
0.412141824355
0.412051314393
0.411938191539
0.411847703942
0.411734608423
0.411666758567
0.41157630079
0.41150846398
0.411395415055
0.411327593155
0.411237172653
0.411146762712
0.411033764729
0.410898186782
0.410785222347
0.410717450769
0.410649684781
0.410514170202
0.410401259816
0.410333519921
0.410220633142
0.410062618118
0.409972336776
0.409859499697
0.40976924072
0.409633874619
0.409543641113
0.409498527777
0.409385757172
0.409318101146
0.409250450711
0.409137716139
0.409070080615
0.408979908612
0.40884467111
0.408777059814
0.408686920117
0.408641853996
0.40855172983
0.408461614983
0.40846160877
0.408416555074
0.408258890435
0.408191327596
0.408123770349
0.40798867325
0.407921132776
0.407786072331
0.407516019156
0.407448517821
0.40724605047
0.407066119598
0.406841263627
0.406728858318
0.406661422215
0.406593992324
0.406436679933
0.406256931087
0.406099681442
0.406032297524
0.405964919197
0.405875090125
0.405740367018
0.405650563417
0.405583216774
0.405470986657
0.405358770829
0.405269009473
0.405224132212
0.405134385145
0.405067081368
0.404999783182
0.404910060965
0.404820348689
0.404685800774
0.404618534272
0.404528854922
0.404484018663
0.404416768935
0.404327111949
0.40419264604
0.404147828419
0.403990990043
0.403878979227
0.40378938126
0.403565436664
0.40349826335
0.403386320872
0.403207247946
0.40311772515
0.403050589111
0.402983458662
0.402759743929
0.402625538945
0.402558443908
0.402468992556
0.402357192345
0.402267763979
0.402178344932
0.40211128717
0.402021885519
0.401776088442
0.401664386388
0.401597371492
0.401530362188
0.401530346035
0.401463342322
0.401351682513
0.40128469371
0.401217710498
0.401128408246
0.401061438081
0.400994473506
0.40088287955
0.400771301124
0.400704360779
0.400637426024
0.400503574532
0.400414352421
0.400347441896
0.400280536961
0.40019133908
0.400079856327
0.400012973758
0.399923805696
0.399923778361
0.399856908838
0.399790044906
0.399656337544
0.399567209242
0.399500369539
0.399366708149
0.39929988522
0.399210797299
0.398965862518
0.398899073136
0.398810029325
0.398810013172
0.398676467956
0.398565196428
0.398453941675
0.39834270121
0.398275964013
0.398209232407
0.398142506393
0.39807578597
0.398009071138
0.39787565887
0.397764499167
0.397675582091
0.397608900806
0.397520001746
0.397453333508
0.397386670861
0.39729779603
0.397253362342
0.397120079914
0.397053445224
0.396875782536
0.396742560991
0.396564969126
0.396498381029
0.396320846319
0.396254278723
0.396143345777
0.396076793092
0.395899350948
0.395766293413
0.395699772412
0.395367262455
0.395189978729
0.395034888551
0.394636252087
0.394569826136
0.3944812669
0.394392718225
0.394282045583
0.394215649452
0.394149258913
0.394060746892
0.393994369399
0.393861634915
0.393817393814
0.393751036823
0.393640456125
0.393552001259
0.393419339461
0.393330909445
0.39324248999
0.393176181456
0.393087779396
0.393021483908
0.392955194011
0.392822632856
0.392712182621
0.392645918817
0.392579660604
0.392513407983
0.392447160953
0.392358840276
0.392226378521
0.392138082695
0.39202772689
0.391961520862
0.391829126823
0.391740875727
0.391674693928
0.39160851772
0.391498237087
0.391454128934
0.391387971364
0.391299770589
0.391211579754
0.39101319464
0.390925035489
0.390925029276
0.390880953428
0.390814844315
0.390748740794
0.390748731475
0.390660602144
0.390572483374
0.390506400354
0.390440322925
0.390374251088
0.390286164623
0.390220105831
0.390154052631
0.390154043934
0.390043969556
0.389977931265
0.389867881737
0.389779852428
0.389713836502
0.389647826168
0.389427836452
0.389339856221
0.389273877571
0.389053995952
0.388944075644
0.388812191652
0.388658355778
0.388592434904
0.388526519622
0.388438641897
0.388394706452
0.388328807943
0.387955530296
0.387801865266
0.387736017079
0.387648228814
0.387560449868
0.387494622182
0.387406860631
0.387297174534
0.38707785142
0.386946285507
0.386858586081
0.386792818035
0.386639384732
0.386551720717
0.386376426857
0.386288792041
0.386201167165
0.38609165067
0.385960252495
0.385850770168
0.38552246297
0.385456808612
0.385303640583
0.385238004863
0.384997410758
0.384888066349
0.384800601134
0.384691284682
0.384603841211
0.384407135336
0.384363428511
0.384297872932
0.384188626681
0.384123086012
0.383773634558
0.383708129301
0.383642629635
0.383555306066
0.383489819446
0.383424338417
0.38335886298
0.383118837319
0.383053387974
0.3829661315
0.382900695201
0.382835264494
0.382769839378
0.382704420474
0.382530000092
0.382399211363
0.382312029439
0.382203065856
0.382072331177
0.382006971292
0.381832711814
0.38176737243
0.381702038638
0.381571389691
0.381506072672
0.381440761245
0.381310157649
0.381049030599
0.380983758311
0.380853232371
0.380679231333
0.380613990728
0.380527011953
0.380461784394
0.380222677562
0.380157476097
0.380070549506
0.379918453755
0.379853278381
0.379744665805
0.379201929702
0.379158519835
0.379028307005
0.378984907078
0.378919811846
0.378789640019
0.378702870605
0.378594423903
0.378399258107
0.378334213197
0.378204142634
0.378052420254
0.378009076239
0.377922395663
0.377857391755
0.377792393438
0.377727400712
0.377597434519
0.377532459188
0.377467488828
0.377359217939
0.377337565501
0.377207664539
0.377164368982
0.377012855342
0.376926289077
0.376926285349
0.376883005944
0.376818091496
0.376731548217
0.376666646815
0.376601751004
0.376536860785
0.37645034919
0.376363847534
0.376277355819
0.376212493556
0.376126019857
0.376039556098
0.375931491465
0.375737020228
0.375650600577
0.37560739448
0.375520990361
0.375456193329
0.375391401888
0.375305021998
0.375218652048
0.375110703589
0.375024356625
0.37498118656
0.374981180347
0.374916429909
0.374873266057
0.374808524937
0.374700636118
0.374635909908
0.37457118929
0.374506474263
0.374441764827
0.374355494277
0.37431236273
0.374247670068
0.374161421883
0.374096742267
0.37405362563
0.373988955333
0.373881187657
0.373751883717
0.373601059665
0.373471804804
0.373342571065
0.373277962272
0.373191825912
0.373127230165
0.37306264001
0.3729765285
0.372890427551
0.372804336542
0.372761294455
0.372696735983
0.372460079363
0.372352528503
0.37226649962
0.372201984014
0.372115972526
0.372029970977
0.371900988223
0.371793518748
0.371729044145
0.371643086705
0.371578625148
0.371492685725
0.371406756241
0.371277881585
0.371170502191
0.371084609982
0.371041667295
0.370977257923
0.370891388079
0.370762602883
0.37069821774
0.370633838189
0.370569464228
0.37046218734
0.370376377137
0.370312025541
0.370204785928
0.370140449243
0.370033235723
0.369861727762
0.369711689592
0.369647395772
0.369561679378
0.369454548484
0.369347433121
0.369261751516
0.369197496836
0.369133247747
0.369004767585
0.368919126361
0.368833494456
0.368747872492
0.368640859014
0.368598057972
0.368533861067
0.368362697279
0.368277129985
0.36819157263
0.368063256478
0.367977723973
0.367913581118
0.367849443854
0.367785312181
0.367678439106
0.367550213035
0.367464740171
0.367379277867
0.367315187197
0.367229741667
0.367144306699
0.36708023653
0.36703752619
0.366952112966
0.36688805957
0.366802663741
0.366717277851
0.366631902523
0.3665038591
0.366418508622
0.366333167462
0.366247836243
0.366141186817
0.366077204245
0.366013227263
0.365949255873
0.365885290074
0.365821329866
0.36575737525
0.365629484654
0.36554423544
0.365458996165
0.365395073233
0.365224645626
0.365054254052
0.36490519373
0.364841319255
0.364734874842
0.364628445961
0.364096674927
0.363947812162
0.363884021556
0.363756458359
0.363692684527
0.363607661447
0.363543900661
0.363458894977
0.363395147236
0.363331405088
0.363246424253
0.363246378281
0.36314016808
0.363076448296
0.363012734103
0.362927790544
0.362779165718
0.362694249494
0.362651795109
0.362588118192
0.362503224954
0.362460781751
0.362333468919
0.362269819957
0.362227390423
0.362057700241
0.362057691543
0.361972859809
0.361888038015
0.361824428192
0.361739623793
0.361654829955
0.361570045436
0.361442887915
0.361358128246
0.361231008001
0.361146273803
0.361019191454
0.360955658046
0.360913305546
0.360722756262
0.360659248946
0.360595747221
0.360489924059
0.360426437244
0.36036295602
0.360299480388
0.360214854909
0.360151392322
0.35996104743
0.3598341732
0.359601642303
0.359538233766
0.359474830819
0.359432565295
0.359369171667
0.359305783631
0.359242401186
0.359179024333
0.358988931668
0.358988916137
0.358862214614
0.358798871308
0.358735534215
0.358651092625
0.358418937585
0.358313434367
0.358229042478
0.358123567216
0.358018108728
0.357912663907
0.35784940447
0.357554290677
0.357427841383
0.357364624811
0.357280344747
0.357196075245
0.357132879175
0.357027565438
0.356880155157
0.356816987043
0.356753824521
0.35669066759
0.35662751625
0.356501232208
0.356374971152
0.356290808505
0.356206655797
0.35616458286
0.356122512408
0.35605941139
0.355975285396
0.355807066955
0.355701950155
0.355575831987
0.355470748113
0.355344667841
0.355281635781
0.355218609312
0.355113578866
0.355050567307
0.354966561215
0.354882564441
0.354588688179
0.354399823105
0.354315893426
0.35425295269
0.35414806451
0.354085138684
0.354022218449
0.3539383335
0.353833493156
0.353414315049
0.353330502787
0.353267649647
0.35318385478
0.353058182048
0.353016295486
0.352953470303
0.352848775952
0.352785965679
0.352492928726
0.352409225804
0.35228369099
0.352220931038
0.352137259799
0.352074512893
0.351990859671
0.351928125811
0.351886306344
0.351823581804
0.351760862854
0.351698149496
0.351551843798
0.351447357566
0.351384672164
0.351321992353
0.35117576369
0.350987806263
0.350925161863
0.350820767577
0.350716390065
0.350632898367
0.350570285652
0.350465944172
0.350382481673
0.350299029115
0.350236446219
0.350069592044
0.349923625549
0.349819380363
0.349756840333
0.349715150087
0.349652619376
0.349610935342
0.349485900013
0.349444225918
0.349360885185
0.349319218546
0.349235893344
0.349048456524
0.349006808522
0.348965163006
0.34890269939
0.34881942513
0.348756974561
0.348673715833
0.348569658264
0.348444807446
0.348382390424
0.348257575018
0.348091187403
0.347966422939
0.347924839547
0.347883258641
0.347758534558
0.34769617904
0.347613047047
0.347550704575
0.347467590598
0.347363713192
0.347301393085
0.347156003731
0.347093702262
0.347010642955
0.346969116718
0.346844554782
0.346782281269
0.3467407687
0.34665775288
0.346595496141
0.346429507989
0.346346527581
0.346263557113
0.346201335785
0.346139120048
0.346076909903
0.346014705348
0.345952506385
0.345869583132
0.345807397836
0.345662322835
0.345600155556
0.345517274548
0.345413690993
0.34528940862
0.345103031032
0.344999506496
0.344937398857
0.344833899171
0.344730415017
0.344668331606
0.344544184044
0.344482117407
0.344378685438
0.344316633711
0.344192548895
0.344130513942
0.3440271354
0.343903102769
0.343820425531
0.343696432039
0.343551800611
0.343448508423
0.343345231766
0.343303925452
0.3432213209
0.343138726288
0.343056140995
0.342911642514
0.342849723114
0.342767172611
0.342705266257
0.342643365494
0.342581470322
0.342416448215
0.342375197814
0.342292704466
0.342251461519
0.342107132018
0.342024670975
0.341942220494
0.34181856434
0.341756743719
0.34169492931
0.341591917306
0.341530117185
0.341488920211
0.341447725722
0.341385938648
0.341324157165
0.341262381274
0.340974208711
0.340912464504
0.340809570537
0.340706693344
0.340644973365
0.340583258977
0.340439281104
0.340439277377
0.340377581626
0.340274768422
0.340192528544
0.340110298606
0.340048632676
0.339945868551
0.339843119957
0.339719844009
0.33965821349
0.339596588562
0.339555508383
0.339370682679
0.339309083844
0.3392474906
0.339144848239
0.339144844512
0.339042217683
0.338898569072
0.338837013103
0.338734432868
0.338672891809
0.338426811442
0.33836529834
0.338016839644
0.337934873737
0.337873405365
0.337770971123
0.337709517661
0.337648069789
0.337525193305
0.337463762208
0.337402336701
0.337340916786
0.337299973283
0.337218094351
0.337218076335
0.337156673194
0.337095275643
0.336992960682
0.336952038301
0.336952032088
0.336870195402
0.336767913367
0.336686098424
0.33664519468
0.336522499601
0.336440714479
0.336399825645
0.336338497054
0.336256734918
0.336134110661
0.336011510012
0.335950216832
0.335766380158
0.335684687602
0.335603004986
0.335541749081
0.335358020505
0.335276377027
0.335215150942
0.335153930448
0.335092715546
0.335051908717
0.334929509353
0.334807128006
0.334582824949
0.334501275901
0.334460505105
0.334378971589
0.334297447391
0.334195556744
0.33409368287
0.334032564883
0.333971452487
0.333808515917
0.333727061299
0.33366597686
0.333503119189
0.33344205525
0.333238551654
0.333177511944
0.33313682191
0.333075791519
0.332974087247
0.332913071766
0.332852061876
0.332770724675
0.332628411131
0.332567427334
0.332506449128
0.332445476513
0.332445465331
0.332404820027
0.332343856731
0.332262581655
0.332140687989
0.331998508014
0.331917274562
0.331876661563
0.331714238768
0.331653338839
0.331531556377
0.331389505001
0.331348924308
0.331125792307
0.331004109866
0.330943275169
0.330862171558
0.330618924714
0.330578391235
0.330517595677
0.33043654363
0.330335244413
0.330294728329
0.330193449613
0.330112437326
0.330051684634
0.329889709138
0.329828976947
0.329768250348
0.329707529339
0.329626576692
0.329525400482
0.329464701839
0.329383779012
0.329343321326
0.32926241403
0.329181516053
0.329141070792
0.32908040756
0.329019749919
0.328817600027
0.328756966615
0.328676130763
0.328595305472
0.328514490122
0.328312504861
0.328171146801
0.328050008576
0.327989445986
0.327888521383
0.327747254025
0.327666542423
0.327606015245
0.327505150903
0.327444638634
0.327424469121
0.327384131957
0.327323630871
0.327263135377
0.327202646095
0.327142161783
0.327101842014
0.327041367021
0.326980897619
0.326920433808
0.326839824091
0.326759226178
0.326759198843
0.326698755533
0.326638317815
0.326557743509
0.326376496207
0.326295954206
0.326235553763
0.326195289907
0.326155028536
0.32607451387
0.326014133928
0.325933636037
0.325833029514
0.325651979769
0.325531304375
0.325450866123
0.325350332908
0.325229716532
0.325169414868
0.32516941114
0.325109115688
0.325048825206
0.325008634658
0.324928261637
0.324847898557
0.324767545416
0.324687202216
0.324406085815
0.324345860564
0.324245498192
0.324185287852
0.324084951573
0.324024756142
0.323944504265
0.323844204019
0.323784030953
0.323683755556
0.323563448564
0.323463210442
0.323383028146
0.32330285641
0.323242733666
0.323122506815
0.323062400844
0.322962237273
0.322902146212
0.322822033495
0.322761955481
0.322681860159
0.322621795191
0.322501685756
0.322461653005
0.322341570905
0.322221511171
0.322181495815
0.32212147744
0.32196146199
0.321901464117
0.321821476271
0.321761492066
0.321621551077
0.321521611156
0.321461654285
0.321341759182
0.321261840295
0.321201907654
0.321122006162
0.32102214514
0.320902332041
0.320802503945
0.320662770454
0.320582936679
0.320483159525
0.320423299569
0.320343495614
0.320283648705
0.320223807387
0.32016397166
0.320044319466
0.319984500513
0.319864883108
0.319805080929
0.319725354009
0.319625709181
0.319565929367
0.319506155144
0.319466308768
0.319287043876
0.319207381566
0.31914764089
0.319087905806
0.319008267725
0.318908734722
0.318849022003
0.318789314875
0.318630129415
0.31855054911
0.318490869938
0.318431196358
0.318351640281
0.318351626614
0.318311852303
0.318272080478
0.318212427398
0.318093139878
0.318013626046
0.317953997196
0.317914247735
0.317854628204
0.317675807505
0.317576482622
0.317497034022
0.31741759474
0.31733816602
0.317298455077
0.317219040646
0.317159486346
0.317080089931
0.316941172763
0.316861803061
0.316782443921
0.316683260062
0.316603922666
0.316286679936
0.31620739224
0.316128115105
0.316088479954
0.316029031887
0.315949776496
0.315870531045
0.315850721235
0.315791296155
0.315731876045
0.315712070584
0.315613054462
0.315494255244
0.315335894804
0.31527651756
0.315217145908
0.315118207442
0.314979718937
0.314880815882
0.314821481504
0.314801704621
0.314762152718
0.314683056988
0.314445855531
0.314386562156
0.31428775291
0.314208716199
0.31405067881
0.314050675082
0.313991418982
0.313793944621
0.313695231669
0.313616269508
0.31355705441
0.313557043228
0.313458365687
0.313379433967
0.313241330016
0.31318215033
0.313142700312
0.313063808352
0.313004645439
0.312965206604
0.312886336388
0.31278776446
0.31268920682
0.312610371394
0.312610367667
0.312551247621
0.312492133166
0.312452726635
0.312373921029
0.312334521954
0.312334515741
0.312275421787
0.312216333425
0.312058798005
0.3119800421
0.311940667874
0.311881611195
0.311822560108
0.311665124089
0.311606093502
0.311527395373
0.311389700204
0.31133069571
0.311055430245
0.31103577202
0.310976801074
0.310976792377
0.310937481519
0.310878519891
0.310819563855
0.310760614031
0.310701669177
0.310623085358
0.310583796865
0.310407033748
0.310348122441
0.31034811685
0.310308845752
0.310269577139
0.3101714171
0.310092900376
0.31003401889
0.309975142995
0.309857410463
0.30973970154
0.309700468959
0.309661238864
0.309582786128
0.309465127526
0.30940630568
0.309347489425
0.309288678761
0.309249474758
0.309229873689
0.309151475623
0.309092683597
0.309033897162
0.308955524568
0.308896751179
0.308857572026
0.308798807956
0.308505106266
0.308231084543
0.308152813213
0.308054988027
0.308015862302
0.307878944318
0.307761608145
0.307702948445
0.307585645819
0.307527002893
0.307468365558
0.307390191764
0.307331567475
0.307272948778
0.307175265238
0.30711666145
0.306999471271
0.306940884257
0.306784688875
0.306706601434
0.306648042377
0.306550458237
0.306316322029
0.306062786037
0.305984790541
0.305906804986
0.305848322342
0.305750864316
0.305692396583
0.305633934441
0.305555993615
0.305497544519
0.305400143648
0.305341710083
0.305283281489
0.305185913544
0.305127499859
0.305069091766
0.305030156143
0.304971757368
0.304913364185
0.304816055259
0.304699306167
0.304602031409
0.304543673637
0.30442697673
0.304349190596
0.304290857053
0.304232529101
0.304135330136
0.304077017094
0.304018709643
0.303960407783
0.303902111515
0.303824391854
0.303591306181
0.303533045324
0.303435956942
0.303377710995
0.303280648705
0.303125384577
0.30306716845
0.303028360804
0.302970153996
0.302911952779
0.302853757153
0.302776172304
0.302717989725
0.302679204445
0.302543479261
0.302543475533
0.302465929823
0.302330252476
0.302252734722
0.30213647766
0.302078356585
0.3020202411
0.301962131207
0.30176847505
0.301768466353
0.301671661882
0.301613585536
0.301439394395
0.30140069112
0.301342640867
0.301303943804
0.30124590287
0.301207212019
0.301149180404
0.301091154379
0.301052473469
0.301052465393
0.300994448687
0.300839768534
0.30078177233
0.300723782338
0.300723771156
0.300665786134
0.300627132559
0.300588481468
0.300530509493
0.300472543108
0.300414582936
0.300279366557
0.300202111592
0.300086251509
0.300009021394
0.299951105331
0.299854592848
0.299815991458
0.29981598773
0.299603731338
0.299545854414
0.299372267128
0.299295129579
0.299218001349
0.299102329506
0.299044501039
0.298986678163
0.298890319129
0.298813243705
0.298639862674
0.298582078938
0.298524300792
0.298466528859
0.298428016929
0.298389507484
0.298216255052
0.298158512318
0.298062287474
0.298004559649
0.297946837416
0.29765833
0.297581412995
0.29750450593
0.297446832154
0.29733150262
0.297273845618
0.297235410723
0.297196978313
0.297081699721
0.297004857887
0.296947232569
0.296889612842
0.296793594253
0.296755190421
0.296678390832
0.296582405169
0.296505627324
0.296505604959
0.296467219764
0.29635207909
0.296275331065
0.296217776569
0.296141047803
0.296045149116
0.295987616985
0.295968440851
0.295930090446
0.295853397712
0.295776714919
0.295719208881
0.295661708434
0.295604213579
0.295546724315
0.295470081281
0.295431763181
0.295393447566
0.295335978803
0.295278515632
0.295221058051
0.29504872507
0.294972146025
0.294914718265
0.294857296096
0.294819017756
0.294455511756
0.294398134317
0.294321640383
0.29426427599
0.294206917189
0.294206911597
0.294149558387
0.294092210768
0.293977536031
0.293939314846
0.293881987728
0.293767350888
0.293710040544
0.293652735791
0.293576338772
0.293519047687
0.293461761572
0.293404481048
0.293328116334
0.29325176094
0.293194500917
0.293080001373
0.292908297718
0.292831996993
0.292774777973
0.292641294882
0.29252690095
0.292450649926
0.292412528141
0.292336292026
0.292279121464
0.292241010861
0.292202902744
0.292164797112
0.292050496989
0.29193621861
0.291783886162
0.291726770269
0.291688695699
0.291650623615
0.2915744869
0.291536422271
0.291479329985
0.29136516281
0.291308087298
0.291251017378
0.291174932849
0.291022796716
0.290965754752
0.29090871838
0.290870697237
0.290794662408
0.290699633471
0.29064262319
0.290585618502
0.290528619404
0.290490623112
0.290433633333
0.29035765628
0.290300679547
0.290243708406
0.290186742855
0.290091813318
0.290015880374
0.289977917629
0.289939957369
0.289826092122
0.289674308238
0.28967430451
0.289522564114
0.289465669387
0.28940878025
0.289351896705
0.289295018751
0.289238146389
0.289181279617
0.289124418437
0.289010714715
0.288953870308
0.288897031493
0.288783371258
0.288726549216
0.288688670962
0.288631858239
0.288537184657
0.288480386844
0.288404665125
0.288366807993
0.288291101805
0.28815864005
0.288082961197
0.288026208114
0.287969460623
0.287893805999
0.287837071554
0.287742527191
0.287685807656
0.287629093713
0.287591287523
0.287515682599
0.287440087615
0.2873833979
0.287326713776
0.287270035244
0.287213362302
0.287118920446
0.287043378269
0.287005610597
0.286892324354
0.286835688688
0.286797934683
0.28672243475
0.286609204421
0.286533729338
0.286477129083
0.286477120385
0.286420525722
0.286175356729
0.286118791885
0.286062232633
0.286005678972
0.285949130902
0.285892588423
0.285836051536
0.285798363384
0.285704154497
0.285628798073
0.285496954461
0.285440456713
0.285346306844
0.285270998257
0.28523334738
0.285158053081
0.285063950428
0.284988678494
0.284744147525
0.284668918457
0.28463130734
0.284556092561
0.284499688
0.284424491238
0.284349304415
0.284255334088
0.284123804208
0.283992306012
0.283898396568
0.283842057238
0.28374817078
0.283654300474
0.2835604457
0.283372794549
0.283335269165
0.283278985748
0.283222707922
0.283147679518
0.283110169043
0.283035156171
0.283035152443
0.282978898846
0.28292265084
0.282866408425
0.282810171602
0.282697716592
0.28249162611
0.282491622382
0.282416691515
0.282379229498
0.282379223907
0.282285580358
0.282210676204
0.282117061853
0.282117041352
0.282042159563
0.28192985676
0.281873713124
0.28183628714
0.281761442626
0.281724024097
0.2815556783
0.281499571939
0.28144347117
0.281368679462
0.281125691058
0.281125687331
0.281088311046
0.281050937247
0.281013565933
0.280957513621
0.280901467521
0.280901454475
0.280826734211
0.280733348481
0.280546632312
0.280490626593
0.280378633173
0.280303982489
0.280266660875
0.280154713427
0.280080092563
0.279986831083
0.279912233206
0.279800355959
0.279725782932
0.279669859218
0.279464858409
0.279278560963
0.279073708632
0.278906163006
0.278831709259
0.278775875006
0.278720046344
0.278682830342
0.278608406415
0.2784781911
0.278385198
0.278273625166
0.278236438985
0.278180664371
0.278106306918
0.278031960026
0.277976205914
0.277939039612
0.277883294819
0.277790399255
0.277734669372
0.277660371558
0.277660334904
0.277604618689
0.277548907443
0.277437502968
0.277400372699
0.277177658178
0.277121989799
0.277121984208
0.27712198048
0.277047765293
0.276973560046
0.276899364118
0.276843723694
0.276676843427
0.276584151634
0.276584147906
0.276528539167
0.276528533576
0.276361745254
0.276306158879
0.27617648281
0.276120915074
0.276120911346
0.2760653492
0.276028310876
0.275917212056
0.275861670412
0.275769115293
0.275769106596
0.275732088152
0.275732084424
0.275658054991
0.275621044002
0.275621038411
0.275621034683
0.27560253012
0.275491517654
0.275436018876
0.275325039336
0.275325033745
0.275288045121
0.275288041393
0.275232563116
0.275177090431
0.275084649001
0.275029191226
0.27489981522
0.274899811493
0.274844372355
0.274844368627
0.274751984353
0.274751980625
0.274696556397
0.2746965477
0.274641129063
0.274567246245
0.274493373988
0.274401048111
0.274345659294
0.274234902162
0.274161074635
0.274087256426
0.274031899293
0.273994997644
0.273884309471
0.273828972839
0.273773641799
0.273718316349
0.273644557781
0.273607682225
0.273533939188
0.27342334358
0.273386482934
0.273331196623
0.27325749024
0.273183793797
0.27318379007
0.27312852426
0.273128520533
0.273128501895
0.272999573812
0.27290749892
0.272852261067
0.272778621158
0.272723396351
0.272723388896
0.272723383305
0.272668164089
0.272539343482
0.272465743954
0.272465740226
0.27242894419
0.272373754794
0.272373751067
0.272373747339
0.272373741748
0.272373738021
0.272373732429
0.272318548625
0.272263370412
0.27217141977
0.272171416043
0.272171412315
0.272005948499
0.271932421036
0.271858904134
0.271656793382
0.271620052015
0.271620043318
0.27154656804
0.271436375003
0.271436371275
0.271436367548
0.271436359472
0.271436355744
0.271436352017
0.271436344562
0.271436340834
0.271436337107
0.271436312878
0.27136286245
0.271362853752
0.271289413264
0.271289375368
0.271289371641
0.271215941093
0.271215933638
0.27114251303
0.271105806453
0.271050751248
0.270977353005
0.270848932483
0.270848918815
0.270848900799
0.270793871686
0.270793866095
0.270702163953
0.270702160226
0.270702156498
0.270592137411
0.270537134391
0.270463805728
0.270463792061
0.270463788333
0.270463777772
0.270390459049
0.270390455321
0.270390449109
0.270298815305
0.270225518947
0.270133913099
0.270042322782
0.270042319054
0.270042312842
0.270042306629
0.269950731844
0.269895794055
0.269895787842
0.269822546155
0.269749314407
0.26974928645
0.269749277753
0.269749274025
0.269676052218
0.269676037308
0.269639430131
0.269584524026
0.269529623512
0.269474728589
0.269419839258
0.269383249476
0.26934666218
0.269236917064
0.269182051962
0.269054057617
0.268999211152
0.268889536238
0.268761610852
0.268688523235
0.268633714044
0.26859717769
0.268560643822
0.26848758416
0.268414534439
0.268359753205
0.268323235488
0.268268463573
0.268177190094
0.268085932146
0.267994690972
0.267903465329
0.26784873628
0.267812253354
0.267739294956
0.267702819485
0.267629876619
0.267593408602
0.267502250054
0.267411107038
0.26733820331
0.267283532038
0.267247087629
0.267192425675
0.267192417599
0.267083114192
0.267028469012
0.266973829423
0.266937406137
0.266937400546
0.266828149324
0.266791735978
0.266791724795
0.266609708385
0.266482328457
0.266427744781
0.26631859793
0.266191285097
0.266118547864
0.266045820572
0.266045804419
0.265991265473
0.265991261745
0.265954905554
0.265864026569
0.265864019114
0.265864008553
0.265664150454
0.265409868961
0.265355395246
0.265137559405
0.265101261611
0.265064966302
0.26491981613
0.264865392736
0.264720297234
0.264665894341
0.26453897973
0.264484595475
0.264430216811
0.264375843739
0.264303355006
0.264194642409
0.264122179148
0.264049725827
0.264013502583
0.263904849625
0.263850530602
0.263796217169
0.263760011321
0.263705707207
0.263633311041
0.263597116375
0.263416197714
0.263343841308
0.26328958006
0.263235324404
0.263235320676
0.263181070612
0.26310874651
0.263072587877
0.263036431728
0.262964127507
0.262855692608
0.262783413237
0.262783407646
0.262747271377
0.262693071634
0.262638877481
0.26254856694
0.262422158027
0.262367991831
0.26233188414
0.262277727262
0.262169431524
0.2621333375
0.262061156908
0.261970945767
0.261916826165
0.261880749536
0.261844675392
0.261790568836
0.261790558275
0.26173645731
0.261736443643
0.261736431218
0.261628247926
0.261574163735
0.261574154416
0.261484028386
0.261429959105
0.261231759745
0.261177716556
0.261123678959
0.261051638148
0.260997613597
0.260853576705
0.260799572655
0.260763573062
0.260673585571
0.260601606264
0.260439692272
0.260403717528
0.260349760072
0.260277827359
0.260223882949
0.260187923116
0.260098035025
0.260044109253
0.259900340741
0.259828468289
0.259738643565
0.259648833752
0.259576996711
0.259505169611
0.259451305342
0.259397446665
0.259361543986
0.25936153094
0.259343580533
0.259289733038
0.259235891135
0.259164110628
0.259074400214
0.259002642694
0.258930895113
0.258895024739
0.258787430392
0.2587874043
0.258751543866
0.258679830454
0.258679824242
0.258643971263
0.25860812077
0.258536427238
0.258464743646
0.258303497498
0.258231846832
0.258213935564
0.257855925144
0.257694872826
0.257676980195
0.257480224621
0.257408689508
0.257372924747
0.257319282264
0.257319276052
0.25724776144
0.257140510023
0.256979678871
0.256890346799
0.256890331268
0.256818876296
0.256729571559
0.256675996794
0.256640282975
0.256533157051
0.256443902636
0.256390357069
0.256336817093
0.256265439156
0.256158392131
0.256104876384
0.256069202325
0.2558908749
0.255783906152
0.255694782199
0.255659136718
0.255605673156
0.255570033888
0.255463132235
0.25544531726
0.255427502907
0.255374063574
0.255338440458
0.255302819827
0.25524939354
0.255213779121
0.255124755811
0.255071348162
0.254928961311
0.254822196333
0.254679874092
0.254644299434
0.254608727261
0.254537590369
0.254466464038
0.254359795976
0.254253150278
0.254199833953
0.254093219318
0.253986629533
0.253915579616
0.253880058385
0.253809023378
0.253773509603
0.253720243598
0.253595980484
0.253507239842
0.253436257642
0.25336528476
0.253294321819
0.253223369438
0.253187896665
0.253134692164
0.253081493255
0.253010570073
0.25295738421
0.252868755394
0.252815584441
0.252673825053
0.252567532225
0.252443555507
0.252390429284
0.252355014908
0.252266491083
0.252142585809
0.25208949127
0.252054098016
0.252018707248
0.251965625755
0.251912549853
0.251877169025
0.251824102442
0.251753356317
0.251717986671
0.251647254835
0.251576532938
0.251488145788
0.251435120208
0.251311419946
0.251223078768
0.251134753122
0.251099426964
0.251046442386
0.25092283966
0.25083456682
0.250728661032
0.250569843973
0.250516915308
0.250463992234
0.250393437453
0.250305259044
0.250252358334
0.250199463217
0.250128945711
0.250040812653
0.250040809547
0.249987936794
0.249987927475
0.249899819888
0.249864580704
0.249864571386
0.249794101096
0.249741254435
0.249723640124
0.249670800919
0.249600357343
0.249547531183
0.249477105623
0.249406689382
0.249353884345
0.24931868368
0.249248290425
0.249213097214
0.249195501541
0.249142718248
0.249107532492
0.249072349222
0.249001990757
0.248931642232
0.248878886895
0.24882613715
0.248773392996
0.248738233332
0.248685498497
0.248650345046
0.248562474156
0.248351660928
0.248281403727
0.248228717349
0.248176036563
0.24817601544
0.248176007985
0.248035559435
0.247860050622
0.247702155499
0.247491695763
0.247439093254
0.247386496336
0.247316377674
0.247246267709
0.247176167684
0.247071037216
0.247018479437
0.246930895564
0.246895866363
0.246825816038
0.246773284352
0.246703251422
0.246668238374
0.246615723461
0.246580716626
0.246458212271
0.246388224071
0.246353233388
0.24631824519
0.246265767552
0.246230785567
0.246178317248
0.246125855141
0.246090883096
0.246055913535
0.24602094646
0.245968500506
0.245933539643
0.245828673206
0.245741302422
0.245706357711
0.245619007428
0.245549137887
0.24546181556
0.245409429246
0.245357048524
0.245217400144
0.245130136836
0.245060337497
0.244920771122
0.244816120259
0.244763802904
0.244763783024
0.24471147126
0.244641731561
0.24457200118
0.244484852803
0.244432570859
0.244380295128
0.244328024367
0.244258339337
0.244171246873
0.244118998476
0.244101583587
0.244049342646
0.243997107296
0.243910061425
0.243788224914
0.24370121694
0.243701213212
0.243701209485
0.24364901141
0.243649007682
0.243596815199
0.243527234539
0.243475055102
0.243405491837
0.243370713622
0.243318550958
0.243231626231
0.243179478477
0.243109957458
0.243040446378
0.242988319126
0.242779888393
0.242710423908
0.242658332066
0.242623607278
0.242571524756
0.242502090712
0.242450021235
0.242363251821
0.242241801728
0.242120382697
0.242068354224
0.242016331341
0.24201632575
0.241981646935
0.24191229738
0.241842957766
0.241808291375
0.241721638135
0.241652325234
0.241600347082
0.241496410036
0.241409812708
0.241323229669
0.241288600554
0.24123666154
0.241115494116
0.240994358997
0.240907850508
0.24082135755
0.240700295117
0.240579261883
0.240527399283
0.240475542275
0.240423691478
0.240389126973
0.240354564953
0.240302726582
0.240164521988
0.240060893082
0.240009086395
0.239940019509
0.239888225868
0.239870962564
0.239836437819
0.23978465536
0.239750136827
0.239646598003
0.23961208941
0.239525829421
0.23947408051
0.239370601326
0.239318869188
0.239318858006
0.23926713146
0.239215410505
0.23914645793
0.239094750021
0.239043048325
0.238905206542
0.238784628063
0.238715737612
0.238577990259
0.238526343854
0.238405859805
0.238354232038
0.238319816633
0.238182182347
0.238147779367
0.238044585957
0.237941418019
0.237872649955
0.237821079964
0.237769515564
0.237717956756
0.237649220376
0.237580493935
0.237528955628
0.237477423533
0.237443071496
0.237408721943
0.237322860797
0.237288519942
0.237254181572
0.237185512907
0.2370996909
0.23697956904
0.236945253035
0.236910939515
0.236859473894
0.236825166586
0.236790861764
0.236756559426
0.236722259573
0.236653667944
0.23660223028
0.23656794161
0.236516513264
0.236465090509
0.236396536155
0.236345126447
0.236310856414
0.236259456646
0.236139546632
0.23610529151
0.236053913485
0.235985418771
0.235951174831
0.235934053793
0.23589981358
0.235848457921
0.23581422392
0.235660210991
0.235608881423
0.235506240306
0.235420723332
0.235352319942
0.235266831546
0.235215544845
0.235164263736
0.235112988218
0.235044629557
0.234993367085
0.234942110205
0.234822538773
0.234754222979
0.234634697519
0.234600551736
0.234549337722
0.234498129299
0.234412794973
0.23436160146
0.234327475557
0.234310413538
0.234259231207
0.234122778539
0.234088670032
0.23403751193
0.234037506339
0.234003404044
0.233918159799
0.233884066202
0.233832930465
0.23376475818
0.233747716661
0.233628445914
0.233543270629
0.233509204366
0.233475140589
0.233424049582
0.233355937558
0.233304859597
0.233236764347
0.233100607395
0.23304955739
0.232964487096
0.232879432954
0.23281140045
0.232777387615
0.232726373022
0.232641364853
0.23259036517
0.232505379987
0.232454395214
0.232403416032
0.232369433017
0.232318463154
0.232284486351
0.232216542065
0.232063706404
0.231995793181
0.231826061996
0.231792121226
0.231741214731
0.231690313826
0.231639418513
0.231588528791
0.231435902492
0.231418946085
0.231368080592
0.231317220691
0.23126636638
0.23119856933
0.231063008778
0.231029123921
0.230995241548
0.230910548353
0.230775071048
0.230707346063
0.230656558848
0.23062270381
0.230571925914
0.230504230749
0.230504227021
0.230504223294
0.230402699805
0.23033502949
0.230284283277
0.230199719302
0.230132079429
0.230098262909
0.230064448874
0.230013733102
0.230013725026
0.229929210751
0.22979402854
0.229794022949
0.229692657258
0.229641981867
0.229540651588
0.229456223666
0.229321173782
0.229287416902
0.229236786241
0.229152414854
0.229101799103
0.229068058376
0.229017451944
0.228916257718
0.228882530659
0.228848806084
0.228747650997
0.228697079976
0.228595955952
0.228511703223
0.228461158295
0.228360086456
0.228326400398
0.228225360864
0.228208522495
0.22817484762
0.228107505325
0.227888720835
0.227838244866
0.227754131918
0.227720490591
0.22767003388
0.227602766757
0.227535509574
0.227485072743
0.227417832334
0.227384215857
0.22728338382
0.227148978793
0.227081788084
0.227031401575
0.226981020657
0.22693064533
0.226913854797
0.22691385107
0.226863483198
0.226829907724
0.226796334734
0.226762764229
0.226712413131
0.226611730195
0.226578173357
0.226544619005
0.226494292136
0.226443970858
0.226360115108
0.226326576909
0.226175698808
0.226125413563
0.226091892758
0.226041616832
0.225974590132
0.22594108051
0.225907573373
0.22587406872
0.225840566553
0.225807066871
0.225756822007
0.225689837553
0.225622863038
0.225555899085
0.225472209209
0.225438736862
0.225405267
0.225338335351
0.225288142673
0.225254683993
0.225187774088
0.225037263768
0.224970388032
0.224970384305
0.224920232629
0.224836659547
0.224803234415
0.224753101376
0.224686266643
0.224636146651
0.224586032249
0.224485820842
0.224352246427
0.224302163709
0.224252086583
0.224218704938
0.224168637131
0.224085203831
0.223985107354
0.223935065639
0.22385167707
0.223818325245
0.223784975905
0.223734956555
0.223651605261
0.22360160082
0.223568267633
0.223434964084
0.223401643322
0.223335009874
0.223151839801
0.223118540162
0.223068595362
0.222935443397
0.222868879529
0.22285223996
0.22271915509
0.222685887756
0.222602730912
0.222502966184
0.222469715002
0.222419842888
0.222386597918
0.222286881647
0.222087523033
0.222054302914
0.222004477394
0.221938052065
0.221855035624
0.221539784623
0.221456843353
0.221324175964
0.221191541501
0.221108664841
0.221075518029
0.221025802471
0.220942956253
0.220810440448
0.220793877914
0.220744194039
0.220711074562
0.220611734769
0.22054551818
0.220512413613
0.220462761422
0.220413114822
0.220363473813
0.220297296363
0.220264210434
0.22021458682
0.220115357609
0.220032682235
0.219983084092
0.219850856548
0.219784754269
0.219735184083
0.219652580774
0.219619543302
0.219586508315
0.219536960494
0.219454393838
0.219421371276
0.219338826365
0.2193058125
0.219256296363
0.219206785817
0.219173781893
0.219124280665
0.219074785029
0.219008800167
0.218975811152
0.218893351352
0.218843881808
0.218794417856
0.218728475238
0.218679024332
0.218629579018
0.21856366125
0.218514228982
0.218431856156
0.218382438798
0.218300090201
0.218250687753
0.218168363385
0.21805313822
0.217987306806
0.217855683117
0.217789881524
0.217756984454
0.217707643509
0.217608980258
0.217576096856
0.217526776412
0.217526762745
0.217444575052
0.217444565733
0.2173952602
0.217395256472
0.21734595653
0.217296662179
0.217198091494
0.217148813916
0.217050276778
0.21695176449
0.216869686759
0.216804034265
0.216738392333
0.216705574783
0.216656353119
0.216607137045
0.216557926563
0.216508721672
0.216426726567
0.216361141169
0.216311958643
0.216262781708
0.215984242875
0.215935103215
0.215885969147
0.215804093322
0.215804089594
0.215722228058
0.215574920904
0.215542191572
0.215509464725
0.215460379115
0.215378584052
0.21534586963
0.215296802657
0.215247741275
0.215182335418
0.215100593161
0.214953499096
0.214953493505
0.214920811388
0.214920809525
0.214888129893
0.214888126165
0.214839111377
0.21479010218
0.214757432488
0.214724765282
0.21469210056
0.214577795467
0.214512491495
0.214479842925
0.214479839198
0.214430871003
0.214398228647
0.214332952009
0.214251370036
0.214169804215
0.214169800487
0.21410455864
0.214071941133
0.21395780005
0.213827393391
0.213762203729
0.213697024006
0.213664437562
0.213631853603
0.2135178318
0.213452688732
0.213420120925
0.213387555603
0.213322433036
0.213273597168
0.213208491996
0.213094583261
0.21296443939
0.212639264536
0.212541758673
0.212509260447
0.21244427207
0.212346810937
0.212265607926
0.212200656824
0.21216818469
0.212119481148
0.212070783819
0.211989634857
0.21181116765
0.211778725335
0.21176250511
0.211697631043
0.21164898155
0.211584124878
0.211519277525
0.211405819817
0.211357203872
0.211340999799
0.211276189721
0.211243788409
0.211243777227
0.21117898268
0.211146588823
0.211049424027
0.210855167743
0.210806615165
0.210758068799
0.210677171443
0.210644816104
0.210466912371
0.210434573185
0.21036990413
0.210305243773
0.210289080082
0.210240592735
0.2101274792
0.210095166106
0.210046701125
0.209982090468
0.209901340969
0.209901337242
