0.994297889143
0.991207255665
0.987771108839
0.985075481238
0.983396928044
0.981580111238
0.979590535272
0.978021240134
0.976313884531
0.974608021794
0.974434037529
0.972973183501
0.971513428465
0.97012420336
0.969499375237
0.968597201702
0.967660774287
0.966759456835
0.965616088446
0.964473395356
0.962224602686
0.961429506618
0.960772935087
0.959598589292
0.958942643361
0.958183407726
0.95745896211
0.9565968878
0.9556318282
0.954908348628
0.95421957645
0.953634313897
0.952980411879
0.951914011438
0.951191940862
0.95102005953
0.950367052734
0.949679919414
0.948752688368
0.947963179825
0.947345531492
0.946728083823
0.946042268175
0.945356706619
0.944739908156
0.944123310358
0.943369970389
0.942616926756
0.942069446164
0.941522125234
0.940940771589
0.940154523989
0.939573591551
0.938924528452
0.938412267164
0.938036697724
0.937490549714
0.936808088818
0.936228193247
0.935818962601
0.935239375791
0.934694042862
0.934012602059
0.933467626348
0.932718549399
0.932105887843
0.931595490305
0.93115325884
0.929929167667
0.92918151276
0.928502088535
0.927958725591
0.92761920296
0.927110036119
0.926940344695
0.926329588513
0.925888608867
0.925007000583
0.924532442977
0.923922477647
0.923177243753
0.922500022482
0.921958418297
0.921552318131
0.920875688291
0.920469826684
0.919996435787
0.919387971398
0.9189148582
0.918239201859
0.917867692912
0.91739497048
0.916854869721
0.916146245488
0.915404156362
0.9148646402
0.914460105585
0.914021961326
0.913550234137
0.913179673839
0.912775511974
0.912203106818
0.911765503047
0.911294355485
0.910789690224
0.91031879489
0.909848022563
0.909343757387
0.909007657846
0.908503628745
0.90813409351
0.907563147672
0.907093087298
0.90658959123
0.906186891167
0.905717188012
0.905113465006
0.904610516881
0.904208256042
0.903504524776
0.903136008392
0.902667097331
0.902265268882
0.901830056303
0.901361483824
0.900859578157
0.900458152278
0.899989935154
0.899588703106
0.899154136627
0.898652852832
0.898251918984
0.897917876402
0.897517107185
0.897316755813
0.896782597935
0.896348710484
0.896048387507
0.89571475495
0.895314477763
0.894714233138
0.894014213843
0.893547677201
0.893181196654
0.892914712562
0.892515061596
0.892015625399
0.891649459205
0.890884111088
0.890518177241
0.890152318566
0.889753286365
0.889287865488
0.888988727857
0.888722869985
0.888357380954
0.887958751323
0.887527004079
0.887161764169
0.886763403539
0.886331946419
0.885900596154
0.88553568737
0.885071368592
0.884706631273
0.884242529311
0.883911102193
0.883612870345
0.88321530678
0.88285095153
0.882519784716
0.882188680649
0.881890739546
0.8816921401
0.881228831475
0.880765645857
0.880434870431
0.879938826883
0.879442924358
0.879046300123
0.878385466815
0.877989081141
0.877691850127
0.877394669434
0.877064528305
0.8767344493
0.876206468514
0.875876550414
0.87557967724
0.87531583222
0.874953110858
0.874590464669
0.874293809554
0.873931300039
0.873568865696
0.873239445838
0.872877156246
0.872580791876
0.872317399126
0.871889473192
0.87159327656
0.871362936192
0.87106682902
0.870737880691
0.870310346146
0.869718551767
0.869324129865
0.868995510177
0.868666953236
0.868338459663
0.867780166209
0.867353354177
0.86715639856
0.86689382586
0.866500041361
0.86617195657
0.865843933904
0.865450387965
0.865089717972
0.86476190094
0.86446691761
0.864139221722
0.863844344626
0.863254743261
0.863025507476
0.86263260453
0.86197798559
0.861552607404
0.861127329861
0.860734858684
0.860440563078
0.860015561992
0.859623347392
0.85932924251
0.859002517636
0.85864319265
0.858349254885
0.858088019737
0.857794177022
0.857467745379
0.856912970065
0.856554083683
0.856325739392
0.856064811763
0.855803924515
0.855640889788
0.855314867548
0.854956316019
0.854663010065
0.854337174201
0.854043975102
0.853718258517
0.853360042463
0.853034455099
0.852806581095
0.852546190226
0.852285839118
0.851927921885
0.851602607871
0.85140744891
0.851114752402
0.850562025351
0.850269474216
0.850009471008
0.849684524774
0.849392124603
0.849132255584
0.848839951707
0.848580167179
0.848287958353
0.847963340139
0.847573883269
0.847379186518
0.847087183326
0.846730360116
0.846470898638
0.846179052622
0.845854837599
0.845498276557
0.845109383161
0.844882569631
0.844590996965
0.844331863507
0.84407276981
0.843781336925
0.843522328339
0.843069167216
0.842777907661
0.842551407862
0.842260237767
0.842033806927
0.841742726292
0.841451695977
0.841160717848
0.84086979004
0.840643546197
0.840320393513
0.839997303575
0.839803479059
0.839545081162
0.839319015617
0.83906069227
0.838802408682
0.838479610732
0.838156878013
0.837737420343
0.837511598328
0.83722130109
0.836931054172
0.836737583769
0.836479658643
0.836286240425
0.836060614105
0.835835018847
0.835545013596
0.835255057423
0.834997360918
0.834707499175
0.834449886538
0.834192313661
0.833934781166
0.833645103935
0.833419834212
0.833130247062
0.832840709613
0.832615548609
0.832101024105
0.831875963743
0.831586644974
0.831329514427
0.830943896885
0.830718992457
0.83049411847
0.830365632717
0.830140807188
0.829883900913
0.829627033776
0.829338106395
0.82898504237
0.828728315015
0.828471626798
0.828182900702
0.827926296975
0.827541470284
0.827092620639
0.826804134345
0.826355481016
0.826003054394
0.825586652033
0.825234387558
0.824914212526
0.824690125664
0.824498075439
0.824274045111
0.823922061441
0.823666118725
0.823378231316
0.823154353194
0.822866555245
0.822578807618
0.822355040078
0.822099340892
0.82187563672
0.821588062422
0.821268596237
0.821013066652
0.820757576207
0.820565984465
0.820278639408
0.820023263272
0.819767926896
0.81938500061
0.819129764256
0.818938362616
0.818651303334
0.818396180669
0.818141099627
0.817822303771
0.817439834725
0.817280496438
0.816961876396
0.816675163771
0.816388501468
0.815719844134
0.815497009712
0.815242379077
0.814955967138
0.81466960552
0.814446914607
0.814192449224
0.813969823543
0.813683636496
0.813461080395
0.813270342251
0.813047842683
0.812793594738
0.812571160402
0.812348756507
0.812031090706
0.811649976607
0.811427699447
0.811141960322
0.810888011198
0.810729312798
0.810538895219
0.810316769644
0.81006294912
0.809872609818
0.809650575567
0.809333437207
0.809079770753
0.80885784522
0.808604253316
0.808350701792
0.808128876281
0.807907081211
0.807653639028
0.807431909189
0.807305220092
0.806988544564
0.80679856683
0.806576954408
0.806323720344
0.806070526039
0.805912299789
0.805754089071
0.805374451063
0.805216293151
0.804900024541
0.804647053887
0.804457351989
0.804172844803
0.80391998908
0.803698772394
0.803445991221
0.803224839767
0.802908964409
0.802719467523
0.80246684042
0.802214253077
0.801993271224
0.801803882436
0.801614516013
0.801393617408
0.801393585103
0.801204267758
0.800983425065
0.800762612814
0.800541831003
0.800226481844
0.799879671326
0.79969053228
0.79937535148
0.799186272075
0.798965707702
0.798713673272
0.798556170779
0.798209724313
0.797957809163
0.797737415012
0.797454096279
0.797233771709
0.796761755017
0.796572984994
0.796321327042
0.796006813465
0.79572380225
0.795440841978
0.795126504836
0.794686539071
0.794529434178
0.794309513421
0.794089623104
0.793618554441
0.79324178661
0.793022044151
0.792802332134
0.792614031776
0.792237501884
0.791955161619
0.791735597459
0.791484704887
0.791265205959
0.791045737472
0.790826299426
0.790638233901
0.79041885301
0.790199501939
0.78994885414
0.789666921415
0.789416356242
0.789103207552
0.788946655572
0.788696205952
0.78841449812
0.788226719613
0.788007672955
0.787788656738
0.787600952781
0.78741327181
0.7873194394
0.787069247599
0.786819095557
0.786568983275
0.786350167101
0.78610012937
0.785912626697
0.785631420836
0.785006733737
0.784756909094
0.784569566705
0.784351028851
0.78410130982
0.783789219741
0.783570790605
0.783352391911
0.78313402428
0.782853311691
0.7826038306
0.78244792472
0.782229682581
0.781949132139
0.781699795178
0.781512818084
0.781201241778
0.781014324324
0.780796282228
0.780515987119
0.780298014603
0.780142338586
0.7799866781
0.779799906018
0.779613156302
0.77939531052
0.779208609261
0.779053041963
0.778773061207
0.778586434498
0.778399830775
0.778182153974
0.777715811783
0.777498230655
0.777280679967
0.777125305257
0.776845673644
0.776348687659
0.776100245298
0.775820796954
0.775572439083
0.775293085169
0.775044813031
0.774827607759
0.774579408928
0.774331251722
0.774207186786
0.773928078266
0.773835052861
0.773680022944
0.773463007153
0.773277017847
0.773091050906
0.772874117741
0.772688199257
0.772440342736
0.772192526595
0.771913783992
0.771727981061
0.771542200494
0.771263573443
0.770984996714
0.770737415406
0.770644581967
0.770427992975
0.770025840234
0.769840265301
0.769469187502
0.769221848482
0.769098193571
0.768974548601
0.768634577427
0.768449169611
0.76807843412
0.767862206075
0.767707775665
0.767522479674
0.767275453764
0.767121082373
0.766874122315
0.766658063871
0.766380320238
0.766226038928
0.765948373573
0.765639915944
0.765454869696
0.76520817864
0.764992355028
0.764714912702
0.764529978278
0.764190990544
0.763482514169
0.763205346435
0.762928227779
0.762743509551
0.762558813688
0.762343363448
0.762220262693
0.76200486091
0.761727960935
0.761451111903
0.761205065083
0.760989807431
0.760774578977
0.760528641498
0.760282743157
0.760036886441
0.759852519219
0.759514571458
0.759330266982
0.759115273361
0.758931017344
0.758777487747
0.758501175474
0.758316994628
0.758132835525
0.757918012127
0.757703220412
0.757519135859
0.757335073672
0.75715103447
0.756967017012
0.756783022541
0.756599049813
0.756445756291
0.756200519582
0.756016617677
0.755863383174
0.755679522893
0.755465047395
0.755005565671
0.754821809139
0.754638075593
0.75445436379
0.754270674974
0.754117617527
0.753995183373
0.753780947056
0.753444354863
0.753230196824
0.752893730124
0.752771394749
0.752587910324
0.752312726242
0.75188477111
0.751487490835
0.751273610494
0.751029214337
0.750632160818
0.750479473015
0.750296268153
0.750082558035
0.749929926145
0.749777309786
0.749502641342
0.749289044292
0.749075477683
0.748892444286
0.748739933539
0.748526444587
0.747977661233
0.747794762026
0.747642363104
0.747429030707
0.747215729372
0.747063389469
0.746819678551
0.74660646357
0.746393279651
0.746119231836
0.745662613456
0.745510431972
0.745266973902
0.745053981329
0.74490186197
0.74462808999
0.744415188741
0.744202317932
0.743746281042
0.743563900579
0.743411933426
0.743259981805
0.743047276249
0.742773847821
0.742621961431
0.742470091193
0.742318235866
0.742166396691
0.742014572426
0.741862763692
0.74171097049
0.741468137399
0.741225342204
0.740982584905
0.740466885617
0.740284907103
0.740102950954
0.739830062392
0.739587534335
0.73937535622
0.739132902092
0.738951087588
0.738738999555
0.738557233508
0.738375489827
0.738163485662
0.737951510697
0.737679017872
0.737436845791
0.737255240027
0.737073656628
0.736892095594
0.736619802811
0.736498796912
0.736347553516
0.736166081943
0.735984632734
0.735833442144
0.735621802033
0.735349740976
0.735047512004
0.734896417708
0.734684912408
0.73447343817
0.734261994373
0.733990182438
0.733748614834
0.733567464447
0.733416522357
0.733265595799
0.733024146853
0.732873260677
0.732752562917
0.73248103303
0.732239713926
0.731968277848
0.731516010083
0.731365279219
0.731154282723
0.73094331791
0.730762513559
0.730431103215
0.730220241531
0.73003952664
0.729888947982
0.729648056298
0.729377099203
0.729166390346
0.728985806539
0.728775153594
0.728504358646
0.72829377466
0.727812565948
0.727602083226
0.727301445897
0.727121092574
0.726820554644
0.726580169279
0.726309785599
0.726129555283
0.725949347333
0.725829221124
0.725679077341
0.725498925303
0.725348815689
0.725198721607
0.725048643676
0.724718533609
0.724568504758
0.724418491438
0.724148510328
0.723968548392
0.723728635799
0.72339882269
0.723188977991
0.722979165598
0.722769384268
0.722619557323
0.722379867758
0.722230081194
0.722080310162
0.72193055466
0.72175086856
0.721571205446
0.721391564076
0.721241880018
0.72106227965
0.720912629762
0.720792921033
0.720463782602
0.720344111148
0.720164622606
0.719985157049
0.719835618986
0.719506696128
0.719476797213
0.719177848442
0.718968616918
0.718311264475
0.718132029403
0.717982684548
0.717773626974
0.717564600463
0.717355604392
0.716967552791
0.716788486077
0.716579602454
0.716281254432
0.716132101543
0.715863667968
0.715654919155
0.715505831498
0.715326946811
0.715177893322
0.714820241364
0.714671240682
0.714522255531
0.714283914079
0.71410518222
0.713896689984
0.713718007203
0.713628673888
0.713450024655
0.713063031043
0.712735658205
0.712616630367
0.712438107868
0.712348854695
0.712170365745
0.712051385121
0.711099956996
0.710862186474
0.710713598923
0.710446184198
0.710327347705
0.710178816688
0.709941200236
0.709644237602
0.70940671061
0.709198906098
0.709020811641
0.708783387777
0.708516333377
0.708219668322
0.70801203776
0.70786374841
0.707774782254
0.707567216924
0.707418974167
0.707270746942
0.707092895394
0.706915065589
0.70676689117
0.706559473697
0.706411336553
0.706203972507
0.705996638903
0.705789334498
0.705611668703
0.705374817632
0.705197204644
0.705049210387
0.704842045142
0.704664499249
0.704546147331
0.704368639956
0.704250312888
0.704072840924
0.703924964705
0.70365882665
0.703510993918
0.703333615142
0.703185816579
0.703038033547
0.70283116526
0.702683419503
0.702506145097
0.702328893677
0.702210738074
0.702033523929
0.701767746198
0.701620112267
0.701442972051
0.701295372288
0.700941203059
0.700793656103
0.700616620257
0.700439606775
0.700203625454
0.700056156154
0.699938191896
0.699731778985
0.699554877329
0.699348520951
0.699201141733
0.699024307171
0.698906429889
0.698759097264
0.69861178017
0.698435020159
0.698287737855
0.698111019468
0.697904875558
0.697757648546
0.697580996632
0.697433803789
0.697316060696
0.697110034824
0.696933465536
0.696756917993
0.696609812124
0.696462721787
0.695962746345
0.695815724345
0.695668717877
0.69552172694
0.694963329116
0.694845794763
0.694581382541
0.694434506535
0.694228906841
0.69408206811
0.693729722251
0.693582936326
0.693406814339
0.693260062583
0.693113326358
0.692878581325
0.692614541232
0.69249720568
0.692233238895
0.692027964735
0.691910678883
0.691764085546
0.691676136999
0.691529568512
0.691353706829
0.69117786751
0.691002051179
0.69082625659
0.690679778185
0.690591898596
0.690386871694
0.690240439883
0.690123305615
0.68997690176
0.689801238255
0.689771963076
0.689537785865
0.689391444135
0.68921585518
0.688952513994
0.688776980331
0.688689221886
0.688367491244
0.688250516017
0.688045835152
0.68792888726
0.687841182864
0.687695021296
0.687519648537
0.687344297521
0.687139751467
0.686993664449
0.686730749441
0.686497089111
0.68635107043
0.686263466677
0.686000692692
0.685825535507
0.685650401308
0.685533657186
0.68527102174
0.685271008694
0.685125120476
0.684979247789
0.684833390634
0.684570888135
0.684425075089
0.684279276952
0.684279252723
0.684133470118
0.683900253982
0.683754511758
0.683550499979
0.683375655904
0.683142566503
0.682996905663
0.682763881493
0.68258913806
0.682443535618
0.68215237919
0.682035933268
0.681832177444
0.681599352075
0.681453855245
0.681337468963
0.681104728083
0.680872026343
0.680639365605
0.680377673217
0.680145096968
0.679970689011
0.679738182343
0.679563828434
0.679418549042
0.679244234272
0.67912803685
0.678982804051
0.678866628995
0.678634312429
0.678518167193
0.678314938811
0.678198820909
0.677937596323
0.677705436934
0.677531342086
0.677386280132
0.677241233708
0.677067199122
0.676893186901
0.676748193284
0.676574223308
0.676429263859
0.676226348587
0.676081427035
0.675936521014
0.675791629903
0.675646754323
0.675530865041
0.6754149857
0.675270150501
0.675096368764
0.674980526698
0.674864694572
0.67466201289
0.674488309431
0.674285685525
0.674112030523
0.673909463151
0.673764789478
0.673620131957
0.673301943063
0.673128414796
0.673041659049
0.672839252582
0.672723604345
0.672463436506
0.672318918145
0.672116620396
0.672001034285
0.671683228081
0.671481024762
0.671365493321
0.671278851263
0.671192214796
0.671076708205
0.670961211554
0.670845724843
0.67064364888
0.670441602116
0.670268442872
0.670008747183
0.669835644472
0.669749101193
0.669547190483
0.669402985854
0.669229961421
0.66911462381
0.668941636652
0.668797497254
0.668624550477
0.668451626066
0.668221097459
0.668048225853
0.667760164495
0.667644953619
0.667500954002
0.667356969916
0.667213001362
0.667097837701
0.66698268398
0.66678119075
0.66660850552
0.666435842655
0.666263202155
0.666148120499
0.666004282407
0.665860459846
0.665716652817
0.665601618376
0.665515349069
0.665371579314
0.665256574694
0.665084087021
0.664940364482
0.664710440973
0.664566758193
0.664423091567
0.664336898673
0.66416453028
0.663934745931
0.663733713669
0.663561423554
0.663417865025
0.663274322648
0.663130795182
0.663015984391
0.66290118354
0.662585534939
0.662470771363
0.662327330872
0.662183906532
0.661925783228
0.661753727324
0.661610364489
0.661524354243
0.661381016257
0.661237693803
0.661065727981
0.660836476044
0.660607263866
0.660435380049
0.660234878335
0.660063044217
0.659919864651
0.659776700616
0.65969080965
0.659576297059
0.659347302319
0.659175581891
0.658975272143
0.658860821677
0.658746381152
0.658603344473
0.658488926312
0.65834591759
0.657917013187
0.657774066589
0.657631135523
0.657459639366
0.657231012406
0.656945288191
0.656745315161
0.656573933935
0.65645969221
0.65625979373
0.656117027295
0.655945729938
0.655774454946
0.655631741317
0.655460506086
0.655317826626
0.655175162697
0.6550325143
0.654889881434
0.654661703017
0.65449059452
0.65426248444
0.654148444
0.653948899011
0.653749383842
0.653521404847
0.653407429016
0.653264973207
0.652923151328
0.652780748325
0.652638360853
0.652268233566
0.652125902006
0.651955125257
0.651869744959
0.651784370252
0.651642091498
0.651499828276
0.6512437961
0.651044694063
0.650902496072
0.650760314234
0.650618147305
0.650447569356
0.650305436597
0.650049639253
0.649907549981
0.64976547624
0.649595008874
0.649481375974
0.649282542317
0.648856584504
0.648657847762
0.648430757155
0.64831722614
0.648146950118
0.647948322095
0.647778092668
0.647664618807
0.647522791082
0.647154118764
0.646870590047
0.646728848675
0.646587123456
0.646502095407
0.646388733372
0.646247045427
0.64565216095
0.645453914995
0.645312328936
0.645227384755
0.645057513168
0.644915971218
0.644746141254
0.644632933289
0.644463139979
0.644321662639
0.644180200829
0.644067042565
0.64395389424
0.643727629895
0.64361451139
0.643501402825
0.643303487376
0.643190406146
0.643105601747
0.642964273507
0.642794700741
0.642483878633
0.64234261873
0.642201374359
0.642060145518
0.641918932209
0.641636559019
0.641467161445
0.641213110437
0.64098732694
0.640846231668
0.640705151928
0.640535877362
0.64036662454
0.640225598227
0.639915411659
0.639718050365
0.63960528473
0.63932342345
0.639041619325
0.63892891333
0.638844390357
0.638675361185
0.638562687496
0.638421859362
0.638281046759
0.638140249688
0.637999468148
0.637717958495
0.637549079045
0.637408362736
0.637267661958
0.637098841526
0.636845656541
0.636761271485
0.636676892021
0.636508150488
0.636367549732
0.636226964507
0.636002061943
0.635861516478
0.635552377959
0.635271411279
0.635130947198
0.635074765666
0.63485006563
0.6347377299
0.634597324216
0.634513088261
0.634316561307
0.634120064793
0.634007793674
0.633895532495
0.633783281255
0.633642981805
0.633446589662
0.633250227339
0.6330538967
0.632913677391
0.632773474235
0.63263328661
0.632521147196
0.632409017722
0.632268869857
0.632128737523
0.631932579592
0.631820502302
0.631680419669
0.631540352567
0.631344284716
0.631120245069
0.63095224096
0.63081225462
0.630672283812
0.630504339964
0.630280450038
0.630140538249
0.63005659863
0.629916712312
0.629776840903
0.629636985648
0.629413252277
0.629301398638
0.629133637438
0.628965898603
0.628714340671
0.628295196733
0.628099637065
0.627959967563
0.627820313592
0.62765274995
0.627485208052
0.627317689139
0.627206021875
0.627094364551
0.627010628081
0.626843172536
0.626619936166
0.626340945683
0.626229365394
0.626117795667
0.625978346708
0.625838913282
0.625727377723
0.625587972252
0.62542070681
0.625253463733
0.625141980359
0.625030506925
0.624863316033
0.624751867449
0.624389741245
0.62416694472
0.624055558261
0.623888498453
0.623721461631
0.623554445931
0.623443114142
0.623359621824
0.622914464891
0.622775373152
0.622580672052
0.622358196092
0.622163561466
0.622024554217
0.62194115695
0.621802173929
0.621496473409
0.62135754071
0.621218622921
0.621024165973
0.620885285459
0.62077419223
0.620690878832
0.620579802998
0.620413208506
0.62027439633
0.620080086618
0.619913559221
0.619774802957
0.619608316563
0.619441853776
0.619303150939
0.619192199356
0.619081257712
0.618998058002
0.618831677221
0.61866531694
0.618498979646
0.618360381801
0.618166372153
0.618055522454
0.617944682696
0.617833853498
0.617750737657
0.617612223681
0.61752912275
0.617390633624
0.617224467174
0.616753796732
0.616560039311
0.616393985307
0.616255623537
0.616117277298
0.615895959349
0.615647023715
0.615453440866
0.615287535341
0.615149298442
0.614928152579
0.614817593626
0.614734680934
0.614541245942
0.614430721779
0.614320207555
0.613933504067
0.613850651015
0.613740188977
0.613546904328
0.613381256622
0.613243233433
0.613077626108
0.61296723365
0.612829257676
0.612636120263
0.612498180944
0.612360257155
0.612194770974
0.612001733583
0.611863865707
0.611698445378
0.611533046793
0.611395231723
0.611174764266
0.611009436503
0.610844131727
0.610761487415
0.610623759321
0.610486046757
0.610293276503
0.610100537312
0.609962884389
0.609797721258
0.609550023776
0.60935740138
0.609192320254
0.609027260872
0.608917233709
0.608477248064
0.608339777788
0.60822981275
0.608037398473
0.607652679258
0.607460356305
0.60732300096
0.607158195669
0.607020874494
0.606883568849
0.606636461555
0.606471750695
0.606334507175
0.606169836074
0.606060067351
0.605922870426
0.605758255238
0.60564852379
0.60540166686
0.605319391571
0.605182278514
0.605100018135
0.604935516014
0.604825859116
0.60455176098
0.604359930678
0.604195528579
0.604031147602
0.603921572709
0.603729842428
0.603592909534
0.603455992171
0.603319094067
0.603154832991
0.603045337619
0.602853745256
0.602634820984
0.602498012339
0.602361219227
0.602142384415
0.602005631683
0.601868895104
0.601759516526
0.601622807282
0.601458777933
0.600966842713
0.600884869352
0.600775580234
0.600092765225
0.599956245462
0.599655961003
0.599464907264
0.599355747366
0.599110175803
0.598946488763
0.598837376702
0.598701000448
0.598564639725
0.598373760558
0.59826470006
0.598101128572
0.597992092925
0.597883067217
0.597719547914
0.597610547057
0.597365333955
0.597120172418
0.59701122623
0.596902289983
0.596766133651
0.596629992851
0.596466644393
0.596330537761
0.596140015813
0.595976734449
0.59584068373
0.595759060754
0.595650238816
0.595514225373
0.595351030363
0.59513347719
0.594943146587
0.594807213906
0.594698478943
0.594589753921
0.594426685025
0.594426675706
0.593937644831
0.593856152318
0.593693184064
0.59355739427
0.593503082702
0.593367314652
0.593258711395
0.593150118077
0.592960104311
0.592851538329
0.592742982287
0.592634436184
0.59247163629
0.592335986898
0.592173228006
0.592037612784
0.591902012472
0.591549546711
0.591386895295
0.591386885977
0.59108875912
0.590899075859
0.590899062813
0.590682320993
0.59060105213
0.590330200027
0.59019479603
0.590059408185
0.589951108098
0.589761608727
0.589626269961
0.589518009634
0.589274460862
0.58916623284
0.588976859583
0.588760474362
0.588652293554
0.588490041602
0.588219675938
0.588111544831
0.587976395547
0.587868286805
0.587760188624
0.587679121046
0.587517002662
0.587435951858
0.587327892816
0.587165823511
0.587003776572
0.586814751837
0.58670674995
0.586598758003
0.586409798498
0.586301833886
0.586139906227
0.586031966465
0.585897055741
0.585519410704
0.585411528097
0.585276688816
0.585168828574
0.585087940537
0.584980098312
0.584845308731
0.584710534682
0.584575776785
0.58444103442
0.584279363958
0.584171595661
0.584063837304
0.583956088887
0.58384835041
0.583740621874
0.583659831994
0.583579047706
0.583471344019
0.583363650272
0.583229047688
0.583067544964
0.582932976548
0.582852242581
0.582610078577
0.582421762067
0.582314165235
0.582206578343
0.582072108706
0.581668827153
0.581507540624
0.581400028282
0.58129252588
0.581131291537
0.58099694615
0.580808889944
0.580620863558
0.58045972178
0.580244902731
0.580137507184
0.580030121577
0.579895903547
0.579788540927
0.579547014325
0.579386023511
0.579225054441
0.579090929598
0.578903181532
0.578795910236
0.578688648879
0.578581397462
0.578366926934
0.578206100131
0.578045295692
0.577938103915
0.577857716606
0.577750542224
0.577536227009
0.577375515137
0.577214824387
0.577107710267
0.577000605466
0.576839967522
0.576706119757
0.576545522816
0.576438470199
0.57635818726
0.576251152039
0.57611737199
0.576010359134
0.575796366968
0.575689383932
0.5755021894
0.575421971692
0.575315023445
0.5751011605
0.574860614231
0.574860586275
0.574673526554
0.574459781025
0.574299498437
0.573872200588
0.573765396471
0.573685299907
0.57355181868
0.573471737026
0.573338280027
0.573124783619
0.572964685542
0.572804610452
0.572724580983
0.572671231109
0.572511197021
0.57240451964
0.572164536224
0.572031231432
0.571897942792
0.57171136454
0.571631411485
0.571524816109
0.571338299361
0.571205090863
0.571071897895
0.570965354704
0.570832189693
0.570645785392
0.570486034594
0.570379546073
0.570299686205
0.570193215079
0.569980308859
0.569847258779
0.569740829898
0.569607808396
0.569528002577
0.569395005925
0.569262024183
0.569182242593
0.569049285701
0.568996107293
0.568889757931
0.568703672331
0.568570771352
0.568411311299
0.568358162711
0.568119034135
0.567986201493
0.567906509363
0.567773702193
0.567614353343
0.567455028723
0.567322273737
0.567189534283
0.56705681036
0.566871024824
0.56671180271
0.566605667059
0.566473011473
0.566366898187
0.566260794841
0.566154701435
0.566022098656
0.565916027615
0.565332828856
0.565200322992
0.565094328986
0.564908863394
0.564829387458
0.564670452362
0.564564508056
0.56448505635
0.564379129439
0.564246734779
0.564140830233
0.563955521817
0.563849644606
0.563717312692
0.563611457846
0.56350561294
0.563452694215
0.563373320786
0.563002997806
0.562923656061
0.562791432244
0.562685664373
0.562579906442
0.562527031204
0.562394853982
0.562236261815
0.562051267752
0.561892725907
0.561787042527
0.561707786514
0.561575706206
0.561470052646
0.561364409025
0.561126752813
0.560994740221
0.560941939533
0.560783554244
0.560677975233
0.560546015448
0.560440458802
0.560229379058
0.560150233007
0.560018335968
0.559912829022
0.559833705336
0.55962273866
0.559517268989
0.55941180988
0.559306360089
0.559200920239
0.559095490328
0.558937365963
0.558858311236
0.558726566404
0.558621181223
0.558515805982
0.558410440682
0.558305085321
0.558199740522
0.558068072724
0.557936421079
0.557857437175
0.55775213462
0.557594199737
0.557488921411
0.557383653026
0.557252082143
0.557199457891
0.557067908131
0.556962679505
0.556831158323
0.55677855395
0.556673352659
0.556541865024
0.556436686099
0.55643665193
0.556278902801
0.556173748725
0.55606860459
0.555989753011
0.555858346139
0.55577950947
0.555700678393
0.555543034876
0.555490491386
0.555332876447
0.555227812453
0.555043973915
0.554860167061
0.554755147176
0.554650137852
0.554545138468
0.554466394987
0.554413902439
0.554308924799
0.554098999338
0.553994051518
0.553810417993
0.553705497507
0.553600586962
0.553495686978
0.55333836092
0.553207267779
0.553102404449
0.552997551058
0.55286649892
0.552735462313
0.552604440616
0.55249963444
0.552421036332
0.552342443815
0.552028142705
0.551661583881
0.551504513157
0.551399811352
0.551242781009
0.55111193761
0.550981108501
0.550797974461
0.550614872105
0.550536408187
0.550405648036
0.550274902795
0.550196463106
0.550118029008
0.550065742715
0.549961177585
0.549752077766
0.549438514702
0.549334009212
0.549177271478
0.549020554866
0.548889974257
0.548837746362
0.548602760905
0.548472230617
0.548367817072
0.548132935985
0.547898096522
0.547767650102
0.547689389333
0.547611134155
0.547480721904
0.547272097342
0.547167798107
0.546959230699
0.546854961284
0.546490115247
0.546333783811
0.546229574036
0.546021188033
0.545943052135
0.545708680474
0.545214091272
0.545083964175
0.545005895372
0.544901812333
0.544797739233
0.544693676073
0.544511591325
0.544433563525
0.544329535155
0.544199513671
0.544043509633
0.543913522318
0.543783551155
0.543471692181
0.543367755756
0.543237849824
0.543133935764
0.542978084555
0.542874195345
0.542770316075
0.542640481587
0.542510663873
0.542432779582
0.542328942557
0.542199160875
0.542095346216
0.541887749201
0.541732076912
0.541343031931
0.541265231508
0.541187436677
0.541057791049
0.540928160952
0.540824468058
0.540720785103
0.54064302941
0.540539363851
0.540357975524
0.540280245924
0.540073000537
0.539917588552
0.539736305838
0.539658620968
0.539503268622
0.539322054246
0.539244399196
0.539140867826
0.539011467592
0.538933834907
0.538675108989
0.53857163229
0.53846816553
0.538364708711
0.538183683816
0.538080254332
0.537976834787
0.537899276652
0.537770025518
0.537666635794
0.537563256009
0.537485727694
0.537356526881
0.537253176917
0.537149837514
0.537046507429
0.536891531561
0.536762402193
0.536659109383
0.536581646299
0.536478370885
0.53637510541
0.536168606145
0.536013758255
0.535910537511
0.535807326706
0.535420392734
0.535317229766
0.535136718645
0.535033582391
0.534930456077
0.534775785864
0.534466529307
0.534337691926
0.53410583198
0.533899775045
0.533796758071
0.533693751036
0.533642251247
0.533590753942
0.533462021552
0.533256088246
0.533153133397
0.533050188488
0.532947253519
0.532870058815
0.532664236091
0.532535616148
0.5324327315
0.532252708682
0.532149850748
0.532047002754
0.5318927494
0.531789926256
0.531687113052
0.531584309787
0.53143012415
0.531301653307
0.531173197373
0.531096131268
0.530993385159
0.53089064899
0.530839284633
0.530710884612
0.530633852055
0.530479804335
0.530377117866
0.530351447802
0.530248773758
0.530146109654
0.530017794123
0.529915152384
0.529812520585
0.529761208413
0.529632938854
0.529555984575
0.529427740488
0.529222584987
0.529145660527
0.528991832109
0.52888928977
0.528761126445
0.528658606471
0.528530470482
0.528427972873
0.528325485204
0.528171774202
0.528043697231
0.527838808868
0.527736378354
0.52760835419
0.527505946662
0.527403549074
0.527275565913
0.527122007738
0.527019646804
0.52691729581
0.526661468647
0.526559152443
0.526456846179
0.526354549855
0.526226695292
0.526098854397
0.526022157314
0.525919903235
0.525817659097
0.525638757014
0.525562093479
0.525434333968
0.525332137044
0.52522995006
0.525102230309
0.525025605913
0.524923448749
0.524744701358
0.524668103054
0.524565982544
0.52446387011
0.524361767617
0.524234154099
0.52413207397
0.524004487787
0.523927943533
0.523825893224
0.523723852855
0.523621822426
0.523519802559
0.523443293715
0.523315791401
0.523213800733
0.523009850458
0.522907889609
0.5228059387
0.522703998353
0.522602067324
0.522500146236
0.522398235087
0.522270860129
0.522168971967
0.522067093123
0.521837906417
0.521736060499
0.521634223901
0.521532397242
0.521354226372
0.521150641392
0.521048861948
0.520997975954
0.52089621142
0.520794456827
0.520692712173
0.520540114452
0.520387539716
0.520285835444
0.520158718926
0.520006199482
0.519879116512
0.519777461319
0.519650406926
0.519523368065
0.51944715183
0.519345538882
0.519243935873
0.519142342805
0.519091549998
0.51898997184
0.518913794744
0.51881223398
0.518685297626
0.518558376802
0.518456850828
0.518355334795
0.518253829323
0.518177706276
0.518050846956
0.517924003167
0.517822539319
0.51772108541
0.517619641442
0.517467494748
0.51736607563
0.517264666451
0.517163267213
0.517061877914
0.516884471803
0.516707098618
0.51663108926
0.516479087938
0.516251133171
0.51620048201
0.515997908426
0.515921951252
0.51579536901
0.515694114523
0.515592869355
0.515491634127
0.515390408838
0.515162695116
0.515086799447
0.515036205441
0.514935024882
0.514833854264
0.514757982823
0.514631543469
0.51453040267
0.514403991272
0.514328151515
0.514227040537
0.51407539395
0.513999578422
0.513721645928
0.513620595212
0.513519553813
0.513393266044
0.513317500837
0.51306499612
0.512837799279
0.512787315855
0.512711595378
0.51261064344
0.512509702063
0.512408770005
0.512282620774
0.512181711081
0.512106035334
0.512030365179
0.511929480336
0.51177817233
0.511727741091
0.511526044712
0.511425209569
0.511324384366
0.511248771987
0.511147964179
0.510845608471
0.510744840423
0.510593707609
0.510518149279
0.510417413536
0.510341868252
0.510215972491
0.510014574313
0.509863548976
0.509762877843
0.509687381016
0.509586727278
0.50948608348
0.509133931451
0.509033332383
0.508932743255
0.508807021445
0.508681315165
0.508555624417
0.508480217051
0.508379682593
0.508304288273
0.50820377121
0.50807813948
0.507952523282
0.50785204101
0.507751568677
0.50767622095
0.507575766634
0.507500431953
0.50739999441
0.507274462081
0.507174047525
0.507073642287
0.506973246989
0.506872861631
0.506747393912
0.506672120736
0.506571765819
0.506471420221
0.506346002823
0.506145368783
0.506019991766
0.505919700838
0.505919684686
0.505719141969
0.505643945206
0.505568754035
0.505468507837
0.505368271579
0.505192883289
0.505092674366
0.505017524197
0.504892286341
0.504767064637
0.504666897959
0.504416531586
0.504316399698
0.504241307306
0.504116166364
0.504041089503
0.50394099489
0.503815890603
0.503740835485
0.503640770692
0.503565728621
0.503465681223
0.503315629386
0.503140598935
0.503040593783
0.502940599191
0.502715652519
0.502615689611
0.502265913243
0.502116042189
0.502041113807
0.501941217994
0.501841332743
0.501766424862
0.501666556384
0.501591661549
0.501566697847
0.501466849249
0.501416928678
0.501217273728
0.501092508022
0.500992706639
0.500892915196
0.500793133694
0.500693362132
0.500568662278
0.50046891308
0.500344240562
0.500244513729
0.500094942118
0.500020164699
0.499970316193
0.499870626636
0.499820785584
0.499746028667
0.499546708571
0.499422150983
0.499372332297
0.499297608927
0.499222891149
0.499173082402
0.49904857203
0.498973872889
0.498899179339
0.498724918618
0.49862535331
0.498500911276
0.498227198936
0.498102806601
0.498003303419
0.497878940283
0.497804328738
0.497804319419
0.497729713466
0.497679979269
0.497555654651
0.497505929152
0.497431345564
0.497331909476
0.497232483329
0.497108216487
0.497008813326
0.496909419483
0.496636150717
0.496561632359
0.496462283247
0.496238788436
0.496164299899
0.496040165383
0.495940868456
0.495692683293
0.495518987288
0.495394932914
0.495295700597
0.495122069202
0.49502286422
0.494923669799
0.494923649919
0.494799670716
0.494700498038
0.494626125054
0.49457654617
0.494452610454
0.494229573505
0.494105681277
0.493957032222
0.493857944035
0.493734099022
0.4936350332
0.493560740357
0.493189364978
0.493090353826
0.492867616941
0.492620195294
0.492545978865
0.492348100069
0.492224443295
0.492150256685
0.492026624761
0.491952453061
0.491804127057
0.491680540484
0.491581680917
0.491334577351
0.49128516372
0.491211047933
0.491136937737
0.491062833132
0.490988734119
0.490840553487
0.490741779032
0.490568950293
0.490494888554
0.490420832407
0.490198698756
0.490099988289
0.489779253511
0.489705251413
0.489606590646
0.489409305145
0.489286019878
0.489187401977
0.489064143424
0.488965547268
0.488866961051
0.488743742258
0.488669818437
0.48857126204
0.488497351266
0.488275661809
0.488078644687
0.488004771188
0.48793090328
0.487660109574
0.487561655063
0.487438600901
0.487290956408
0.48729094709
0.487143326826
0.487020326092
0.48670062321
0.486479338809
0.486381003577
0.486282678906
0.486036922211
0.485938631709
0.485864920356
0.48581578256
0.485521030335
0.48537367783
0.485275454424
0.484980851299
0.484882667652
0.484710873916
0.48449004924
0.484391915293
0.484318321356
0.484220204805
0.484097574957
0.483999481392
0.483876877637
0.483803322839
0.483680743934
0.483607204045
0.483484650612
0.48338661855
0.48323959158
0.483141584369
0.483019089954
0.482921105729
0.482872117033
0.482798638649
0.482651699275
0.482529266364
0.482357887002
0.48225996925
0.482162061439
0.482064163568
0.481990746687
0.481917335398
0.4818439297
0.481746064133
0.481623746775
0.481550363442
0.481452527695
0.480792506362
0.480719186396
0.480474836833
0.480328250951
0.480254966397
0.480108414683
0.480010725552
0.480010710021
0.479913030829
0.479839777959
0.479424825597
0.479327206045
0.479180795977
0.479083201276
0.478985616514
0.478863650162
0.478644154961
0.47854661493
0.47844908546
0.478351565309
0.478205304341
0.478083436767
0.478083424342
0.4779615723
0.477864101849
0.477791005534
0.477498687367
0.477425619008
0.47723079925
0.477133403349
0.477060362946
0.476889958326
0.476743921008
0.476646574807
0.476573571679
0.476476242873
0.47647623666
0.476403246579
0.476208634939
0.475916797621
0.475770909403
0.475673663223
0.475527812901
0.47543059095
0.47535768101
0.475284776661
0.47518757956
0.47484749097
0.47477462576
0.474677480844
0.47443466639
0.474361832864
0.474264730193
0.474167637461
0.474046286768
0.473973483062
0.473876420151
0.473730846286
0.473658066808
0.473536780725
0.473439762544
0.473342754303
0.473245756002
0.473124522725
0.472954822603
0.472857864683
0.472712447373
0.472639746173
0.47249436241
0.472421677984
0.472348999149
0.472227880804
0.472155216879
0.472058340343
0.471937259272
0.471864617712
0.471791981743
0.471598319374
0.471501499993
0.471404690552
0.47125949565
0.471114323112
0.470993363186
0.47087241879
0.470703124344
0.470630577836
0.470533858476
0.47036462367
0.470292103254
0.470147079817
0.470074576174
0.470002078123
0.469881260463
0.469784618138
0.469687985132
0.469567208475
0.469470597834
0.469349849132
0.469253260857
0.46913253949
0.469011834276
0.46893941823
0.468818737245
0.468722203639
0.468625680594
0.468505040612
0.468456788719
0.468384415539
0.468287926663
0.46821556653
0.468119095049
0.468046748583
0.467950294497
0.467877960456
0.467757416767
0.46758868331
0.467492277061
0.467347686014
0.467251303993
0.46720311671
0.467010396157
0.466914048926
0.466841795026
0.466769546718
0.466697304
0.466576912518
0.466456537809
0.466360247733
0.4662880367
0.466239899117
0.466119566653
0.466119557956
0.465951120214
0.465903000026
0.465782710429
0.465686490554
0.465686466947
0.465590256391
0.465518104998
0.465229561549
0.465109358926
0.464893036451
0.464820939106
0.464772877316
0.464628708098
0.464484560623
0.464484551926
0.464364446218
0.464364440006
0.464196317859
0.464100261374
0.464028225533
0.463908178223
0.463788148308
0.463716136696
0.463428149266
0.463308180234
0.463092277723
0.463044305393
0.462900404555
0.46278050386
0.462564724979
0.462540752171
0.462540745958
0.462420891236
0.462301053909
0.462181230249
0.462181221551
0.46210933481
0.46201349452
0.461965578102
0.46196557189
0.461893701923
0.461749980626
0.4615823356
0.461510495453
0.461390774299
0.461271070541
0.461175317226
0.460840281265
0.46072064895
0.460648875898
0.460577108437
0.460433591532
0.460385757119
0.46031401016
0.460242268791
0.46012271289
0.460027078855
0.45993145476
0.459811938619
0.459764136512
0.45969243801
0.459620745099
0.459525163249
0.459429591338
0.459357918929
0.459310140429
0.459310128625
0.459166808656
0.459071274021
0.458999629568
0.458904112328
0.458689238608
0.458593754294
0.458522147116
0.458426679576
0.458355085444
0.458283496903
0.458164195093
0.458044909436
0.457973345125
0.457973329593
0.457901770873
0.457687130743
0.457281851248
0.457186512928
0.457091184548
0.457091178336
0.457019688574
0.456948204403
0.456900551396
0.456757607904
0.456614688021
0.456519419281
0.456209898693
0.456138477889
0.456067062678
0.455924250891
0.455829054216
0.455710074215
0.45563869255
0.45559110788
0.455472157077
0.455377008239
0.455305652667
0.455234302686
0.455139178076
0.454972735169
0.454901411281
0.454830092985
0.45473501062
0.454473595309
0.454354792364
0.454164741323
0.454164732625
0.45406971984
0.453927223028
0.453832235093
0.453761000665
0.453618548583
0.453547330929
0.453476118866
0.453191332739
0.453096421839
0.453025245187
0.452906629859
0.452906623647
0.452811742567
0.452693155817
0.452598297723
0.452598247402
0.452503398627
0.452432268569
0.452290025848
0.452171506814
0.45207670277
0.451981908665
0.451981892512
0.451887108348
0.45176864212
0.451650191423
0.45157912846
0.451342301617
0.451342295405
0.45134228298
0.451200211724
0.451081835577
0.451010817345
0.450916135065
0.450821462725
0.450679474717
0.450490192163
0.450371909825
0.450300947505
0.450182690017
0.450111742607
0.450017154757
0.449946220393
0.44980436906
0.449638904001
0.449520733488
0.449473469383
0.449355320615
0.449284438436
0.449142692715
0.44904820675
0.4489773488
0.448764817815
0.44869398223
0.448623152236
0.448552327833
0.448457903994
0.448387092637
0.44822189161
0.448151098891
0.448056717296
0.447891574667
0.447797220407
0.447702876709
0.447584962151
0.447514219754
0.44732560318
0.447254881283
0.447066322485
0.446924925908
0.446807113856
0.446736432962
0.446642200468
0.446547977914
0.446453765299
0.446359562625
0.445982864995
0.44588871202
0.445794569607
0.445700437134
0.445629843836
0.445276972399
0.445182893975
0.445018281893
0.444947742644
0.444853699631
0.444759665937
0.44461863776
0.444524629537
0.444407133081
0.444266158332
0.444148697287
0.444125206569
0.444054738143
0.443984275929
0.443913818685
0.443725962522
0.443679004072
0.443608571057
0.443444255312
0.443350370717
0.443256496063
0.443162631349
0.443021854779
0.442928015536
0.442716921503
0.442599663607
0.442505868473
0.442435528646
0.442341750906
0.442177667509
0.442107353774
0.442060481056
0.44199017664
0.441943310136
0.441849584581
0.441755869589
0.441662165778
0.441545048285
0.441451364976
0.441381109017
0.441193790856
0.441123555399
0.441006509971
0.440959695651
0.440772465087
0.440702263177
0.440608669328
0.440538480464
0.44044490401
0.44039811951
0.440304557966
0.440187620014
0.440070698215
0.439953791947
0.439696657051
0.439626540874
0.439533061956
0.439462958825
0.439369496681
0.439276044477
0.439135888536
0.439065817088
0.438972397189
0.43887898723
0.438808936284
0.43871554372
0.438598817615
0.438318750505
0.438248744289
0.438202076585
0.438062090245
0.437945450493
0.437875474097
0.437712218205
0.43747904742
0.437385796501
0.437222633175
0.437129409591
0.436919702189
0.43682651091
0.436686743872
0.43657028801
0.436477134007
0.436407275027
0.436314138418
0.436197732256
0.436127895642
0.436058064618
0.435918419966
0.435755528748
0.435639197136
0.435569405251
0.435476358103
0.435406579264
0.43531354951
0.435243783718
0.435081022341
0.435011275186
0.434941533623
0.434871797651
0.434825310109
0.434685864257
0.434499970623
0.434267663998
0.434174756009
0.434058635622
0.433965749999
0.433896092304
0.433826440201
0.433663941612
0.433339052533
0.433246243945
0.432944701453
0.432828745698
0.432759179327
0.432573700068
0.432480973484
0.432411435069
0.432318725881
0.432202853995
0.432086997639
0.432086991427
0.431994317028
0.43190165257
0.431855324068
0.431785835975
0.431716353473
0.431577407106
0.431507941378
0.431415329104
0.431322727392
0.43123013562
0.431044983138
0.430975560276
0.430836732568
0.43076732648
0.430651662712
0.430512886568
0.430420381771
0.430327886292
0.430235400754
0.430189161712
0.430096691705
0.430027345257
0.429911782132
0.429819341323
0.429703804912
0.429588285275
0.429495879256
0.429426581266
0.429311097661
0.42919563083
0.429103267056
0.429034000749
0.428918569951
0.428872401731
0.428780072748
0.428710832534
0.42864159791
0.428503146059
0.42843392821
0.428318578174
0.428249375234
0.428134050048
0.428087924074
0.42797262001
0.427880387942
0.427857331478
0.427788165814
0.427695953625
0.427603751377
0.427534606214
0.427419380428
0.427235051103
0.427050762159
0.426935597876
0.426843477633
0.426705316527
0.426636244671
0.42647510103
0.426360014404
0.426336998943
0.426267956286
0.42612988961
0.426014850199
0.425899825698
0.42580781728
0.425577845934
0.425485872306
0.425393908618
0.425210012925
0.425118079057
0.424888297193
0.424773424898
0.424704508977
0.424635598646
0.424543727524
0.42447483024
0.424382975892
0.424268171935
0.424130428309
0.424038611857
0.423900906749
0.423625574188
0.423510874601
0.423442061186
0.423121013298
0.423006380185
0.422891763224
0.422800080962
0.422731325323
0.422639659835
0.422570917242
0.422525091953
0.422433449451
0.422250197374
0.422158584692
0.422021183997
0.421860914454
0.421746452806
0.421609119206
0.421517576104
0.421426042321
0.421357398507
0.421288760284
0.421174377535
0.421105754222
0.42099139508
0.420785590373
0.42069413611
0.420556975217
0.420488402225
0.420488386073
0.420282709965
0.420214159338
0.4201227672
0.42005422962
0.419962854877
0.419871490074
0.419780135211
0.419643122797
0.419551792784
0.419437644246
0.419277864249
0.418889985977
0.418775928142
0.418661885837
0.418547859065
0.418433847823
0.418342649515
0.41822866623
0.418137490908
0.417977959412
0.417886810804
0.417818455871
0.417681764644
0.417522320122
0.417431221214
0.417317363421
0.417249055083
0.417112458906
0.417044167341
0.416975881367
0.416816572899
0.416725551026
0.416657291145
0.416566288531
0.416475293994
0.416407054613
0.4163615648
0.416270592627
0.416179630394
0.416020474133
0.415952272028
0.415884075514
0.415747700503
0.415679520762
0.415588623761
0.415497736079
0.41542957684
0.415361423192
0.415088872591
0.415020746899
0.414929921342
0.414884512291
0.414793701643
0.41472560018
0.414657504309
0.414566718512
0.414294435048
0.414226374588
0.414090271063
0.41399954739
0.413931511159
0.413704766588
0.413614085782
0.413500748597
0.413432753368
0.413342102382
0.41322880185
0.413160828987
0.413024901897
0.412775764978
0.412662543967
0.412594617697
0.412481419672
0.412390872435
0.412300335759
0.412209808401
0.412074037867
0.411983535359
0.411915665002
0.411825179889
0.411734706581
0.411531179377
0.41144073651
0.411327697525
0.411259881217
0.411079074381
0.411011278573
0.410943488357
0.410875703732
0.410807924699
0.410740151256
0.410694972068
0.410536866962
0.41033363361
0.41022074621
0.410130447473
0.410062729943
0.409995018004
0.409791921949
0.409724232375
0.409633988308
0.409566311781
0.409476085108
0.409408421627
0.409250565643
0.409182920799
0.408732123535
0.408641988807
0.408574394285
0.408506805354
0.408416695477
0.408371644266
0.408304072109
0.408213985218
0.408078874451
0.408011327144
0.407898760309
0.407853737675
0.40785372525
0.407786195959
0.40771867226
0.407583642255
0.407538637017
0.407448633995
0.407336144816
0.407291153245
0.407156195927
0.40706623515
0.406998771712
0.406886344658
0.406818895509
0.406728972628
0.406639059066
0.406549155444
0.40648173425
0.406414318648
0.406122276939
0.406054891156
0.405987510966
0.405920136366
0.405852767358
0.405740498102
0.405673144004
0.405673125987
0.405583329842
0.405471098482
0.40538132408
0.405291560239
0.405224243416
0.40513449697
0.405134493243
0.405044756737
0.404910173412
0.404865316031
0.404798034619
0.404730758798
0.404618646719
0.404551385808
0.404439298579
0.404327225638
0.404237577971
0.404170348744
0.404035907685
0.403946292323
0.40383428772
0.403677510226
0.403543152415
0.403453591723
0.403364040971
0.403229735344
0.403117830141
0.40300594047
0.402894065708
0.402849320152
0.402759836495
0.402692730276
0.402603265878
0.402536172705
0.402469085123
0.402312569796
0.402133734188
0.402089030877
0.40199963171
0.401887897351
0.401843207708
0.401753835876
0.401575128245
0.401508120804
0.401441118955
0.401374122697
0.401240148818
0.40110619544
0.401039227138
0.400949944767
0.400860672956
0.400615226265
0.400525991108
0.400459071264
0.400369854123
0.400236049846
0.40012456088
0.400035380394
0.399946209847
0.39987933846
0.399812472665
0.39974561246
0.399656474219
0.399589627061
0.399522786115
0.399455950139
0.399366844203
0.399277748206
0.39918866215
0.39912185413
0.399055051702
0.399010519856
0.398943726747
0.398832419187
0.398765640988
0.39869886838
0.398587594988
0.39852083729
0.398365095421
0.398365079268
0.398231608602
0.398164880724
0.397920277069
0.397542384153
0.397409050784
0.397320173467
0.397209091421
0.396964774163
0.396920359112
0.396809332357
0.396742723759
0.396676120752
0.396498544418
0.396409769608
0.396343194557
0.396210061852
0.395988225779
0.395899507503
0.395832975319
0.395788623636
0.395633413556
0.395566903737
0.395478232676
0.395367407827
0.395278759131
0.395167964102
0.395079338392
0.395035028954
0.394902116171
0.394835667855
0.394747078799
0.394592073111
0.394459237984
0.394392826944
0.394326421495
0.394237889593
0.394149367632
0.394082982684
0.394016603328
0.393950229562
0.393883861388
0.393817498805
0.393706907547
0.393618445226
0.393552105008
0.393441551646
0.393375226338
0.393286801913
0.393198386807
0.393198378109
0.393109972943
0.393065774087
0.392999480463
0.392911097662
0.392734365607
0.392668099939
0.392601839863
0.392535585378
0.392469336484
0.392403093181
0.392314777475
0.392248547218
0.392138177746
0.392094033561
0.392005753266
0.391917482289
0.391829221875
0.391763032621
0.391652730244
0.391564499027
0.391520387147
0.391476277751
0.391388066415
0.391299865019
0.39116758529
0.391123495774
0.391013284721
0.390947164426
0.390881049722
0.390748838952
0.390616650546
0.390528536125
0.390484482642
0.390396383131
0.39030829356
0.390242232905
0.39015416135
0.390044086972
0.389956037782
0.389867998532
0.389801975152
0.38953795556
0.389449962904
0.389361980188
0.389295999675
0.389164056042
0.389120079594
0.389010149967
0.388944199273
0.38881231528
0.388724405251
0.388658478786
0.388482704078
0.388306973478
0.388241082424
0.388175196962
0.388109317091
0.38804344281
0.387780023968
0.387736125797
0.387648337533
0.387582502391
0.387472790202
0.387385031136
0.387297282632
0.38723147731
0.387231468613
0.387121806124
0.387034087439
0.387034078742
0.386902520284
0.38683674851
0.3867052236
0.386595635661
0.386507975995
0.386376506998
0.386310779954
0.386266965031
0.386179343262
0.386113632992
0.386026027996
0.385982229226
0.385872744414
0.385763274512
0.385675709277
0.385588154602
0.385500609246
0.385391192772
0.385172408282
0.385106783744
0.38499742194
0.384953681567
0.384866208277
0.384800609832
0.384735016978
0.384669429716
0.384603848045
0.384538271965
0.384385286583
0.384276029149
0.384166786004
0.384079402794
0.383992028904
0.383926505009
0.383686304776
0.383555317248
0.383468003619
0.383358875405
0.383249763965
0.383206122992
0.383118848501
0.383053399156
0.383009769366
0.38294432934
0.382944313188
0.382878878753
0.382813449909
0.382748026657
0.382748020444
0.382682602783
0.382638994115
0.382399195211
0.382355602696
0.3822466329
0.382159468371
0.382094101031
0.382028739283
0.381941598982
0.38187625028
0.381810907169
0.381767348201
0.381702014409
0.381701996393
0.381658443638
0.381571345582
0.381506028564
0.381397179912
0.381223060215
0.381048977793
0.381005462313
0.380918438807
0.380809674025
0.380744422238
0.380657428552
0.380570445428
0.380461730345
0.380396508378
0.380331292002
0.380222612331
0.380179144066
0.380135678286
0.380070484275
0.380027024707
0.379961840015
0.379657734866
0.379549150246
0.379484006557
0.379397157622
0.379310318007
0.379266901927
0.379223488332
0.379180077222
0.378984771024
0.378832893331
0.378724426749
0.378637664169
0.378550911529
0.378485853571
0.378334077143
0.378204005337
0.3781389772
0.378073954654
0.3780089377
0.377943926336
0.377835588353
0.377748927658
0.37761895898
0.377618953389
0.377532317543
0.377467347183
0.377294124571
0.377229174711
0.377142583596
0.377034359301
0.376904511767
0.376817957927
0.376731414648
0.376731387313
0.37655833306
0.376450192634
0.37634206774
0.376255579131
0.376169099841
0.376061014706
0.37593133491
0.375801679342
0.375672042412
0.375326501729
0.375261721471
0.375175356491
0.375067416107
0.374959490013
0.374916323675
0.374808420567
0.374355484337
0.374226098392
0.374161413185
0.374075175562
0.373945843044
0.37385963027
0.373794976747
0.373579508491
0.373536421673
0.373407177995
0.373321026725
0.373256419795
0.37317028592
0.373084162607
0.372954997206
0.372911946421
0.372825852927
0.372696732256
0.37256763395
0.37239553518
0.372309501326
0.372223476791
0.372115960722
0.371836499953
0.371772021622
0.371686059212
0.371535652641
0.371385275268
0.371320836076
0.371234926472
0.371149026809
0.371084608118
0.37099872585
0.370934320206
0.370784063976
0.370676757269
0.370633838189
0.370462192932
0.370354930954
0.370290581222
0.370204790898
0.370054681906
0.369990358267
0.369883165247
0.369797421518
0.369711687728
0.369561681241
0.369411705196
0.369368859424
0.369218920033
0.36915466908
0.369090423718
0.36896195039
0.36891913071
0.368833499426
0.368769282021
0.368662265437
0.368619463152
0.368533866037
0.368469674725
0.368341309494
0.368298525847
0.368212966007
0.368127416728
0.368063260827
0.367977728322
0.367892206379
0.367721193555
0.367592958786
0.367528849479
0.367464745762
0.367379282837
0.367293829853
0.367251107088
0.367208386808
0.367101597602
0.36703753116
0.36703751625
0.3669734554
0.366930751273
0.366866699741
0.366802653801
0.366738613452
0.366674578694
0.366610549527
0.366546525952
0.36643983304
0.366354489395
0.366269155691
0.366205161935
0.366141173771
0.366077191198
0.365991889799
0.365927920272
0.3659278743
0.365927868087
0.365799948293
0.36573599554
0.365672048379
0.365586794194
0.365522860079
0.36543762329
0.365331091902
0.365267180152
0.365203273993
0.365139373425
0.365096776153
0.365032884904
0.364968999246
0.36490511918
0.364819954456
0.364777375821
0.364692226006
0.364607086132
0.364564519922
0.364521956198
0.364415561485
0.364117762648
0.364032689869
0.363905103065
0.36356501199
0.363458753332
0.363331265306
0.363267528749
0.363055120772
0.363033882707
0.362991408443
0.362927701705
0.362842768707
0.362757845028
0.362651708134
0.36256680682
0.362503137357
0.362439473486
0.362248519768
0.362184878262
0.362184872049
0.362142447485
0.362078815297
0.362015188701
0.361951567696
0.361845546976
0.361760740713
0.36167594439
0.361633549646
0.361548767611
0.361485187609
0.36148517829
0.361400414272
0.361315659573
0.361230914814
0.361167362767
0.361061455115
0.360722689789
0.36053219766
0.360341748397
0.360257117948
0.360151344486
0.360066737023
0.360003287483
0.359622721948
0.359517042916
0.359474774907
0.359221228975
0.359157853985
0.359031122642
0.358946646263
0.358862180446
0.358798837139
0.358714388095
0.358651057835
0.358566626808
0.358461103088
0.358271199905
0.358102442219
0.35801807518
0.357975895388
0.35791263036
0.357828286307
0.357743952194
0.357617469352
0.357617465625
0.357512081686
0.35744885766
0.357427784227
0.35734349733
0.357280288214
0.357217084689
0.356943277298
0.356922218775
0.356585371248
0.356374926422
0.356311803039
0.356206610446
0.355996273717
0.355954213205
0.355849073419
0.355743950406
0.355659861687
0.355491717797
0.355428672691
0.355344621868
0.355281589808
0.355134539231
0.355071525809
0.355008517978
0.354945515738
0.354861522071
0.354777537722
0.354693563934
0.354567622201
0.354483673264
0.354378750914
0.354315804587
0.354210908331
0.354147977535
0.354064078297
0.353980188379
0.353917277463
0.35383340556
0.353644738044
0.353602816692
0.353539939323
0.353456112151
0.353393247829
0.353330389098
0.353246586775
0.353162793772
0.353016186146
0.352974302069
0.352932420477
0.35284866537
0.352848643005
0.35268116758
0.352618372217
0.352555582445
0.352450947113
0.352346326071
0.352283560527
0.352199882455
0.352137129958
0.352074383052
0.352011641737
0.351948906014
0.351886175882
0.351802545025
0.351718923486
0.351614412405
0.351551712093
0.351384544808
0.351342757646
0.351259190778
0.351133860976
0.351050319579
0.350883269089
0.350820634008
0.350737129886
0.350611895136
0.350528415242
0.350486679023
0.350444945289
0.350361485897
0.35029889741
0.350236314514
0.35019459569
0.35015287935
0.350111165496
0.350006892354
0.349965187197
0.349902634121
0.349840086637
0.349840071105
0.349777529212
0.34967330577
0.349589938323
0.349527418794
0.349339903076
0.349277405913
0.349214914341
0.349048303697
0.348965010178
0.348881727221
0.34881927106
0.348756820491
0.348673561762
0.348611124239
0.348444653998
0.348091074335
0.347966311114
0.347883146816
0.347654513643
0.347550607039
0.347488270158
0.347425938869
0.347322066433
0.347259750053
0.347197439265
0.347031307605
0.34682370065
0.346761429001
0.346657659071
0.346595402332
0.346263495609
0.346180535702
0.346118321829
0.346035379317
0.345910985119
0.345848795474
0.345765885267
0.345703708669
0.345641537663
0.345579372247
0.345537931743
0.34545505819
0.345392909548
0.345289342767
0.345102959588
0.34504084263
0.344978731264
0.344937326792
0.344854525304
0.344771733756
0.344688952769
0.344626873086
0.344585489737
0.3444613546
0.344378610888
0.344295876495
0.344254513026
0.344171794164
0.344027065199
0.343944373051
0.343841021844
0.343737686789
0.343613708207
0.343531065759
0.343489748263
0.343407121346
0.343345157216
0.343262547073
0.34266406804
0.342602171005
0.342499021704
0.342375264909
0.342292771561
0.342189670718
0.342127816548
0.342086583542
0.342024738692
0.341921676987
0.341839238931
0.341736206425
0.341674393259
0.341612585683
0.341550783699
0.341488987306
0.341365413779
0.341283042818
0.341221270654
0.341159504081
0.340974244123
0.340891920376
0.340830183623
0.34072730146
0.340686152944
0.340624434829
0.340521583728
0.34043931403
0.34037761828
0.340295366598
0.340233683894
0.340130892434
0.34008977995
0.340007562437
0.339925355486
0.339760976373
0.339699342126
0.339658255735
0.339596630807
0.33949393564
0.339432325623
0.339411790193
0.339309124225
0.339227001763
0.339165415974
0.339083310287
0.339021737544
0.33889861256
0.338857574626
0.338796022385
0.338693448362
0.338570383018
0.338426833186
0.338303813193
0.338221812497
0.338139821119
0.337934892375
0.337893912839
0.337811961221
0.337750504031
0.337709535677
0.337566169735
0.33750473491
0.337443306298
0.337402356581
0.33727952607
0.337136248967
0.33703392593
0.336911160028
0.336849784843
0.336788415249
0.336706598443
0.336624790955
0.336542993408
0.336440764179
0.336338547375
0.336277224375
0.336215906966
0.336195469072
0.33607285662
0.335991126789
0.335868553475
0.335827699431
0.335664310591
0.335582629838
0.335521375797
0.335460127347
0.335378472066
0.33515398077
0.335072362763
0.335011155316
0.334888759059
0.334827568385
0.334786777709
0.334725596354
0.33468481189
0.334623639854
0.334582861602
0.334501312555
0.334379010106
0.334297485909
0.334236349284
0.334154842482
0.334093719524
0.334032601537
0.333930751271
0.333767826504
0.333706738337
0.3333199808
0.333197893925
0.333116514479
0.333055485952
0.332933447535
0.332852099772
0.33277076195
0.332628446543
0.332384547386
0.332221997855
0.332140737068
0.332079798
0.332018864524
0.331897014346
0.331836097644
0.331734584095
0.331633084835
0.331633071168
0.331572178694
0.331531586818
0.331470703663
0.331288090231
0.331206943754
0.331125807217
0.330963573281
0.330882467185
0.330801370408
0.330618943351
0.3305378795
0.33045682559
0.330416302051
0.330294748209
0.330213723497
0.330132708725
0.330051703893
0.329970709
0.329909969354
0.329748030513
0.329687311368
0.329626598436
0.329525421605
0.329424262169
0.329363572844
0.329302889111
0.329161321689
0.329040000816
0.328979346903
0.328918698581
0.328797419952
0.328736788404
0.328676162447
0.32857513161
0.328474116926
0.328413515197
0.328312526605
0.328251939787
0.328130784788
0.328070214743
0.327989464002
0.327969277715
0.32790872258
0.327767450874
0.327545518507
0.327485002512
0.327424492107
0.327303491799
0.327222835488
0.327122030165
0.327061553308
0.326839860745
0.32677940998
0.326537690791
0.32645712891
0.326356440382
0.326296034348
0.326235633904
0.326175239052
0.326034343202
0.325973966988
0.325913596364
0.325853231332
0.32577275332
0.325712401335
0.32565205494
0.325591714137
0.325430836391
0.325350411185
0.325269995298
0.325189589973
0.325089097139
0.324727485952
0.324667230881
0.324667222184
0.324627055243
0.324586890787
0.32450656933
0.324466412329
0.324406182108
0.324325883017
0.324265665221
0.324145247025
0.324085046003
0.324004786671
0.323824252564
0.323764081362
0.323703915751
0.323643755732
0.323583601304
0.323583595091
0.323523446254
0.323443257124
0.323343034534
0.323262867147
0.3231827097
0.323102562194
0.322882212152
0.322782076537
0.32272200225
0.322661933555
0.322541814801
0.322421719033
0.322341665957
0.32226162282
0.322061571512
0.321961564496
0.321881569196
0.321821578778
0.321761593951
0.321761582768
0.32168161356
0.321561677454
0.321481731233
0.32144176185
0.321381812434
0.321301888577
0.321241952208
0.32118202143
0.321102123045
0.321022233978
0.320922386623
0.320842519922
0.320682822551
0.320682795216
0.320622916623
0.320543087818
0.320483222271
0.320423362316
0.320343557739
0.32028371083
0.320144093513
0.320024446288
0.31992475611
0.319884883641
0.319825079598
0.319765281147
0.31958592493
0.319585921203
0.319526145116
0.319506220996
0.31942653073
0.319386689324
0.319287097303
0.319207434993
0.319147694318
0.319107870307
0.319028229741
0.31896850646
0.318928693632
0.318769474003
0.318650083976
0.318590395485
0.318490927714
0.318311930581
0.318252273774
0.318232389414
0.318113098787
0.318033583092
0.317973952378
0.317795103723
0.317735495374
0.317675892616
0.31759643097
0.317516979885
0.31743753874
0.317377963938
0.317318394728
0.317298539567
0.317238977812
0.317139720645
0.317080173799
0.317020632545
0.316901568675
0.316861885067
0.316762686918
0.316683339582
0.316584170632
0.316524675972
0.316465186903
0.31642553063
0.316366050879
0.316326400819
0.316227287161
0.316167826048
0.31604892246
0.315969664584
0.315830990946
0.315731956186
0.315474542349
0.315415152059
0.31535576736
0.315296388252
0.315217225428
0.315157859366
0.315078713315
0.315039144017
0.314979794729
0.314920451033
0.314861112928
0.314643600758
0.314505218486
0.314406390603
0.31436686355
0.314268057411
0.314228539055
0.314189023185
0.314149509799
0.314070490483
0.314030984552
0.313932230598
0.313813748218
0.313754514483
0.313695286339
0.313596585812
0.313537372578
0.313458430297
0.313418962884
0.313359766424
0.313280846508
0.31328084278
0.313221659366
0.313162481544
0.313103309934
0.313044143294
0.312945545273
0.312827251132
0.312748398932
0.312689265839
0.312630138338
0.312551310988
0.31251190073
0.312433087669
0.312373984397
0.312295189352
0.312157322719
0.312098245538
0.312019485284
0.311980108573
0.311802947234
0.311724223634
0.311665187456
0.31160615687
0.311488114956
0.311330763427
0.311271764524
0.311193108018
0.311114462074
0.311055483672
0.311016167845
0.310878585744
0.310799979559
0.310623159908
0.310524945199
0.310407107676
0.31034819637
0.310191133101
0.310092985487
0.310034104001
0.310034100273
0.30993597813
0.309916355317
0.309857490605
0.309700552207
0.309406406944
0.309347590689
0.309269178334
0.309210375126
0.309151577508
0.309092785482
0.309033999047
0.308975218203
0.308857674532
0.308798910463
0.308740151984
0.308681399718
0.308622652422
0.308544331391
0.308485597141
0.308446444081
0.308407293505
0.308309429803
0.308250717918
0.308192011624
0.30809418209
0.308035490707
0.307957244226
0.307918124713
0.307820336803
0.307761671512
0.307605260556
0.307546616387
0.307468432653
0.307312095626
0.307253478792
0.30719486755
0.307097195192
0.307058130349
0.306960480978
0.306921424833
0.306765227587
0.306687143252
0.306628586059
0.306570034457
0.306491974351
0.306394415061
0.30631637732
0.306316371729
0.306257849947
0.306199333756
0.306140823156
0.306101819196
0.306004322031
0.305965326768
0.305887343698
0.305828862918
0.305789878838
0.305711918132
0.305653454126
0.305594996333
0.305556027163
0.305556019086
0.305478088201
0.305478074533
0.30536120057
0.305302770112
0.305244345245
0.305166454119
0.305108042298
0.30501070231
0.304932841625
0.304874452169
0.30479660888
0.30467986538
0.304621500153
0.304563140517
0.304504786472
0.304446438019
0.304232563891
0.30417424153
0.304174235939
0.304115919169
0.304018738842
0.303921572803
0.303863280262
0.303824421674
0.303727286077
0.303669012174
0.303591322955
0.303513643676
0.303474807453
0.303416557778
0.303338900243
0.303280663615
0.303222432578
0.303183614993
0.303125393274
0.303067177147
0.303008966611
0.302931361882
0.302873164393
0.302795577059
0.302795573331
0.302737388888
0.302659818949
0.302659815221
0.302582254601
0.30234964729
0.302213994793
0.302175241818
0.302078372116
0.302020256631
0.301981516081
0.301904042436
0.301826578731
0.301787850606
0.301729763077
0.301652322359
0.301594248498
0.301536179607
0.301478116308
0.301420058599
0.301342657019
0.301284612357
0.3011878843
0.301149197178
0.301071832251
0.301033152584
0.300936464908
0.30093646118
0.300820457589
0.300762463248
0.300704474499
0.300607839629
0.30054986579
0.300472576035
0.300356661903
0.300298712293
0.300182831709
0.300124898872
0.300009053699
0.299970442369
0.299912530033
0.299835322283
0.299777422994
0.299623054709
0.299507304588
0.299372292599
0.299295155051
0.299237307946
0.299044530237
0.298967434313
0.298890348328
0.298851809063
0.29885179788
0.298793993642
0.298736194995
0.29865913883
0.298562834466
0.298485800666
0.298428031839
0.298370268603
0.298312510959
0.298274008969
0.29817776673
0.298081540022
0.298023810334
0.297985326981
0.297946846114
0.297850654817
0.297792947494
0.297677550864
0.297619860315
0.297562175357
0.297504496611
0.297466046806
0.297369933787
0.297312273058
0.297216184889
0.297100900084
0.296870408752
0.29681279648
0.296697592438
0.296601603669
0.296544017489
0.296486436901
0.296428861905
0.296313729927
0.296236987494
0.296179436726
0.296026001559
0.295968471292
0.295910946617
0.295834255747
0.295776744118
0.29571923808
0.295661737633
0.295604242778
0.295508431065
0.295508427337
0.295374318026
0.295316851127
0.295259389819
0.295048750541
0.294991315326
0.294780769857
0.294704226224
0.294608561748
0.294551169398
0.294493782641
0.294417275661
0.294321656536
0.294264292143
0.294187814983
0.294130463637
0.294073117881
0.293901127209
0.293843803819
0.293805591331
0.293729174433
0.293614569276
0.293519081235
0.29348088987
0.29344270099
0.29338542233
0.293289972185
0.293194536328
0.293137281897
0.293099115382
0.293060951352
0.293003709967
0.292889247697
0.292832023707
0.292774804687
0.292679452699
0.292584117486
0.29248879656
0.292431611088
0.292279150041
0.292202931322
0.292145773805
0.292069572481
0.291955292859
0.291898159571
0.291860073819
0.29180294985
0.29176487031
0.291669682954
0.291612577623
0.291441297661
0.291384214694
0.291327137319
0.291251044713
0.291193980384
0.291136921647
0.2910798685
0.291022820945
0.290965778981
0.290813698761
0.290756677298
0.290642652389
0.2905856477
0.290528649224
0.290452659124
0.290452655397
0.290376675859
0.290376672131
0.290300701912
0.290243730771
0.29018676522
0.290110819851
0.289902036248
0.289845104246
0.289807152684
0.28975023
0.289598467239
0.28948467095
0.289408817525
0.289295059754
0.289238187391
0.289162366272
0.289105506956
0.289048653231
0.288991805097
0.288934962554
0.288878125603
0.28880235232
0.288688711964
0.288650836195
0.2885940272
0.288461496485
0.288385777251
0.288385773523
0.288310064229
0.288253288782
0.288196518925
0.28813975466
0.287988411864
0.287912755377
0.287856019068
0.287780379354
0.287666940284
0.287666934692
0.287610222612
0.287515715525
0.287383431447
0.287326747324
0.287270068791
0.287194506733
0.287175617616
0.287081183216
0.287005645387
0.286948999159
0.2869112377
0.286873478725
0.286779094024
0.28672246954
0.286628108447
0.286552630879
0.286458297742
0.286401704942
0.286345117734
0.286250818766
0.286213103278
0.286137679759
0.286081118643
0.285986863163
0.285836088811
0.285666516045
0.285610001522
0.285553492591
0.285440493988
0.28538400183
0.285214568224
0.28513927641
0.285063994536
0.285007539654
0.284951090363
0.284875833339
0.284875829611
0.284800582527
0.284762962713
0.284706537651
0.28465011818
0.2845937043
0.284537296011
0.284480893314
0.284424496208
0.284368104693
0.284311718769
0.28414260138
0.284105025053
0.28397353369
0.283917186906
0.283804513837
0.283748183826
0.283710633592
0.283560458125
0.283485386855
0.283335274135
0.283297751235
0.283128930804
0.282960168769
0.282960165042
0.282960161314
0.282922663265
0.282678992728
0.282604037011
0.282566562569
0.282529090612
0.282472887336
0.282416689651
0.282360497558
0.282266858357
0.282210681174
0.281986050717
0.28198604202
0.281948608581
0.281892463081
0.281855035854
0.281817611112
0.281817607385
0.281780185128
0.281724056402
0.281686640357
0.281649226798
0.281649221207
0.281536997302
0.281480893427
0.281406096749
0.281406091158
0.281331303799
0.281331300072
0.281256523274
0.281219138292
0.281181755795
0.281125686709
0.281032252522
0.280845433846
0.280770721659
0.280733368982
0.280733363391
0.280677339035
0.280677335307
0.280565307097
0.280509300136
0.280359983237
0.280285335039
0.280248014667
0.280192038769
0.280136068462
0.280061450704
0.280024145242
0.279930893081
0.279893596317
0.27983765583
0.279763077832
0.279688509154
0.279632589168
0.279558039748
0.279483499026
0.279427599541
0.279297191018
0.279259936499
0.279204059379
0.279110945135
0.279110941408
0.279055079198
0.27899922258
0.278943371553
0.278887526117
0.27879446468
0.278720025842
0.278682809841
0.278589782572
0.278515370448
0.278459567879
0.278459564151
0.278422365545
0.278329381763
0.278236413513
0.278199229817
0.278143458931
0.278050520501
0.277939016004
0.277883271211
0.277808954139
0.277697497479
0.277641776914
0.277641760762
0.277567475373
0.277493199925
0.27741893628
0.277307558519
0.27723331786
0.27717764389
0.277103421248
0.277029208545
0.276992105611
0.276936455869
0.276880811719
0.276825173159
0.276769540191
0.276713912814
0.276621213566
0.27650999795
0.276435864147
0.276361740284
0.276306153909
0.276083892281
0.275972782278
0.27588020728
0.275750631232
0.275695106361
0.275621082519
0.275473072731
0.275436074167
0.27534358925
0.275269613866
0.275177156905
0.27512168981
0.275047742382
0.274973805515
0.274973796196
0.274955313377
0.274899868648
0.274770523084
0.274733571735
0.274659676492
0.274659672764
0.274604257855
0.274567317688
0.274511912098
0.274456512099
0.274456508371
0.274456489734
0.274382631765
0.274327244812
0.274234947513
0.274105758504
0.274013497237
0.27392125088
0.273865910521
0.273699932309
0.273626176226
0.273552430704
0.27351556136
0.273460262003
0.273312828115
0.273257549259
0.273183852816
0.273036495962
0.272981245063
0.272907586516
0.272852348663
0.272852341208
0.27274188414
0.272668257898
0.272668252307
0.272502637527
0.272465839005
0.272410645882
0.272281888021
0.272153158738
0.272097997299
0.272024457411
0.272024453683
0.271950924356
0.27189578404
0.271785520802
0.271730396637
0.271528339934
0.271473241862
0.271418149382
0.27141814379
0.271326337278
0.271271260329
0.271234545055
0.271234536358
0.271161113265
0.271161109537
0.271069345271
0.270904213202
0.270904209475
0.270904203883
0.270904200156
0.270830822414
0.270830816823
0.270775789574
0.270702429227
0.270647415024
0.270537405256
0.270500739682
0.270445745981
0.270354102858
0.27035409913
0.270354095403
0.270299116611
0.27026246719
0.270134215026
0.270097576787
0.270024307765
0.269951048682
0.269951039984
0.269713044569
0.269603224904
0.269548322526
0.269475128053
0.269420238722
0.269347061644
0.269292185359
0.269164166164
0.269164162437
0.269109304789
0.269054452732
0.268981325355
0.268926486344
0.268926482617
0.268926478889
0.268926473298
0.268816815779
0.26874372257
0.268652368328
0.268652360252
0.268615822656
0.268579287544
0.268524489537
0.268524485809
0.268469693393
0.268469689665
0.268396641807
0.268396634352
0.268323596435
0.268323585873
0.268323582146
0.268323578418
0.26832355419
0.268250526212
0.268250517514
0.268177499477
0.268122742471
0.268031495085
0.26797675299
0.267976715093
0.26792197859
0.267830764129
0.267721327775
0.267648382424
0.267611913165
0.26761190074
0.267557201511
0.267557197784
0.267484274797
0.267484268585
0.267484264857
0.267429578674
0.267374898704
0.267301999947
0.267301992492
0.267229103674
0.267156224796
0.26708335648
0.266955862242
0.266955858515
0.266955844847
0.266955826831
0.266901194697
0.266846568154
0.266846562563
0.266755531372
0.266682717725
0.266682713998
0.26668271027
0.266609905943
0.26655530922
0.266555295553
0.266555291825
0.266500700694
0.266500690132
0.266427910655
0.266427906927
0.266427900715
0.266336940967
0.266264183855
0.266173252063
0.266082335803
0.266027793129
0.265936901719
0.265936897992
0.265882370228
0.265882364015
0.265882357803
0.265882350348
0.265791483788
0.265791468878
0.265791462665
0.265773291093
0.265700611015
0.265627940878
0.265627912921
0.265627904224
0.265627900496
0.265555240299
0.265555225389
0.265428095204
0.26539177753
0.265337305679
0.265264685241
0.265192075365
0.265101328085
0.264901741472
0.264847319942
0.264738494277
0.264684089521
0.264611559165
0.2644846576
0.264430278936
0.264375905864
0.264321538383
0.264267176493
0.264230938339
0.264031695278
0.263959255624
0.263941146798
0.263904931009
0.263796301038
0.263723891826
0.263687690947
0.263615297266
0.263561008062
0.263488631776
0.26338008878
0.263289651504
0.263199228517
0.26312690193
0.263072663048
0.263018429757
0.262928053985
0.262891907776
0.262837693122
0.262783484681
0.26278347909
0.262657019234
0.262530587334
0.262458352072
0.262422238168
0.262205618114
0.262133427582
0.262097336043
0.262043203394
0.262007118068
0.261952994738
0.261916915625
0.261862801614
0.261808693194
0.261754590365
0.261574299167
0.261520220567
0.261430103856
0.261412082005
0.261394060775
0.261303964566
0.261213886994
0.261141833136
0.261123821225
0.260907738552
0.260835727561
0.260781725375
0.260727728781
0.260601762197
0.260547784861
0.260493812495
0.260421858038
0.260349913521
0.260206056171
0.260134142095
0.260026289929
0.259972372233
0.259828619874
0.259774722058
0.259684906653
0.259469415411
0.259343751998
0.259307853047
0.259218117162
0.259146339761
0.259074572301
0.259002814159
0.258949002075
0.258877261328
0.258787600615
0.258769670088
0.258626255067
0.258536638463
0.258482874837
0.258429116802
0.258285789378
0.258160412362
0.258142503578
0.258142494881
0.258088772257
0.258035055225
0.257999246977
0.257963441213
0.257927637935
0.257856039454
0.257802346651
0.257748659439
0.257659195041
0.257569746174
0.257480312838
0.257373014828
0.257319372346
0.257265735455
0.257229980634
0.257140606317
0.257086988064
0.2569261712
0.25685471188
0.256765402794
0.256693965217
0.256640393558
0.256551121747
0.256479714612
0.256426165317
0.256283398882
0.256247712399
0.256194187333
0.256158507062
0.256122829276
0.256069317257
0.256033645683
0.256033641956
0.255997972867
0.25590881164
0.255855321985
0.255801837922
0.255766184986
0.255659242952
0.255570140743
0.255481054065
0.25540979603
0.255374170429
0.255320736687
0.255267308536
0.255213885977
0.255142665216
0.255071454396
0.254982454693
0.254929061953
0.2548934699
0.254822293869
0.254751127779
0.254733337654
0.254644400076
0.25459104337
0.254555474924
0.254555469332
0.254519903372
0.254448778905
0.254413220399
0.254377664378
0.254377627724
0.254306523138
0.254306515061
0.254164338193
0.254164327011
0.254111020004
0.254039953313
0.253986659353
0.253933370983
0.25389784851
0.253862328522
0.253791296
0.253738028132
0.253667013626
0.253631509791
0.253525013814
0.253471773903
0.25347176769
0.25341853337
0.25336530464
0.253329821927
0.253276602516
0.253241126015
0.253205652
0.253134712044
0.253046052165
0.252975133954
0.252851054729
0.252815608048
0.25269156672
0.252691555538
0.252638403222
0.252602971451
0.252514404139
0.252408143616
0.252372727998
0.25231960923
0.251930293384
0.251859532349
0.251771094878
0.25170035745
0.251611947935
0.251558909308
0.251488200458
0.251435174878
0.251382154888
0.251382134387
0.251311450387
0.251311446659
0.251240771978
0.251240755825
0.251187756337
0.251170091084
0.251099436283
0.251064112609
0.251011131759
0.251011111258
0.25101110753
0.250975790069
0.250869854461
0.250710997021
0.250640407451
0.250552184311
0.250499258131
0.250463976702
0.250463959929
0.250411043067
0.250164191728
0.250058429449
0.249970308815
0.249758887384
0.24963559839
0.249582768503
0.249512339215
0.249477127367
0.249424314254
0.24930110975
0.249125156743
0.24908997223
0.249002023683
0.248949260891
0.248896503691
0.24886133533
0.248808587449
0.248720687359
0.248667954387
0.24866794569
0.248650369275
0.24859764438
0.248544924455
0.24847464054
0.248421933661
0.248369232373
0.248334101287
0.248298972687
0.248123376899
0.248053152624
0.247895189163
0.247842543787
0.247807449977
0.247719726944
0.24768464183
0.24763201882
0.247579401401
0.247561863504
0.247491718749
0.247421583934
0.247386519944
0.247333928617
0.247333921162
0.247281335427
0.247263808091
0.247211229811
0.247088570764
0.246965942159
0.246878368226
0.246755791806
0.24672077503
0.246668254527
0.246528231533
0.24649323091
0.24647573153
0.246405740224
0.246370748299
0.246300771903
0.246248296129
0.246125878749
0.246090906703
0.246038453294
0.245986005477
0.24593356325
0.245863649601
0.24581122042
0.245706381319
0.245706375728
0.245671433502
0.245619024823
0.245549155903
0.245496760271
0.245357072131
0.245287240487
0.245252328081
0.245165058561
0.245130154853
0.24507780395
0.245025458639
0.244973118918
0.24492078479
0.244868456252
0.244868452525
0.244816129578
0.244694068175
0.244606899297
0.244554604307
0.244537173886
0.244484886972
0.244432605028
0.244362905088
0.244328058535
0.244240954889
0.244206117033
0.244153864909
0.244119033266
0.244049377436
0.243997142086
0.243944912327
0.243910095594
0.243875281346
0.243788257219
0.243736050447
0.243683848644
0.243596858686
0.243457712898
0.243388152119
0.243335987591
0.243266444207
0.243179530041
0.243144767978
0.243092629543
0.243023120327
0.242936248407
0.242901503739
0.242797285267
0.242745184107
0.242693088538
0.242640999182
0.24255419622
0.242467409411
0.242415343662
0.242276535835
0.242276515955
0.242224470707
0.242172431051
0.242120396986
0.24205102693
0.24196432896
0.241842979509
0.241756320057
0.241721659879
0.241669674271
0.241583044639
0.241531074563
0.241479109456
0.241409831967
0.241375196639
0.241375192912
0.241340560069
0.241253989455
0.24118474427
0.241132817061
0.241046283722
0.241028978793
0.240977067736
0.240925162891
0.24082137246
0.240786779377
0.24068301566
0.24061385186
0.24051012666
0.240458271515
0.240406421961
0.240337297921
0.240164548702
0.240026382626
0.239991846698
0.239957313255
0.23990551775
0.239819204955
0.239819199364
0.239767418769
0.239715643766
0.239646619125
0.239594857168
0.239525849922
0.239474101011
0.239318897145
0.239267170599
0.239215450265
0.239198211189
0.239094791024
0.238991398193
0.238956936815
0.238905249408
0.238560894071
0.23850924953
0.238474822942
0.238388769208
0.238268321192
0.238182304733
0.238044717041
0.237993128413
0.237941545375
0.23790715979
0.237769651618
0.23771809281
0.237718089082
0.237666535865
0.237649352702
0.23759780694
0.237546266769
0.237443205064
0.237391681667
0.237391670485
0.237340152679
0.237288640464
0.237237133841
0.237202799198
0.237202785531
0.236996847876
0.236928215866
0.236859594417
0.236825287109
0.23672238196
0.236688084592
0.236688070925
0.236636630154
0.236585194353
0.236533764764
0.236499481064
0.236499470503
0.236499463048
0.236499457457
0.236499446896
0.236499433228
0.236465152013
0.236156739735
0.23610535612
0.236071103482
0.236036853329
0.236036844011
0.236002596343
0.235951229501
0.235762939083
0.235728711296
0.235574718867
0.235540504747
0.23545498094
0.235386573201
0.235352372748
0.235301076729
0.235147224703
0.235113041645
0.235095951048
0.23490801288
0.234856765318
0.234822603383
0.234788443933
0.234720132487
0.234429927194
0.234395796321
0.234361667934
0.234327542031
0.234276357837
0.234242238146
0.234139896471
0.234071680077
0.234020523839
0.233935276489
0.23388413516
0.233815956042
0.23376482776
0.233747786241
0.233713705069
0.233696665415
0.233645550179
0.233577405229
0.233475207062
0.233424116056
0.233390058491
0.233356003411
0.233253854323
0.233219809183
0.233151726979
0.232998583179
0.232964556676
0.232930532659
0.232896511126
0.232862492079
0.232811468788
0.232743446224
0.232675432979
0.232624429569
0.232573431749
0.232539436309
0.232488447809
0.232437464899
0.232403479399
0.232335516476
0.232267563492
0.232165653586
0.232114706088
0.232080744195
0.232046784788
0.232012827865
0.231961897141
0.231910972008
0.231843081149
0.231792169062
0.231690362284
0.231554656359
0.231503775956
0.231435944737
0.23138507738
0.231300311499
0.231249459052
0.231063054129
0.230978347266
0.230978341675
0.230859781017
0.230758179872
0.230707387066
0.230639673885
0.230588894124
0.230335097828
0.230250525776
0.230216700559
0.230132150251
0.230081426403
0.230013803925
0.229946191386
0.229827896002
0.229777205702
0.229692736156
0.229608282142
0.229557616071
0.229490070627
0.229456301322
0.229405652024
0.229355008318
0.229321248953
0.229219987632
0.229219983905
0.229169360699
0.228983795086
0.228950063056
0.228899470292
0.228832021763
0.228781441424
0.228747724304
0.228680298141
0.228629734576
0.228562325807
0.22852862484
0.228444385157
0.228410692887
0.228377003103
0.228326473085
0.228259108425
0.228225429823
0.228158080694
0.228090742748
0.228040244414
0.227939267005
0.22790561201
0.227855134177
0.227821485395
0.22768692195
0.227636468346
0.227602835716
0.22760283261
0.227569202465
0.227518761907
0.22746832694
0.227434706736
0.227367473781
0.22731705621
0.227283447187
0.227165837664
0.227115441836
0.227065051599
0.226997873315
0.226947496125
0.226880335856
0.226829971712
0.226762828839
0.226712477741
0.226662132235
0.22662857167
0.226561458617
0.226494355504
0.226343417763
0.226343408444
0.22624281124
0.226192517919
0.226158992144
0.226125468854
0.226041672123
0.225957890923
0.225907629285
0.225857373239
0.225823872314
0.225740132738
0.225689895329
0.225589439149
0.225555958104
0.225505741196
0.22545552988
0.225405324155
0.225355124021
0.225321660371
0.225321634279
0.225288173114
0.225204532938
0.225171080471
0.225171076743
0.225120902702
0.225120900838
0.225087454583
0.22502057015
0.224970412882
0.224886830483
0.224836688125
0.224769840967
0.224736420805
0.224686295842
0.224686292115
0.224636172122
0.2246194667
0.224586057721
0.224502546765
0.224469146482
0.224419050719
0.224352265685
0.224252107705
0.224185346901
0.224135282821
0.224101909874
0.224068539412
0.224035171434
0.223985124749
0.223885048153
0.223868370688
0.22380166766
0.223751646446
0.22356830553
0.223518310408
0.223468320878
0.22340167749
0.223368359213
0.223335043421
0.223268419913
0.223235111576
0.22318515373
0.223135202096
0.223051962626
0.222985381363
0.222935451473
0.222885527175
0.222785697215
0.22275242491
0.22271915509
0.22266925502
0.222635991413
0.22251959457
0.222469716865
0.222436468168
0.222403221956
0.222320117919
0.222253647239
0.222187184635
0.222137344205
0.222004473045
0.221954653116
0.221888235242
0.221755433663
0.22168904623
0.221655855931
0.221622668116
0.221572891054
0.221506530956
0.221373848656
0.221307518379
0.221224619354
0.221191463845
0.22114173524
0.221025726057
0.22097601609
0.220976006771
0.220893171114
0.220595096442
0.220545434932
0.220479228905
0.220396485814
0.220330302151
0.220247586396
0.220098749102
0.219983020725
0.219949958403
0.219867315334
0.219817735829
0.21975163852
0.219702072061
0.219669030862
0.219602956539
0.21948735179
0.219437815773
0.219371775619
0.21933875927
0.219305745405
0.219272734026
0.21915721998
0.219124219783
0.219074724147
0.219041730162
0.218942764983
0.218909780938
0.218876799379
0.21874490234
0.218662484784
0.218613041333
0.218580082139
0.218497695646
0.218481220087
0.218415324063
0.218365908569
0.218332968012
0.218234163736
0.218168305608
0.218102457421
0.217987249651
0.217937882614
0.217904974362
0.217839165313
0.21778981505
0.217724024017
0.217724018426
0.217691126327
0.217608908193
0.217395217955
0.217345918013
0.217296623662
0.217263763867
0.217214478835
0.217214473244
0.217181619662
0.217148768565
0.217099496579
0.216984554083
0.216951717897
0.216902468276
0.216869638301
0.216836810812
0.216803985808
0.216771163288
0.216721934169
0.216689117862
0.21654147896
0.216492275933
0.216361097681
0.216328308709
0.216246347773
0.216197178293
0.216115243449
0.21606608888
0.216016939901
0.215984177022
0.215869528378
0.215787654416
0.215738537122
0.215705795365
0.215656687389
0.215623951845
0.21554212572
0.215493036381
0.215378520063
0.215329449362
0.215296738668
0.215231325356
0.215198622117
0.215067836494
0.214904417213
0.214724739189
0.214675743038
0.214626752479
0.214545115835
0.214381886035
0.21436556641
0.214300294743
0.214251347049
0.21421871836
0.213974130858
0.213925221061
0.213860016489
0.213762231064
0.213729639649
0.213729628467
0.213680746005
0.213631869134
0.213566709292
0.213468989719
0.213420137078
0.213338730296
0.213289892565
0.213159689675
0.213062064533
0.213029526546
0.212996991044
0.212964458028
0.212899399449
0.212866873888
0.212818090204
0.212720542097
0.212574262491
0.21254176178
0.212493015993
0.212379299845
0.212346814043
0.212314330727
0.212265610411
0.212184422931
0.21215195204
0.212119483633
0.212070785683
0.212005864401
