44
754
40
159
6589
3154
36
8440
2349
3245
762
10348
2915
3
2847
634
652
10512
116
405
753
654
629
7
650
2839
9970
176
102
210
833
2103
1076
948
6620
760
2261
17285
2868
2934
9952
11630
1877
5215
554
651
6991
212
5310
42
927
108
229
1891
4902
15606
1901
2836
2809
658
3063
747
6595
1168
6677
853
2971
6050
424
2966
8385
349
1559
10542
42847
646
4532
3596
80
2625
1082
1898
1910
20349
730
1430
7358
168
8479
568
1791
49
773
8379
1936
7528
9405
8500
11799
10963
226
1505
1786
3124
6365
2344
3256
1302
1895
3618
13213
2903
5699
970
6785
29
264
553
6640
7441
307
324
2874
740
2168
1956
7778
4545
680
2876
1771
1864
7642
9530
13599
385
6191
8917
11558
123
1866
2840
3384
7307
11277
50183
7844
28481
14657
3158
21854
7183
8428
11948
8031
15159
446
7084
10877
157
1100
6948
2009
149
3458
7155
2130
3710
13142
237
1863
2176
4871
7406
16494
30
759
2283
4841
5656
26
217
7524
12
2007
2232
2885
8474
37
1074
1933
3739
1449
2180
4618
5591
6121
17607
236
3523
22500
23322
37901
697
10969
11140
20050
620
782
2938
5670
7546
2157
2920
6664
12583
207
208
3415
636
3362
8337
13097
639
5090
18980
35
317
8947
9416
2207
4840
13589
109
746
2842
2843
3128
5668
47
5655
8946
9923
55294
2318
6687
1542
8308
17050
83
1158
5575
7008
7648
20386
1843
11739
719
1875
3160
3427
37365
75
641
5684
6782
8493
10532
11931
13438
13826
14207
303
1307
1451
6205
10902
13403
27245
1914
2218
433
2386
3056
3180
4786
5430
6316
10685
1093
1883
1998
2044
5819
14283
1083
1878
5642
6223
8217
9520
9663
11378
13835
3085
13816
15309
36027
180
647
878
1854
1911
2177
7669
16500
25062
1867
3212
7521
8478
9577
9595
11208
16809
493
661
1622
2895
6977
7560
7572
8483
9421
10346
11577
12038
220
1955
3324
7260
9009
11204
16265
16266
11
145
676
802
4613
7170
8231
9982
22950
31533
173
3341
4023
4090
7362
11017
11527
21776
223
320
1777
2001
2279
8013
11692
298
755
876
959
1452
7227
8191
17
7670
16728
21591
28956
29603
156
238
248
449
2810
2901
3638
6615
7114
7411
9954
638
2068
2553
2962
6256
7112
13285
15088
19451
1087
1314
2045
8056
8503
8906
9402
9580
9725
10509
11490
28859
250
1142
2034
7583
9111
13429
15251
20930
436
1931
3055
6203
6533
7148
10554
14942
15048
209
280
1159
2821
3348
3778
6787
7607
8082
9587
11260
13202
15543
20148
30377
37699
44981
112
160
1109
1143
1315
1798
1978
2201
5632
7206
8933
27058
42102
195
1578
2262
3007
5432
5724
6896
7256
8544
11593
11856
15034
31763
13
351
1513
1984
2194
2278
2354
2379
2910
3218
3259
5206
6621
7318
12620
13108
15128
15946
20032
22948
679
1139
1872
2339
2389
2398
4985
5210
7527
14275
14294
16722
20139
174
182
887
1970
2051
2175
5208
5270
5714
5902
6957
7758
8941
11050
13170
15947
29479
219
969
2189
2812
2970
6318
9911
10650
10835
10991
11559
13596
28350
29477
653
736
2392
2853
2879
3182
4960
6208
10494
13848
14039
14951
19137
20165
32563
731
1431
2905
5598
6217
6612
6629
7153
8820
10551
11003
11183
14230
9
147
170
623
655
888
1386
4690
7537
7870
12094
13228
191
301
677
1699
1961
2873
2944
4630
4659
6908
10333
11612
13442
18243
18529
18647
25106
28131
35375
45
214
824
1876
1971
2073
2077
2813
2865
3089
3885
4655
5221
5408
5708
6587
7098
8255
8467
8473
11051
14547
15220
16343
22495
23
721
4087
5694
6984
7103
7987
8902
11177
16240
26250
18
21
1770
1847
2222
2896
3379
5841
6727
7911
8032
8262
10334
13265
24822
25859
32349
41309
42236
55578
5
1521
1701
1949
2871
6652
8821
10238
11568
24580
28846
269
1094
2849
3062
3189
3637
3924
5629
5639
5665
6648
7467
8425
8920
11261
12230
14814
15850
17830
23929
28816
47758
95
1138
1146
1240
1718
2022
2031
3024
3422
6580
8427
8897
8913
9041
9740
10086
12087
13110
14912
15714
17058
189
745
1067
1987
2400
2986
3183
3761
3784
5318
5592
5605
5663
7296
10458
11584
24438
36940
152
188
474
886
1170
2008
2134
2276
2841
4101
4181
4334
4622
5154
7473
7549
8715
9109
9154
9749
10488
10895
11946
12577
12882
13199
13436
16317
19109
22257
24814
144
412
686
901
1805
1815
2198
2284
2806
2929
2980
3186
5791
6588
7518
8329
8482
9334
11987
35343
37983
44901
51628
211
262
344
2774
3099
3333
3662
5146
6590
6683
6864
6901
7122
7385
8696
8819
8834
11530
11533
11699
12959
22741
25688
28959
255
417
738
1393
2085
2352
2507
2850
3314
3767
4548
5690
6109
6880
6906
7517
7671
7729
8214
8923
9242
9332
12053
15271
17497
18308
20147
20323
22425
29791
32032
32245
39556
42447
148
167
240
467
2030
2878
2932
3661
5211
7686
8951
13096
13105
13560
17558
18007
18590
19700
24765
27710
29976
34646
40988
627
657
835
977
1447
1720
2215
2235
2978
3146
3376
3992
5285
6064
6884
6915
6923
7179
7632
8165
8565
9571
11511
11618
11787
12037
12253
23320
29056
4
854
1080
2016
2024
2182
2217
2394
2403
2778
3645
3801
3846
4041
5155
5400
6145
6193
6277
6711
7375
9124
9449
10588
10842
11139
11951
15200
17143
18649
24032
25585
26358
27139
370
621
1310
1329
1721
1999
2360
2428
2974
2987
3131
5595
6101
6215
6222
6598
7033
8617
8799
8894
9574
9582
10205
11583
11968
12468
12636
15358
16565
21023
23842
31830
36237
41323
10
79
171
199
922
1503
1550
1756
1974
2517
3725
6196
6220
7025
7272
7692
7755
9315
9785
11358
11730
14160
15979
16430
16724
21408
21606
25153
25400
32699
45168
662
691
967
1097
2241
3216
4639
5415
6905
7937
9949
10173
10564
11531
12833
13158
13340
14077
15348
16028
16730
17991
18588
20324
20711
28836
38118
38517
673
1160
1443
1557
2272
2900
3006
3350
3401
3439
3861
5623
5728
6117
6663
7162
7469
9973
10872
11939
18020
21358
21575
24036
25853
27709
31020
32107
32144
76
243
582
626
756
1780
2174
2264
3337
4423
6115
6340
7503
7824
8111
9026
21039
24826
25592
31901
34477
37773
43573
49598
234
362
892
1069
2137
2524
2807
2946
3045
3108
3122
3317
3344
4283
4383
4846
5308
5378
5437
5823
6195
6347
7302
7438
7545
8243
9018
9221
11343
11431
11755
11842
12663
12774
15726
17315
20881
26230
26557
27407
27979
31921
34645
38908
19
267
336
375
576
666
1110
1165
1507
1531
1625
2340
2989
3084
3381
4249
4542
5021
5617
5646
5754
5760
8117
8521
10548
11022
11374
11514
11955
12071
12120
13453
14345
17225
17240
17314
17379
18322
18949
19271
23273
24168
25689
27312
30598
33747
200
630
1149
2161
2924
4617
4629
4730
5662
6106
6107
6382
7347
7575
7789
8002
8115
8578
10208
10947
11268
12001
12632
13908
14151
14826
16205
16588
18654
20932
24084
29515
49417
0
127
387
546
648
908
1418
1446
1693
1913
2036
2906
2992
3109
4612
4627
5444
5732
6320
7315
7379
7662
7735
8164
8781
10129
10138
10586
11217
11373
13132
15832
15904
16454
17063
18316
18417
18774
18811
20036
21619
22372
32151
32209
32383
35212
44688
44797
413
419
834
1353
1525
2221
2257
2303
3153
6188
6204
7696
8240
8465
8509
9463
9562
9972
10066
11720
12525
13232
13264
14120
14654
17239
17695
17718
18128
22563
22658
25862
27980
31434
34413
46825
27
722
1590
1889
1986
2101
2327
2404
2805
2870
3029
3233
3394
3813
3847
4234
4795
5418
5636
6904
7000
7224
8039
8470
9114
11507
12548
12659
13301
13821
13909
14237
14266
14611
14787
14897
16559
17291
18250
19036
21418
22490
27592
27994
31568
33875
36410
56576
43
263
279
431
1543
1915
3219
3698
3835
4843
5095
5691
6233
6240
6605
7125
7437
7515
7551
7685
7699
7746
7846
7873
8472
8748
8915
9059
9112
9135
9593
9601
9738
10196
11765
12287
13546
13576
13636
13727
15421
15585
17309
17672
18140
18974
19400
20044
20697
21553
23796
24722
27274
28815
29627
32149
39048
42328
41
56
58
87
183
190
241
268
295
490
589
1511
1568
1586
1994
2164
2256
2869
3173
3421
3434
3864
4037
5638
5647
6174
6303
6776
7865
8706
9552
10281
10320
10374
11556
11674
11899
12069
12089
12328
12553
15685
16375
18263
18715
21728
22071
22291
24824
25839
26138
35243
41288
42618
151
300
503
947
1533
1785
2410
2477
2837
2922
2933
4889
5746
5815
5887
6825
6918
7282
8408
8541
8688
8934
9823
10339
10911
11122
12043
13366
14200
14231
14265
15630
16595
16777
18340
18676
20977
21173
25447
26634
28042
30616
30951
32200
33070
41873
42808
46275
6
15
31
161
246
277
282
389
418
460
1077
1645
2032
2038
2209
3815
4034
4567
5019
5084
5226
5901
6279
6286
6636
7187
7230
7445
8025
8041
8075
8548
8844
10448
10850
11641
11824
11864
12627
13415
16849
17753
19125
19143
19865
19902
19903
21075
21827
23637
24391
24603
24843
26371
26718
27140
28433
29161
29395
30268
30518
36363
42091
53014
53608
65
77
150
154
716
1528
1554
1873
1945
2149
2377
2825
2882
3037
3103
3118
3175
3426
3788
3919
4691
4774
5274
7126
7210
7223
7360
7636
7690
8052
8222
8496
8962
9497
10024
10315
11624
12239
12572
12875
13178
14468
14615
15139
15570
16137
16244
18645
20029
20900
21446
22165
23837
24206
24211
25295
33321
34145
36979
38196
41152
38
50
88
299
557
597
1257
1563
1782
1860
1880
1950
1989
2337
2375
3025
3073
3147
4582
4862
6329
6738
6756
6917
7111
7277
7428
7851
8889
9148
9240
10254
10412
11265
12167
12414
12838
13400
13537
14458
16751
20367
20395
20790
28457
28623
33641
34622
34971
35680
37696
38897
2
61
225
624
963
993
1092
1155
1164
1182
1695
1967
2062
2365
3135
3215
3221
3237
3284
3309
3417
4999
5518
5734
5994
6280
7457
7683
7928
8900
8938
8988
8990
9001
9575
9847
11035
11198
11698
11996
12019
12437
13907
14571
15067
15668
15895
16197
18333
18587
18769
19323
21607
22440
26713
28006
28167
28563
32980
37619
38543
50859
14
158
163
570
668
950
1079
1318
1410
1902
2003
2424
2701
2820
2858
3036
3061
3081
3372
3511
3518
3668
3672
3998
4012
4018
5041
5364
5422
5493
5548
5622
5715
5761
6351
6650
6792
6879
7205
7237
7298
7483
7872
8030
8163
8171
8574
8622
8873
8979
9635
10058
10271
10356
10603
11670
12100
12732
13051
13717
14054
16198
16696
16719
17706
18755
19794
19851
20644
23222
27202
28331
28366
28805
30689
31963
32219
32418
32809
34813
39512
41409
42466
48095
124
674
1012
1120
1151
1264
1530
1906
2055
2089
2141
2321
2598
2833
2884
2908
3241
3311
4005
4543
4570
4988
5532
5589
5798
6290
6940
7152
7171
7941
8092
8704
8978
9002
9189
9975
10483
10638
11001
11334
11723
11847
12133
12357
12902
13099
13335
14261
14768
16202
16345
17279
17996
19749
22142
22509
23151
23237
27337
29103
31051
32396
35979
36012
45186
53520
34
140
253
486
572
632
656
1205
1714
2195
2219
2255
2328
2358
2917
2991
3210
3503
3545
4916
5599
5657
6959
7603
8125
8272
8380
8475
8506
8517
8843
9027
9064
9208
9355
9673
9721
9868
10423
10630
10934
11015
11220
11774
12244
12594
13039
13209
13356
13647
14181
14614
18398
19369
20051
20140
20167
21382
22414
22675
23377
23562
24454
25330
28829
29193
30302
31155
31289
32476
34554
37077
37490
40043
47668
289
564
628
670
1776
1909
1992
2183
2186
2253
2268
2366
2557
2573
2857
2916
2976
3711
4535
4771
4987
5012
5219
5695
5881
6186
6263
6331
6341
7684
7990
8256
8490
8618
8969
8985
9155
9390
9566
10366
10414
10649
10959
11764
11960
12395
12519
14068
15114
15333
15409
15964
17245
17366
17943
18372
18999
19044
20082
22575
23391
23452
23893
24446
25446
25670
27320
30757
31421
32164
33536
36957
41588
43686
52144
66
281
327
633
883
1003
1501
1886
2000
2146
2160
2246
2594
3149
3425
3479
4678
4681
4915
5375
5438
5472
5628
5680
6120
6310
6604
6907
6992
7082
7143
7376
7407
7419
7485
7647
7649
7796
8112
8227
8270
8283
8303
8981
9030
9116
9159
9290
10378
10456
10552
10687
11192
11532
11732
12054
12331
12575
13031
13478
14434
14484
15202
15428
16183
17104
17209
18267
18494
18961
21470
21596
23079
23512
26295
26405
27812
27996
28574
29869
32258
33763
36555
37105
37834
43121
49484
24
218
491
794
818
896
1247
1500
1524
1558
1703
2093
2356
2421
2510
2887
2907
2911
3232
3302
3358
3395
3653
3678
3690
3743
3844
3869
4559
5466
5473
5659
5718
5726
6018
6130
6187
6197
6198
6269
6847
6886
7034
7243
7435
7493
8035
8074
8180
8212
8216
8292
8307
8601
9918
10163
10243
10392
10468
10686
10912
12691
13399
13481
13539
13772
13795
14012
14316
15133
17835
17983
18867
18927
19366
19498
20078
20572
22116
22194
22452
22595
23049
23713
24338
24599
25581
25991
26669
28152
31436
31795
35967
37078
51146
54335
55523
78
266
560
603
706
1185
1253
1454
1519
1520
1587
1667
1932
2014
2050
2111
2163
2248
2260
2288
2449
2473
2536
2872
2990
3048
3290
3519
3719
3796
4533
5010
5281
5377
5770
6074
6110
6321
6852
6870
6961
7108
7271
7331
7677
7885
8495
8507
8588
8590
8735
8768
8871
9013
9605
9615
10776
10968
11566
11731
11743
11875
12112
12352
12576
13035
13155
13459
14092
14183
14329
14855
14947
15388
15635
15721
16564
16769
18418
18419
18844
19082
19719
20423
21490
22186
22635
25457
25706
27466
27537
27728
27797
28612
29585
29641
31160
32251
32926
37368
38023
40490
44869
44885
47101
47213
97
101
125
235
254
297
537
667
945
1075
1444
1658
1725
1930
2042
2048
2133
2263
2359
2454
2457
2472
2542
2902
3106
3204
3228
3338
3742
3946
4657
4663
4991
5042
5271
5414
5594
5618
5637
5733
6053
6073
6225
6253
6306
6368
6513
6791
6826
6933
7262
7882
8144
8537
8611
8740
8922
9019
9104
9223
9567
9659
9877
10347
10540
10673
10852
10990
11274
11491
11690
11775
11967
12386
12554
13113
13379
13483
13900
14193
14354
14360
14418
14448
14538
15049
15267
15591
16170
17642
18036
18302
18475
18857
19566
20979
21166
21176
21775
22295
23621
23895
24999
27606
28659
29185
30002
31203
32039
33405
33633
33923
35213
35319
36021
36956
42700
43818
45508
47340
49030
49295
49447
50435
232
749
915
981
1190
1252
1403
1455
1491
1567
1709
1775
1868
1881
1997
2002
2132
2236
2493
2707
2717
2888
2965
2969
3330
3396
3695
3749
3790
3939
4171
4644
4819
4886
5199
5667
5719
5747
5785
6209
6381
6770
6823
7011
7240
7434
7454
7536
7587
7646
7691
7734
7797
7848
8058
8234
8297
8466
9167
9329
9458
10206
10293
10355
10644
10809
10916
11441
11808
11913
11920
12783
12869
12895
12898
13020
13446
13768
14725
14736
16195
16655
16780
18006
18506
19246
19827
20058
20440
21091
21422
22234
22423
22558
23379
24155
24721
25026
25275
25453
25759
26196
28432
28480
29561
30289
30701
31134
31829
32275
35354
38025
38997
51
62
129
252
364
562
590
614
644
752
1029
1099
1290
1603
1662
1795
1874
1973
2140
2238
2240
2265
2281
2511
2890
3052
3354
3558
3688
3703
3950
4085
4217
4628
4648
4710
4825
4847
5018
5083
5209
5312
5347
5404
5428
5565
5619
6057
6067
6214
6284
6644
6703
6912
6952
7001
7088
7488
7519
7701
7784
8054
8152
8485
8486
9062
9068
9165
9235
9244
9319
9532
9542
9632
10495
11227
11603
11964
11994
12078
12179
12265
12842
13416
13725
13847
13935
14015
14164
15046
15253
15279
16040
16279
16510
17089
17107
17205
18482
18492
19046
20256
21213
21666
21977
22044
22087
23896
24245
24696
24853
25219
25358
26686
27698
32623
32671
32732
35649
37202
38739
39817
40127
41158
41469
41474
43039
44286
45030
45405
46125
47768
48780
49656
51103
53774
54557
55669
56693
99
169
230
315
386
415
567
905
973
1117
1148
1239
1304
1459
1717
1981
2135
2297
2606
2618
2835
2968
3071
3198
3270
3470
3492
3604
3656
3682
3730
3828
3873
4647
4764
5338
5367
5913
6249
6362
6860
7242
7349
7403
7570
7579
7604
7931
8049
8150
8306
8909
9373
9488
9649
10044
10658
10714
11092
11199
11248
11321
11340
11421
11496
12569
12720
13023
13468
13853
13916
14067
14411
14527
14549
14559
14653
14701
14737
14971
15080
15441
15757
17069
17241
17595
17743
18206
18228
18657
18880
19122
19239
19787
21668
22121
22573
22839
23502
23667
24667
26716
27348
27586
27707
28332
28611
29173
29906
30379
30484
32255
32805
32977
33044
33150
35162
39172
40943
43921
44502
46274
16
143
193
484
717
768
1213
1497
1573
1685
1696
1794
1935
1946
2162
2501
2880
2958
3065
3340
3504
3706
5152
5227
5820
5927
5955
5982
6275
6614
7048
7402
7417
7479
7506
7841
7906
8004
8005
8151
8289
8454
8583
8875
8918
8950
8973
9025
9110
9149
9741
9935
10435
10698
11042
11052
11335
11519
11538
11549
11599
11626
11988
12429
12769
12796
13019
13517
13837
14238
14778
15673
16140
17300
17793
18214
18640
18646
19113
21121
21958
22505
22952
23460
23666
24356
24783
24850
25249
25488
25852
25935
27555
28639
29183
29563
30207
30244
31111
31299
31417
32591
32917
33928
34394
37268
37761
38440
42846
43288
43646
46643
47820
50279
53496
98
378
563
1394
1697
1783
1900
1919
1948
1957
2052
2059
2066
2827
3018
3020
3070
3166
3227
3305
3380
3398
3889
4665
4666
4725
4776
4784
4994
5003
5434
5620
5802
6201
6248
6291
6335
6805
6954
7190
7523
7576
7611
7614
7703
8027
8066
8568
8755
8757
8848
8999
9299
9417
9578
9619
9621
9804
10492
10600
10966
11034
11536
12015
12235
12666
12675
13123
13538
13618
13718
13929
13971
14710
15142
16743
17096
18113
19497
19809
20225
20376
20893
26032
26561
26717
26863
28841
28968
29494
30372
30747
34637
36108
42023
42329
42627
43711
43822
72
134
376
622
625
880
995
1154
1249
1538
1553
1637
1917
1995
2455
2483
2597
2718
3134
3139
3236
3251
3406
3467
3507
3883
4541
4851
5315
5626
5641
5752
6213
6234
6618
7032
7116
7293
7322
7416
7594
8121
8134
8419
8469
8471
8693
8754
9134
9604
9719
9961
10312
10337
10446
11977
12109
12197
12218
12248
12491
12767
12778
12910
13014
13045
13361
13431
13503
13580
13794
13951
14083
15326
15387
15578
16251
17211
17313
17327
17373
17435
18597
19106
19329
19486
19981
22799
23926
24006
24289
24918
25798
27102
29753
29778
29931
30997
31303
31599
32696
32725
32802
32822
34225
34924
36079
36579
36970
38060
39001
39321
40541
42251
42593
46365
51218
52421
54049
53
54
184
663
714
724
836
1005
1122
1345
1398
1465
1545
1570
1571
1584
1711
1861
1870
2100
2332
2636
2883
2912
2925
3163
3346
3351
3378
3654
3674
3850
3908
4581
4676
4913
4990
5038
5094
5273
5564
5661
5743
5753
6314
6628
6694
6861
6909
6969
6994
7150
7462
7526
7602
7695
7790
7798
7997
8311
8609
8742
9087
9141
9748
10139
10353
10418
10622
11163
11174
11703
11836
11866
12138
12161
12293
12528
12738
12990
13287
13401
13448
13513
13515
14170
14186
14386
14663
15244
15453
15722
15748
15968
16181
16273
17369
17518
17578
17797
18123
18664
18670
18797
18897
19190
19219
19664
20792
21321
22294
22545
22842
23035
23246
23601
23735
24613
25616
26614
27526
27982
28298
29779
30428
31658
31890
32328
32393
32470
32939
33228
33852
33863
34105
36032
36345
40079
42360
47882
50631
51342
51856
54154
242
355
527
569
1226
1316
1518
1634
1800
1912
1924
1925
2023
2092
2097
2305
2345
2712
2789
2818
2848
2851
2923
3023
3074
3079
3177
3200
3209
3323
3407
3445
3753
3897
3923
4733
4829
4865
4949
4964
5132
5246
5486
5596
5920
6061
6125
6237
6238
6582
6603
6736
6943
7079
7191
7269
7626
7747
7981
8011
8136
8145
8448
8653
8926
8957
8959
9126
9487
10030
10085
10091
10354
10363
10380
10930
10950
11214
11300
11422
11452
11462
11655
12066
12294
12665
12808
13117
13252
13307
13554
13990
14094
14105
14812
15445
16182
16406
17246
17290
17294
18317
18414
19929
20450
20551
20794
20889
21044
21353
21603
21984
22317
22459
22533
22860
22893
23024
23654
23923
24314
24595
25384
26114
26448
28138
29057
29729
29749
31706
33292
33626
33645
34039
34148
34223
34603
38475
39026
41947
44434
45704
46179
46519
52550
105
265
293
1017
1051
1207
1288
1380
1387
1391
1546
1594
1722
1814
1964
1972
1988
2041
2128
2299
2302
2347
2436
2822
2943
2994
3206
3404
3574
3686
3732
3786
3875
4340
4718
4772
5288
5402
5648
5681
5731
5767
6032
6261
6311
6359
6503
6570
6642
6795
6955
7123
7270
7392
7465
7641
7817
8135
8140
8274
8291
8580
8604
8709
8802
8842
8855
8895
8953
9407
9677
9723
9782
10110
10131
10198
10397
10560
10653
10798
10970
10976
11407
11436
11682
11704
11756
12011
12299
12343
12785
12788
12961
13116
13466
13660
14088
14320
14487
14557
14575
14944
15008
15619
15824
16260
16503
16718
17045
17224
17446
17564
17944
18294
18360
18375
18388
18716
19347
19370
19754
21701
21741
21918
22471
22548
22572
22765
23023
23150
23454
23618
23635
23658
24120
24450
24530
25100
26363
26712
27309
27774
28011
29136
29192
29213
29630
30129
30840
34982
35070
35221
35289
35483
37945
38786
40414
42364
42405
42434
42455
42502
44800
46035
47999
48218
50648
51458
56654
381
485
529
1106
1192
1659
1660
2371
2682
3038
3064
3231
3247
3289
3451
3830
3853
3996
4066
4312
4809
5014
5136
5305
5450
5452
5496
5576
5582
5625
5697
5847
5907
5983
6071
6118
6418
6863
7374
7507
7814
7986
8015
8020
8040
8099
8377
8741
8903
9128
9152
9379
9388
9548
9560
10144
10187
10221
10272
10535
10599
10756
11222
11871
11888
12333
12777
13120
13203
13561
13641
13824
13921
13942
14498
14574
14613
14946
14986
15649
16620
16645
16920
17201
17384
17403
17579
17633
18188
18502
18731
18962
19793
20134
20357
20371
21109
23361
23402
23450
24166
24659
24832
24954
25471
25532
26476
26545
26598
26962
27394
28901
29130
29483
30663
31009
31473
31537
31693
31940
32894
32951
32996
33327
33376
33790
36943
42243
42387
42977
46226
49796
54437
1
89
275
454
912
1004
1013
1179
1202
1309
1480
1959
2015
2094
2506
2751
2930
3098
3148
3170
3437
3631
3632
3641
3689
3874
3884
4093
4370
4537
4553
4649
4701
4961
4997
5195
5294
5317
5412
5700
5808
5842
5884
5989
6147
6832
6833
6895
6985
7675
7704
7836
7900
7927
7948
7992
8065
8352
8912
8942
8944
9003
9017
9274
9528
9579
9629
9729
10059
10372
10442
10482
10614
10619
10880
10973
11036
11230
11278
11456
11523
11676
11777
11812
12084
12187
12423
12695
12973
13368
13389
13430
13467
13715
14009
14274
14459
14477
14554
15043
15245
16218
16516
16530
16803
17321
18348
18489
18736
19325
19553
19829
20070
20190
20452
20475
20654
20758
20908
21687
22456
23241
23614
23656
24260
24784
24828
25052
25539
25890
25976
26380
26796
26988
27034
27692
28020
28084
28219
28664
28778
28880
28953
28995
29351
29609
29868
30078
30248
30418
30781
31050
32060
32220
35977
36294
36602
37976
38250
38495
39163
41997
42848
43013
43502
44799
46289
49918
52207
162
164
305
352
354
430
447
468
501
511
727
1104
1208
1371
1413
1489
1540
1664
1698
1810
1934
2011
2117
2118
2166
2282
2295
2312
2443
2519
2556
2633
2808
2893
3014
3066
3104
3123
3133
3141
3142
3278
3357
3388
3409
3443
3888
4007
4434
4673
4736
5046
5222
5603
5649
5683
5712
5771
5786
5966
6168
6190
6230
6356
6377
6862
6881
6973
7184
7501
7956
8001
8086
8118
8233
8267
8295
8298
8458
8459
8582
8929
9129
9243
9300
9305
9483
9489
9538
9764
9889
9914
10076
10201
10344
10415
10424
10662
10681
11119
11215
11255
11783
11817
12013
12106
12203
12257
12317
12513
12631
12969
13509
13789
13793
13812
14182
14229
14304
14307
14393
14570
14583
14735
14895
14950
15337
15469
15503
15723
15913
16498
16505
17105
17215
17628
17962
18058
18411
18822
19340
19586
19705
19855
20024
20269
21391
21736
22187
22633
23236
23311
23933
24466
25177
25415
25531
26111
28088
28932
29118
29320
29322
29509
29827
30653
30682
30846
31525
33533
33762
33845
36565
37180
37547
37775
38616
39761
40129
40535
40794
42603
42911
43483
43714
44048
44100
45089
45793
46926
47752
47864
49443
50845
50925
82
132
136
175
249
383
489
577
593
879
1072
1118
1270
1285
1313
1429
1560
1748
1778
1797
1899
1916
1983
2104
2151
2243
2324
2382
2672
2832
2942
3019
3280
3321
3490
3544
3599
3762
3876
3976
3994
4003
4244
4359
4445
4576
4631
4669
4723
4945
5049
5346
5433
5964
6034
6049
6076
6285
6380
6816
6827
6855
7113
7193
7194
7274
7281
7292
7422
7466
7484
7510
7558
7650
7899
8108
8109
8279
8384
8446
8553
8566
8879
9168
9352
9553
9611
9627
9870
9883
10176
10250
10373
10515
10955
11156
11319
11518
11622
11672
11891
11927
12162
12351
12878
12999
13138
13233
13373
13474
13543
13849
13918
13920
13939
13941
13975
14140
14851
14935
15025
15032
15140
15224
15727
15750
15845
15965
16085
16366
16403
16467
16512
16549
16678
17247
17308
17486
17660
17731
17791
17792
17868
18194
18208
18944
19684
19685
19721
19788
19861
19884
20186
20355
20612
20646
21145
21184
21458
21963
22104
22356
22362
22667
23038
23213
23990
24350
24355
24610
25058
25423
26004
27145
27303
27527
27623
28498
29636
29884
30412
30424
30705
30936
30945
30999
31285
33553
33951
36117
36241
36719
36866
37981
38002
38090
38950
39104
39128
39251
39818
40843
42940
44782
45252
45641
46427
47015
47116
47710
53193
32
68
104
115
358
445
575
595
960
1128
1140
1141
1303
1322
1499
1562
1893
1982
2208
2346
2453
2528
2921
3164
3213
3383
3452
3564
3789
3989
4165
4166
4172
4271
4352
4626
4704
5075
5326
5436
5530
5610
5654
5748
5772
6192
6265
6292
6298
6328
6512
6658
6746
6838
6900
6964
6983
7231
7312
7396
7420
7448
7529
7593
8062
8265
8726
8776
8896
8898
8928
8945
9056
9108
9117
9170
9258
9366
9431
9445
9612
9957
10081
10103
10394
10420
10514
10752
10964
10994
11031
11190
11811
11816
12335
12458
12645
12730
12782
12885
12903
12972
13098
13273
13523
13972
14033
14062
14127
14131
14243
14301
14346
14359
14362
14372
14391
14564
14601
14817
15184
15386
15745
15769
15815
16053
16071
16089
16154
16319
16459
17734
17742
17805
17979
19041
19155
19257
19311
19756
19795
20054
20062
20648
20987
21643
22172
22308
23146
23757
23949
24375
24465
24559
24820
25567
25595
25698
25709
25756
26320
26344
26359
26454
26709
27179
27351
27538
27744
28079
28335
28675
28917
28918
29218
29330
29478
29533
29648
29811
30390
30866
31315
31810
32225
33229
33658
33769
33894
34199
34649
34767
34868
35228
35391
36047
36700
37572
37974
38876
39134
41170
41861
43171
43224
43276
43732
44170
44317
44582
44920
46003
48364
48511
48841
49159
52622
53265
92
271
379
465
703
968
1156
1271
1448
1669
1832
1842
1887
1940
2102
2138
2294
2308
2405
2413
2561
2773
2859
2937
3069
3091
3112
3114
3117
3201
3331
3397
3416
3476
3486
3728
3898
3899
3927
4082
4091
4173
4414
4693
4749
4982
5161
5201
5410
5431
5446
5572
5687
5803
5919
6219
6241
6364
6383
6523
6534
6737
6899
6921
7105
7151
7372
7513
7542
7562
7629
7672
7738
7964
8051
8060
8100
8252
8624
8800
8828
8899
9044
9121
9187
9318
9408
9534
9540
9563
9679
9803
9913
9992
10014
10029
10130
10213
10220
10413
10496
10668
10889
10962
11029
11242
11725
12076
12081
12172
12205
12490
12747
12771
13147
13227
13259
13447
13661
13728
13797
14040
14204
14392
14409
14464
14474
14763
14909
15301
15315
15349
15385
15407
15816
15868
15960
16032
16361
16448
16636
16647
17061
17120
17161
17282
17452
17575
17790
18477
18584
18821
18992
19141
19453
19628
19812
19897
20068
20415
20611
20704
21024
21212
21347
21377
21702
21862
21865
21968
22921
22997
23390
23473
23496
23503
23629
23649
23928
23986
24769
24815
24842
24960
25040
25104
25227
25503
25697
25707
26214
26349
26451
26572
26604
26792
27024
27099
27127
27497
27622
27753
27780
27984
28161
28176
28635
28775
28883
29716
29748
30321
30697
30752
30770
30775
31063
31734
31790
31925
31985
32635
32710
32848
33282
33308
33348
33612
33837
34211
34481
34531
34674
34736
34913
35123
35297
35383
35449
35502
35771
35878
35896
35964
36752
37560
37687
37979
38248
38294
38577
39059
39060
39162
40033
40322
40404
40669
41363
41779
42320
42468
42477
43252
43470
44056
44083
45137
45144
45190
45191
45203
45565
45902
45974
46119
46363
46781
46983
47437
48836
49541
49734
50258
50850
50942
50978
51031
51058
51299
51318
51479
51692
51860
52064
52340
52584
52629
53057
53088
53556
54014
55163
55277
55514
55626
55751
56658
57768
57855
57893
178
222
251
291
319
334
342
404
414
552
689
865
926
1350
1411
1535
1539
1544
1672
1804
1869
1921
1939
1976
1990
2072
2165
2192
2197
2230
2441
2465
2940
2954
3167
3366
3433
3546
3627
3639
3685
3692
3763
3891
4119
4151
4297
4436
5000
5033
5103
5180
5216
5344
5451
5477
5686
5706
5832
5874
6000
6111
6143
6446
6610
6840
6841
6867
6916
7022
7370
7397
7415
7424
7470
7471
7477
7563
7727
7852
7924
8017
8067
8646
8937
9035
9040
9042
9363
9602
9693
10135
10186
10367
10738
10846
10931
11014
11040
11087
11138
11180
11377
11391
11438
11482
11546
11617
11979
12093
12146
12150
12376
12391
12396
12520
13080
13297
13381
13433
13540
13755
13827
13844
14172
14242
14410
14489
14493
14577
15288
15394
15461
15973
16024
16153
17208
18158
18163
18166
18178
18399
18691
18866
19060
19532
19691
19751
19908
20063
20326
20425
20553
20698
20772
20832
20919
21061
21157
21254
21394
21645
21648
21810
22442
22728
22895
23071
23239
23262
23619
23655
23659
24033
24578
24806
24867
25329
25483
25563
25718
25900
27489
27591
28525
28865
29685
29854
30071
30084
30375
30860
31089
32038
32119
32161
32199
32709
32821
33575
33888
34138
34909
35222
37118
37437
37714
38123
38316
38605
39289
41489
42605
42852
43187
43556
43734
43743
43960
44918
45529
46650
50045
50529
55525
60
153
185
678
987
1166
1232
1375
1598
1862
1905
2017
2025
2329
2555
2748
2823
2826
2988
3022
3389
3531
3548
3809
3823
4051
4519
4534
4547
4643
4712
4793
4830
5174
5224
5459
5612
5717
5912
6123
6142
6271
6631
6740
6849
6865
6872
6936
6960
6962
7280
7295
7443
7532
7584
7605
7674
7858
8126
8211
8226
8484
8539
8686
8691
8767
8997
9289
9494
9554
9760
9765
10132
10257
10376
10510
10704
10781
10932
11046
11112
11253
11288
11813
11872
11905
11956
12016
12140
12164
12367
12445
12621
12942
13115
13311
13482
13530
13606
13678
13938
14003
14145
14226
14250
14286
14325
14341
14462
14534
14914
15306
15321
15342
15345
15560
15564
15655
15747
16048
16304
16492
16821
16835
17257
17817
18093
18351
18514
18561
18662
18689
18724
18996
19154
19235
19258
19525
19562
19639
19808
20067
20313
20527
20757
20954
21322
21370
21597
21698
22125
22503
23129
23189
23651
23862
23978
24742
24743
24849
24957
25610
25623
25662
25687
25796
26529
27162
27333
27725
27739
28485
28565
28987
29195
29525
29584
29675
29797
30003
30149
30516
31923
33204
33528
34014
34041
34161
34171
34344
34459
34621
34752
34894
35404
36486
37383
38572
39015
39377
39521
41160
42066
42641
43475
43620
44692
45201
45400
49682
51042
51044
52232
54778
54931
55137
55138
103
146
227
330
492
828
920
921
1081
1209
1331
1384
1414
1536
1574
1888
2005
2019
2081
2172
2181
2334
2407
2494
2829
2834
2967
2996
3111
3203
3392
3432
3624
3715
3756
3818
3922
3958
4002
4380
4402
4450
4467
4662
4719
4801
4914
4937
4956
5213
5257
5320
5396
5461
5481
5616
5914
5962
5993
6100
6104
6586
6617
6801
6811
6928
7068
7305
7311
7540
7592
7596
7774
7921
8076
8148
8259
8557
8558
8732
8774
8984
8992
9011
9214
9220
9257
9555
9640
9683
9737
9826
9990
10167
10368
10487
10539
10670
10860
10876
10898
11028
11152
11445
11801
11838
11845
11925
12068
12103
12221
12261
12281
12337
12459
12555
12587
12698
12791
12804
12982
13419
13502
13640
13654
13758
13977
14086
14165
14198
14252
14483
14509
14532
14556
14713
14959
15117
15144
15228
15400
15420
15538
15618
15660
15736
15798
16223
16267
16400
16641
16729
16795
17044
17067
17249
17608
17626
17999
18356
18400
18798
19061
19476
19555
19602
19709
20057
20129
20525
20595
20673
20862
21060
21187
21248
21360
21424
21471
21726
21882
21948
22201
22455
22981
23351
23366
23410
23467
23582
23639
23691
23891
24091
24335
24482
24875
24997
25063
25560
25609
25764
26194
26548
26998
27593
27785
27847
28075
28148
28229
28333
28492
28779
29163
29315
29413
29812
30420
30669
30824
30834
31105
31207
31731
31744
32189
32289
32327
32425
32503
33071
33129
33247
33802
35211
37332
38529
38932
39075
39149
39537
40695
42069
43656
45005
45090
45891
48687
49662
50304
52137
56752
56834
25
67
74
118
179
471
584
631
695
881
936
1039
1071
1124
1181
1347
1389
1450
1595
1599
1865
1951
1965
2040
2043
2069
2105
2119
2211
2239
2323
2355
2563
2601
2623
2819
2852
2913
2977
3010
3041
3093
3120
3178
3179
3438
3517
3589
3680
3811
3928
3956
4061
4134
4538
4566
4573
4615
4624
4641
4954
5070
5160
5163
5445
5491
5503
5554
5707
6232
6319
6330
6370
6403
6520
6766
6839
6843
6869
6885
7002
7146
7388
7585
7700
7743
7765
8113
8223
8356
8413
8538
8545
8648
8773
8972
9005
9014
9058
9080
9169
9432
9451
9613
9644
9658
9793
9977
10430
10500
10802
10993
11312
11384
11487
11510
11548
11632
11652
11737
11759
11806
11820
12237
12276
12313
12763
12977
13069
13276
13432
13562
13682
13685
14292
14665
