0.994297889143
0.991207255665
0.987771108839
0.985075481238
0.983396928044
0.981580111238
0.979590535272
0.978021240134
0.976313884531
0.974608021794
0.974434037529
0.972973183501
0.971513428465
0.97012420336
0.969187037899
0.96901353821
0.96811159081
0.967210063376
0.966066427228
0.963815777019
0.963192984112
0.962017159741
0.960876600025
0.960151138044
0.959287852296
0.958321435884
0.957493466354
0.956769281664
0.95611430364
0.955287284623
0.954701694672
0.95397856735
0.953255713999
0.952189159487
0.951535751363
0.95074508481
0.950092172444
0.949405138524
0.948718353725
0.947928859471
0.947242614539
0.94659090802
0.945905142072
0.945288164068
0.944739908156
0.94408906269
0.94333573204
0.942582706424
0.941966813744
0.94138532156
0.940769820268
0.94015451964
0.939607759078
0.938992838655
0.938412266542
0.937866009193
0.937490549093
0.936978679192
0.936808086955
0.936125875801
0.935341642916
0.934796279546
0.934217005846
0.933535742721
0.933093051531
0.932582383749
0.932003797774
0.931391372293
0.930643129683
0.929895189622
0.929283460562
0.928536064717
0.92802664627
0.927483420621
0.927042166383
0.926160008913
0.925685155593
0.925040915881
0.924600243134
0.923888631308
0.923211144142
0.922601617414
0.922127677953
0.921653859636
0.92097719749
0.920368407566
0.91989504214
0.919489396729
0.919083841399
0.918644590072
0.918104119048
0.917394999678
0.916956152164
0.916551155338
0.916179988079
0.915437885286
0.914965790317
0.914561233958
0.914156766437
0.913617619919
0.913112314149
0.912708167815
0.912236777965
0.91183282484
0.911395310529
0.910991543779
0.910655139825
0.910184278659
0.909814401737
0.909242927835
0.908806035396
0.908201283599
0.907630314774
0.907160237005
0.906757409585
0.906388229706
0.906052676865
0.905515924024
0.905046397304
0.904644039549
0.904141221887
0.903672048659
0.903169503104
0.902700582724
0.902097866765
0.901662695189
0.90132801831
0.900893031867
0.90039125542
0.899956495733
0.899254428176
0.898853360138
0.89845238218
0.898051493683
0.897717487755
0.897350152989
0.896916131348
0.896615713319
0.896115130916
0.89564804571
0.895114384832
0.894780926226
0.89441419283
0.893947551818
0.893514350226
0.893047946532
0.892714873101
0.892215380992
0.89191575133
0.891449762631
0.890983895697
0.89058467712
0.890185548004
0.889819757666
0.8894540425
0.889021931203
0.888257711898
0.88772627199
0.887527016504
0.887028979984
0.886497896674
0.886099685145
0.88573473598
0.885403029299
0.885005063164
0.884706646804
0.884341984036
0.883844847087
0.883546626421
0.883215329766
0.882751621056
0.882321143026
0.88162598253
0.8812950462
0.880964171995
0.880600282062
0.880170327747
0.879806601824
0.879509063291
0.879211575079
0.87881500303
0.87762582364
0.877262623916
0.876668470029
0.876371462665
0.875876565324
0.875546709348
0.875282869919
0.874953127011
0.874491590192
0.874129039674
0.873832462837
0.873502992658
0.873206522055
0.872844237432
0.872482029845
0.872119899293
0.871527479937
0.871231344808
0.870935260001
0.870639225516
0.870343241351
0.870014429698
0.869652808571
0.869422724779
0.869159809149
0.868732662264
0.868404155023
0.868042869992
0.867648828295
0.867353352935
0.867025106619
0.866696922428
0.866303186386
0.865975138249
0.865745541517
0.865384808779
0.865024154939
0.864598021312
0.864204759906
0.863909871627
0.863647791579
0.863254745125
0.86292727475
0.862665343181
0.862370717691
0.862076144386
0.861748898905
0.861421714927
0.860996471552
0.860702131216
0.860473234634
0.860146292944
0.859721363301
0.859296538028
0.859067828442
0.858806483333
0.858512517611
0.858218602831
0.857924737752
0.857663567214
0.857271889374
0.857076081828
0.856684543148
0.856390940858
0.856032163815
0.855673461943
0.855412633715
0.855086656205
0.854728151891
0.854434885697
0.853881081398
0.853620526519
0.853327449807
0.852774015773
0.852481085675
0.852058054573
0.851862843427
0.851505015033
0.851212301752
0.850919639413
0.85052950476
0.850204457883
0.849911968252
0.849554551126
0.849294657258
0.848969845835
0.848612625646
0.84838534245
0.847963332063
0.847703681725
0.847444071768
0.847216945128
0.846957409099
0.846633045598
0.846341171005
0.846081769167
0.845725160288
0.845076989926
0.844785384334
0.844591008148
0.844396654327
0.843943258372
0.843684224314
0.843360488276
0.843101543678
0.842777919465
0.842519064327
0.842260248949
0.841936786882
0.841710400151
0.841451709645
0.841160729652
0.84080515764
0.840514289472
0.840255782235
0.839965009118
0.83964198876
0.839383615713
0.83909299356
0.83880242235
0.83851190084
0.838253701742
0.837995542405
0.837705161297
0.83741482989
0.837060053078
0.836898813764
0.836608622759
0.836415189631
0.836189546537
0.835996161867
0.835770574685
0.835480578753
0.835190634384
0.834932947197
0.834739707899
0.834321106312
0.834063553315
0.833773854341
0.833548567844
0.833323311167
0.83306591224
0.832776387837
0.832551235531
0.832293956505
0.832004565049
0.831715223294
0.831490214496
0.831200962821
0.830976023604
0.830622611679
0.830172927073
0.829948127637
0.829723358021
0.829466517598
0.829209715071
0.828888767826
0.828632054759
0.828407463442
0.828150824925
0.827926298839
0.827733872137
0.82747733799
0.827220844225
0.826964389599
0.826707974732
0.82648364434
0.826131187277
0.825938969315
0.825778804764
0.825490548333
0.825202342223
0.824946201328
0.824722110117
0.824402034485
0.824146017219
0.823922034727
0.823602115029
0.823378206466
0.82312234824
0.822866529774
0.822578782768
0.822291086083
0.82206735644
0.821779748594
0.821619987856
0.821396348915
0.821108858485
0.820853353129
0.820629818559
0.820278613936
0.819959401843
0.819704075407
0.819480697392
0.819225446748
0.818842647819
0.818619387219
0.818364271387
0.818045432044
0.817726654826
0.81747167629
0.817216738136
0.816706985457
0.816452165961
0.816165543418
0.815942648114
0.815465124038
0.815083204178
0.814860457353
0.814637740347
0.814383245766
0.814096985412
0.813715384253
0.813461032559
0.81314314932
0.812888887086
0.812698216037
0.812507567353
0.812285172156
0.811904000281
0.811681687709
0.811491158305
0.811268902268
0.810887966468
0.810634057104
0.810316726778
0.809999458577
0.809745687752
0.809555385726
0.809301684481
0.809079728508
0.808826102434
0.808604211692
0.808350660168
0.808097148405
0.807621942214
0.80733687404
0.807051854322
0.80683020711
0.806545276853
0.806355351305
0.806165448121
0.805880637144
0.80562751242
0.805406060902
0.805153012591
0.804931626304
0.804678651301
0.804425715436
0.804109605246
0.803856759463
0.803635551474
0.803414374549
0.80313004939
0.802845774552
0.802624706345
0.802372094152
0.802119521719
0.801898552912
0.801677614547
0.801456706622
0.801235829139
0.801109627102
0.800920342684
0.800731080631
0.800731048326
0.800415667484
0.800226465071
0.800005757189
0.799785079748
0.799532916098
0.799249278042
0.799060213546
0.798713655877
0.798461659964
0.798241195613
0.798020761702
0.797705911408
0.79739112448
0.797139337308
0.796950522555
0.796730266944
0.79647858352
0.796195487194
0.796006784266
0.795692331571
0.79547224991
0.79525219869
0.794875045062
0.794592237618
0.794372308163
0.794058182246
0.793869732788
0.793649903354
0.793461502354
0.793147554115
0.792833666758
0.792551220881
0.792206079041
0.791955111919
0.791735548381
0.791359227849
0.791171098957
0.790512852535
0.790324824286
0.790105486261
0.789854852129
0.789510298613
0.789291073656
0.789103190778
0.788915330266
0.788664884994
0.788414478861
0.788257995219
0.787757366843
0.787538385416
0.787288158203
0.787131786386
0.7867878243
0.786443937385
0.786193885986
0.786006372132
0.785818880642
0.785475211165
0.785256547197
0.784975453782
0.7847880853
0.784600739183
0.783976462109
0.783789212907
0.783570783772
0.783352385078
0.783134017446
0.782946868887
0.782666189224
0.782447916644
0.782198499542
0.781980292814
0.781762115906
0.781575131357
0.781357011604
0.781170075512
0.780889715173
0.780702835615
0.780515977801
0.779955587005
0.779706568124
0.779550951126
0.779115316719
0.778897539896
0.778617589582
0.778430982131
0.778182208644
0.778026743852
0.777778033111
0.777529361509
0.777218578541
0.77693892829
0.776721456502
0.776504015154
0.776193440926
0.775976072886
0.775727689544
0.775510386735
0.775137942185
0.774796611716
0.774579439991
0.77433128092
0.774176201304
0.773835085166
0.773680055249
0.773463039458
0.773184064507
0.772533353852
0.772254548502
0.772068704568
0.771851914913
0.77157323257
0.7714493888
0.77107792334
0.77092316988
0.770737486228
0.770551824942
0.770428063177
0.770273374948
0.77005683752
0.769716633998
0.76943833621
0.769221916819
0.769005527249
0.768758262779
0.768603742287
0.768418338199
0.768171168159
0.767584320176
0.767399039095
0.767152033065
0.766966804169
0.766750733921
0.766596415336
0.766442112282
0.766226114099
0.765948450608
0.765670835573
0.765516625707
0.765331594369
0.765115753362
0.764869116355
0.764622517866
0.764406777502
0.76412944203
0.763944579051
0.763759737815
0.763574918944
0.763328531059
0.763174557268
0.762989809219
0.762497276357
0.762220287543
0.762035655047
0.761758750102
0.761358866788
0.761174338663
0.760897594621
0.76071312303
0.760436460372
0.760252044072
0.759975465283
0.759791104895
0.759637488323
0.75917674981
0.758931070771
0.758685432113
0.758501228902
0.758286353318
0.758040819652
0.75776464157
0.75748851443
0.75730445597
0.757089749366
0.75684440953
0.756599108211
0.756292537319
0.756016679802
0.755802156468
0.75561830302
0.755434471938
0.755220032472
0.755036249847
0.754883114744
0.754729995793
0.754576891753
0.754301344239
0.754087064435
0.753934025626
0.753750399556
0.753566795851
0.753383214511
0.753138474181
0.752832606545
0.752557377733
0.752129353021
0.751732008136
0.751548650446
0.751029286402
0.750815471293
0.750723845565
0.750510075186
0.750296334006
0.75011315213
0.749960517133
0.749777375638
0.749533223011
0.749350133702
0.749228086587
0.748953518786
0.748770500299
0.748557006997
0.748343544758
0.748160600821
0.747977679249
0.74788622685
0.747611904442
0.747459524158
0.747215749873
0.746972014726
0.746789238527
0.746576027894
0.746423753223
0.746271494082
0.745997468633
0.74584525298
0.745693052859
0.745510433214
0.745236549409
0.744780189469
0.744536852544
0.744384785991
0.744141513676
0.743989487505
0.743837476865
0.743655085219
0.7435335028
0.743351148429
0.743016895244
0.742804224478
0.74234861625
0.742136041157
0.741923497747
0.741559212078
0.741346750052
0.741134318467
0.740921916703
0.740557883261
0.740406223627
0.740254579525
0.740072627725
0.739921017791
0.73970879184
0.739254127913
0.739011693665
0.738799596934
0.738587530645
0.738405783236
0.738224058192
0.73807263774
0.73792123344
0.737739568657
0.737527654574
0.737346037628
0.737103917732
0.736982872073
0.736831578977
0.736650047763
0.736468538914
0.736287052431
0.736014868367
0.735803202163
0.735652030211
0.735379961078
0.735107945373
0.734805761752
0.734564058715
0.734382807064
0.734261985054
0.734020371478
0.733748604273
0.733507075807
0.733356140551
0.733114676696
0.732903427972
0.732662039288
0.73239052431
0.732269866311
0.732028580133
0.731757183194
0.73160642748
0.731395396193
0.73121453593
0.731003561177
0.730732353098
0.730551575461
0.730310574437
0.730009377982
0.72985880243
0.72970824241
0.729527590886
0.729346961728
0.729136257219
0.72865478634
0.72850435057
0.728293767205
0.728113291495
0.72793283753
0.72775240655
0.727602063967
0.727391611065
0.727211247181
0.726970799691
0.726790487991
0.726580152505
0.726429931066
0.726219647766
0.726099499192
0.725889263727
0.725769142488
0.725588979268
0.725408839034
0.725228720543
0.725048625039
0.724868551278
0.724718506896
0.724538474138
0.724388463924
0.72420847279
0.723938527712
0.723668636062
0.723488733767
0.723278876022
0.723099022184
0.722919191333
0.722709416836
0.722559596103
0.722379831725
0.722020383111
0.721810738455
0.721631067265
0.721481358979
0.721331665603
0.721092190369
0.720942537374
0.720792899911
0.7205235941
0.720374000124
0.720194508475
0.719985129714
0.719805685902
0.719626264454
0.719476763665
0.719327278408
0.7191479166
0.718998465512
0.718430719113
0.718281342574
0.718102111229
0.717922902249
0.717713853994
0.717474980131
0.717325702992
0.717146590927
0.716967501227
0.716758591511
0.716579550268
0.716400532012
0.716191705543
0.716042562595
0.715893434557
0.715565408163
0.715237460669
0.715088416499
0.714909583997
0.714700974344
0.714551986087
0.71437322068
0.714283846363
0.714015763173
0.713717954396
0.713449974955
0.71330111716
0.713062976994
0.712914159581
0.712765357699
0.712586816563
0.71243804885
0.712229802007
0.711902620514
0.711694450707
0.711545776182
0.711367387252
0.711189021309
0.71098095525
0.710802637143
0.710564915078
0.710446068645
0.710148999778
0.710000486777
0.709673817195
0.709525353894
0.709376906125
0.709198789303
0.708991015232
0.708812947489
0.70863490149
0.708427210045
0.708278877207
0.70807123919
0.707982259989
0.707804318359
0.707567099507
0.70685575047
0.706737214662
0.706559430209
0.706470546059
0.706322418234
0.70617430594
0.705937362302
0.705670850253
0.705552413846
0.705404382314
0.705256366935
0.705019575503
0.704782823832
0.704634873062
0.704546110056
0.704368602681
0.704191116428
0.70389535902
0.703510965962
0.703333587807
0.70312667541
0.702949345091
0.702742489849
0.702594753412
0.702358408659
0.702151640393
0.701944903189
0.701649617931
0.701442954034
0.701147776874
0.700970696919
0.700823146857
0.700705117989
0.700380599175
0.700203616135
0.699997167191
0.699879207904
0.699731772773
0.699466437994
0.699319048214
0.699171672101
0.699024312141
0.698876967713
0.698700174154
0.698464486063
0.698199386117
0.698052128042
0.697934332764
0.697610456945
0.697463260995
0.697316080576
0.697051198689
0.696904061758
0.696639255663
0.696462746016
0.69640391423
0.696227435645
0.695933357477
0.69543356841
0.695286602323
0.695139651767
0.694963331601
0.694816415213
0.694669514357
0.694493253832
0.694346387144
0.694228904977
0.694023335103
0.693876518115
0.693729716659
0.693582930735
0.693494866635
0.693230710368
0.693054633111
0.692937260284
0.692702546313
0.692555869107
0.692409207433
0.692291889276
0.692057284645
0.691793404213
0.691617508983
0.691412326768
0.691265786238
0.691031354936
0.69085555662
0.690855543574
0.690357585332
0.690357561103
0.690064721087
0.689859769356
0.689654848067
0.6895377635
0.68939142177
0.689215832815
0.688981748793
0.688835466081
0.6886891989
0.688542947251
0.688338222898
0.688250492409
0.688133527123
0.687928863652
0.687753461073
0.68751962555
0.687344275156
0.68713972786
0.687022857003
0.68687678241
0.686730723348
0.686584679818
0.686409448704
0.686321841223
0.686146643035
0.68588388893
0.685708747276
0.685533627366
0.685329350313
0.685183455883
0.685008403689
0.68483337386
0.684658366396
0.684541706764
0.684337576948
0.68419178813
0.683987711741
0.683812811754
0.683521362095
0.683375660253
0.683142572094
0.682880398858
0.682676516921
0.682297966101
0.682065061212
0.681919514681
0.681803089261
0.681657570687
0.68154116701
0.681395676393
0.681250201306
0.681075651704
0.680901124466
0.680697538865
0.680493984327
0.680319532261
0.680174172106
0.67982537545
0.679592893631
0.679418557118
0.679244242348
0.679128044927
0.678924723978
0.678779512923
0.67831498292
0.678169837096
0.678053731619
0.677908613752
0.677676463681
0.677473361413
0.677183269808
0.677009242677
0.676864236635
0.676690249885
0.676545278012
0.676400321669
0.67622639456
0.676081472386
0.675994526537
0.675791674633
0.675588855033
0.675472970722
0.675241233783
0.675096417222
0.674980575156
0.674806831315
0.674662061348
0.674430463569
0.674227848361
0.674083140518
0.673967385427
0.673793771428
0.673620179793
0.673475537182
0.673273064241
0.673070622362
0.672954954245
0.672810383078
0.6726369188
0.672492381802
0.672232256828
0.672058868343
0.671943287202
0.671798824753
0.671625490938
0.671307773573
0.671163379462
0.671019000882
0.670874637834
0.670701422677
0.670585958331
0.670470503925
0.670355059459
0.670210767854
0.66995108459
0.669835684854
0.669691449783
0.669518388075
0.669403025614
0.669258837137
0.668999337763
0.66859578845
0.668451686327
0.66810591019
0.667990669494
0.667817827709
0.667673810076
0.667529807974
0.667385820782
0.66718426667
0.667011528633
0.666896382367
0.666752463513
0.666551003831
0.666407122251
0.666205714133
0.665946806189
0.665802989841
0.665716707487
0.665572915989
0.665429140644
0.665199133266
0.664969164405
0.664710498749
0.66456681597
0.664365688035
0.664222042531
0.664020966781
0.663877358552
0.663705049178
0.663532762791
0.663389207368
0.663245667476
0.663102143116
0.6626716918
0.662556920769
0.662413470959
0.66227003668
0.662097936668
0.661954536557
0.661753808708
0.661610445873
0.661323771145
0.661180455524
0.661008497157
0.660893870256
0.660750600609
0.660578698154
0.660378173453
0.660234959718
0.660120399913
0.660005850047
0.659776781378
0.659605005659
0.659490500523
0.659347383082
0.659175663274
0.659061195414
0.658918124566
0.65874646005
0.658632029465
0.658489005211
0.658345996488
0.658088622412
0.6578027112
0.657631192678
0.657488277143
0.657288222108
0.65711677006
0.656888204604
0.656773935543
0.656631113196
0.65648830638
0.656259850264
0.656117083829
0.655974332925
0.655831597553
0.655688877711
0.65537495805
0.655175226065
0.654946999811
0.654661777567
0.6544621543
0.654319583559
0.654120012478
0.653977479012
0.653834961698
0.653635463303
0.653492983265
0.653407502324
0.653265046514
0.653151093049
0.653065634473
0.652951698403
0.652837772272
0.652609951074
0.652439110958
0.652268293206
0.652040572651
0.651670620557
0.651357659484
0.651243873135
0.651130096105
0.650703540029
0.650532952761
0.650333960685
0.650220263175
0.650049735547
0.649879232148
0.649737161514
0.64959510641
0.649453067459
0.649311043419
0.649140635071
0.649027041931
0.648856670858
0.648714712049
0.648572769392
0.648374075516
0.648147033366
0.648033527201
0.647834916573
0.647693069588
0.647522874329
0.647409422834
0.647239264851
0.647097483097
0.646955716875
0.646842315702
0.646700577436
0.646558854702
0.646417147499
0.646360468966
0.646247119356
0.646077113579
0.645935459182
0.645793820316
0.645680521028
0.645538910118
0.645368997528
0.645170795683
0.645057550443
0.644887701221
0.644774480831
0.644661270381
0.644548069871
0.644434879301
0.644349992897
0.644151946985
0.644010504435
0.643840793751
0.643727665306
0.643416615821
0.643275253412
0.643133906534
0.642936048861
0.642568689866
0.642427420645
0.642286166954
0.642060197082
0.641834263864
0.641664839577
0.641495438276
0.641354287092
0.641213151439
0.641100254099
0.6409873667
0.640846271428
0.640733406393
0.640535916501
0.640338458292
0.640169233426
0.640028228236
0.639605317657
0.639408002957
0.639238899235
0.63904164169
0.638872587047
0.638731724744
0.638590877973
0.638450046732
0.638309231024
0.638168430846
0.637999492998
0.637858726989
0.637717976511
0.637577241565
0.637464664791
0.637267679975
0.637098860164
0.636930062718
0.636789414747
0.636648782928
0.63650816602
0.636395683675
0.636283211271
0.636114523165
0.635861533873
0.635749108684
0.635411901453
0.635327611449
0.635187140534
0.63504668515
0.634878159813
0.634681575082
0.634541176232
0.634428867837
0.634260424505
0.634063935446
0.633979734902
0.633558838417
0.633446616997
0.633334405518
0.633081970381
0.632941747966
0.632829581217
0.63277350157
0.632633313945
0.632409045678
0.632296926144
0.63210074274
0.631960629044
0.63182053088
0.631540387978
0.631372328578
0.631204291543
0.630952279477
0.630756304193
0.630588349163
0.630448403205
0.630336457621
0.630196539618
0.630056637148
0.629832831712
0.629525163071
0.629357372051
0.629217562768
0.62904981275
0.628937991416
0.628770279916
0.628630535864
0.628490807965
0.628239340115
0.628099655081
0.627820340927
0.627708628933
0.627513158104
0.627373553834
0.627233965094
0.627010659144
0.626871111407
0.626759483903
0.626564161553
0.626452561384
0.626313075772
0.62617360507
0.626034151763
0.625922598809
0.625755288637
0.62561588006
0.625476487636
0.625337110743
0.625114142752
0.624974805619
0.624835484017
0.624668318596
0.624529031785
0.624250506619
0.624083420097
0.623888514605
0.623721476541
0.623610129842
0.623498793083
0.623359636113
0.623109193326
0.622942259631
0.622830982513
0.622580647823
0.622441593359
0.622274749125
0.622135728829
0.621968924976
0.62182993885
0.621663175999
0.62155201319
0.621440860321
0.621301933835
0.621135242428
0.621024126834
0.620857472702
0.620690840314
0.620524230912
0.620440934288
0.620329880819
0.620163319253
0.619913522567
0.619774766303
0.619414091341
0.619219917682
0.619025774465
0.618887117601
0.618693025948
0.618526684926
0.618415803544
0.61830493148
0.618055509408
0.617889254119
0.61777842927
0.617418339526
0.617196786743
0.617002959743
0.616892214414
0.616753797353
0.616587717256
0.616366313574
0.616255625401
0.616144947167
0.616006613975
0.615923621142
0.615785312799
0.615647019367
0.615481087749
0.61531518036
0.615204586617
0.615066358415
0.614955787037
0.614789949228
0.614651767621
0.614430713081
0.614320198858
0.614154446782
0.614043957408
0.613933477975
0.613767778083
0.6136573235
0.613546878857
0.61335362527
0.613160403367
0.61302240565
0.612856828766
0.612746456188
0.61263609355
0.612553328094
0.612442982851
0.612332647547
0.612167165094
0.612084431322
0.611643319971
0.611560621611
0.611422803435
0.611202329143
0.611119660603
0.611009444579
0.610871688528
0.610706403632
0.61051359921
0.610403437857
0.610210683134
0.610128081689
0.60993536859
0.609797733683
0.609715160194
0.609522512326
0.609412440433
0.609192332679
0.609054781641
0.608972258473
0.608807228911
0.608697221627
0.608394758443
0.608257298108
0.608147340524
0.607954939293
0.607817528036
0.607597702951
0.607515278562
0.607377918248
0.607213106123
0.60710324297
0.606938467499
0.606773714394
0.606636437327
0.60649917517
0.606334481704
0.606114926242
0.605950284961
0.605813101082
0.605675932734
0.60542907394
0.605264526468
0.605072583098
0.604908083463
0.60479842905
0.604661375633
0.604551743585
0.604305114033
0.604168115907
0.604085924487
0.603894168114
0.603702442182
0.60359289773
0.603483362598
0.603319078536
0.603209568253
0.603072694377
0.602963207081
0.602716897473
0.602388564182
0.602279138389
0.602142370747
0.602005618637
0.601841537724
0.601622797963
0.601431431735
0.601322092918
0.601185433373
0.601076116921
0.6009121615
0.600720908961
0.600693589477
0.600529685621
0.60036580475
0.600229253925
0.6000654153
0.599928899265
0.599819697122
0.599628617912
0.599437570385
0.599191984534
0.599110132316
0.599001004723
0.598810056597
0.598700956339
0.598619137669
0.598510054806
0.598346449771
0.59821012943
0.597964797048
0.597828519573
0.597746760543
0.597501522592
0.597392541614
0.597201851307
0.597065661428
0.59695672021
0.596575526591
0.596384966746
0.596248869434
0.596140002766
0.59600393341
0.595840671926
0.595704636739
0.595568617083
0.595405413996
0.595405404678
0.59526941919
0.595106257107
0.594997494809
0.594970305788
0.594861555915
0.594861546597
0.594752806664
0.594562536322
0.594562523276
0.594209248026
0.594046231315
0.593937565932
0.593801748183
0.593638788005
0.593530159898
0.593285786727
0.593122896751
0.59298717281
0.592878604343
0.592770045815
0.592607227283
0.592444431116
0.59230878421
0.592173152835
0.592037536991
0.591929055499
0.591793468233
0.591685009106
0.591468123156
0.591359693849
0.591224171193
0.591115764251
0.590980269551
0.590871884974
0.590736419473
0.590438451656
0.590330116779
0.590167634965
0.589923957594
0.589815670553
0.589463811754
0.589301447977
0.589112051113
0.589003838001
0.58889563545
0.588760395463
0.588652214656
0.588544043788
0.588327735602
0.588192560846
0.587949298471
0.587814167824
0.587679052087
0.58757097068
0.5871657881
0.586868719854
0.586733712836
0.586571725536
0.58638276976
0.586274807633
0.586112883701
0.585950982134
0.585843059767
0.58573514734
0.585573297959
0.585438440041
0.585303597654
0.585141807912
0.584926128431
0.584764391495
0.584656578468
0.584467930832
0.584387090631
0.584225427624
0.584144604197
0.584009910911
0.583875233155
0.583740571552
0.583632852955
0.583498218687
0.583363599951
0.583228997367
0.583067494643
0.582825285908
0.582717651801
0.582610027634
0.582394810984
0.582287216637
0.582179632231
0.581830060254
0.581722518092
0.581614985871
0.581507463589
0.581426828401
0.581346198804
0.581238701372
0.581104344182
0.580943137173
0.580755089043
0.580647646281
0.58054021346
0.580325381985
0.580217978983
0.580110585922
0.579976359194
0.579895830239
0.57976162774
0.57954693729
0.579332289084
0.579171326848
0.579090853806
0.578956744494
0.578795834443
0.578688573087
0.57858132167
0.578474080193
0.578366848657
0.578232823214
0.578152415403
0.578072013184
0.57793802191
0.577830840074
0.577696877377
0.57750935669
0.577214749216
0.577054081453
0.576920208837
0.576866663892
0.576759581455
0.576518686665
0.576411636533
0.576304596342
0.575903297819
0.575796304843
0.575689321807
0.57558234871
0.575341698071
0.575208023635
0.575074365351
0.57496744941
0.574887268977
0.574753647968
0.574646761847
0.574539885666
0.574433019424
0.574326163123
0.574192607345
0.574005656965
0.573952247452
0.57384543588
0.573711935394
0.573631842558
0.573444982258
0.573311528366
0.573178090005
0.572991304256
0.572964622796
0.572831224816
0.572697842368
0.572617820354
0.572537803931
0.572431124065
0.57224446008
0.57216446975
0.571977849253
0.571844566826
0.571578056642
0.571391531818
0.571391503862
0.57128493085
0.570539215487
0.570459344436
0.5703528584
0.570273000396
0.570139916148
0.569767390835
0.569660969409
0.569527956604
0.569421557543
0.56926197821
0.56915560462
0.569049240349
0.568942886018
0.568863126793
0.568756789857
0.568623882665
0.568490991004
0.568384688858
0.568012728262
0.567853345865
0.567720544907
0.567162962163
0.567056784267
0.566924075875
0.566817920344
0.56668524053
0.566579107364
0.566472984138
0.566366870852
0.566234243844
0.565942527669
0.565836464084
0.565730410438
0.565597857358
0.565385807221
0.565253294523
0.565120797357
0.565014810806
0.564882342216
0.56477637803
0.564643937397
0.564352638703
0.564193772566
0.564114346952
0.564008454831
0.564008420662
0.56384960174
0.563743734469
0.563611414358
0.563452652591
0.563241004403
0.563161645884
0.563082292957
0.562950050503
0.562685617779
0.562447680762
0.562341945196
0.56223621957
0.562104077138
0.56202479876
0.561919102954
0.561813417089
0.561707741163
0.561602075177
0.561417184863
0.561311546212
0.561205917501
0.560994693627
0.560862697188
0.560757110723
0.56049319488
0.560229339919
0.56007105403
0.559965542114
0.559860040138
0.559701806434
0.559569962201
0.559438136606
0.55927996192
0.559174524554
0.559069097129
0.558990033083
0.558884623052
0.558384074196
0.558147050417
0.557989058378
0.557725797333
0.557646828338
0.557488908365
0.557304697077
0.557199446087
0.556673378131
0.556489302275
0.556331546934
0.556173812093
0.556068667957
0.555858411991
0.555464325564
0.555359248524
0.555175391349
0.55496530809
0.554781516147
0.554676503716
0.554545252778
0.554440262712
0.55430903973
0.554177832279
0.554072877004
0.553967931668
0.553836764598
0.553653157787
0.553522027992
0.553417134842
0.553207382089
0.553076305101
0.552866614473
0.552761783447
0.552683166701
0.552578353071
0.552447350633
0.552263973684
0.55218539235
0.552080625934
0.551923496813
0.551818755869
0.551714024865
0.55160930318
0.551504591434
0.551399889629
0.551269026972
0.551164347532
0.550798070755
0.55061496902
0.550536505102
0.550379595282
0.550248853147
0.550118126544
0.550013556444
0.549882857797
0.549752175302
0.549673772888
0.549569245033
0.549360221006
0.549229600637
0.549098995798
0.549046757963
0.548942289748
0.548785606063
0.548655054031
0.548550623091
0.548446202091
0.548367892864
0.548263489259
0.548106904353
0.547950339948
0.547819887316
0.547689449594
0.54758511122
0.547480782787
0.54729823148
0.547167855883
0.546985359867
0.546933222675
0.546828955745
0.546724698755
0.546594391495
0.546411989289
0.546281719304
0.546177514499
0.546073319635
0.545995180009
0.545578547786
0.545474410697
0.545266169446
0.545162061556
0.545057963606
0.544953875596
0.544849797526
0.544745729397
0.544537626684
0.544433588375
0.544277550169
0.544147534897
0.544043533862
0.543939542767
0.543809567877
0.543679609139
0.543601640978
0.543497692129
0.543367770045
0.543289824249
0.543185905219
0.54292615486
0.54282227062
0.542666462898
0.542510677541
0.542406833061
0.542225130382
0.542095361126
0.541965607401
0.541861815106
0.541758032751
0.541654260336
0.541472685014
0.541368939934
0.541239272563
0.541161479595
0.541057764335
0.540850369848
0.540746684409
0.540643008909
0.540565258807
0.540487514297
0.540176605214
0.54009888866
0.539995275286
0.53981397642
0.539736285958
0.539632707373
0.539529138729
0.539425580024
0.539296146243
0.539192609903
0.539063203457
0.538933812542
0.538830310992
0.538623341441
0.538519869711
0.538312957315
0.538209515405
0.538028517224
0.537899251181
0.537770000668
0.537640765066
0.537511544994
0.537434020407
0.537304825185
0.537227315508
0.537123977968
0.537020650369
0.536917332709
0.53681402499
0.53671072721
0.536607439371
0.536426712055
0.536091179715
0.535987951516
0.535884733256
0.535755725032
0.535652529137
0.535549343183
0.53547196024
0.535368791681
0.535291421784
0.53518827062
0.53511091377
0.534981998111
0.534698455728
0.53456959039
0.534466508806
0.534440739963
0.534337670804
0.534260375457
0.534183085702
0.534028523587
0.533925494188
0.533796722038
0.533693715004
0.533616466251
0.533513476612
0.533410496913
0.533178838251
0.533024422751
0.53289575932
0.532792839261
0.53271565574
0.532561306092
0.532509860973
0.532381259045
0.532201244925
0.53212410427
0.532046969206
0.531969839734
0.531867009135
0.531789892708
0.531712781873
0.531687079504
0.531609976124
0.531198876135
0.531096120086
0.531019059572
0.530916320918
0.530710880264
0.530582496395
0.530531146948
0.530171782824
0.529863852637
0.529761225808
0.529709916121
0.529607304202
0.52955600197
0.529427757261
0.529325172677
0.529222598033
0.529120033329
0.528812406933
0.528735512294
0.528632994805
0.528530487256
0.528453613117
0.528299882235
0.528197406991
0.528094941687
0.527992486323
0.527890040899
0.527787605415
0.527685179871
0.527608367236
0.527505959087
0.527403560878
0.527301172609
0.52719879428
0.527096425891
0.526891722661
0.526789384092
0.526687055463
0.526635894876
0.526559158655
0.526456852391
0.526354556068
0.526226700262
0.526098859367
0.525945471415
0.525740990592
0.525613208715
0.525536547044
0.525459890964
0.525153335604
0.525051166015
0.524923468008
0.524770252763
0.524668120449
0.524412842471
0.524285222741
0.524183137642
0.524055545868
0.523927969625
0.523800408914
0.523621851004
0.523494327567
0.523366819041
0.523264823402
0.523162837703
0.523086354952
0.522907920672
0.522780483589
0.522678545105
0.522525656638
0.522423743005
0.522347314303
0.522270891192
0.522169002408
0.522041655407
0.521888859506
0.521685167671
0.521583336664
0.521506969466
0.521405155232
0.521227005484
0.521125218585
0.520972558739
0.520794484162
0.52071817474
0.520591005416
0.520463851623
0.520412994207
0.520285862158
0.520209590011
0.520082484054
0.519980808981
0.519879144469
0.519701255645
0.519548804539
0.519320170745
0.519218570222
0.519066188695
0.518939220657
0.518837657408
0.518761491495
0.518659945642
0.518558409728
0.51820312784
0.518000161625
0.517898690943
0.51779722958
0.517695778156
0.517594336673
0.517391487254
0.517290076212
0.517061938797
0.516884532685
0.516757831784
0.516656482246
0.516555143269
0.51642848337
0.516327166137
0.516225858844
0.51612456149
0.515997954398
0.51589667941
0.515820729692
0.515719472098
0.515643535426
0.515542295228
0.515466372224
0.515365150042
0.515289239462
0.515162734255
0.515061541272
0.515010948508
0.514935064021
0.514808602923
0.514631584471
0.514429319027
0.514252365186
0.514176536612
0.513873296243
0.513746964986
0.513544868522
0.513443834579
0.513368065645
0.513267049097
0.513166042488
0.51306504582
0.512888329297
0.512661171594
0.512459290083
0.512358362995
0.512257445846
0.512181764508
0.512106088762
0.512005196464
0.511853877897
0.51175301107
0.511626941359
0.511475679326
0.511047261362
0.510921278005
0.510820502502
0.510719736939
0.510568607853
0.510442683515
0.510341955227
0.5102412375
0.510065004931
0.509964314539
0.509838465372
0.509737796724
0.509637138016
0.509461012923
0.509284918271
0.50910885406
0.508983109884
0.508882525726
0.508706531096
0.50855570021
0.508430024993
0.508329495505
0.508228975957
0.507902362909
0.50770142197
0.507600965169
0.507500517686
0.507349866342
0.507274548435
0.507174133257
0.507174123938
0.50694823545
0.506822760276
0.506747481508
0.506647118515
0.506521679374
0.506446422971
0.506295927561
0.506195609298
0.506070226069
0.505969930171
0.505894714771
0.505819504962
0.505618972806
0.505393423521
0.505293194718
0.505192975855
0.50504266682
0.504917426478
0.504842289356
0.504742115223
0.504616912157
0.504466690096
0.504366553239
0.504291457118
0.50421636659
0.504091228754
0.503991129172
0.503891039529
0.503715909057
0.503640861395
0.503565819323
0.503515794382
0.503415752576
0.503290714141
0.503240702867
0.503115685554
0.503040682622
0.502940687409
0.502840702136
0.502715734524
0.502665751827
0.502590782442
0.502490832581
0.502390892038
0.502315943155
0.502166064024
0.502041180902
0.502041164749
0.501966241958
0.501891324758
0.501691575378
0.501541788814
0.501392024615
0.50111751459
0.501042660758
0.500917918659
0.500818134672
0.500743303204
0.500618597138
0.500493906603
0.50039416486
0.500294433058
0.500169782283
0.500070072845
0.499920527948
0.499845763576
0.499721169334
0.499596590625
0.499521850481
0.499422205653
0.499222949546
0.499123334539
0.498998830379
0.498899237736
0.498799655655
0.498675191255
0.498426322717
0.49832678723
0.498227261682
0.498127746075
0.498028240408
0.49792874468
0.497854129408
0.497754651076
0.497655182683
0.497555724852
0.49745627634
0.497307123451
0.497058586661
0.496959187848
0.496884645262
0.496834953311
0.496760420044
0.496685892368
0.49658653083
0.496536853789
0.496437507162
0.496263676346
0.496139528784
0.495990574074
0.495816825885
0.495543851591
0.495444604364
0.495370175466
0.495196533511
0.495047719204
0.494948521676
0.494824538746
0.494725363583
0.494650988735
0.494576619478
0.494527043079
0.494427897737
0.494353545253
0.494254417306
0.49415529992
0.494006643411
0.494006630986
0.493709387547
0.493461754676
0.493337958741
0.493214178338
0.493115164701
0.492941915375
0.492818184672
0.492595511155
0.492496559642
0.492372884852
0.492249225592
0.492175037119
0.492076127852
0.492001952425
0.491903060553
0.491730027422
0.491606448304
0.491532308289
0.491433463632
0.49130992241
0.491136991164
0.491038186889
0.490815914699
0.490692450512
0.490494940739
0.490396200452
0.490272789072
0.490198749699
0.49017407115
0.490124715916
0.490124696036
0.490025993646
0.48995197291
0.489803948212
0.489631282241
0.489507967154
0.489384667599
0.489286039758
0.488990221467
0.488891633387
0.488817698384
0.488719127077
0.48864520512
0.488497379843
0.488398840841
0.488275682931
0.488177166294
0.488127911703
0.488004786719
0.487930918811
0.487807818677
0.487660118272
0.48756166376
0.487561654441
0.487364777102
0.48726635241
0.487167937658
0.487069532846
0.486995735761
0.48694654081
0.486872753043
0.486774378051
0.486676012999
0.486577657888
0.486258106592
0.486159794346
0.486061492041
0.485889486458
0.485766645386
0.485643818602
0.48554556786
0.485398211628
0.485299985736
0.48522632284
0.485128114344
0.485054464494
0.484784468474
0.484514546383
0.484416409951
0.48431828346
0.484220166908
0.484048487482
0.483901358006
0.4838032837
0.483680704795
0.483631677581
0.483484612094
0.483411087116
0.483337567729
0.483264053934
0.48319054573
0.483043547959
0.482970056528
0.482872076652
0.482823090441
0.482676147961
0.482602684487
0.482455774933
0.482382328233
0.482308887124
0.482235451606
0.482137546279
0.482064123807
0.481941765446
0.481868357885
0.481770490454
0.481550333001
0.481476955259
0.481379127589
0.48133021717
0.481232403789
0.481134600348
0.481012360645
0.48091458019
0.480841250906
0.480767927213
0.480621297844
0.480523556527
0.480450257063
0.480352533142
0.480205966518
0.480108267447
0.480010578316
0.479864063877
0.479766399596
0.479668745255
0.479473468256
0.479400248933
0.479278229775
0.479107429418
0.479034238051
0.478961052276
0.478839088409
0.478717140073
0.478643978526
0.478570822571
0.478448909025
0.478351388874
0.478253879284
0.478180753148
0.478083260953
0.477985778077
0.477937040367
0.477815208826
0.477717753284
0.477620307683
0.47757158861
0.47749851466
0.477425446301
0.47732803052
0.477181927349
0.477084536418
0.476987155427
0.476914126207
0.476841102578
0.47676808454
0.476670735854
0.476573397107
0.476500399571
0.476427407626
0.47633009373
0.476257114831
0.476038221
0.475916629883
0.475843682668
0.475770741044
0.475697805011
0.475551951583
0.475406119278
0.475284608923
0.475187411822
0.475090225282
0.474993048061
0.47489588078
0.47472586382
0.474628723874
0.474483034457
0.474410197203
0.474288814826
0.47419171961
0.473876251171
0.473851986996
0.473754937132
0.47368215579
0.47356086598
0.473463845314
0.473342584081
0.473269834423
0.473172843577
0.472930422996
0.472857705022
0.47283346694
0.472639587133
0.472518432755
0.472421518944
0.472324615073
0.472251943693
0.472106620192
0.472009748626
0.471912887
0.471840247304
0.471743403073
0.471646568782
0.471501336604
0.471380326978
0.471235135803
0.471138353697
0.471017390664
0.470727147474
0.470654599101
0.47058205632
0.470461165352
0.470364462767
0.470267770121
0.47019525716
0.47007441527
0.469977752445
0.469881099559
0.469808616418
0.469711980927
0.469615355376
0.469518740387
0.469422134716
0.469349686986
0.469277244847
0.469132379207
0.46908409501
0.469011673372
0.468915120508
0.468818576962
0.468722043356
0.468625519691
0.468529005965
0.468336010819
0.468263646957
0.468191288688
0.468118936009
0.467998361257
0.467901912142
0.467805472966
0.467733150108
0.467612624435
0.467443920798
0.467299337206
0.467082509654
0.466986154968
0.466865725589
0.466745311742
0.466745288134
0.466552660768
0.466456360753
0.466384142264
0.466384133567
0.466287850946
0.466071253878
0.466071247665
0.465999058997
0.465830646726
0.465830640514
0.465638200765
0.465517945958
0.46537366243
0.465373656217
0.465301521597
0.4653015129
0.465301506687
0.465205335892
0.465085136376
0.465013024742
0.464916883767
0.464844784558
0.464724631636
0.464724619832
0.464628508676
0.464460339315
0.464268188448
0.464148110697
0.464004037151
0.463932008765
0.463811974501
0.46381195897
0.463739945494
0.46361993608
0.463547937515
0.463451948124
0.463451941912
0.463355962461
0.463236002126
0.463068087478
0.462972147787
0.462852237774
0.462756320448
0.462564519345
0.462396725219
0.462396716521
0.462204992453
0.462085181218
0.462085175006
0.461869560134
0.461749793008
0.461749742687
0.461606042513
0.461486308935
0.461486292782
0.461390517102
0.461270811479
0.461151121389
0.460911797119
0.460911790907
0.460911778482
0.46076820877
0.46067250764
0.460528975203
0.460457217061
0.46038546451
0.460313717551
0.460218063635
0.460146329722
0.460026786868
0.459931163394
0.459835549238
0.459763845145
0.459692146643
0.459500984185
0.459429306185
0.459333744214
0.459238192184
0.459190419897
0.459094882776
0.459023236459
0.458927717356
0.458808332299
0.458712834938
0.458617347518
0.458521870038
0.458450268451
0.458378672455
0.458307082051
0.458211636876
0.458140059518
0.458044632359
0.457949214519
0.457877658283
0.457782257838
0.457710714027
0.457591487389
0.45751995911
0.457519943578
0.457376906278
0.457281558018
0.456995586546
0.456900278046
0.456757334554
0.456638232166
0.456566777816
0.456495329056
0.456423885888
0.456328637028
0.456209589931
0.456114363436
0.456019146881
0.455900142029
0.455804947839
0.455709763589
0.455614589901
0.455543215691
0.455448058776
0.455376697613
0.455281558093
0.455186429135
0.455091309495
0.454877330376
0.454758473381
0.454639631297
0.454568333502
0.454449516889
0.454354474284
0.454283198853
0.454211929014
0.454140664766
0.454093158373
0.453998153665
0.453903158275
0.453808172825
0.453594496255
0.453404603633
0.453285939226
0.453214747664
0.453119834279
0.453001206527
0.45293003733
0.452811434427
0.45274028014
0.452574276458
0.452432013235
0.452360888769
0.452289769893
0.452171252723
0.452076448678
0.451981654573
0.451839482675
0.451602581282
0.451484152329
0.451389420349
0.451271019353
0.451176309738
0.451081610064
0.450986920329
0.450915909551
0.450726580403
0.450631927943
0.450513626968
0.450395340903
0.450300723233
0.450206115504
0.450087871683
0.449945998606
0.449544179476
0.44937876536
0.449307881317
0.449024408513
0.448929935595
0.448859086964
0.448741018957
0.448622966482
0.448481325132
0.448363306825
0.448292502924
0.448174509468
0.448103720476
0.448032937076
0.447938567906
0.447844208677
0.447749859387
0.447631936753
0.447584772049
0.447396144292
0.447231128398
0.4472311197
0.447136835021
0.447042560902
0.446948296103
0.44678336035
0.446665565072
0.446594895361
0.446500678397
0.446359372522
0.446265179788
0.446218087148
0.446147452848
0.446053282478
0.445982661224
0.445912045562
0.44584143549
0.44577083101
0.445676700401
0.445559051117
0.445464942873
0.445112136667
0.445041589963
0.444971048851
0.444900513329
0.444782966552
0.444712445941
0.444618427156
0.444500918275
0.444430420029
0.444359927374
0.44428944031
0.44414848482
0.444007550452
0.443913606218
0.443843154565
0.443725748191
0.443655311448
0.443444039117
0.443326685548
0.443209347511
0.443138951771
0.443045099482
0.442951257132
0.442857424723
0.44274014819
0.442646338767
0.442599437472
0.442458750362
0.442388414262
0.442318083753
0.442154004704
0.442060257406
0.441943087107
0.441825931717
0.441685366993
0.441521405361
0.441404305884
0.441263808876
0.441193567827
0.441053104367
0.440959473243
0.440889256423
0.440795642694
0.440655241981
0.440397906421
0.440070503763
0.440000357766
0.43993021736
0.439860082545
0.439789953321
0.439649715375
0.439556233351
0.439509496067
0.439392665591
0.439322573642
0.439229126408
0.439159047506
0.439088974195
0.439018906475
0.438972197768
0.438878787809
0.43876203996
0.43864530702
0.438528589612
0.438435226868
0.43827186847
0.438178533061
0.438131869084
0.437968568461
0.437735335551
0.437642057297
0.437525474701
0.437385596459
0.437315664793
0.437105905827
0.437035996526
0.436942792822
0.436709836369
0.436593378643
0.436523510345
0.436430361311
0.436360506059
0.436267375041
0.436150976334
0.436081143447
0.435964768348
0.435848408159
0.43575533119
0.435685529987
0.435569208936
0.435499422643
0.435383128306
0.435266846395
0.435150580014
0.434941351596
0.434871615624
0.434778643647
0.434662441876
0.434592728269
0.43447655197
0.434406853273
0.434313930374
0.434174565906
0.434128115639
0.434012001465
0.433942340043
0.433872684212
0.433803033973
0.433733389324
0.433640538491
0.433547697597
0.433454866643
0.433338842551
0.433292437014
0.433246033962
0.433176434044
0.43308364285
0.433014055978
0.432967667836
0.432851708975
0.43278214074
0.432712578097
0.432619837224
0.432527105671
0.432457563529
0.432341673005
0.432202624753
0.431994098969
0.431901434511
0.431808780614
0.431739296869
0.431669818094
0.431530879183
0.431438265046
0.431345660227
0.43125306597
0.431114194153
0.430882795796
0.43081338598
0.430743981755
0.430697715379
0.430628320473
0.43062830432
0.430535786477
0.430327660778
0.430258295693
0.430188936198
0.43009646557
0.430027119122
0.429957778265
0.429796005297
0.429680473234
0.429472553791
0.429079968926
0.428918361832
0.4287567858
0.428595238967
0.428456794571
0.428364510318
0.428272236004
0.428156907712
0.428087717819
0.42804159433
0.427949354806
0.427857125223
0.42776490558
0.42769574737
0.427603545122
0.427511352814
0.427465260387
0.427350042056
0.427211798945
0.427142685466
0.427073577577
0.426935380439
0.426866289324
0.426751150513
0.426520925077
0.426428849563
0.426359799452
0.426244728978
0.426129674657
0.426060648774
0.425899610124
0.425784601776
0.425692606404
0.425623615932
0.42557762539
0.425462661772
0.42537070119
0.425301736811
0.425186809225
0.42507189717
0.424979978834
0.424911046138
0.424842119034
0.424750224926
0.424681311489
0.424612403022
0.424451640829
0.424382750999
0.424336827553
0.424267947042
0.424199072123
0.424130202795
0.424061339058
0.423992480913
0.42390067875
0.423808887148
0.423717104865
0.423648274676
0.423556509788
0.423441818277
0.423373010453
0.423235415306
0.423051994248
0.42296029397
0.422891525285
0.422776923856
0.422776915158
0.422708161383
0.42261649838
0.422524845317
0.42241029483
0.422318664753
0.422135436904
0.422135430692
0.422066729102
0.421883558408
0.421814877319
0.421723311231
0.421631755083
0.421540209496
0.421402909443
0.421197013412
0.421105514419
0.421036896698
0.420968284567
0.42089967865
0.420785347464
0.420693893201
0.420602448878
0.420305351433
0.420213949355
0.4200997126
0.420008332887
0.419962646758
0.419894122224
0.419848442308
0.419779927092
0.419711417468
0.419642913436
0.419551583423
0.419460263971
0.41934612848
0.419277654267
0.419186364014
0.41907226704
0.418980999152
0.418798493197
0.418730063714
0.418638833101
0.418524809434
0.418479204068
0.418342404743
0.418228421457
0.418160038568
0.41800050148
0.41786377919
0.417772643629
0.417704298015
0.417613179227
0.417544846659
0.417476519683
0.417385425745
0.417271572922
0.41718050135
0.41693011199
0.416884593599
0.416793564271
0.416679793454
0.416566036925
0.41649779009
0.416497783877
0.416429542633
0.416338563006
0.416202112823
0.416111158667
0.416065685005
0.415997479173
0.41590654676
0.415838353974
0.415770166779
0.415542923343
0.415452041252
0.415315736442
0.415247592113
0.415202165667
0.415134030657
0.415043192674
0.41497507071
0.414906954338
0.414793440097
0.414725338634
0.414657242763
0.414521068415
0.414384917054
0.414316849139
0.41420341566
0.413931245264
0.413840538986
0.413772515801
0.413659156251
0.413545812854
0.413409822396
0.41327385244
0.413205875849
0.413069940062
0.412888728171
0.412820783263
0.412730198751
0.412662266889
0.41259434062
0.412458506096
0.412367961344
0.412277426531
0.412141644814
0.41207376141
0.411983258903
0.411915388545
0.411824904054
0.411734428882
0.411666579026
0.41157612187
0.411350025262
0.411327418584
0.411236998081
0.411123988295
0.411056188761
0.410965798078
0.410875417336
0.41076245725
0.410626924033
0.410581751057
0.410513996252
0.410446247038
0.410446240826
0.410378497203
0.410310759172
0.410220450495
0.41015272551
0.410017292935
0.409972153507
0.409904449023
0.409791621264
0.409701370363
0.409633688244
0.409453233657
0.409227722889
0.409160079909
0.409092442521
0.409024810723
0.408867027425
0.408754342553
0.408686738712
0.408619140462
0.408551548425
0.408461433578
0.408371328671
0.408281233704
0.408213669001
0.408033529388
0.407830922878
0.407763395451
0.4076733682
0.407560847959
0.407448343249
0.40733585345
0.407268367025
0.407178393823
0.407110920445
0.406886055156
0.406751164311
0.40657134837
0.406481452203
0.406414036601
0.40634662659
0.40627922217
0.406166895759
0.40598720531
0.405897373753
0.405785098907
0.405627940586
0.405291276949
0.405223960126
0.405089345117
0.404909893228
0.404775329161
0.404573530276
0.404416609274
0.404259718712
0.4041700785
0.404102854864
0.403968425609
0.403923620413
0.403811618916
0.403654845771
0.403587665002
0.403475710099
0.402648012055
0.402580915154
0.402513823845
0.402402019284
0.402290229013
0.402200807481
0.402133747855
0.402021994859
0.401932603768
0.401820878728
0.401798535459
0.401731510002
0.401664489515
0.401575137564
0.401485796173
0.401284817339
0.401128532496
0.401061562331
0.400949958434
0.400860686002
0.400771423511
0.40068217158
0.400592928969
0.400392172542
0.40012458573
0.400035405865
0.399968527023
0.399901653773
0.399767924666
0.399701068189
0.399411435689
0.399300061033
0.399233243695
0.39914416323
0.398966035226
0.398876983959
0.398787942632
0.398654399901
0.398498628212
0.398431877969
0.398253908383
0.398187178641
0.398120454491
0.398053735932
0.398053719779
0.397987006811
0.397898065506
0.397786902076
0.397697983135
0.397586848283
0.397520174454
0.39738684419
0.39729796998
0.397253536292
0.397120252001
0.39705361731
0.396986988211
0.396809342297
0.396698331694
0.396698154638
0.396520572713
0.396453988344
0.396387409566
0.396276458603
0.396143338322
0.396098969244
0.396010238543
0.39594369704
0.395810633293
0.395677591289
0.395588907803
0.39558890159
0.395500228044
0.395411564438
0.395345073256
0.39521210953
0.39507916817
0.394968401097
0.394901947191
0.394835498875
0.394769056151
0.394658332566
0.39456976339
0.394503343031
0.39430412482
0.394237726826
0.394127077791
0.394060694707
0.393972192626
0.393905822588
0.393839458141
0.39375098091
0.39368462951
0.393596170295
0.393375071025
0.393264543134
0.393065634927
0.392977244671
0.392910958502
0.392844677924
0.392756312518
0.392645869738
0.392557526697
0.392447113116
0.392292560941
0.392160113474
0.392093896264
0.391784972698
0.391718787171
0.391630549121
0.391476159092
0.391343847058
0.39121155801
0.391101336396
0.390991127206
0.390880933548
0.390814824435
0.390748720914
0.390682622984
0.390638560803
0.390638533468
0.390572444857
0.390418263568
0.390330171512
0.390087976445
0.389977909522
0.389911876823
0.389845849715
0.38975782289
0.389713812895
0.389603800642
0.389537799627
0.389405815613
0.389339831371
0.38925186108
0.389053971102
0.388922071578
0.38885612834
0.388790190692
0.388636361652
0.388548470881
0.388504529223
0.388438621396
0.388372719159
0.388284858209
0.388109172339
0.388021341208
0.387911566894
0.387845709388
0.387735961166
0.387648172901
0.387538450772
0.38747262495
0.387384866505
0.387319053729
0.387275181651
0.387209378193
0.387143580327
0.387033930263
0.386946220897
0.386880445396
0.386814675486
0.38672699097
0.386617401167
0.386529739016
0.386398268155
0.386354448262
0.386266815931
0.386223003493
0.385960190991
0.385894499359
0.385806919213
0.385763132867
0.385675568253
0.385544242764
0.385478586543
0.385412935913
0.385369171933
0.385237896765
0.385106643342
0.385041024396
0.384931673774
0.384866069738
0.384691159189
0.384625575654
0.384559997711
0.384450714184
0.38438515115
0.384254043721
0.38416664995
0.384101111145
0.383991894092
0.383904530142
0.383817176752
0.383729832682
0.383664331152
0.383577004476
0.38346786011
0.383402380945
0.383336907371
0.383249618592
0.383162339753
0.383053254405
0.382987810651
0.382922372489
0.382856939918
0.382769705809
0.382704286284
0.382595269895
0.38252986528
0.382464466257
0.382399072824
0.382311890279
0.382224717673
0.382137555008
0.382072189532
0.381963260118
0.381854347478
0.381789006231
0.381701893265
0.381593016658
0.381549470115
0.38148415496
0.381353545152
0.381266482508
0.381135908111
0.381048870317
0.380983598028
0.380896577629
0.380722572242
0.38065732791
0.380657324182
0.380570341058
0.380483367252
0.380439884077
0.380396403387
0.380331187011
0.380179037832
0.380113840094
0.37994001052
0.379831385519
0.379744496204
0.37967933574
0.379614180868
0.37950560184
0.379418749799
0.37933190832
0.379223371537
0.378984642425
0.378680935498
0.378594178509
0.378507430838
0.378420693729
0.378268929104
0.378203895376
0.378138867239
0.378095518254
0.378030499435
0.377987156663
0.377813816635
0.377662173154
0.37759719161
0.377510558871
0.377423935451
0.377358974409
0.377294018958
0.377207421009
0.377142478605
0.377077541791
0.376947686181
0.376774582849
0.37670967772
0.376644778182
0.376579884235
0.376428490496
0.376363615187
0.376298745468
0.37621226183
0.375888075385
0.375780031253
0.375693606632
0.375607192574
0.375520787833
0.375455990801
0.375391199361
0.375261635738
0.375196861071
0.375110503546
0.375045741925
0.374980985896
0.374980958561
0.374916208123
0.374851463276
0.37478672402
0.374743567623
0.374657262282
0.374570967504
0.37426904605
0.374075009067
0.374031893672
0.373988780762
0.373902563018
0.373773256593
0.373730158593
0.373730143061
0.373600865835
0.3735146922
0.373450069118
0.373277770927
0.373213167725
0.372954828847
0.372890253601
0.372782640617
0.372610494632
0.372524435307
0.37241687575
0.37233083879
0.37222330719
0.372051294152
0.371922306429
0.371836327245
0.371728870195
0.371664401183
0.371535481797
0.371449546722
0.371320664611
0.371234754386
0.371170328241
0.370977088943
0.370891218478
0.370826822153
0.370740969704
0.370676586425
0.370569294006
0.370483471377
0.370290414727
0.370204623782
0.370097399079
0.370011630499
0.369947310588
0.369882996267
0.369818687538
0.369690088717
0.369625796762
0.369540083473
0.369454380125
0.369368686095
0.369261583157
0.369175912114
0.369068837132
0.368983188454
0.368897549094
0.368790515736
0.368726302059
0.368662093972
0.3685336983
0.368426716506
0.368383927889
0.368191415454
0.36810586866
0.367892053551
0.367827918151
0.367763788342
0.367699664124
0.367635545497
0.367550062693
0.367485957112
0.367421857123
0.367357762726
0.367272312226
0.367186871666
0.367101441047
0.366695785696
0.366695776377
0.366610402912
0.366525039388
0.366418349581
0.366311675306
0.366162358408
0.366098373971
0.366034395126
0.365991745669
0.365672002406
0.365608060836
0.365544124857
0.365437577317
0.36539496265
0.365331045308
0.365245830884
0.365160627021
0.365075432476
0.365011543091
0.364926366563
0.364883781716
0.364756045812
0.364628329166
0.36456447892
0.364394241416
0.364330411671
0.364266587517
0.364117689962
0.364032617183
0.363968819121
0.363841241015
0.363777459727
0.363649916411
0.363543645948
0.363458640885
0.363458634673
0.363394886933
0.363331144784
0.363224920915
0.363139952506
0.363076232722
0.363012518529
0.362885108782
0.362757721399
0.362694035163
0.362651580778
0.362524234398
0.362460568663
0.362375689713
0.362290821325
0.362227176091
0.362163536449
0.36207869229
0.362036273938
0.36195144531
0.361845423347
0.361760617084
0.361654624321
0.361548647089
0.361421493917
0.361357925097
0.361294361869
0.361230804231
0.361146069412
0.361061344533
0.360934276473
0.360870750519
0.360807230156
0.360701375311
0.360510888773
0.360087771939
0.360024320535
0.359939727982
0.359876289625
0.359643743196
0.359559195373
0.359199989668
0.359157740296
0.359073249007
0.359009887063
0.358946530711
0.35888317995
0.358798721587
0.358756495822
0.358672051748
0.358587618235
0.358524299158
0.358418780409
0.358313277191
0.358249982342
0.358102319833
0.358039043622
0.357743843475
0.357680598948
0.357511977938
0.357301255413
0.357259117866
0.356964265619
0.356901090051
0.356858976111
0.356837920074
0.356753702135
0.356669494136
0.35660634466
0.356543200775
0.356459017626
0.356395886787
0.356248609454
0.356185497253
0.356122390643
0.356038257194
0.355975163631
0.355933104361
0.355848993277
0.355764892755
0.355659781546
0.355575703388
0.355449604478
0.3553865631
0.355323527313
0.355281506561
0.355239488294
0.355113449646
0.355029436098
0.354945431869
0.354882435221
0.35473546727
0.354672489259
0.354609516839
0.354525562932
0.354441618343
0.354357683694
0.354252779361
0.354168868941
0.354105941252
0.35398010451
0.353875256089
0.35374946035
0.353414157873
0.353351297278
0.353267492471
0.35303710116
0.352974274113
0.352890513414
0.352827699413
0.352764891004
0.35266022461
0.352576501807
0.352492788945
0.352409086023
0.35232539304
0.352220791878
0.352116205625
0.352053460583
0.352053456855
0.351948894831
0.351886164699
0.351739819862
0.35150991437
0.351447223376
0.351363644704
0.351300966757
0.351008552297
0.350841512369
0.350758005761
0.350674509094
0.350611892651
0.350549281799
0.350465809982
0.350403212176
0.350278035823
0.35019459569
0.35015287935
0.350027746485
0.349798395147
0.349715012169
0.349631639752
0.34946492598
0.349402417634
0.34933991488
0.349298249483
0.349235756669
0.349131613989
0.349069135463
0.348965017633
0.348902554017
0.348902547805
0.34884008978
0.348694379861
0.348631941096
0.348590317944
0.348507079717
0.348403045756
0.348340632461
0.348257423433
0.348174224345
0.348091035196
0.348028649858
0.347966270111
0.34792468672
0.347883105813
0.347696032425
0.347633682498
0.347550558581
0.347509000039
0.347405114557
0.347342790723
0.347259701596
0.347197390808
0.347114319076
0.347052021334
0.346927444488
0.346782134654
0.346657608129
0.34659535139
0.346533100241
0.346491602582
0.346429360753
0.346346380966
0.346284152183
0.346180451833
0.3460560303
0.345973095243
0.345931631131
0.345869439623
0.345745075245
0.345662177463
0.345600010183
0.345537848495
0.345434259971
0.345372113193
0.345289260141
0.345227126409
0.345164998269
0.345061464414
0.344978648637
0.344916542862
0.344730263432
0.344647486793
0.344585410838
0.344419908504
0.34435785305
0.344295803187
0.344233758915
0.344171720235
0.344109687146
0.344026985058
0.343964965015
0.343840942945
0.343778939676
0.343737607269
0.343654949911
0.343592963416
0.343551642192
0.343427694051
0.343303769518
0.343221164345
0.343055986304
0.342994053857
0.342932127002
0.342870205738
0.342808290065
0.342705110323
0.342519429157
0.342436918414
0.342354417611
0.342292548532
0.342251305585
0.342168827147
0.342045129992
0.341983288869
0.341900843357
0.341818407164
0.341756586543
0.341674167745
0.341612360169
0.341550558185
0.341468164859
0.341385780851
0.341344592574
0.341262223476
0.34105634981
0.340974015503
0.340891691756
0.340809377949
0.340809369252
0.340747639954
0.340665343542
0.340603627291
0.340480214047
0.340418514569
0.340356820682
0.340233453411
0.34013066195
0.340068994156
0.339555456819
0.33949384121
0.339452767244
0.339391160954
0.339329560255
0.339206376252
0.339062690988
0.339021643114
0.338960075962
0.338857476468
0.338795924227
0.338754892506
0.338693349583
0.338652324074
0.33859079047
0.338529262458
0.338447233805
0.338385718838
0.338303708202
0.338303697019
0.338262695118
0.338160201858
0.338078217935
0.337955262552
0.337914281774
0.337852815265
0.337791354347
0.337688932531
0.337566049834
0.337484137977
0.337422710606
0.337340816144
0.33727940182
0.337095198608
0.337054270015
0.336972420282
0.336808754364
0.336726934452
0.336645124479
0.33660422322
0.336522428158
0.336420198929
0.336317985231
0.336256664095
0.336174913141
0.336113605051
0.33599100813
0.335888860906
0.335541713048
0.3352559323
0.335153895658
0.335092680756
0.334990668965
0.334949868348
0.334909070217
0.33482748141
0.334725509379
0.334664333615
0.334603163442
0.334358542393
0.334297400176
0.334236263551
0.334175132518
0.33407326175
0.333991774828
0.333930666159
0.333889930153
0.333788102873
0.333727012842
0.333665928402
0.33358449118
0.333503065761
0.333157120644
0.333096088389
0.333014720747
0.333014712049
0.332953692841
0.332892679223
0.332831671197
0.33275033586
0.332628353976
0.332526718042
0.332465743563
0.332384452956
0.332323491523
0.332242218311
0.33216095566
0.332120327751
0.332018769473
0.331937533536
0.331836004456
0.331754791505
0.331693887849
0.331632989784
0.331572097311
0.331551801062
0.331490916043
0.331430036616
0.3312474412
0.331146016491
0.331085168747
0.331044606691
0.330983768266
0.330862110054
0.330801288403
0.330659394204
0.33059859119
0.330537793768
0.330355441882
0.330314924556
0.33023389798
0.330152880723
0.330112375822
0.329950385417
0.329889647634
0.329808673244
0.329788431044
0.329666992754
0.329586045077
0.329464642199
0.329343265413
0.329242133934
0.329181461383
0.329120794423
0.329019697112
0.328918614091
0.32885797136
0.328635669971
0.328514442906
0.328474038648
0.328393238207
0.328332643934
0.328292250858
0.328171087161
0.328009573254
0.327706854736
0.327646323831
0.327565624654
0.327505106794
0.327444594526
0.327363920199
0.327263093132
0.327202603228
0.327121959343
0.327061482486
0.32700101122
0.326920392184
0.326739041133
0.326698746214
0.326658453781
0.326557735433
0.326497310761
0.32643689168
0.326356341603
0.326295935569
0.326215403508
0.326114753498
0.325993993614
0.325873257958
0.325833016467
0.325792777461
0.325732423612
0.325672075354
0.325571509212
0.325571503621
0.325470951768
0.325390520971
0.325330204396
0.325149297539
0.32508900333
0.325028714712
0.324948339206
0.324888063634
0.324787617394
0.324747442998
0.324647018501
0.324566689589
0.32450645005
0.32444621548
0.324406062207
0.324285619161
0.324084934178
0.324084922995
0.323844192836
0.323784019771
0.3237439075
0.323663690413
0.323603534121
0.323563433033
0.32350328606
0.323403054151
0.32324272062
0.323162566279
0.323082421879
0.322982255822
0.322902133787
0.322781972167
0.32272189788
0.322621787115
0.322561727738
0.322481657888
0.322421611557
0.322061487644
0.322001480452
0.321901482754
0.321801500588
0.321741517625
0.321701532089
0.321641558445
0.321561602904
0.321521628551
0.321461671681
0.321321795302
0.321261857069
0.321161974303
0.3211220248
0.321022163777
0.3209622535
0.320862416085
0.320862408009
0.320802512642
0.320802498975
0.320742609199
0.320682725015
0.320543020723
0.320423298948
0.320303599538
0.320183922494
0.319964583227
0.31986490423
0.319805102051
0.319745305463
0.319685514467
0.319625729061
0.319565949247
0.319506175024
0.319466328648
0.319406563744
0.319326886524
0.319247218622
0.319127737272
0.319068004051
0.318988369076
0.318928648902
0.318809229055
0.318729625763
0.318630137491
0.318590345785
0.318530662886
0.318411317589
0.318331764619
0.318291991551
0.318212453491
0.31809316597
0.317993777098
0.317934150111
0.31785465616
0.31779504222
0.31773543387
0.317695698077
0.317655964769
0.31737790492
0.317318335709
0.31725877209
0.31717936325
0.317119812677
0.317060267696
0.317000728306
0.316901509035
0.316861825426
0.316822144303
0.316742789512
0.316603946273
0.316544449749
0.316385825899
0.316286704165
0.316147960947
0.316029061086
0.315969618611
0.3159299934
0.315890370675
0.315830941246
0.315731906486
0.315454704583
0.315375521257
0.315296348492
0.315236974976
0.315177607051
0.314940206172
0.314861088078
0.314801755564
0.314742428641
0.314683107309
0.31458425147
0.314524945048
0.31448541054
0.314426113438
0.314347059332
0.314248257541
0.314149470039
0.31409020462
0.31401119338
0.313853205691
0.313793968228
0.313636035209
0.313557080503
0.313497870996
0.313458401098
0.313399200911
0.313300546977
0.313182184498
0.313103288811
0.313044122171
0.313044085517
0.312984924468
0.312945486875
0.312886335145
0.312827189006
0.312708915366
0.312649786001
0.312590662227
0.312472433317
0.312433028029
0.31235422553
0.312275432349
0.312196649729
0.312019429371
0.311960365237
0.311901306695
0.311842253744
0.311763525794
0.311704485889
0.311645451575
0.311547074098
0.311488054695
0.311429040882
0.311252037341
0.311153723232
0.311114401191
0.31105542279
0.31099644998
0.310740974444
0.310662385655
0.310524881831
0.310446319755
0.310308863768
0.310269595156
0.310210696896
0.310034045603
0.309935922839
0.309877056263
0.309818195278
0.309720106683
0.309641646492
0.309582807872
0.309504365698
0.309465148027
0.309406326181
0.309367114723
0.309308302196
0.309210295605
0.309151497988
0.309092705962
0.309053514384
0.308935955182
0.308896773544
0.308818418345
0.308661739008
0.308544255598
0.308465944508
0.308407217713
0.308348496509
0.308289780897
0.308289777169
0.308231067148
0.308015849256
0.307976726016
0.307918045815
0.307878928787
0.307839814244
0.307781147089
0.307722486147
0.307663830174
0.307487908851
0.307429275244
0.307351105798
0.307155728778
0.307097126855
0.307038531143
0.306999470028
0.306940883015
0.306843251038
0.306804202348
0.306745633972
0.306667553365
0.306667535349
0.30660898064
0.306530915565
0.306452860429
0.306394325601
0.306335796364
0.306199252372
0.306160244684
0.306140741772
0.306082236764
0.306004238783
0.305945747442
0.305887261071
0.305887254859
0.305789791863
0.305692343155
0.30557542819
0.305478013651
0.30541957201
0.305341659141
0.305302706123
0.304952315339
0.304893924019
0.304816077624
0.30475769935
0.304718783607
0.304660414653
0.304582598077
0.304524242169
0.304465891852
0.304388100126
0.304096504474
0.304038195781
0.303960458726
0.30388273161
0.303766161439
0.303707883808
0.30366903516
0.303552504127
0.303455412639
0.303377750755
0.303280687222
0.303222456185
0.303067206967
0.302950797699
0.302911997509
0.302834404584
0.302737428027
0.302737419329
0.302679240477
0.302601677372
0.302407818687
0.302291531806
0.30211714435
0.301942807836
0.301884706019
0.301845974167
0.301787881047
0.301710432252
0.301652352179
0.301594277697
0.301536208806
0.301478145506
0.301420087798
0.301284644041
0.30122660497
0.301168571491
0.301091202216
0.300994505221
0.300878489826
0.300820489894
0.300762495553
0.300762486856
0.300723827068
0.300685169766
0.300646514948
0.300549889397
0.300511243277
0.300395323555
0.300337370216
0.300240795608
0.300067006416
0.300009084762
0.299931865208
0.299854655594
0.299796754441
0.299758156778
0.299700264944
0.299642378701
0.299584498049
0.299488043342
0.299410890883
0.299333747743
0.299275896911
0.299179491904
0.299102379206
0.299063826273
0.299006001534
0.298948182386
0.298948178658
0.298813291541
0.298755491031
0.298697696733
0.298639907404
0.298543606146
0.298505089246
0.298447318556
0.298351047118
0.298312542643
0.298274040653
0.298216292327
0.298120058164
0.298120052573
0.298062319157
0.297966109844
0.297850680288
0.297792973586
0.297677577578
0.297600658709
0.297562202692
0.297389190684
0.297350748334
0.297293089468
0.297216219679
0.297139359829
0.297062509919
0.29700487901
0.296908841783
0.296812818845
0.29673601118
0.296697611075
0.296640015577
0.296563230899
0.296524841976
0.296524838249
0.296486451811
0.296390498453
0.296352120714
0.296294558763
0.296160273017
0.296006837228
0.295949308825
0.295719257338
0.295661756892
0.295604262036
0.295489290963
0.295450971621
0.295355184758
0.295297719722
0.295182807668
0.295067918599
0.29501048152
0.294857349523
0.29478079595
0.294761658954
0.294723386827
0.294589456436
0.29453206595
0.294474681056
0.294398177183
0.294321683249
0.294264318857
0.294226079034
0.29416872396
0.294054034313
0.294015808158
0.293958473585
0.293767404936
0.293690993008
0.293576394685
0.293442725219
0.293385446558
0.293309083709
0.293251818095
0.293213644125
0.29315638783
0.29306097496
0.293003733574
0.29294649778
0.292870192707
0.292736685387
0.292698544965
0.292660407028
0.292584138608
0.292526943816
0.292469754616
0.292431631589
0.292374451707
0.292317277417
0.292317241385
0.292279128297
0.292221963326
0.292164803946
0.292050503823
0.291993361216
0.291936224201
0.29180292997
0.291802918787
0.29174580041
0.29161254656
0.291574479445
0.291536414816
0.29147932253
0.291403208181
0.291365154734
0.291289055915
0.291212966416
0.291136886857
0.291060817858
0.291003772788
0.2909847588
0.290889701907
0.290794657438
0.290718632549
0.290661620405
0.29058561291
0.290528613813
0.29037664666
0.29028168606
0.290224716783
0.290072832256
0.29001588348
0.289958940295
0.289883024746
0.289826094607
0.289826090879
0.289750192725
0.289693275632
0.289636364131
0.289579458221
0.289503592371
0.289408774659
0.289332931175
0.289181276511
0.289048612849
0.289010713472
0.288840201376
0.2886318688
0.288575061669
0.288366824767
0.288234350586
0.288196504637
0.288139740372
0.288120820192
0.288007314027
0.2879505684
0.287950562809
0.287874912533
0.287818179952
0.287761452962
0.287572414559
0.287534612097
0.287477913063
0.287364533633
0.287307851373
0.287213395229
0.287100067984
0.287062296584
0.287005644144
0.286930116876
0.286892356659
0.286741346853
0.286665853754
0.286590370595
0.286533764749
0.286458299606
0.286401706806
0.28630739914
0.286250821251
0.286194248952
0.286137682244
0.286062268665
0.286005715004
0.28596801567
0.285911471327
0.285854932576
0.28576071437
0.285685351113
0.285591160242
0.285534653175
0.285459319737
0.285271041123
0.285233390246
0.28517691859
0.285120452525
0.285063992051
0.284988721981
0.284951089742
0.284951067377
0.284951063649
0.284819372865
0.2847441351
0.284631296158
0.284556081379
0.284499676818
0.284424481298
0.284368089783
0.284292909794
0.284142585227
0.2841050089
0.284067435058
0.284067429467
0.284011073364
0.28393594059
0.283879597532
0.283785705483
0.28371060315
0.283654282458
0.283579197521
0.283579191929
0.283485350823
0.283429052495
0.283429048768
0.283372756032
0.283297707748
0.283241428058
0.283166397169
0.283091376842
0.282997615255
0.282941365385
0.282885121107
0.282791393689
0.282678942407
0.282622724221
0.282566511626
0.282341720266
0.282266808657
0.282210631474
0.282154459881
0.282060853607
0.282004696925
0.281948545834
0.281854973729
0.281611767266
0.281555655314
0.281499548953
0.281499543362
0.281443442592
0.281387347414
0.281387343686
0.281275173831
0.281219095426
0.281163022613
0.28110695539
0.281032207792
0.280938787893
0.280845383525
0.280770670716
0.280733318039
0.280565271064
0.280415934286
0.280341279253
0.280266634161
0.280098730695
0.280042769706
0.279986814309
0.27989356836
0.279818982908
0.279744407396
0.279688481819
0.279613923701
0.27955801117
0.279483469827
0.279427570964
0.27937167707
0.279148185366
0.278999228171
0.278887532951
0.278794471513
0.278682819781
0.278645606264
0.278589790648
0.278515378525
0.278422379212
0.278366586583
0.278292204279
0.278236424075
0.278180649461
0.278124880439
0.278050531062
0.277976191625
0.277939025323
0.27788328053
0.27773465881
0.277697508661
0.277641788097
0.27760464416
0.277511797054
0.277437529682
0.27743752409
0.277381829618
0.277307579641
0.27727045807
0.277196222381
0.277140552138
0.277084887486
0.277029228425
0.276992125491
0.276917927078
0.27691792335
0.276880827871
0.276843734877
0.276732472047
0.276695388993
0.276639769071
0.27658415474
0.276510010997
0.276454409712
0.276343227645
0.27617649772
0.276139451941
0.276065368459
0.276065364732
0.276065361004
0.275972771717
0.275898709979
0.275898701281
0.2757691184
0.27567657757
0.275676573842
0.275547045631
0.275491541262
0.275491528215
0.275436029437
0.275362039764
0.275306554653
0.275251074513
0.275047704486
0.275010734499
0.274955284179
0.274955278587
0.27495527486
0.274899830131
0.274862870084
0.274788957446
0.274770480839
0.274659636732
0.274567281656
0.274511876065
0.274438010642
0.274438006915
0.274438003187
0.274382610643
0.274290303403
0.274198011074
0.274161098242
0.274105733654
0.274105729927
0.273995018767
0.273939670953
0.273939662255
0.273884320032
0.273755216135
0.273681452596
0.273626136466
0.273570825927
0.273441793473
0.27336807218
0.273275935163
0.273183813677
0.273054872547
0.272999619784
0.272925958131
0.272870718415
0.272723444187
0.272668224972
0.272613011348
0.27261300762
0.272576201644
0.272576197916
0.272576179279
0.27248417583
0.272484127373
0.272428932386
0.272355347768
0.272244993206
0.272171433438
0.272171425983
0.272097876776
0.272097850684
0.272005927998
0.271932401156
0.271895641152
0.271767003193
0.271711880892
0.271711877165
0.271656760456
0.271656756728
0.271656753001
0.271601641883
0.271601638155
0.271601632564
0.271601628836
0.271564891197
0.271564885606
0.271399606301
0.271307801653
0.271307797926
0.271307794198
0.271252718492
0.271179292914
0.271179284216
0.271105868578
0.27103246288
0.271014113009
0.270904028069
0.270904024342
0.270904020614
0.270904012538
0.270904008811
0.270904005083
0.27083062672
0.270830619265
0.270830608704
0.270830604976
0.270830601249
0.27083057702
0.270830573293
0.270830564595
0.270757196172
0.270683838311
0.270683800414
0.270610451871
0.270500448937
0.270500445209
0.270427121517
0.270335482742
0.270298830836
0.270298823381
0.270225527023
0.270225509007
0.270170543261
0.27017053767
0.270078941141
0.270078937413
0.270078933686
0.270023982851
0.269950723768
0.269895785979
0.269895772311
0.269895768584
0.269895758022
0.269822516335
0.269822512607
0.269822506395
0.269730968884
0.269657749561
0.269566240007
0.269474745984
0.269474742257
0.269474736044
0.269474729832
0.269474722377
0.269383243885
0.269328363872
0.26932835766
0.269255193007
0.269182038294
0.269182010338
0.26918200164
0.269127142129
0.269127138401
0.269054001083
0.269053986173
0.268999139708
0.268926019785
0.268871186366
0.26883463386
0.268761536302
0.268724991251
0.268688448685
0.268633639494
0.268578835895
0.268524038509
0.268414461131
0.268286653162
0.268213630154
0.268158869421
0.268122365373
0.268067613959
0.268031116122
0.267976374027
0.26786690661
0.267793940758
0.267720984845
0.267593338401
0.267483951126
0.267429264943
0.267356359352
0.26715592349
0.267083055173
0.267083049582
0.267046618841
0.266991977388
0.266937341527
0.266882711878
0.266809880837
0.266773468733
0.266718855236
0.266682449345
0.266609645639
0.266555048916
0.266391296645
0.266354913118
0.266282154142
0.266227590967
0.266173033383
0.266118481391
0.266082116502
0.266009394179
0.265973036745
0.265882154654
0.265736780831
0.26560960778
0.265555113564
0.265482463927
0.265427982757
0.265391665084
0.265319037812
0.26524641986
0.26519196354
0.265119362982
0.265028626264
0.264937905697
0.26488348044
0.264829060774
0.264720240079
0.264611443612
0.264575181851
0.264484542047
0.264430163384
0.264430159656
0.264375786584
0.264321419103
0.26432141289
0.264248931613
0.264212694701
0.264176460275
0.264140228334
0.264103998878
0.264049659353
0.263977215972
0.263977204789
0.26392287831
0.263705643218
0.263669443582
0.263615148787
0.263488486403
0.263434210246
0.263325678432
0.26332566228
0.263235233701
0.263235220034
0.263235207609
0.263018258913
0.263018255186
0.262982102764
0.262982096552
0.262927872579
0.262801374206
0.262801360539
0.262801345007
0.262747139672
0.262674875211
0.262638746398
0.262584557837
0.262512315119
0.262476197488
0.262440082342
0.262367859505
0.262349805348
0.262295646607
0.262259543886
0.26222344365
0.262097114257
0.262042982229
0.262024939256
0.261916698187
0.261880621559
0.26175437914
0.261700281903
0.261664220184
0.261447930014
0.26133980574
0.261285751369
0.26123170259
0.261105614241
0.261015568974
0.260907534161
0.260889530326
0.26081752182
0.260763521498
0.260691529766
0.260619548595
0.260529585333
0.260457626527
0.260385677661
0.26027777331
0.2602238289
0.26013393584
0.260097982218
0.260062031082
0.260062027355
0.260026078704
0.259936219812
0.259900279858
0.25986434239
0.259774510211
0.25973858144
0.259702655154
0.25959489307
0.259505107485
0.259325599063
0.259235860072
0.259128196766
0.259074371637
0.258984676755
0.258894996162
0.258805331721
0.258787400572
0.258733610854
0.25864397437
0.258572275868
0.258482667339
0.258446828028
0.258249778602
0.258249773011
0.258160221638
0.258088590231
0.257963260429
0.257927457151
0.257927453423
0.257873753165
0.257641131566
0.257587461127
0.257551683941
0.257462253712
0.257372837771
0.257265560262
0.257140431125
0.257086812871
0.256979595002
0.256818816656
0.256783092898
0.256747371624
0.256550960222
0.256479552465
0.256408154649
0.256051399154
0.255873085396
0.255855256133
0.255766120997
0.255641359018
0.255570078618
0.255516624375
0.255409734526
0.255356297056
0.255285056416
0.255249439512
0.255196018817
0.255160408126
0.255071392892
0.255017990834
0.254964594367
0.254893407775
0.254893398456
0.254679911989
0.254590980002
0.254377612814
0.254306508849
0.254235414824
0.254164330738
0.254111023731
0.254004428976
0.253951138743
0.253915615027
0.253862334113
0.253791302212
0.253738034344
0.253684772068
0.253613765017
0.253578264909
0.253489527374
0.253418547037
0.253329835594
0.253258878244
0.253134727576
0.253081528666
0.252992876864
0.252939692864
0.252886514456
0.252797898065
0.252691580388
0.252638428072
0.252567568879
0.252461298417
0.252372755954
0.252195718866
0.252178018201
0.252124919934
0.252036435869
0.251930275368
0.251930272262
0.251877200087
0.251824133504
0.251771072513
0.251700333221
0.251647285276
0.251611923085
0.251576563379
0.251541206159
0.251505851423
0.251470499172
0.251382130038
0.251276108697
0.251240772599
0.251187773111
0.251134779215
0.251028810059
0.250975832936
0.250922862025
0.250852242014
0.250781631942
0.250587515439
0.25053458491
0.25046402019
0.250428741247
0.250375827491
0.250322919327
0.250287650324
0.250252383806
0.250199488688
0.250128970561
0.250023213252
0.249899860269
0.249864621086
0.24981176697
0.249741305378
0.249741299787
0.249688458717
0.249600403315
0.249547577156
0.249494756588
0.249459545982
0.249389132847
0.249336329053
0.249336325326
0.249265928965
0.249213138838
0.249213117715
0.249107554857
0.249107544296
0.249037180861
0.248984414963
0.248861321041
0.24880857316
0.248738251349
0.248703094171
0.248650363063
0.248474643025
0.248316540404
0.248263850298
0.248158488104
0.248088258859
0.248053147654
0.248000485505
0.247912729545
0.247807441901
0.247772350575
0.247702175379
0.247544323122
0.247456646682
0.247404047901
0.247333925511
0.247246286968
0.247211235402
0.247106096237
0.247000980057
0.246948429733
0.246895885001
0.246668289938
0.246598271297
0.246528263217
0.246405773772
0.246318299239
0.246265821601
0.246213349555
0.246021004857
0.245951078782
0.245898640284
0.245898627237
0.245811244028
0.245811234709
0.24575881112
0.245688921699
0.245636511157
0.245584106205
0.245531706845
0.24546185035
0.245409464036
0.245357083314
0.245304708804
0.245304703212
0.245234879023
0.245182516938
0.245130161065
0.245112710143
0.245060361104
0.244955683528
0.24492079473
0.244868466192
0.244711521582
0.244676650179
0.244641781261
0.244572051501
0.244537190038
0.244467474567
0.244415194487
0.244362919998
0.244362916271
0.244328069718
0.244258384067
0.244206126352
0.244206122624
0.244101625832
0.243979745212
0.243979741485
0.24389269872
0.243753465336
0.243596877324
0.243527297907
0.243475118469
0.243422944623
0.243336001259
0.243214309499
0.242849474644
0.242797367893
0.242675810945
0.242623722831
0.242554281332
0.242484849772
0.24243278216
0.242311316535
0.242276616597
0.24222457135
0.242189877624
0.242155186384
0.242103154183
0.241947094233
0.241895084397
0.241825746646
0.241773749856
0.241721758658
0.241444604591
0.241392649425
0.241323383739
0.241271440998
0.241219503848
0.241184882188
0.241115646322
0.240977210624
0.240890705241
0.240786920401
0.240700449809
0.240579419059
0.240527556459
0.240475699451
0.240372004692
0.240268331678
0.240164681028
0.24011286378
0.240043781984
0.239991977161
0.239905648834
0.239819336039
0.239767555444
0.23969852397
0.239646756422
0.239594995085
0.239491489187
0.239439744004
0.239353515699
0.239319028228
0.239181110031
0.239129398395
0.239077692972
0.239008760897
0.238957067899
0.238905381113
0.238870925948
0.238802023693
0.23875035306
0.238681467579
0.23861259266
0.238560942528
0.238492085004
0.238440447918
0.238371607167
0.238354398533
0.238319983128
0.238216753065
0.238165145799
0.238130744061
0.238079146735
0.237993164445
0.237941581408
0.237890003962
0.237786868329
0.237752493926
0.237718122009
0.237718118902
0.237718098401
0.237683728968
0.237649362021
0.23759781688
0.237477571391
0.237477557723
0.237408856754
0.237357337085
0.237271485257
0.237168483193
0.236979707579
0.236928234503
0.236859613054
0.236825305746
0.236756699207
0.236670955478
0.236653808347
0.236550939851
0.236499513369
0.236448092479
0.236396677179
0.236345267471
0.236242468555
0.236173945885
0.236105433776
0.236071181138
0.236071177411
0.236019803114
0.235985556689
0.23593419171
0.23586571377
0.235711684066
0.235677460006
0.235643238431
0.235591910728
0.235472169694
0.235403758849
0.235164407866
0.235096042372
0.235061863042
0.234993512458
0.234942255577
0.234891004288
0.234822678554
0.234788519104
0.234651910502
0.234617763477
0.234566547599
0.234481202091
0.234412935376
0.234310555183
0.234157028071
0.23395240933
0.233884220272
0.233764915977
0.233696753632
0.233577495931
0.233509361543
0.233424207379
0.233373121964
0.233339068126
0.233305016774
0.233202877626
0.233202857746
0.233151796559
0.233100740964
0.23301566135
0.232913589298
0.232913581222
0.232828535156
0.232726501621
0.232675492619
0.232590490662
0.23255649398
0.232505503616
0.232471513146
0.232403540282
0.232318589267
0.232284612465
0.232216668179
0.232165715089
0.232114767591
0.232046846291
0.23199591184
0.231995908112
0.231944979252
0.231894055982
0.231894052255
0.231809193185
0.231809176412
0.231775236884
0.231639512943
0.231537739712
0.231520779578
0.231469902902
0.231435988225
0.231402076032
0.231351212403
0.231147820632
0.231096984959
0.231063097617
0.231029212759
0.230978390133
0.230944511488
0.230809031077
0.230775164857
0.230741301122
0.230690510179
0.230605872275
0.230572020965
0.230572015374
0.23050432083
0.230470476975
0.230436635605
0.230352043674
0.230284380814
0.230233640192
0.230182905162
0.230115267773
0.230064545789
0.230013829396
0.229895514753
0.229844816998
0.229794124834
0.229760333164
0.229675865482
0.229608302644
0.229523862918
0.229456322445
0.229270645628
0.229270634445
0.229152515496
0.229085029693
0.229034421397
0.22900068564
0.228730913891
0.228646636934
0.228612929754
0.228461287515
0.228410748179
0.228259169308
0.228208652957
0.22809080301
0.22798981566
0.227939328509
0.227888846948
0.227855195681
0.227855186362
0.227754249956
0.227703788896
0.227636516182
0.227569253407
0.22751881285
0.227518792348
0.227485168416
0.227417928628
0.227333892094
0.227300281829
0.227165869969
0.227115474141
0.227081880029
0.226997906241
0.226964320826
0.226846793929
0.226695738772
0.226645395129
0.226595057078
0.226544724618
0.22654472089
0.226494394642
0.226410529574
0.226343448825
0.226226084075
0.22615903004
0.226091986567
0.226091979112
0.226091973521
0.225807153225
0.225706672816
0.225656439134
0.22558946959
0.225238054364
0.225221326577
0.225187872867
0.225137696962
0.225087526648
0.225037361926
0.224970484947
0.224903617288
0.224870187186
0.22473649784
0.224686372256
0.224652958306
0.224602842041
0.224536029673
0.224452528036
0.224419131481
0.224385737411
0.224335650966
0.224285570734
0.224268878358
0.22420211569
0.224168737773
0.224085305716
0.224018570383
0.223985206133
0.223951844369
0.22385177647
0.223835100247
0.223801749665
0.223751728451
0.223701712828
0.223651702797
0.223551703235
0.223518373776
0.223485046801
0.223401740858
0.223368422581
0.223235177429
0.223201871576
0.223151917458
0.223035381455
0.222902236324
0.222785766173
0.222752493869
0.222719224049
0.222652692486
0.222619430122
0.222519661665
0.222519657938
0.222503031415
0.222403289051
0.222353424393
0.222320184393
0.222270329053
0.222220479304
0.222170635147
0.222120796581
0.222087573976
0.222087570249
0.222037741001
0.221987917345
0.221987913617
0.221938095552
0.221821875766
0.221772076338
0.221738879826
0.221689089718
0.2216393052
0.221606118628
0.221456814776
0.221340722967
0.22130755876
0.221257817109
0.221224659114
0.221174926782
0.221108625703
0.221108620111
0.221075473299
0.221009187752
0.220976048395
0.220926344018
0.220876645234
0.220826952661
0.220760704388
0.220661351549
0.220545469722
0.220231082259
0.220131850563
0.220016107897
0.21970211617
0.219586484707
0.219454373337
0.219454364018
0.219338802136
0.219190261179
0.219074768877
0.218975796863
0.218926318001
0.218893335199
0.218843865656
0.218810889066
0.218761428842
0.218547167053
0.218497736649
0.218448311835
0.218398892613
0.218349478982
0.218300071563
0.218217738498
0.218168345368
0.218086037774
0.21805311834
0.217872133826
0.217756985075
0.217691199013
0.217608980258
0.217576096856
0.217493899844
0.217428153542
0.217378849872
0.217329551794
0.217263830341
0.217198118207
0.21714884063
0.217099568644
0.21705030225
0.217017461093
0.216935370936
0.216902538477
0.216869708503
0.2168204682
0.216738415319
0.21670559777
0.216705594042
0.216672778978
0.216639966398
0.216607156304
0.21654154357
0.216475941398
0.216443143729
0.216410348544
0.216344766252
0.21629558559
0.216246410519
0.216213630245
0.216180852455
0.216098919475
0.216033384398
0.215951480617
0.215902344684
0.215853214344
0.215804089594
0.215754970436
0.21570585749
0.215624015212
0.215574916555
0.215444015381
0.215362222182
0.215329509002
0.215215034929
0.215165982866
0.215100589434
0.215002520718
0.214969834874
0.214953492884
0.214904471262
0.214871792873
0.214839116968
0.214806443549
0.21475743808
0.214659445778
0.214626786026
0.214561474599
0.214512497086
0.214463525164
0.214430880322
0.214430876595
0.214414555106
0.214349275983
0.214284006801
0.214235061593
0.214186121355
0.214153497636
0.214104566716
0.213974120918
0.2139252105
0.213827410165
0.21377851652
0.213729628467
0.213697039538
0.21361557995
0.213615571874
0.213550414517
0.213452699914
0.213338732781
0.213306173672
0.213273617048
0.213241062909
0.213208511255
0.213143417265
0.213110873066
0.213045792744
0.21294819183
0.212899398828
0.212866873266
0.21283435019
0.212785570234
0.212671774566
0.212606761339
0.212574258143
0.212525508007
0.212476763463
0.21237929239
0.212298084409
0.212233127716
0.212168181584
0.212087013984
0.212070781955
0.211989632993
0.211924724136
0.211892273124
0.211843601266
0.211794934999
0.211746274324
0.21171383698
0.211665185623
0.211584113074
0.211535476628
0.211503055436
0.211454428308
0.211405806771
0.211357190826
0.211259977572
0.2112113784
0.21116278482
0.211098002076
0.211049421542
0.211017037626
0.21096846641
0.210855157181
0.210644818589
0.21059629024
0.210547767482
0.210466910507
0.21040223524
0.210337571156
0.210208275914
0.210159797886
0.210095169212
0.21001439797
0.209965942307
0.209933641638
0.209885195294
0.209836754541
0.209772175568
0.209707607156
0.209626911707
0.209578500774
0.209530095432
0.209481695682
0.209433301523
0.209433299659
