44
754
40
159
3154
6589
3245
36
8440
2349
762
10348
2915
3
634
760
652
10512
405
2839
116
2847
7
2261
753
654
102
210
629
176
9970
2868
6620
2103
833
17285
948
650
11630
212
1076
2934
1877
5310
1901
9952
229
554
2836
1891
651
108
6595
1168
15606
5215
6991
2971
853
927
4902
2809
42
747
8385
3063
1082
646
10542
2966
6050
1936
6677
8479
9405
20349
80
4545
568
773
730
1898
3596
8379
2625
168
658
4532
1559
1910
1895
1302
1430
42847
2344
49
349
3618
7358
11799
13213
1786
680
226
1505
2876
9530
2903
3256
7441
8500
264
1791
6365
7778
553
3124
6191
5699
6785
29
1866
6664
28481
7528
7155
6640
10963
740
2874
8031
7183
11558
2168
7307
1863
3384
446
50183
385
2840
1956
3158
8917
307
1100
123
970
7084
7844
149
26
237
37
4871
14657
324
5670
7524
7642
759
1771
2009
8474
5656
16494
1074
8946
11948
217
6948
21854
1864
4841
6121
2232
10877
30
2180
9923
3458
17607
7648
22500
2885
8428
207
636
2283
1449
2130
5668
7406
18980
157
697
2842
3710
12583
3523
5591
11140
13097
37901
782
35
424
620
5655
13142
15159
47
639
2007
3415
9416
3427
4618
10969
13599
23322
2176
3739
4840
2207
11277
746
8947
12
719
208
5642
17050
2318
1933
11931
14283
20050
2157
14207
37365
220
6316
9577
55294
1307
3362
5575
8308
11378
236
1542
3341
9663
13826
638
1777
2843
7260
7546
27245
1451
5684
5819
959
8217
679
3128
317
6615
878
2068
2920
20386
1914
11739
13589
13835
433
1867
2044
2938
8082
10902
13816
16265
3180
3212
8337
8493
29603
298
969
3056
5430
6782
75
1158
1854
2218
7112
10532
25062
736
1875
2810
6205
13403
13438
83
320
493
9982
10685
1843
11204
11692
16500
36027
109
641
1083
3638
11208
11527
1883
4613
7521
16728
1911
6687
6977
7008
7148
16266
22950
11
3085
7572
9009
9949
11577
1931
3324
4786
12038
250
2895
2910
3218
5090
8013
8483
802
8056
9954
19451
647
2386
4090
6203
180
182
238
1452
5210
7411
11050
13429
145
303
1998
7560
10509
10991
28859
223
7583
15128
31533
436
1080
2001
2189
9580
10554
15088
21776
173
248
1955
2901
3007
4023
7607
1143
2821
8231
8478
16809
17
755
1978
10334
13285
44981
1142
3637
7227
7256
7537
13596
28956
1314
1878
6223
7170
7362
7669
9595
1872
2873
6683
15048
15309
31763
35343
37699
1622
1971
5714
6621
676
3160
3348
4960
6256
7114
7206
8941
15034
15543
15947
209
876
2278
144
1431
2034
2944
2962
7318
9111
9749
10494
10650
11490
12230
14294
20930
42102
18
301
449
2279
6612
8467
9421
12620
18243
30377
351
888
2177
5408
8906
16722
13
195
1093
6587
8503
9725
13848
14942
27058
29479
160
174
189
191
1847
3259
5902
6957
7153
7670
9154
14039
15251
20148
112
655
661
721
2201
2262
2929
6217
6896
8425
13170
14275
14814
21591
22948
9
219
1310
1970
2389
5632
7527
24822
28350
2045
2871
3924
5270
9587
11856
13108
32563
95
2392
2853
5221
7549
9334
9520
10551
11612
15726
170
623
887
2812
4985
5206
5724
6787
8696
9574
20165
2354
3767
4622
6318
7987
8544
20032
20139
25688
28131
35375
653
731
1386
1984
2194
5639
5841
6598
8473
15946
280
412
1109
1159
1578
1798
2400
3182
5708
9402
10333
11017
19700
1521
6208
7518
8191
8820
9740
9911
11003
22257
147
156
1067
7375
8262
12087
12094
19109
1139
2339
2379
3885
5598
6588
8427
11584
13442
17830
18647
23
1513
2073
2077
2841
2879
7385
7758
10238
11177
11559
2051
2222
3122
4087
5690
10346
14547
22495
26250
29477
41309
42236
55578
10
1718
1876
1987
2553
2896
3186
4630
4655
4659
5605
8923
9109
13110
5
1315
1699
3089
3761
5146
5208
6648
7632
7911
8715
11051
11260
13202
14951
17143
18529
24211
24580
32349
45
1146
2031
2235
2778
5592
7098
11568
13265
370
1094
1170
2241
2507
8897
10086
11593
167
1770
2284
2806
2849
5595
6533
6906
7103
10488
11183
11261
11946
22741
40988
47758
467
621
824
1701
1805
1949
2016
3778
4101
5629
6629
7671
9449
11987
13199
15220
15271
25106
28816
474
745
3062
3073
3661
6776
6884
8255
8329
8482
11530
12253
13436
14912
16317
24814
211
738
1961
2217
2398
2865
6101
6711
6923
17558
23929
29791
21
152
627
677
2276
4846
8902
8951
9041
9242
11699
12037
16343
25153
28846
148
657
1138
2215
2970
3183
5154
5415
5432
5665
5694
7025
7870
8821
11787
16240
17315
18649
19137
23320
25400
25859
234
835
1393
2008
2182
2352
3131
4041
4334
5663
6652
6908
7692
7824
12053
12833
12882
15635
21408
29976
38517
42447
51628
188
269
901
1815
1889
1909
2774
3662
3801
6880
7179
13105
14230
14826
16028
76
2428
2477
2833
2946
3333
3417
5318
6196
6864
15979
17991
24032
37983
44901
967
2022
2980
3055
3379
3835
5211
6901
6984
8565
8819
9571
13228
16565
17695
27139
34646
39556
19
225
1447
1525
2198
2517
2807
4548
7686
12089
13560
24765
262
922
1329
3189
3645
3846
4383
6204
7467
8933
11511
11618
12577
15200
24036
4
1507
2175
2394
2932
3861
4181
6109
6193
6220
6347
6580
9018
9785
14077
14265
15714
22414
32245
214
2813
3084
3317
3422
3725
4690
4999
5623
8165
8214
9562
11730
13366
18316
21358
25862
29056
36237
36940
362
977
1443
1503
1720
2085
2221
2900
2974
4627
5285
10588
13301
14231
14237
16430
20711
20932
21619
22425
23842
26557
32032
32699
43573
45168
1780
1874
1913
2024
2030
2986
4629
5378
6222
6915
7755
9582
10205
10564
11139
11358
11951
11968
12548
13096
13158
15358
18308
21606
37773
79
666
1240
1550
2978
3108
3146
3216
4423
4612
5308
6277
6905
7272
8617
8834
8934
10458
10835
10895
11431
11531
11755
11955
20323
24722
27312
32144
41323
686
691
1557
1785
2377
2850
3099
3439
3992
6115
7696
8913
9332
11533
12553
18020
18654
18974
19125
20324
21023
24084
27710
28167
28836
30598
241
267
387
1999
2036
2137
3006
3350
3381
4795
6904
7575
7937
8781
9114
11217
13340
13636
13909
14468
17497
22372
24438
31568
32107
6
282
417
419
854
1756
3376
3813
6590
7000
7347
7469
7729
8111
10173
10208
11343
12519
12632
17314
26358
27337
27994
171
344
834
3503
5400
5662
5715
5728
5823
6340
7122
8521
10339
10842
13908
14160
17058
17379
20147
21575
23273
31020
44688
49598
3337
4249
4862
6106
6145
7302
9124
9973
14261
17706
18007
18949
24168
27980
31921
33747
38118
648
1531
2134
2924
2987
3045
4234
4730
5791
5901
6064
7379
7483
7551
7865
8222
8243
8799
8920
9221
9552
11373
11507
11556
12071
12659
12959
16730
19036
27407
31901
255
582
1097
1149
2264
3284
3847
4559
6195
8688
10872
15895
16198
16375
18811
27979
32209
38908
49417
199
413
418
1915
2272
2837
2905
3233
5155
5646
7033
8164
8496
8541
9189
9972
10066
11198
11268
14151
17063
17225
18340
18590
25853
31434
546
1264
1543
1986
2340
2524
2989
3024
4542
4889
5095
7517
8032
8894
9240
9593
10315
10548
10850
11374
11939
12120
13232
13453
14120
22658
32200
42618
2
240
2146
2820
5418
6280
6329
6727
6918
7603
8470
9315
10852
11967
12001
12525
12636
12875
15348
16588
19271
21173
25585
30268
32151
33070
39048
27
756
1069
1511
1586
1721
1860
2164
3109
3344
3401
5437
6233
7230
7296
7473
7789
8002
8465
10129
10412
10968
11583
11674
11765
12468
12774
12902
13821
14787
16137
18322
20044
22675
28433
30518
34645
36410
34
200
295
1418
1645
1880
1900
1974
2101
2255
2360
2365
3018
3358
3421
3946
5021
7277
7282
7662
8115
9030
9463
9738
12239
12663
13264
14897
15904
17240
17718
29627
32149
32383
34477
41
127
235
486
589
716
1165
1410
1693
1967
2161
2356
2991
3394
4774
4988
5493
6279
6825
7125
7126
7205
7746
7846
8039
8509
13576
17309
21039
22563
22575
23796
24206
26371
26634
29103
151
183
375
2032
2209
2805
3372
5019
5760
5815
7162
7187
7683
7873
8075
8408
8472
9026
10196
11265
11899
14345
16205
16724
17672
18140
18475
19902
20697
21418
22291
26718
27709
30951
35212
46275
46825
56576
299
431
490
1087
1110
2403
2878
3314
4283
5274
5636
5657
7237
7315
7445
7649
7796
8297
8611
8915
9135
10138
10586
11824
11842
12287
12357
13546
13727
15570
16559
17291
18250
20036
20167
20367
21607
22509
24391
24824
25447
28042
30616
32809
33875
34413
41288
42328
42808
77
263
279
656
662
945
1994
2038
2256
2257
2268
2870
4037
5691
5746
5754
6188
6240
7503
7685
8052
8135
8706
8978
9112
10638
11334
14654
15832
18715
20395
23151
35243
35680
36979
42846
24
277
386
570
1533
1945
1989
2303
2327
2542
2884
3784
3815
5226
5518
5732
6650
6756
8025
8030
8117
8990
9002
9601
10024
11514
11624
11864
12167
15046
16202
16849
17753
18263
18769
19400
19865
21775
23637
23837
24338
24603
28815
35319
36363
38196
41409
53014
53608
56
503
908
1353
2174
2337
2701
3103
4012
4617
6320
6382
6605
6738
7690
7941
8578
8622
8889
8985
9721
10206
11227
11720
12133
12838
13209
13400
14200
14434
15067
15114
15421
15585
19903
22071
22142
24454
24843
25839
26138
26713
28457
30689
37696
41873
31
87
232
389
886
950
1077
1079
1205
1568
1782
2093
2992
3175
3426
4533
4639
5638
5647
5734
6663
7210
7223
7438
7515
8988
9566
10271
12414
13051
13717
15685
15850
16197
16777
18417
19143
20790
20977
21728
25689
30302
31963
33321
35979
37619
43
268
564
1501
1528
1695
1775
2869
3037
3061
3153
5444
6130
6215
6263
6791
7298
7797
8041
8125
8938
8962
9673
9868
10947
11022
12043
13178
14266
16751
20881
21075
24446
27140
27592
29161
29515
31051
34145
34971
40043
51
254
460
624
1160
1590
1714
1917
2132
2858
2933
3029
3135
3219
3221
3237
3425
3698
3788
4772
5041
5466
5472
5622
5887
6303
6826
6917
7435
7457
7735
8981
9355
9497
9575
10483
12437
13099
14068
14549
15428
19366
20644
21382
25295
28623
34622
37490
42466
45186
53520
50
66
327
572
706
1151
1446
1950
2003
2014
3434
3869
4570
5761
6604
7407
7437
8092
8873
9059
10374
10423
11192
11549
12069
12594
13907
16454
17239
18128
18419
18645
18774
18927
19851
21827
27586
28366
28959
30757
32418
34554
36555
42091
44797
297
300
557
947
1004
1554
1886
2055
2219
2410
3048
3215
4567
4647
4771
4843
5617
5695
6197
7111
7224
7545
7928
8537
8574
9635
11122
11698
12395
13132
13647
16244
21446
25670
28006
28574
32396
32926
37834
40490
14
154
336
722
1099
1247
1519
1563
2133
2149
2882
3025
3864
5219
5364
5548
5659
6792
7485
7851
7990
8171
8256
8490
8704
9155
9208
10254
10320
10356
10653
11723
12054
12732
13415
14054
14164
14559
14768
15409
15630
16345
16595
20029
24599
25592
25759
28563
29395
34813
38543
39512
50859
65
190
818
896
1164
1182
2050
2424
2536
2908
2917
2922
3118
3241
3330
3711
4691
4987
5012
5375
5422
5994
6694
7419
7882
8227
8900
9165
9290
10058
10366
10378
12019
12627
13113
13335
13356
14611
16719
20078
20082
25616
29585
31155
32977
32980
38897
48095
88
246
1092
1239
1658
1703
2089
2253
2358
2421
2906
3519
3998
4582
4916
5473
6120
6174
6636
7636
8035
8216
8289
8475
8506
9975
10281
10392
10644
11847
12100
12328
12352
12386
13031
14238
14855
15139
18494
18588
21470
21553
23237
24595
27202
27797
28611
31795
32258
32476
37078
43686
47668
50435
15
491
576
630
668
794
2366
2375
2404
2598
2907
3081
3210
3311
3668
3742
4825
5084
5414
5589
6117
6253
6286
6351
6381
6933
7872
8099
8446
8454
8748
10603
10673
10911
11626
11641
11670
11764
11996
12769
13537
17943
18036
18333
18587
18755
18999
20572
20900
24826
25991
30997
32039
36012
36957
41588
42848
47340
38
415
1625
1795
2186
2230
2246
2328
2449
2965
3545
3653
3790
5618
6107
6275
6513
6886
6940
7360
7428
7684
8548
8742
8843
9027
10186
10355
10456
10630
14316
14571
16696
17983
19749
21596
23893
23895
24356
24853
25330
26295
26405
31830
47101
49484
52144
61
78
163
603
670
963
993
1257
1881
1902
2195
2236
3204
3919
3950
4710
5599
5718
5881
6852
7570
7677
8212
8240
8495
8618
8844
8979
9001
9823
10163
10686
11220
11441
11731
11774
12138
12244
12331
13035
13483
17366
18372
19369
19498
19794
20051
22165
23452
27274
28331
32251
37077
42627
143
378
1155
1192
1520
1794
2062
2160
2573
2888
2916
2976
3147
3149
3351
3672
4171
4764
4991
5532
5770
6110
6249
7647
8074
8283
8601
8740
9116
9847
10363
11015
11732
12898
13039
14181
15202
15333
15964
16170
18267
20355
21490
21666
21698
22440
22490
23377
23562
25275
25446
25457
25488
28612
32164
32822
33790
35213
38025
44885
47213
50279
62
253
883
981
1120
1491
1558
1570
1587
1603
1776
1873
1930
2066
2281
2872
2911
3251
3492
4628
5726
5982
6230
6870
6992
7034
7152
7699
7906
8112
8145
8486
8909
9013
9148
9390
12317
12576
13155
13416
13539
13768
13900
14354
14614
16510
16655
17996
18398
18961
19566
19719
20256
20423
23512
25219
25249
26686
27320
33405
33641
41152
97
161
218
633
1318
1997
2163
2359
2454
2473
2594
2751
2848
2857
2902
3227
3470
4915
5619
6053
6225
6331
6359
6860
7143
7262
7614
8295
8507
8926
9615
10337
10448
10622
10912
11321
11743
11920
11960
12112
12179
13399
13772
13935
14527
15049
15253
17104
17107
17209
19044
23079
25532
27606
28829
29869
29906
32219
32275
33763
37368
49030
51146
54335
289
597
749
892
915
1455
1530
1567
1725
1992
2000
2048
2111
2557
2606
2969
3173
3889
4034
4648
4657
5628
5667
6018
6341
6368
6736
6805
6823
7479
7695
8306
8757
9167
9532
10131
10959
11001
11436
11532
11536
11690
13459
13951
14092
17642
17743
19082
22234
22595
24783
25581
27309
27728
27996
30747
31289
31436
32255
37105
37202
39321
45508
49295
49447
625
644
1403
1454
2248
2260
2990
3014
3070
3232
3504
3656
3719
4681
5083
6104
6269
6306
6310
6907
6960
6961
7082
7171
7242
7587
8234
8588
9578
9605
10293
10347
10552
11052
11462
11836
11964
12076
13481
14015
16218
16769
16780
18492
19827
20979
21091
21176
25453
26230
27466
27555
30002
31160
31829
36021
38440
39172
43646
55523
140
293
590
628
674
717
1005
1012
1029
1185
1252
1290
1906
1932
2455
2825
3395
3518
3743
5271
5377
5637
6214
6503
7088
7271
7376
7403
7417
7454
8054
8151
8270
8272
8466
8469
8485
8768
9062
9068
9104
9244
9619
9632
10044
10658
10916
11421
11994
12869
12878
13853
14067
14193
14701
15267
16140
16183
17835
18418
18646
19553
22423
24667
25706
26196
27812
31658
32623
33633
33923
35354
36579
40079
49656
0
124
169
230
281
614
752
1309
1545
1709
2265
2472
2510
2890
2958
2968
3036
3052
3071
3270
3688
3749
3844
3850
4217
4663
4847
5018
5626
6201
6644
7011
7331
7434
7701
7848
8292
8303
8419
8471
8875
8959
9017
9134
9159
9329
9621
10243
10540
10619
10776
11775
11988
12078
12575
12666
12895
13023
13725
14538
14615
14737
15133
17069
18206
18506
18657
18857
19323
20225
21422
21668
22087
23391
24155
24530
24696
25358
26669
27707
28432
29185
32591
32732
32805
33928
35649
35967
36956
38739
40127
41474
43039
43121
43818
43921
45405
46125
47768
48780
51103
53774
54557
55669
56693
158
315
560
836
880
973
1213
1285
1387
1459
1973
2141
2829
2887
2994
3228
3378
3631
4018
4543
5227
5719
5747
6168
7108
7986
8004
8005
8066
9019
9235
10492
10698
11491
11496
12631
13379
13580
13847
14186
14329
14411
14418
14484
18867
19106
20058
20140
21213
22121
22186
22505
22839
24289
25026
26716
28659
30207
31203
32671
32917
36079
41469
44502
44869
99
511
537
626
673
1584
2297
3106
3354
3407
3690
4005
5347
5367
5680
5842
6073
6186
6209
6284
7349
7536
7691
7931
8011
8163
8180
8274
8950
8999
9025
9417
9488
9659
10354
10468
11035
11042
11274
11599
11655
12197
12203
12265
12675
13019
13123
13446
13795
14094
14653
14725
14971
15441
17205
17245
17279
17578
18317
18482
19122
19370
19787
21321
21948
21958
22573
22952
23379
23621
24850
25798
26114
28152
30129
30663
39001
39817
41158
44286
44434
1
105
129
162
193
1190
1518
1659
1711
1981
2183
2321
2682
2717
2827
3074
3247
3302
3309
3396
3479
3511
3695
3706
3730
3796
3883
3891
3923
4535
4819
5042
5594
6614
6847
6879
6952
7190
7243
7270
7443
7493
7594
7703
7790
7836
7885
8307
8653
8693
8735
9110
9129
9649
10353
10372
10714
10973
11603
11875
12011
12554
12569
12783
13718
14083
15591
17375
17595
19046
19754
19809
21044
22044
22558
23713
24721
24918
25591
25852
26380
27348
27537
28084
29561
30078
30701
31134
32199
32894
33044
34225
40414
42700
43288
53496
54154
101
266
275
383
562
567
1156
1524
1634
1667
1868
2052
3098
3200
3443
3604
3678
5315
5434
5438
5767
6187
6362
7032
7281
7402
8049
8134
8144
8755
8942
10221
10495
11300
11452
11566
11871
12299
12572
13468
13478
13794
13916
13971
14663
16040
16645
17045
17313
17797
18676
20440
22116
23460
23667
25423
26032
26614
28335
28639
28901
32328
34637
35162
36970
38060
38786
42251
43711
45030
46643
47820
54049
355
593
1249
1465
1540
1660
1685
1948
2135
2166
2347
2457
2506
2718
2818
2893
2930
3290
3340
3908
4093
4581
4644
5010
5049
5317
5596
5919
6213
6261
6291
6582
6770
7001
7604
8027
8140
8298
8380
8568
8895
8953
9458
9563
9918
10085
10477
10535
10950
11335
11977
12109
12796
12990
12999
13014
14458
15673
15723
16512
17327
18006
18880
19190
19239
21121
22635
26363
26545
27698
29183
29193
29563
29729
30705
31303
32393
32939
33327
33536
34394
34736
35070
37268
37761
42023
51218
58
243
527
768
1546
1553
1598
1722
1924
1983
2002
2092
2405
2443
2501
2822
2880
3020
3198
3289
3346
3703
3762
3939
4712
4749
4784
4865
5404
5697
5785
5798
6237
6238
6618
6909
6943
7392
7397
7416
7462
7488
7506
7523
7576
7734
7841
8058
8580
8590
8686
8918
9149
9223
9300
9373
9407
9729
9914
10091
10198
11092
11538
11808
12293
12429
12691
12788
12877
13517
13837
13921
14183
15244
17321
17793
18414
18640
18664
18731
18797
18897
19219
19884
19981
20893
22294
22860
23450
23658
23933
24006
24613
25100
25935
26111
28011
28805
29630
29749
29931
30244
30289
30484
31421
31706
34603
36108
38002
39163
42329
42364
42977
49796
51342
51458
54
265
577
727
1148
1207
1253
1538
1696
1800
1946
2117
2483
2707
2835
2975
3134
3166
3406
3445
3558
4851
4994
5094
5199
5246
5294
5428
5620
5820
5964
6335
6955
6969
6994
7048
7150
7470
7602
8136
8903
9117
9141
9299
9542
9741
9877
9961
10272
10435
11340
12767
13252
13401
13431
13543
13618
13942
14127
17089
17096
17518
17633
18113
18214
18502
19329
19347
20792
21166
23666
23923
24659
24999
25539
26561
26762
26962
27689
29057
29173
29494
31417
33150
34842
34924
39026
42360
45704
46274
47882
51856
1003
1154
1180
1394
1444
1497
1562
1594
1697
1698
1861
2118
2305
2493
2633
2923
3177
3209
3231
3380
3544
4665
4913
4990
5346
5564
5565
5576
5733
5913
5955
5966
6125
6232
6234
6863
7611
8152
8291
8311
8583
8709
8741
8754
8879
8944
9569
9677
9804
10395
10446
10600
11783
12218
12665
12910
12961
12973
13287
13538
14229
14570
15326
15375
15387
15388
15578
15824
16279
16564
17300
17791
18228
18360
18844
18944
19325
19486
20134
21701
22572
22799
23150
23236
23978
24450
25415
26004
26448
26598
26863
27102
28298
28635
29213
29753
30379
30840
31599
32802
33645
38997
40541
43822
52550
376
563
667
1075
1573
1919
1957
2005
2100
2140
2299
2371
2618
2883
3023
3079
3236
3467
3753
3989
4964
4997
5209
5412
6248
6314
6418
6603
6959
7123
7370
7465
7579
7747
7784
7899
7956
8020
8267
8458
8957
8969
8973
9087
9120
9274
9487
9567
10930
11199
11215
11230
11519
11703
11866
12066
12491
12808
13640
13793
14304
14307
14947
15142
15288
15445
15668
16273
17369
17403
17435
17805
17979
18179
18294
19246
20070
20758
22317
22545
23049
23222
23896
27179
28664
28932
29136
29778
30428
31050
33228
33575
33852
35289
36345
36602
42243
42405
42911
46519
47710
47999
32
146
252
342
354
905
1179
1202
1288
1560
1662
1783
1893
1995
2015
2240
2494
2789
2912
3148
3398
3451
3632
3674
3873
4312
4733
4886
5180
5273
5452
5648
5654
5683
5753
6061
6118
6198
6290
6827
6935
6964
7116
7269
7626
7981
8067
9319
9408
9604
10076
10394
10649
10934
11087
11523
11682
11927
12161
12235
13020
13448
13466
13715
13812
14170
14360
14386
14735
15032
15349
15503
15968
16743
17067
17105
17211
17294
18123
19340
19664
20525
22452
22548
25384
28020
28138
29609
30653
31473
31525
32470
33376
33863
38090
40794
41997
42434
44800
46289
56654
16
60
98
125
132
134
150
249
430
1413
1428
1450
1571
1797
1810
1814
2059
2128
2192
2263
2288
2295
2332
2345
2436
3139
3141
3305
3686
3732
4066
4340
4370
4434
4467
4678
4776
4829
4945
5136
5486
5496
5649
5748
5927
6067
6071
6628
6838
6912
7079
7240
7293
7304
7510
7650
7814
8060
8352
8553
8566
8896
9128
9152
9366
9431
9611
10023
10380
10681
10976
10990
11034
11283
11676
11888
12337
12490
12528
12778
13116
13515
13975
14710
14778
14851
15721
15750
15757
16260
17201
17384
17564
17742
18208
18411
18597
20212
20371
21391
21963
22295
22459
22471
22842
23071
23502
23614
26359
27622
28880
28917
29130
29192
31693
32696
34105
35977
38250
38475
40838
41947
42593
43483
46035
48218
49918
52421
54437
89
184
213
995
1304
1380
1664
1870
1939
1988
2162
3065
3654
4003
4352
4359
4666
4676
4701
4718
4736
5152
5195
5216
5281
5312
5338
6032
6057
6074
6285
6570
6642
6862
7374
7798
7817
7900
8448
8898
8912
9379
9870
9935
10424
10531
11255
11672
11704
12013
12015
12016
12162
12396
12695
12720
12903
13389
13474
13554
13824
14250
14393
14498
14895
15722
16095
16181
17224
18375
18489
18716
18736
19861
20654
21109
22194
24832
25567
26476
26712
27526
28841
29533
29779
32951
33626
33658
33845
35483
37981
40129
42502
43714
46365
50925
82
215
381
485
552
663
724
1017
1316
1429
1480
1778
1869
2041
2282
2519
2918
2925
3104
3280
3404
3763
4631
4649
4961
5003
5132
5305
5661
5743
5802
5907
6192
6321
6328
6380
6795
6832
6867
6881
7191
7239
7501
7593
7646
7997
8150
8377
8922
9243
9352
9579
9748
9803
10344
10550
10614
10809
11036
11222
11622
11777
12248
12294
12785
13307
13920
13990
14459
14557
15279
16195
16498
17208
17446
17628
17734
17817
18302
19113
19793
20067
20357
21157
21347
21643
21736
21918
21977
22104
22667
22769
22893
23262
23601
23735
23928
24466
25052
25976
28088
28219
28995
32635
32709
32725
33071
33292
35228
36032
36047
37547
38876
50631
352
454
468
484
865
1072
1117
1141
1391
1925
1964
2011
2072
2102
2324
2346
2981
3206
3323
3357
3574
3599
3728
4537
4723
5014
5213
5450
5681
5687
5731
5808
6311
6703
6833
6954
7113
7250
7384
7424
7532
7562
7641
7948
8001
8609
8899
8945
9108
9548
9782
9992
10030
10139
10373
10515
11456
11540
11812
11913
11941
12084
12187
12276
12763
12842
12972
13045
13368
13929
14105
14409
14487
14935
15224
15453
15469
15619
16053
16089
16920
18992
19155
19586
19756
19929
20024
20551
21184
21248
21603
21984
22362
23023
23024
23454
24245
24260
24314
24656
27591
27982
28022
28161
28435
28778
28823
29827
30248
30936
32996
33553
34148
34982
35221
35391
36943
37945
38950
40033
40943
42603
43502
44799
49443
50648
55525
72
178
242
358
501
632
714
879
1104
1303
1888
1905
2065
2382
3114
3142
3163
3170
3179
3331
3432
3437
3641
3682
3828
3853
3874
3875
5641
5712
5792
5983
6049
6658
6921
6973
6983
7184
7372
7420
7423
7466
8040
8459
8871
8928
8929
9168
9479
9538
10029
10367
10966
10982
11214
11422
11438
11811
12459
13138
13259
13849
13972
14040
14292
14575
14736
14812
14946
15025
15043
15080
15245
15655
15845
15913
16400
16448
16467
16505
16530
16718
17246
17282
17608
17790
19602
19685
19721
20190
20313
20475
21645
21687
22702
23618
23926
23986
24120
24141
24166
24350
24954
25609
25890
25900
26572
27034
27303
27527
27623
28332
28498
31009
31111
31285
33282
33762
34767
37180
37974
39059
39761
41779
42781
43171
44920
45090
45252
46179
47116
47752
49541
104
330
447
489
529
659
1106
1122
1331
1375
1398
1500
1637
1940
1951
1959
1982
2023
2308
2528
2597
2636
2886
2945
3278
3321
3689
3715
3884
3888
4538
5402
5459
5530
5582
5625
5884
6147
6199
6534
6647
6816
6895
6985
7312
7322
7484
7507
7519
7675
7727
8121
8604
8842
8848
9051
9305
9388
9627
9772
10110
10144
10397
10408
10414
10496
10510
10756
10846
11099
11119
11190
11278
11756
12106
12257
12458
12747
12777
12942
13641
14009
14012
14033
14477
14554
15727
16022
16154
16403
16636
17161
17290
17575
17660
17731
18388
18962
19497
19705
19795
20062
20063
20376
20612
20648
21322
21648
22441
23035
23146
23654
24335
24465
24784
24828
25177
25531
26462
26529
26717
26988
27538
28079
29320
29636
30418
30516
30697
30888
31063
31315
31537
31628
31810
31940
32710
36241
38495
42387
43013
43656
45641
46226
53193
136
175
227
291
305
912
1123
1669
1899
1935
2029
2294
2312
2453
2712
2851
3093
3164
3388
3655
3876
4058
4244
4519
4673
4956
5000
5288
5700
6190
6281
6364
6900
7193
7292
7547
7596
7672
7738
8086
8582
8855
9035
9042
9445
9612
9629
9719
9723
9765
9826
9913
10059
10103
10213
10415
10798
10955
11156
11817
12181
12333
12473
12513
12782
12969
13120
13147
13540
13728
13844
13918
14341
14410
14601
14944
14986
15386
15560
15736
15960
16319
16406
16503
16821
17215
17247
17326
17486
17792
18058
19453
19691
19855
20129
20450
21810
22633
23213
23366
23656
23949
24375
25329
25756
27024
27351
27394
27489
27785
28675
29483
30149
31299
32060
32161
32220
34199
34211
34223
36117
36565
36866
38023
38616
39128
39818
42069
42320
43224
43734
44692
45137
46926
48841
53
118
177
921
1013
1313
1322
1389
1499
1611
1748
1832
1934
2181
2383
2556
2832
3019
3066
3111
3123
3452
3476
3517
3564
3789
3897
3899
4051
4119
4165
4541
4624
4626
5033
5038
5075
5344
5410
5786
5989
6143
6356
6512
6840
7396
7448
8051
8108
8109
8118
8252
8646
8800
8828
8908
9003
9040
9121
9170
9528
9553
10187
10482
10670
10994
11243
11248
11407
11445
11788
12150
12621
13311
13467
13939
13941
14140
14243
14301
14320
14362
14391
14556
14665
15008
15140
16071
16085
16251
16267
16459
17097
17944
18194
18400
18670
18689
18822
19532
20704
20954
20966
21458
22172
22503
22921
23246
23659
24355
24743
24769
24806
24815
25098
25595
25830
26709
26792
26954
27162
28035
29509
29868
29884
30003
30372
30412
30682
31790
31985
34674
34894
37118
37572
37775
40640
42455
42852
45144
46427
47864
48364
50845
52207
53090
55137
103
404
595
689
960
1051
1232
1345
1411
1489
1842
1862
1916
1965
2094
2413
2672
2773
2937
3022
3072
3117
3133
3201
3338
3409
3639
3927
4082
4085
4297
4436
4553
4632
4669
5046
5431
5446
5572
6076
6100
6219
6241
6737
6766
6936
7105
7194
7231
7526
7964
8062
8076
8168
8265
8384
8726
8732
9064
9187
9483
9560
9730
10130
10220
10418
10420
10431
10442
10802
10889
11242
11391
11518
11872
12081
12093
12146
12164
12172
12351
12391
12698
13447
13561
13562
13661
14182
14204
14480
14532
14583
14909
15337
15510
15745
15769
16516
16631
16647
16803
17061
17452
17868
17941
17962
18477
18821
18996
19257
19263
19274
19311
19628
20527
20889
20908
21024
21145
21353
21471
21602
22125
22187
22533
23503
23757
23943
24235
25104
25227
25503
25560
25687
25698
26214
26320
26344
26349
26451
26604
27692
27753
27780
27984
28883
29623
29716
29748
30071
30084
30424
30770
30775
30846
30866
30945
30999
31089
31925
32119
32988
33229
33308
33348
33769
34481
34649
34868
34913
35297
35383
35449
35502
35878
35896
35964
36752
37560
37687
38208
38248
38577
39162
41170
41363
41861
42468
42477
43470
43620
44048
44056
44083
44170
44317
44582
45089
45190
45203
45565
45793
45902
46119
46363
46781
46983
47015
47437
48836
49159
49734
50258
50942
50978
51031
51058
51299
51318
51479
51692
52064
52340
52584
52629
53057
53088
53556
54014
55163
55514
55626
55751
56658
56752
56834
57768
57855
57893
334
465
631
692
987
1128
1144
1226
1270
1972
2025
2302
2329
2407
2561
2891
2942
2995
3038
3091
3120
3389
3486
3531
3546
3570
3756
3786
3823
3996
4016
4141
4414
4445
4615
4641
4725
4787
5745
5797
5874
5914
6330
6363
6746
6811
6916
7415
7529
7605
7651
7774
7927
8065
8356
8538
8767
8802
8937
8965
9222
9289
9489
9693
10081
10167
10560
10662
10931
10964
11288
11318
11389
11759
11801
12445
12730
12977
13227
13233
13395
13433
13482
13503
13509
13678
13897
14088
14346
14372
14474
14509
14763
15184
15301
15342
15400
15798
16549
16678
16835
17373
17441
18163
18220
18348
18514
18869
19235
19525
19555
20326
20698
21060
21187
21212
21702
21731
22308
23390
23473
23629
24559
24820
25610
25697
25709
25718
26357
27099
27145
27199
28525
28775
28950
29641
30321
30375
30390
30752
33612
35812
36486
36700
37536
37714
38316
38605
39060
39134
39521
40322
40535
43960
44918
45191
45201
50850
51860
52622
67
69
569
635
637
678
703
920
936
1347
1350
1536
1741
2104
2954
2988
3112
3447
3490
3548
3583
3627
3843
4007
4271
4402
4693
4793
4860
5070
5160
5161
5174
5433
5603
5679
5771
5772
5883
5993
6377
7151
7337
7477
7629
7736
7852
8015
8223
8539
9031
9214
9258
9318
9511
9679
9793
10132
10176
10514
10752
10785
10880
10986
11031
11046
11163
11174
11482
11504
11652
11838
11845
11894
11979
12157
12205
12237
12423
12772
12791
13098
13203
13204
13381
13513
13523
13789
14003
14156
14172
14226
14448
14613
15303
15649
15815
16091
16182
16366
16393
16539
16729
17070
17120
18603
18667
18691
19141
19684
20269
20611
21211
21254
21360
21370
21377
21597
21862
21882
22173
22641
23311
23635
23939
24282
24610
24724
24957
25563
25707
27744
27774
28229
28565
28918
29315
29330
29351
29478
29584
30781
31734
33129
33528
34039
34138
34909
37383
37837
37976
38572
39015
39149
40223
40404
42940
43556
43743
44782
46003
47986
50650
53265
54778
185
222
270
364
1000
1295
1448
1535
1539
1907
2012
2069
2165
2170
2287
2373
2397
2823
2826
3010
3326
3366
3385
3507
3576
3685
3744
3976
4091
4512
4544
4695
4809
4914
4954
4959
5163
5201
5752
5941
6034
6111
6127
6142
6265
6292
6446
6839
6843
6865
6869
6885
7022
7257
7388
8100
8249
8316
8484
8624
8776
8932
9080
9126
9534
9883
9957
10042
10135
10257
10430
10445
11211
11249
11319
11956
12121
12221
12245
12335
12731
13660
13755
13797
14308
14325
14462
14534
14713
14914
14939
15164
15228
15377
15385
15394
15731
15965
16024
16153
16469
17243
17250
17556
17626
17781
18166
18188
18307
19476
19562
19669
19808
19897
20160
20189
20415
20454
20528
20553
20646
20757
20772
20832
21732
21865
22433
22746
23038
23142
23172
23351
23402
23410
23582
23619
23990
25058
25658
25796
25961
27127
27333
27399
28968
29031
29070
29322
29525
29675
30307
30420
30860
32735
33758
33837
33894
34161
35404
36294
37599
39240
39251
40843
41489
42641
43187
44100
45529
46191
48687
51042
737
765
828
926
1124
1166
1209
1371
1382
1462
1717
1773
1859
1921
1979
2042
2105
2465
2566
2623
2642
2814
2819
3080
3140
3213
3692
3809
3870
3945
3994
4151
4327
4573
4704
4982
5004
5224
5461
5554
5673
5706
5920
6510
6581
6685
6872
7921
7992
8019
8233
8279
9069
9164
9169
9257
9338
9383
9786
9889
9977
10668
11028
11029
11253
11382
11891
11995
12261
12740
12804
13069
13297
13419
13606
14555
14574
14933
14953
15420
15564
16048
16492
16620
17076
17241
18356
18627
18724
19041
19061
19258
19508
19812
19829
20673
20849
20862
20961
21028
22456
23490
23649
23655
23691
23891
24033
24250
24735
24742
24842
24863
24953
25623
26796
26998
27739
28235
28480
28485
28764
28865
29075
29548
30315
31105
31207
31416
31544
31800
31890
31923
32126
32225
34621
35123
35222
35771
37437
37979
39104
39537
41160
42066
42927
43276
43732
48511
50045
51044
54102
54118
68
74
164
228
445
991
1357
1574
1671
1879
1985
2057
2097
2314
2351
2355
2462
2601
3003
3064
3397
3428
3438
3781
3898
4077
4261
4450
4576
4777
4803
5103
5425
5610
6094
6264
6370
6403
6435
6520
6804
6861
6902
6967
7311
7329
7422
7471
7513
7558
7592
7700
7794
7909
8037
8510
8840
9005
9139
9175
9220
9363
9494
9620
9640
10201
10349
10413
10539
10886
10932
10970
11112
11510
11576
11616
11725
12103
12281
12343
12506
12771
13115
13361
13373
13430
13432
13758
13827
14062
14359
14817
14950
15089
15306
15313
15315
15407
15461
15558
15660
15973
16231
17121
17257
17912
18053
18178
18584
18661
19154
19709
19908
20061
20099
20794
21236
21394
21968
22728
22770
22981
23239
23467
23483
23639
23650
23651
24091
24482
24515
24578
24677
24707
24960
25078
25471
25629
26454
26664
27388
27794
27847
27983
28148
28333
28492
28496
29118
29413
29643
30834
30862
31258
31472
32425
32727
32848
33247
33615
35890
37595
37797
38946
39377
39935
41624
42307
45005
45891
47987
48051
49682
92
379
584
612
928
968
1071
1356
1414
1544
1976
2043
2184
2269
2292
2420
2450
2451
2515
2921
2979
3004
3047
3152
3735
3804
3830
3935
4547
4566
4700
4949
5193
5261
5326
5477
5717
5962
6169
6584
6734
6850
6928
7146
7280
7295
7432
7923
8016
8080
8293
8517
8556
8773
8847
8905
