44
754
40
159
3154
6589
36
8440
2349
3245
10348
762
2915
3
652
753
634
10512
405
2847
7
760
2839
654
116
102
629
2868
210
176
948
9970
2261
2103
6620
17285
833
2934
650
1877
5310
5215
11630
212
1076
554
1891
9952
2836
651
15606
8385
6991
229
1168
927
108
6595
1901
4902
42
2971
853
2809
3063
747
1082
2966
6050
10542
1559
646
2625
658
49
80
4532
349
6677
3596
730
1430
1910
1936
8479
168
8379
568
1302
2344
20349
424
3618
1898
42847
9405
773
7358
226
7441
11799
6785
1786
2903
553
10963
2876
4545
680
1505
1895
3256
6365
264
1791
3124
1866
8500
7528
6191
6640
740
9530
13213
7778
2874
3158
13142
28481
29
1863
2168
324
2840
307
5699
970
1956
7155
385
6664
3384
50183
7183
21854
123
4871
759
1771
8428
14657
7844
149
11948
2130
1100
8917
7307
11558
446
3458
6948
1864
11277
4841
26
207
3710
7084
15159
237
8031
2009
782
3415
17607
6121
5656
30
2283
5670
11140
7524
12583
2232
2885
7648
16494
697
8474
3523
7642
2180
3739
157
217
22500
37901
620
802
8308
1307
2007
5668
9416
37
1449
7546
4618
10877
10969
20050
13097
18980
8947
3128
7406
636
2938
2842
5655
13589
13599
55294
4840
746
23322
2207
9577
1933
3085
208
639
5684
17050
37365
1158
1914
6782
12
8946
9923
11378
13826
719
5591
2318
9663
13438
2176
14283
2044
3362
27245
1777
7008
1451
1843
3427
14207
1542
1074
1883
3056
13403
3341
433
6316
8483
1875
493
2843
11931
20386
75
109
641
2157
3160
3180
5642
8337
47
5819
13835
2218
7148
10532
28859
1878
10902
11204
22950
145
878
2386
36027
2810
6977
9982
16265
5430
35
2920
83
317
236
238
9725
220
959
4613
11208
3212
10509
11739
4786
5575
250
7260
11003
13816
16728
223
3324
9595
16500
29603
17
1998
303
969
5090
16266
180
298
1867
7521
11
10685
19451
638
6205
8217
10554
1911
2901
8082
8493
9520
25062
1083
1955
2895
6615
9009
449
12038
11577
3638
7362
1142
2910
7112
8056
11527
31533
1622
2201
4023
6203
11692
2175
14294
320
2068
28956
755
4090
9580
736
1854
7114
7607
8231
11050
6223
173
1170
7318
7670
9421
10346
31763
3218
8191
8478
15034
15088
37699
248
1452
1876
6687
20930
6957
10991
7170
7227
11490
436
679
876
2873
9954
16809
1431
1984
2278
5210
6256
8467
44981
2177
7669
15251
13
2821
15128
15309
195
2001
2962
623
1080
1093
3007
8013
8906
8941
15543
19109
30377
1798
2034
7572
9587
174
2279
888
1314
7206
7256
7537
9111
13170
15048
1386
2045
12620
13848
351
6318
6621
7560
13429
182
647
731
7411
8503
12230
14039
1143
1872
3778
5632
16343
160
1970
2262
3348
5902
27058
42102
144
6587
6896
13596
16722
29479
676
2354
5714
29477
112
191
653
6217
6787
11559
18243
21776
219
412
887
5708
10334
661
2553
2929
4960
5432
8425
10551
10650
24822
32563
9
1978
2194
2400
4659
4985
8696
13108
13285
22948
209
721
2871
7583
9740
170
1109
2189
5408
9911
10494
11017
11260
11856
95
2879
5724
7870
8544
15946
3885
5270
5690
7153
13228
15947
1971
5146
7987
20165
1578
7098
11987
14942
18
5208
8902
11593
13110
14275
2944
6208
17830
20032
28131
28350
301
1159
1513
2339
2389
3259
3637
7527
35343
280
2392
2849
5605
8521
9109
14547
35375
23
45
1139
1521
2865
3924
5221
6683
7549
7911
2853
211
738
2051
5206
10333
11051
11177
11612
13442
20139
147
686
1847
9402
26250
4087
5598
8262
8473
9154
9749
11530
15220
156
1931
2073
2970
5841
6612
8255
9041
18529
18647
1699
2222
20148
41309
42236
55578
1067
7517
8820
11568
11946
28816
1770
2198
3182
6629
7518
8923
9949
11261
22257
467
1701
1805
1961
2077
3767
4690
6648
22495
1815
1987
2841
2924
3084
25688
474
1503
2778
2812
8329
11787
922
1087
3062
4622
5592
5665
6588
10086
12094
12253
13199
13202
13436
21591
1315
7467
14951
1146
1443
4655
7632
12087
32349
2276
3337
5629
13265
14912
19700
29791
189
627
2379
3662
8715
10835
11183
14230
18649
24438
824
1718
2284
2507
2806
6906
14814
23929
24814
25859
37983
51628
152
745
1138
3422
7375
9242
11584
12037
16317
19137
8214
10488
16240
20324
24211
24765
44901
47758
1094
3089
3183
5211
6222
10842
24580
677
2235
3333
3761
4630
6382
36940
38908
10
188
269
1310
2008
3439
3661
6580
8913
12882
15271
38517
255
901
2217
2896
6533
6908
7025
7755
10205
11618
11699
12053
17315
17558
25400
28846
39556
5
977
2016
2398
2428
5318
5791
10238
10588
12833
15726
22425
25106
655
2352
3186
6776
7385
8897
13105
25153
40988
214
1507
2980
3189
4181
6864
7729
7758
8821
13096
22741
171
1097
1720
6984
7103
8933
8951
17695
76
167
835
2986
3314
4041
5154
5694
8427
9334
14077
18308
23320
2517
3131
4101
6884
7686
7692
8920
9124
12089
15850
16028
17058
17143
418
3055
4999
7671
9221
13560
20323
20711
23842
26358
34646
4548
5415
5639
6115
6277
6905
6923
9574
6
2022
2031
2932
3645
3801
4846
6193
7824
8165
8617
8819
9449
11730
12577
17991
20147
21408
24032
21
2241
3376
4334
5285
6652
7179
10895
29976
42848
1949
2215
2850
3029
3784
10458
15979
26557
27139
27710
32144
32699
262
370
1240
2394
3122
3216
5595
5663
6901
8565
9571
19125
21606
4
1329
2403
4249
6598
7122
8482
9315
11533
11583
11955
36237
666
967
2024
3417
9582
11139
14826
15358
16430
17497
45168
1525
1780
3835
4423
6064
6880
6915
9785
15200
32032
32107
387
1531
1550
2137
6188
6347
6711
11217
11343
25862
834
2036
2182
2774
2900
3725
4542
4629
6101
6727
7302
11511
21023
23273
19
148
1447
1511
1557
1756
3006
5623
6220
11358
11531
12959
16565
18020
41323
344
375
1986
2134
3099
3146
3861
5308
9562
10129
11951
12636
13301
15714
621
1909
2030
2807
2987
6233
6590
8032
10564
12659
13636
15348
17314
18316
22372
24036
31434
31901
43573
241
2906
6145
6340
10339
12632
14160
18007
21575
24084
37773
49598
79
200
234
235
1393
1915
6215
7033
7696
8834
10208
11507
12071
13340
18322
18811
27980
29056
183
1149
1889
5823
8111
10173
11968
12287
13908
34477
582
648
691
854
1917
2264
2813
2837
2946
3350
5378
5901
7272
7551
8688
22414
27979
32245
199
417
1913
2974
2989
3173
5728
6106
7125
10872
17379
21619
24722
27994
28836
31020
362
1945
1999
3108
5400
5715
7162
7789
7937
8164
9332
9593
11939
12548
12553
14549
18588
21553
24206
30598
44797
886
1721
3233
3379
5021
5636
6196
6663
11198
11755
12120
15635
16724
16730
17225
65
657
1860
2164
3317
3394
5155
7347
7379
7438
7469
7483
8115
8496
8781
8894
16198
18949
18974
24168
27312
27407
31921
32209
240
546
2032
3045
3344
3381
3846
4627
5095
6204
7473
7865
9026
13264
16375
19271
20395
21728
27709
46825
1446
2340
3421
3847
4283
5662
5746
8117
8125
8470
9018
10638
11373
13158
14237
18250
25447
30268
12357
14654
20932
49417
431
1069
2820
4383
4617
4639
4862
6195
7282
7846
7873
8075
8934
13400
13821
17291
21358
25585
30518
32383
36410
267
419
2161
2221
3025
3401
5646
6110
11674
12525
12663
16205
18340
18417
18590
18654
20044
25592
38118
44688
756
2257
2477
3024
7000
7485
8541
9601
9972
10066
14265
15630
16588
17309
18715
20881
32151
34645
39048
413
2101
3018
3109
3813
4037
5493
6329
7545
7575
8465
13232
17240
19400
22658
29627
50
277
2149
2878
3135
3503
3864
7296
7662
8472
9135
10586
10850
11641
11670
11682
12133
12875
13453
14120
14345
22563
42618
56576
246
2038
4730
5472
5691
7685
7872
8408
9114
10196
10412
11431
11556
12167
12774
13415
14151
16559
27140
28815
31568
33747
15
503
572
589
1165
2360
3073
6825
6904
8243
9112
9189
9552
11765
13132
14468
20036
20790
21039
23151
25689
34413
46275
282
662
1543
1967
5815
7230
9355
10548
11549
11899
12001
13366
13546
14787
16244
17672
18140
19036
23637
26634
28433
30689
32149
33321
42808
127
1693
2209
2327
2922
2978
3048
4889
5444
7683
9240
12328
13576
13909
14261
14897
15832
17718
20367
22291
25839
32200
35212
77
490
1785
4234
4567
6117
6303
6918
7277
7746
8030
8039
8240
8509
8706
8962
9497
9868
10138
10686
11334
12317
13907
20697
24824
25295
33875
42328
336
908
1110
1418
1590
3237
3788
3815
5887
7796
8002
9463
9721
13178
14200
15585
15904
19903
25853
26713
27592
28457
29103
30951
37619
151
225
1994
2256
2303
2524
4795
6109
6279
7503
7570
8297
16137
20029
20167
22490
26371
29515
61
1586
1950
3219
5226
5364
5638
6107
7237
7437
7515
8799
11824
15570
16595
16777
18263
19902
28366
33070
35680
41288
42091
56
263
268
1989
2573
2870
3992
5418
5647
5734
7445
9973
11864
12043
15067
16751
16849
17753
18128
19865
22071
24391
28042
36363
53014
53608
1528
1533
1568
2833
2882
3037
3284
5437
5518
6605
7223
8041
8256
8611
8938
9002
9575
11624
20977
26138
31830
35243
0
389
1164
1205
1714
2014
3175
3518
5084
6917
7111
7315
7699
8574
8622
8988
9059
10024
10058
11268
11720
11967
15685
21418
24843
25670
30616
37696
41409
2
31
41
254
386
1151
1695
1886
2055
2255
2805
2908
3221
3869
5548
5657
5760
6240
6756
7298
8052
8490
8889
10281
12414
13051
14054
16197
16454
18769
20900
21382
21607
23837
28167
32809
36979
38196
42447
88
163
1625
2268
2272
2356
2365
2377
2542
2869
4612
5617
5761
6650
7187
7210
8303
10947
11842
12437
12519
13356
18645
19851
21173
22142
22440
24603
27337
300
1880
2358
2858
2884
2905
3103
4774
6263
8475
8578
11996
12732
14231
14614
23796
28623
29161
34813
41873
154
945
1079
1353
1645
2424
3519
5041
6738
6792
8222
8548
8990
11022
12468
14611
15114
25219
35979
1387
2085
2404
2992
3426
3545
4772
5982
6320
6852
8900
9030
9619
9649
10254
10366
10483
11374
11514
11723
21446
21827
24338
24454
26230
26405
26718
295
299
1155
3215
4988
7126
7224
7419
7882
7928
8092
8227
8873
10446
10603
11001
12627
14484
15046
15421
16345
17063
18774
20644
21075
22675
28574
30757
31155
45186
53520
218
279
557
896
1264
1410
1603
3147
6130
6280
6351
6940
7603
7690
10315
12019
16202
18333
656
1257
1782
1974
2003
2536
3153
3372
4559
6791
6847
7428
8748
9208
9635
9673
9823
10423
11265
15202
15409
15895
21775
28563
28829
29395
14
24
38
1554
2174
2337
2701
3358
3425
3672
3998
4843
5589
5599
5732
6174
6286
6961
7457
7941
8035
8915
9566
9975
10374
12244
13335
13537
14768
17366
17706
24721
27274
27797
34554
34622
38543
38897
42466
42846
27
43
624
630
892
950
993
1530
2132
4647
4691
5622
7735
8978
10959
10968
13539
19369
21596
30997
31051
31963
32476
34971
35319
39512
41152
47668
66
190
486
576
2366
2449
3061
3118
3311
3653
4012
5012
5019
6120
8844
8985
10356
10911
11732
11764
11960
12054
12239
12838
14266
17239
37368
40490
570
1182
1662
1873
2093
2195
2917
3081
3149
4987
5219
5375
5594
6381
6636
7435
8025
8171
8283
8495
8704
9738
11122
12331
12898
13399
14434
17983
18676
23377
23893
27202
32275
32418
36012
34
491
716
947
963
1563
1587
1776
2472
2976
2991
5422
7011
7205
9167
10320
11626
12395
12594
13039
13647
14193
18927
20423
27320
29585
36555
48095
327
626
818
915
1658
3210
3698
5213
5466
5473
5718
5994
7152
7647
7797
7990
8469
8601
9148
9155
9165
13717
13727
15964
18267
21166
21470
22509
23237
23562
23713
24446
27586
28152
28959
40043
47340
50859
87
706
1318
2219
2253
3241
5596
5754
5785
6331
7649
8054
8507
8757
8981
12572
13772
18419
18475
18587
28331
30302
34145
37834
47101
49484
297
883
2066
2133
2246
2872
2958
3204
3228
4570
4916
5726
6341
6770
6826
8099
8537
9567
10044
10673
11192
11220
11491
12902
14354
15139
16170
16696
17996
18755
19366
19749
20051
24826
25991
26295
28006
29869
32926
35213
37490
52144
603
670
1501
1900
2454
3309
3395
3678
3711
4764
4771
5414
5532
6306
7434
8979
11847
12069
13023
14068
15333
18961
19719
20140
23222
32251
32977
32980
37077
50435
1004
1703
1794
1932
2375
2421
2606
3434
3668
3919
4648
5274
5637
6230
7082
7684
7851
8152
9290
9390
10378
10912
12100
13099
18317
18418
20078
20082
23512
25330
28612
32219
41588
43686
44885
51
140
415
674
794
1519
1973
2089
2160
2557
2968
3036
3742
4533
5618
5695
6513
6933
9615
9847
10271
11698
13900
14571
15428
17943
18398
19566
22595
23391
23452
24599
25581
31436
31795
32258
33641
37078
564
1247
1465
1520
2163
2186
2822
2857
2916
2965
3270
4034
5042
6805
6823
7171
8212
8216
8270
8506
8740
9104
9116
9319
9532
10456
11227
12293
12386
13155
13459
13768
14238
14701
14855
15049
17104
17642
18999
21490
24783
32396
33923
37105
54335
1005
1120
1558
1881
2146
2473
2911
3511
3558
3939
3950
4171
5010
5438
6907
8112
8618
10163
10649
12352
16769
19082
19794
21176
25488
27698
32039
32164
32939
38025
43818
253
460
590
1148
1403
2000
2933
3743
3844
4005
4657
4710
5619
6104
6582
7417
8926
10468
10552
10630
10776
11015
11035
14411
16719
18036
19044
19498
25457
25706
26196
27812
45030
47213
49030
644
1077
1239
1285
1459
1696
2141
2263
3070
3690
4681
4915
5659
5680
6879
7506
7604
7885
8004
8074
8486
8909
9001
9027
9918
11743
12112
13031
13209
13481
14092
16510
16564
17107
20256
20572
25453
26686
33405
37202
51146
1003
1012
1029
1099
1874
1902
1930
2111
2260
2359
3470
5083
5377
5881
6018
7143
8135
8583
9019
9417
9458
10347
11034
11321
11566
11920
12910
13379
14067
14329
15267
16780
18372
23379
23621
101
161
1075
1092
2062
2321
2493
3330
3396
3873
4628
5347
5428
5576
5802
6053
6073
6187
6214
6269
6943
7271
7636
8380
8735
8768
9013
11052
12576
13035
13725
14186
14559
14947
18492
18657
19046
19787
19981
22573
24356
24696
25446
25759
28611
28659
31160
32917
35354
36579
44286
45508
62
150
722
749
1567
2236
2455
2598
2994
3656
3763
4582
7262
7331
7536
7587
8163
8289
8292
8742
8843
10448
11300
11496
11532
11690
11731
13468
13580
14181
14360
14458
14615
18494
18857
20058
25616
30002
31289
31829
36957
42700
49295
143
230
232
1252
1444
1454
2048
3946
4991
6870
6952
6959
7034
7523
7677
8419
8485
10337
10714
10852
13847
14527
18597
20979
22452
26669
27606
27728
28432
30747
31203
33633
33763
35967
36021
44869
703
1868
1997
2969
3052
3232
3730
5434
5667
5697
5770
6198
6604
9025
10495
10916
11536
11599
11994
12138
12869
13446
13794
14012
14015
14971
15591
17209
18206
19827
20440
21091
21668
21958
22635
24918
25358
27466
27707
29185
32591
37761
43921
55523
78
97
99
158
484
614
668
752
880
995
1709
2887
2890
3139
3688
4217
4543
4847
5367
5626
6225
6644
6694
6992
7088
7403
7701
8234
8686
8875
9632
9719
10293
10653
10698
11774
12011
12078
12203
12895
13795
14737
15133
15142
15253
17375
17797
17835
18506
18867
22087
22186
22505
23933
25275
26032
30289
32623
32671
32732
35649
38739
39001
40127
41474
43039
45405
46125
47768
48780
49447
51103
53774
54557
55669
56693
162
378
527
717
1160
2328
2594
3200
3209
3290
3340
3346
3479
3492
3749
4678
5271
5315
6061
6118
6253
6290
6863
7360
7848
8151
10272
10397
10540
10966
11335
11603
11964
12076
12767
17245
21666
23667
26614
27309
29906
32255
40079
266
537
2265
2825
3251
4663
4676
5018
5199
5747
6197
6213
6368
7270
8267
8307
8969
9244
9329
9578
10372
10600
10658
11540
11875
12265
12691
12720
12788
13935
14164
17069
18006
21213
22116
22234
25852
28901
30484
32822
33536
35162
37268
289
1497
1795
1919
2410
2902
3106
3134
3227
3380
3695
3891
4535
4851
4886
4964
5281
5628
5700
6860
7123
7190
7376
8145
8272
8377
10353
10392
11538
11988
12179
12631
13019
13123
14094
17743
18482
19143
19809
22165
24530
24667
24850
24853
26114
29729
33928
34394
36970
38786
39321
43288
47820
355
560
633
1491
1982
2052
2281
2848
2912
2918
3074
3409
3850
4825
5209
5798
7116
7579
7906
8922
8957
9068
9110
9659
10243
11274
11340
11441
12666
13929
14170
14418
15722
16040
16183
18844
19190
21044
23895
25249
28639
30244
30701
32805
33044
41158
50279
51218
98
169
281
577
667
1213
1290
1711
1906
2050
2183
2230
2295
2510
2883
3338
3719
5294
5719
6248
6310
6614
6736
7493
7594
8588
8918
8973
9134
10198
10363
11092
11655
11836
13538
14663
17045
17089
18640
20225
20893
22423
25532
27348
27555
27996
30379
31421
36956
39817
43121
43711
46643
53496
58
124
383
1190
1499
1659
1667
1697
1992
5049
5767
7001
7703
7734
7997
8180
8306
8590
8950
9062
10681
12109
12575
12675
13045
13483
13718
15441
15578
15736
15968
16655
17578
18880
19329
19486
22121
22194
22575
22839
23049
23460
23666
25567
26716
27537
28805
29173
29193
29494
30207
30663
44502
193
243
511
567
673
836
1253
1959
2240
2248
2288
2717
3504
3703
3923
4467
4865
4913
4961
5132
6291
6503
6886
6969
6994
7370
7407
7479
7576
7602
7695
7986
8005
8049
8140
8999
9149
9563
9604
9741
10131
10355
10492
10934
11452
12769
13853
13916
14316
14653
14778
16095
16140
16273
17096
17279
17313
20355
21121
22799
22860
24155
27622
31303
33790
38060
40414
42251
42360
43822
49656
1
275
1156
1570
1584
1775
2975
3177
4581
4819
6186
6234
6335
8144
8274
8295
9542
9605
10206
11519
11775
11871
11977
13014
13466
13478
13837
13951
14183
16645
17793
18179
18646
19246
21321
21422
22104
22572
23236
28968
29130
29183
29561
29563
29753
30129
32894
34603
36079
40541
46179
46365
54154
293
628
1185
1288
1814
2002
2436
2835
3071
3079
4018
5227
5486
5654
6209
6237
6284
6321
6362
7108
7191
7242
7243
7402
7488
7614
7900
8020
8058
8568
8903
9223
9488
9914
10186
10418
10535
11462
11703
12808
12999
13517
17435
18113
18664
19323
19664
24659
25423
26111
28298
28332
28635
31658
33645
34637
39172
51458
54
1154
1398
1518
1685
1725
1946
1983
3445
4665
5907
6057
7443
7611
8755
9128
9129
9782
10435
11783
12554
12778
12783
12785
12796
12990
13113
13401
13971
14575
15326
17518
18797
20792
22044
22295
23502
24314
25935
29213
29931
31693
32393
32470
36108
38440
41947
44434
51342
16
105
252
552
1192
1455
1545
1637
2092
2506
2718
3247
3398
3406
3631
3706
4340
4631
4990
5913
6032
6275
7240
7349
7784
7790
7836
8446
8693
9621
10354
10394
10644
11436
12235
13116
13431
13554
14538
14725
15279
15731
16260
17300
17403
18214
18502
18731
21984
22545
22952
25026
29778
32199
33228
41469
134
376
593
597
973
1553
1783
2094
2140
2457
2501
3198
3289
3790
3796
5152
5317
5565
6067
6201
6238
6955
7462
7931
8466
8471
8754
8767
8959
9214
9299
9611
9877
10201
10930
11421
12490
12491
12569
12665
12961
13020
13474
13543
13990
14386
14665
15375
15721
15824
19219
19239
19370
20450
20551
22187
22317
22456
23079
24595
24613
25100
26863
29057
31473
33150
45704
46274
46519
51856
52421
54049
905
1870
1948
2117
2135
2618
2930
3014
3467
3875
5094
5246
5312
5648
6964
8066
8121
8953
9235
10091
10809
11248
12161
14736
15503
15673
16743
17327
18123
18897
20376
26561
29749
30705
34105
47882
52550
562
1207
1391
1524
1778
1924
2100
2282
2299
2636
3231
3351
3407
3632
4809
5195
5733
6628
6983
7032
7304
7416
7519
7747
8011
8134
8136
8458
8604
8942
9087
9243
10221
10619
12066
12429
13287
13793
17790
20134
22842
22893
23926
24260
24289
25798
26717
27102
28138
28932
28995
29136
31299
33327
33852
34225
34924
35070
42023
42911
47999
129
981
1316
1540
1571
1664
1957
1988
2297
3378
3604
4312
4666
4784
5003
5305
5402
6359
6584
6603
6909
6912
7150
7454
7650
7841
8553
8741
8842
10103
11087
11222
11255
11866
12299
12973
13252
13661
14105
15244
15445
15469
15723
16549
17446
17791
18302
18414
19340
21701
22459
22558
23923
29779
33863
35289
35391
36032
36345
38475
38997
42593
46035
56654
125
265
447
724
1122
1500
1935
1972
2041
2072
2707
2818
3023
3098
3166
3170
3654
3762
3889
3908
4434
5000
5582
6249
6570
7465
7501
8895
9152
9677
10990
11230
11523
11808
11913
12218
12248
13715
13921
14083
14710
14735
15453
16218
16406
16503
17369
17595
18944
19106
19795
20525
21109
22294
23530
24999
25415
25976
26380
26448
28778
28917
29192
29320
30653
34842
35483
36943
38002
44920
184
625
1202
1249
1429
1800
2023
2166
2347
2443
2888
2907
3020
3206
3280
3883
4093
4644
4736
4994
4997
5273
5404
5450
5731
5955
7269
7675
7817
8040
8454
9300
9366
9729
9748
9961
10414
10622
12016
12351
14851
15245
15288
15716
16053
17205
17215
17321
17633
18375
18670
19754
23023
23658
25227
25384
25718
26363
27526
27982
28335
32328
42387
44800
47710
50925
305
1179
1309
1573
2453
2597
3142
3302
3443
4712
5753
6314
6618
6816
7322
7397
8027
8060
8609
8944
9723
10076
10442
10880
11156
11278
11672
11888
12294
12396
12528
12645
12695
12777
12842
12977
13942
14040
14127
14498
15386
15619
17201
17211
17224
17817
18360
18411
18736
19155
19705
19756
20758
22362
23450
25539
26344
26962
27623
30418
31417
40794
42243
46926
48218
72
82
632
1448
1598
1797
1861
1964
1995
2042
2371
2923
2943
2990
3038
3544
5346
5681
5964
5966
6261
6319
6838
6954
7048
7079
7293
7312
7626
8118
8580
9017
9159
9379
9803
9935
10408
10976
11676
11777
12335
13482
13972
15032
16920
17575
17628
18228
18716
19347
19721
20070
21603
22471
22548
23150
23618
23735
25595
30372
30412
30428
30846
34767
39026
46289
53
228
242
714
1117
1380
1546
1939
2011
2128
2162
2382
2405
2827
2893
3065
3114
3148
3354
3507
3674
3732
4370
4649
5452
5496
5641
5772
6125
6285
6642
6895
6921
6973
7281
7593
7798
8871
8879
9117
9629
10030
11199
11382
11456
11812
12013
12473
12903
13416
13844
13975
14448
14895
14935
16251
16620
16718
17208
17294
17564
18294
18822
19113
19586
21061
21391
21963
21977
23024
23629
23656
24006
24245
24450
28011
28498
28664
31009
32988
32996
36602
39761
42977
49796
291
354
529
1270
1303
1304
1345
1562
1634
1660
1810
2059
2294
2332
2519
2682
2789
3123
3163
3236
3323
3404
3432
3574
3753
4537
4749
5649
5661
5927
5983
6380
6833
7510
7526
7646
7691
7899
7981
8352
8709
8937
9003
9141
9627
10085
10380
10395
10424
10973
11622
11704
12106
12162
12730
13138
13368
13448
13515
13824
14570
16181
17290
17373
18058
18514
19325
19553
19929
21918
23262
23361
23614
24466
26359
26462
27303
28950
29483
30840
31599
32696
34223
35221
37974
37981
38495
38616
42329
42603
43714
46226
54437
227
315
430
1141
1394
2102
2118
3093
3104
3133
3451
4066
5683
6418
6832
6881
6960
7641
8291
9274
9388
9487
10139
10312
10560
12064
12257
12333
13812
14229
14304
14557
14601
15043
16530
17282
18489
20654
22125
23601
23896
25052
29609
30248
31285
31706
32161
32951
33292
34649
35977
36700
37945
37976
40843
41997
43483
43646
44048
44317
44799
55137
89
132
178
249
352
381
1017
1480
1934
2555
2880
3019
3388
3689
3828
3989
4003
4624
4718
4767
5288
5338
5572
5620
6071
6311
6862
7193
7420
7814
7948
8298
8448
8653
8855
8912
9035
9108
9373
9415
9431
9804
10144
10970
11036
11042
11190
12969
13204
14393
15080
16231
16267
17944
18388
18992
20326
23071
23246
23928
24120
24743
24828
26545
26712
26988
27774
28088
28823
29509
29630
31050
31111
31940
32425
32802
33575
33837
34039
34148
38090
39163
40838
42434
42627
49918
50648
136
221
468
727
1104
1106
1538
1925
2005
2305
2312
2346
2494
2859
2925
3437
3599
3682
4352
4673
4723
4725
5564
5712
5745
5842
5884
6074
6111
6168
6169
6241
6795
6872
7424
7507
8311
8566
8898
8908
9042
9170
9913
10756
10964
11119
11927
13389
13660
14243
14307
14477
15655
16467
16512
17660
17731
18584
20371
20475
23213
24806
27024
27179
28219
28841
29636
29868
31315
31890
33845
34982
36047
36241
39128
42542
45137
52207
55525
32
215
454
1123
1180
1594
1722
1773
1893
2192
2712
2751
2829
3305
3357
3686
3874
4776
4829
5046
5326
5412
5459
5610
5792
7337
7372
7532
7558
7629
9408
9579
10029
10420
10614
10662
10950
11214
11215
11283
11389
11811
12972
13641
14409
14986
15184
16366
17105
18194
19257
19793
19861
20129
21353
22533
23654
25177
25890
26762
27034
27689
28880
29118
29533
29884
31063
31525
31537
31985
32725
33894
38023
38876
38950
40033
40129
42455
42502
43502
50631
50845
50850
60
404
595
663
765
1013
1072
2015
2025
3141
3853
4519
4541
5820
6292
6356
6364
6746
7194
7448
7470
7562
7674
8384
8972
9445
9957
9992
10515
10798
11391
11756
12187
12205
12343
13098
13750
13918
13939
14320
14459
14613
14933
14946
15164
16024
16182
16403
16498
17241
17246
17384
17486
17805
18188
20067
20612
21184
21687
23757
24769
25531
25756
26476
27394
27527
27538
30149
32635
32709
33282
33533
33553
33626
37547
38248
39818
40943
42069
42364
44782
52622
445
563
865
879
912
1331
1411
1489
2334
2407
2826
3066
3213
3486
3564
3641
3897
4119
4359
4793
5014
5445
5612
5687
5748
5808
5914
6192
7184
7466
7672
7956
9352
9548
9553
9683
10059
10599
10687
11174
11407
12423
12513
13503
13797
13897
14172
14341
14391
14939
15025
15140
15224
15321
15973
16089
16195
16199
16448
16636
16678
17734
17742
17792
18307
18348
19122
19311
19884
20024
20190
20646
20889
21347
22308
22633
23366
23454
23635
23978
24166
24465
24832
28161
29827
30936
31810
36117
36294
36866
37763
38250
41779
43734
44100
45252
45641
49159
471
501
678
960
1313
1981
2029
2413
2441
2483
2633
2995
3331
3996
4051
4662
4914
5180
5216
5603
5989
6232
6840
6867
6899
6900
7292
7392
7992
8252
8624
8726
8828
8848
8899
9168
10081
10110
10187
10344
10367
10415
10482
10539
11518
11817
12093
12103
12747
13117
13618
14086
14226
14362
14487
15008
15301
15303
15337
15748
15750
15845
16459
17608
18689
19628
19855
21394
21471
21645
21698
21948
22503
23639
24375
24815
24820
24954
25329
25563
26320
27351
28480
29811
30682
31734
33658
39162
43171
43187
53193
115
175
358
489
584
768
1051
1232
1536
1940
2181
2324
2528
2556
2672
2832
2851
2981
3321
3428
3692
3789
3876
4165
4244
4576
4626
4733
5038
6049
6190
6703
6868
6985
7231
7250
7274
7471
7529
8086
8108
8395
8539
8646
8802
9121
9305
9870
10373
10477
10510
10802
10846
12458
12771
12782
13147
13307
13467
13678
13827
13920
14033
14140
14554
14583
15349
15745
15913
15960
15965
16085
16223
17250
19154
19602
19812
20269
21248
21360
21736
22667
22765
22921
23949
23990
25104
25591
26529
28084
29716
30866
30945
32119
32710
32735
33229
33376
33762
34199
34211
35228
35812
41170
41363
41861
43224
47116
47752
48364
49443
164
364
569
1140
1322
1730
1832
1905
2057
2345
2601
2773
3022
3069
3715
3888
3899
4445
4693
4701
5136
5344
5919
6076
6265
6512
6658
6935
7105
7613
7727
8062
8150
8582
8774
9483
9612
10213
10220
10496
10889
10932
11438
12084
12197
13654
13758
13789
14359
14944
15387
15668
16154
17868
17962
17979
18158
18208
18220
19263
19669
19829
20062
20068
20648
20794
21145
21212
21810
22433
24350
24355
24656
24842
25658
26572
26709
26792
27692
27744
28020
28022
28675
29623
30307
30424
30775
30781
32060
33758
35107
35222
36486
37118
37572
39059
39251
42405
43013
44918
45089
45144
48841
51044
334
1209
1413
1462
1599
1748
1772
1842
2308
2937
3117
3476
3546
3927
4082
4091
4643
4669
5410
5446
5786
6100
6139
6147
6328
6377
7113
7384
7738
7964
8065
8211
8732
8929
9126
9187
9528
9560
10130
10413
10514
10955
10962
11548
11891
11979
12015
12367
13069
13227
13273
13361
13509
13540
13728
14909
15868
16319
16400
16516
16647
16729
17061
17452
18163
18356
18477
18869
18962
19532
19685
19808
20415
20527
20704
20772
21024
22895
23943
25471
25503
25698
25707
25830
26214
26349
26451
26604
27489
27753
27780
27847
27984
28079
28764
28883
29478
29748
30071
30770
31089
31925
32848
33247
33308
34481
34913
35123
35297
35383
35449
35878
35896
35964
36752
37180
37560
37687
38208
38316
38577
39521
42320
42468
43276
43470
43620
44056
44083
45191
45203
45565
45902
46119
46363
46781
46983
47437
48836
49734
50258
50942
50978
51031
51058
51299
51318
51692
52064
52340
52584
52629
53057
53088
53556
54014
55163
55514
55626
55751
56658
57768
57855
57893
342
465
758
1071
1375
1535
1551
1560
1916
1951
2302
2561
2642
3179
3389
3830
4547
5193
5431
5433
5727
5920
5962
6298
6534
6839
6885
6916
7022
7396
7484
7852
8051
8109
8459
8484
8734
8928
8945
9064
9258
9407
9538
9693
9765
10257
10986
11031
11211
11288
11759
11801
11845
12081
12172
13259
13373
13447
14009
14182
14372
14489
15560
15727
15798
16071
16544
16795
16821
16835
17941
19691
20454
21254
22172
22173
22728
23473
24742
25610
25709
26598
26796
26954
27162
28525
29315
30321
31800
33348
34138
34736
37599
37775
38572
39060
40404
42781
44170
45090
45190
51479
56752
92
987
1226
1350
1887
1888
2104
2329
2465
2823
3655
3756
3884
3976
3994
4573
4949
5201
5530
5554
5673
6766
7239
7388
7422
7563
7605
7704
8249
8538
8896
9555
9772
9889
10132
10167
10368
10781
11138
11180
11319
11422
11753
11872
12042
12337
13203
14062
14574
15342
15564
15660
15757
15769
20553
21322
21458
21648
21741
21865
22441
23038
23192
23904
24515
24677
24957
25609
25687
26454
29351
29584
30978
33612
34161
34531
34868
35404
35502
35890
43256
43732
44692
45201
46003
47015
53090
54778
55277
56834
185
442
659
936
1128
1208
1414
1671
1859
1921
2921
3091
4553
4566
4945
4954
5031
5075
5717
6143
6199
7592
8001
8168
8223
9051
9080
9289
9406
9511
9602
9679
9826
10431
10445
10931
11028
12942
13755
13941
14308
14534
15150
15538
17076
18667
18996
19897
20189
20832
20862
20954
21377
21643
21702
22051
23035
23146
23390
23402
23655
25098
25697
27591
27785
27883
28485
28865
29525
29648
29685
30084
30516
30752
31790
32327
32869
36719
38123
39134
40640
41160
41489
42477
42852
43556
43743
43960
45891
47864
51860
25
631
828
1118
1124
1458
1979
2012
2170
2623
3278
3823
4173
4436
4538
4633
5070
5436
6034
6271
6304
6446
6737
6740
6827
7927
8226
8265
8595
8776
9005
9101
9569
9786
11242
11377
11737
12237
12791
12878
13120
13462
13530
13561
14301
14462
14509
14812
14950
15388
15394
15815
16631
17070
17121
17705
18300
19141
20357
21157
21424
22390
22442
22641
22708
23650
23651
24559
24610
25042
25063
26874
27099
29031
30003
30834
30999
31416
32220
32821
33071
33129
35445
37437
39104
39240
40322
40669
42605
42940
44582
46427
146
379
689
1258
1347
1717
1741
1869
2138
2172
3064
3201
3385
3548
3786
4016
4077
4141
4414
4839
4860
4959
5161
5451
5771
6264
6734
8015
8233
8557
8800
9494
9554
9883
10165
10274
10349
10785
11014
11046
11725
11788
12164
12221
12445
12459
12555
12738
13311
13395
13433
13476
13606
13849
14088
15089
15407
15510
15649
16091
17120
17161
18746
19453
19555
19828
21862
23142
23172
23189
23467
23659
24315
24863
25796
26004
26194
26294
27145
27794
27995
28779
29675
29812
30697
31875
32727
32792
34621
35771
37714
37979
38605
41805
45933
53265
74
332
921
1166
1356
1574
1669
1899
1976
2065
2208
2292
2420
2945
2979
3003
3050
3452
3583
3685
3809
3938
4058
4078
4085
4271
4615
4641
5004
5616
6342
6610
6928
7228
7290
7736
7909
8100
8356
8992
9220
9318
10982
10993
11029
11099
11107
11243
11482
11510
11816
11956
12146
12698
12772
12804
12877
13783
14003
14145
14358
14410
14493
14713
15281
15315
15320
15377
16048
16279
16505
17781
18603
18611
18821
18866
19500
19759
19870
20987
22446
22997
23649
23986
24578
25900
27127
30420
30952
31134
31212
32038
32212
33528
36565
39015
40223
42641
43252
49541
52000
68
153
485
637
944
1081
2147
2243
2940
2942
3517
3570
3744
3804
4172
5103
5163
5257
5396
5743
5874
5993
6811
6936
7280
7374
7477
7921
8772
8870
9432
9540
10014
10250
10876
11312
11445
11487
11504
11814
11838
12068
12261
12313
12506
12621
12745
14346
14474
14555
14556
14577
15400
15465
16444
17097
17247
18691
18820
19041
19060
19908
20452
20698
20961
20966
21211
22122
22612
22786
23410
24849
25662
26357
27199
27739
28333
29330
29854
30650
31381
32225
34909
37383
37595
38294
39176
42066
43656
44871
54931
213
920
968
1389
1428
1450
1539
2097
2397
2852
2988
3040
3080
3111
3112
3120
3140
3164
3307
3397
3433
3576
3627
3639
3728
3898
4261
5033
5706
5752
5946
6219
6281
6383
6586
6741
6865
7496
7547
8076
8126
8517
8648
8982
9032
9164
9169
9257
9363
9640
9730
10042
10668
10849
11112
11253
11329
11763
11885
11894
11905
11925
12181
13021
13430
13523
13572
14325
15306
15385
15618
17257
17326
18001
18166
18178
18661
19235
19274
19413
19508
19513
19525
20313
20518
20757
21060
21731
21782
21882
23129
23490
23503
24033
24235
24867
25623
26998
28775
29413
31207
31459
31731
33510
33749
34344
34674
34894
37332
37892
38137
39377
39537
42307
47986
48687
54118
330
692
1000
1698
1907
2197
2425
2462
2669
3004
3167
3383
3811
3922
3935
5597
5625
5883
6520
6801
7858
8316
8413
8510
8905
8965
9658
9794
10871
10886
10972
11152
11546
12740
12763
12834
13080
13297
13513
13562
14198
14250
14532
14815
15062
15228
16035
17154
17204
17214
17626
17912
17987
18627
19061
19476
19609
20425
20673
20849
21370
21602
23228
23805
24369
24862
26002
26600
26902
27399
28075
28176
28953
30078
30342
30390
30860
32379
33305
