0.994297889143
0.991207255665
0.987771108839
0.985075481238
0.983396928044
0.981580111238
0.981405505723
0.979416106814
0.977707533561
0.97613974806
0.974434037529
0.972973183501
0.971513428465
0.97012420336
0.969499375237
0.968597201702
0.967660774287
0.966759456835
0.96603177699
0.964888837885
0.963746576565
0.962570414234
0.961602345297
0.960945714747
0.96008207178
0.959253341839
0.95852849179
0.957803916333
0.957079614848
0.956010922614
0.955838606406
0.955252847474
0.954701708961
0.954047439163
0.953462230037
0.952670763314
0.951982797518
0.951191945832
0.950641980861
0.949748627838
0.949130397394
0.948443711995
0.947791592345
0.947173999924
0.946488028342
0.945733740967
0.945116819497
0.944465844189
0.94384933585
0.941624731562
0.940872389321
0.940291235097
0.939607756593
0.939436925173
0.938753756052
0.938378118275
0.937592942332
0.937012803231
0.936330521255
0.9351030306
0.934489586268
0.933910408862
0.933399517431
0.932854720641
0.932310087239
0.93179963441
0.931255305422
0.930507119345
0.929895185894
0.929147544655
0.928570024124
0.927687139791
0.927042203658
0.926431413929
0.925820824864
0.925413874827
0.924905313084
0.924227470563
0.923888631308
0.923312749635
0.92277090689
0.922364627804
0.921958438799
0.921484663969
0.921044839849
0.920537483953
0.919793614324
0.919117630584
0.918441900314
0.918002802436
0.917530045214
0.916989904695
0.916551154096
0.916112508488
0.915707698037
0.914999504952
0.914527522429
0.913988264707
0.913516542488
0.912775519429
0.912371447645
0.911866483563
0.911428961175
0.911058831404
0.910688778046
0.910217909425
0.909646308789
0.909175708548
0.908738832261
0.908335654457
0.90796615339
0.907462413171
0.906891676694
0.906421791513
0.906052679971
0.905583010984
0.90518053395
0.904744618737
0.904409370309
0.903940128743
0.903504512351
0.903069001573
0.902667083663
0.902064378265
0.901662684627
0.901160696334
0.900692297805
0.900090252796
0.899588701242
0.899087288227
0.898686257463
0.898318724518
0.897951266744
0.897483703797
0.897049646744
0.896348714211
0.895948295379
0.89551461294
0.895147729202
0.894680896223
0.894280850141
0.893847567787
0.893514344635
0.892981319918
0.892614955544
0.892248666342
0.891749304696
0.891449753312
0.890784273052
0.890385099205
0.890085777063
0.889720007848
0.889387555667
0.888922230463
0.888589927382
0.888290907167
0.887527002215
0.887161759199
0.886796591354
0.886298761089
0.885933770301
0.885469347152
0.885137690172
0.884839251447
0.884341969747
0.883911102193
0.883513471533
0.883082807749
0.882685364085
0.882089376267
0.8815597852
0.881295040609
0.880964166404
0.88060027585
0.880302603127
0.879971915297
0.87954211443
0.879145468452
0.878649794547
0.878286382977
0.877989101642
0.877493747681
0.877130576535
0.876833490894
0.876536455574
0.876140487379
0.875480761761
0.875085032126
0.874722359844
0.874524569266
0.874227925334
0.873931331723
0.873634788433
0.873338295465
0.873140661442
0.87267960547
0.872482045998
0.872152830531
0.871856589169
0.871461688283
0.871132664783
0.870770814415
0.870441921998
0.870145973245
0.869751454428
0.86952135759
0.869192701249
0.868798394899
0.86853557432
0.868174261955
0.867616021307
0.867254900287
0.866861033782
0.866532880654
0.86620478965
0.865942361081
0.865516005668
0.865220894361
0.864893052479
0.864598046784
0.864270321697
0.863844375688
0.863615061626
0.863320273989
0.862960048812
0.862632634972
0.862305284499
0.861879821202
0.861585329902
0.86122546505
0.860865675369
0.860309801685
0.859950203349
0.859656041934
0.859231232813
0.858969862854
0.858512563583
0.858153342968
0.857859490313
0.857500404509
0.857239298582
0.85694560124
0.856619331121
0.856260505
0.855934364722
0.855640891031
0.855412668505
0.855086689131
0.854760772504
0.854402336528
0.854109125625
0.853815965043
0.853587986048
0.853327475899
0.853034449508
0.85270892489
0.852123136759
0.851830317244
0.851570075476
0.851309873467
0.850919649353
0.850692057397
0.850399484518
0.85013946143
0.849814488482
0.849522065946
0.849262177047
0.848710051988
0.848515224774
0.848320419926
0.848093175869
0.847736141434
0.847411628832
0.847022298698
0.846795228591
0.846535757795
0.846211475056
0.845952093098
0.845660335921
0.845303816502
0.844979769217
0.844655784678
0.844364251773
0.844105153105
0.843846094197
0.843587075671
0.843328096283
0.843004428582
0.842648467046
0.842195540756
0.841904432786
0.841678050403
0.841387031893
0.841096063704
0.840805145215
0.840481963332
0.840223461064
0.839964998557
0.839674276383
0.839448193443
0.839189850216
0.839028405889
0.838673286769
0.838415062821
0.838092340663
0.837834206176
0.837543852404
0.837285802406
0.83702779279
0.836673094256
0.83644741575
0.83625400126
0.835867243723
0.835577231638
0.835319484811
0.835061777744
0.83480411168
0.834514285349
0.834256702532
0.833999159475
0.833741656178
0.833484192641
0.833194594309
0.832872877334
0.832647711981
0.832454737336
0.83213316387
0.83171521646
0.831458066654
0.831200956609
0.830911755256
0.8306547297
0.830397743284
0.829948119561
0.829723349944
0.829562818856
0.829306001419
0.828920856027
0.828632052274
0.828407460957
0.828118746043
0.827862152256
0.827573533015
0.827284962852
0.827060554803
0.8267720741
0.826515689054
0.826291385375
0.825874907222
0.825650689897
0.82526639189
0.824978224919
0.824754129359
0.824498058044
0.824210024642
0.823954037196
0.823762072704
0.823474168521
0.823250277974
0.822866539714
0.822642731172
0.822323059353
0.822035406156
0.821843665314
0.821619996553
0.821300525398
0.821108870289
0.820821431423
0.820470185177
0.820278626983
0.820055170689
0.819799829344
0.819544528379
0.819321172107
0.819097846277
0.818906448365
0.818651286561
0.818428052054
0.8181729648
0.817949795524
0.817758532424
0.817535419682
0.817312337381
0.817057423456
0.816802549912
0.816579567633
0.816324768017
0.816070008162
0.81578345085
0.815465114098
0.815210489054
0.814892264749
0.814669543395
0.814319616684
0.814096973608
0.813778966119
0.81339743951
0.81317492379
0.812984219193
0.812793536962
0.812444017171
0.812158097883
0.811903990962
0.811649922558
0.811427645398
0.811205398058
0.810887955907
0.810665782496
0.810411907301
0.810189799121
0.809967721382
0.809460244342
0.809269975864
0.808984616323
0.808794403757
0.808540822413
0.808223904597
0.807970412714
0.807495243798
0.807210197367
0.806545310401
0.80622878273
0.805975603335
0.805754103981
0.805532635068
0.805279565634
0.80499490997
0.804773545427
0.804520594652
0.80429929534
0.803888395394
0.803635584401
0.803224854677
0.802845812448
0.802656323017
0.802372132048
0.80221426923
0.801867027563
0.801677653685
0.801235878839
0.800951940098
0.800731132195
0.800541892507
0.800258076773
0.800258044468
0.800005804404
0.799659042964
0.799532965177
0.799343867134
0.799123281017
0.798965738143
0.798682201351
0.79849320395
0.79827273525
0.798020808917
0.797737439241
0.797548553666
0.797296741022
0.796950566042
0.796730310431
0.796541544136
0.796352800205
0.79616407864
0.79597537944
0.795723815918
0.795503730529
0.79528367496
0.795000791102
0.794529436042
0.794340930672
0.794026805997
0.79380695482
0.793618535182
0.793304554638
0.79314758642
0.792927857008
0.792802311011
0.792614010654
0.79239435517
0.792080616913
0.791735580686
0.791359260154
0.791077076445
0.790826288243
0.79060688126
0.79035616885
0.789980175718
0.789792210836
0.78957294674
0.789228454728
0.788946652466
0.788790116017
0.788445796712
0.788101547609
0.787882518346
0.787694803206
0.787475830477
0.787256888188
0.78706924822
0.786850362466
0.786600245214
0.786318911996
0.786131383232
0.785943877453
0.785725148254
0.785475209923
0.785194079854
0.784912998243
0.784725637837
0.784507078239
0.78431976567
0.784101262605
0.783913998493
0.783601943825
0.783321146125
0.783165168802
0.782946826642
0.782728514922
0.782510233645
0.782260806602
0.782073762413
0.781917909339
0.781637413567
0.781450444549
0.781294653601
0.780733983243
0.78045370056
0.780204602159
0.779955543518
0.779737649279
0.779582029175
0.77939530555
0.779177489589
0.778959704069
0.778275508021
0.778026758762
0.777809134146
0.777591540592
0.777436134819
0.777249668393
0.776876808226
0.776628281375
0.776348736116
0.776193454593
0.775882940004
0.775696659953
0.775355212689
0.775168996005
0.774858685186
0.774238297139
0.773990192739
0.773897163606
0.773680117374
0.773525102989
0.773029180584
0.772750285153
0.772502419934
0.772223619554
0.772006808776
0.771790027817
0.771511355415
0.771356558467
0.771016064201
0.770768476059
0.770582811667
0.77039716964
0.770149683383
0.769747603328
0.769562061322
0.769345623915
0.769191044405
0.769036480426
0.768820117569
0.768665590865
0.768511079693
0.768356584051
0.768109423951
0.76786230299
0.767676988362
0.767491696098
0.7673064262
0.766997697085
0.766719893812
0.766534717101
0.766287851473
0.766071875656
0.765917625408
0.765670857317
0.76542413085
0.764961640411
0.764776676168
0.76459173429
0.764406814777
0.764221917629
0.764067853756
0.763790581652
0.763513358006
0.763297772954
0.763082218344
0.762928269403
0.762743551175
0.762558855312
0.762281854694
0.762097214744
0.761881830356
0.761604953367
0.76138963856
0.761174353573
0.760928351483
0.760682389775
0.76046720543
0.760282785402
0.76006765697
0.759883286021
0.759545335775
0.759268883721
0.759053900661
0.758900358639
0.758624025866
0.758163590523
0.757795336306
0.757611240571
0.757396492344
0.757212445688
0.757059090041
0.7567830915
0.756261921481
0.756108662128
0.755894125126
0.755618338432
0.755403872252
0.755250699874
0.755005657616
0.754730037417
0.754576933376
0.754362613812
0.754178936178
0.753903464458
0.753628043058
0.753444454263
0.753291480685
0.753016168005
0.75258801283
0.752190546801
0.751976567061
0.751732057215
0.751548699525
0.751334811108
0.751151501876
0.750968215009
0.750784951128
0.75060170899
0.750449024294
0.750296355128
0.750082644389
0.749868964091
0.749594280738
0.749258624769
0.749014556011
0.748801029783
0.748587532754
0.74843505307
0.748221609468
0.748069167059
0.747794814211
0.747581460069
0.74739860932
0.747093908392
0.746911117282
0.746758808442
0.746484695396
0.746301978837
0.746088838405
0.745967057186
0.745723528294
0.745540904922
0.745267013041
0.745054019846
0.744871479101
0.744628126644
0.744476051394
0.744141548466
0.743867914404
0.74368551841
0.743442360404
0.743199240917
0.742865025627
0.742682752641
0.742348647934
0.741771753624
0.74161996974
0.74125575862
0.741104027543
0.740952311997
0.740648928741
0.740466927862
0.740224294813
0.740102993199
0.739860421654
0.739708833464
0.739526948759
0.739405704299
0.739223856869
0.739042031804
0.738829930725
0.738557275132
0.738345243632
0.737679089315
0.737436914749
0.737194780565
0.737013204621
0.736831651042
0.736680374099
0.736529112065
0.736377865563
0.736196390262
0.735833519801
0.735682344742
0.735470726374
0.735289362898
0.735017365831
0.734775629246
0.734624562907
0.734352686362
0.734231866838
0.734050656189
0.733869467906
0.733688301987
0.733386410353
0.733024222646
0.732873336469
0.732782812218
0.732601780489
0.732390605694
0.732300111263
0.732149299636
0.731998503541
0.731847722976
0.731636658142
0.731455768059
0.731154340499
0.73100364691
0.730792702599
0.730551663678
0.730370908406
0.730160056661
0.729949234115
0.72973844201
0.729587894414
0.72943736235
0.729196543974
0.729015955818
0.728805297903
0.728624758205
0.728384075882
0.728173509912
0.727902832381
0.727752474267
0.727481869421
0.727121153456
0.726970876726
0.726730467132
0.726520139722
0.726309844618
0.726099578712
0.72591937511
0.725619088787
0.725378902222
0.725108740949
0.724928660355
0.724778610381
0.724628575317
0.724448553742
0.724268555153
0.724058584962
0.723878634209
0.723668721173
0.723488818878
0.723338917383
0.723129082003
0.723009189385
0.722769434589
0.722559681836
0.722379917458
0.722170221239
0.721900656366
0.721750919503
0.721421558042
0.721152134815
0.720942616895
0.720613435597
0.720493751718
0.720284330092
0.720045028809
0.719745958272
0.719506745207
0.719327361034
0.719118108388
0.718938772673
0.718669812898
0.718460655924
0.718311276279
0.71807230488
0.717893101491
0.717743781486
0.717564617858
0.7174153314
0.717295913417
0.71711680508
0.716997411946
0.716818340884
0.71672881374
0.716549776225
0.716311096192
0.716102282769
0.715804036632
0.715714572855
0.71547603074
0.71529714978
0.715058678488
0.714850047713
0.71467124503
0.714552055667
0.71437329026
0.714194547218
0.713986042557
0.713479814851
0.71333095395
0.713063047195
0.712854707165
0.712705911496
0.712586886143
0.712378616936
0.71202165705
0.711872948977
0.711694519045
0.711486380921
0.711307999447
0.711129640337
0.71098102483
0.710772991077
0.710594699684
0.710416430034
0.710149069979
0.709970856864
0.709733275201
0.709555114271
0.709317602188
0.709020771881
0.708813023282
0.708664650062
0.70842728708
0.708041661461
0.707923026254
0.707685787522
0.707507883788
0.707270714015
0.707092862467
0.706915032663
0.706707593446
0.706559440771
0.706322430659
0.706174318365
0.706026221602
0.705818912848
0.705641243947
0.705493203097
0.705345177778
0.70519716799
0.705108369572
0.704723645388
0.704546114405
0.704398188486
0.704072812346
0.703895362747
0.703717935513
0.703540531266
0.703392710959
0.703185788623
0.703038005591
0.702772036516
0.702624296972
0.702476572959
0.702299325266
0.702151635423
0.70200396111
0.701797243786
0.701620081205
0.701442941609
0.701206790066
0.701059215153
0.700941166405
0.700793619449
0.700528075309
0.700410071291
0.700233083903
0.700056118879
0.699938154621
0.699731742331
0.699584322731
0.699436918663
0.699201106321
0.698994803371
0.698876928574
0.698788528999
0.698552825998
0.698258254557
0.698110990269
0.697875400957
0.697728177051
0.697551528865
0.697404339127
0.697139437981
0.696992291731
0.696815736733
0.696550947412
0.696345033986
0.696197971605
0.696021517249
0.695815683964
0.695668677496
0.695492290856
0.69531592596
0.695168972298
0.69505142055
0.694786967947
0.694669448505
0.6944931886
0.694405066724
0.694287579587
0.694140735265
0.693201354426
0.692702547556
0.692526536773
0.692321219747
0.692174582922
0.691939997551
0.691852037821
0.691734766879
0.691558880967
0.691383016177
0.691207173132
0.691031353072
0.690884852923
0.690650484989
0.690386872316
0.690211156626
0.690123306858
0.689918349536
0.689742693487
0.689303678235
0.689303665189
0.68906956812
0.68892327671
0.688923252482
0.688776975982
0.688572216839
0.688396731634
0.688250511047
0.688045828939
0.68787041145
0.687578098875
0.687461190743
0.687315069556
0.687168963901
0.686993658237
0.686789164368
0.686613907161
0.686175879697
0.686000700147
0.685825543583
0.685650408763
0.685504480163
0.685329386967
0.685183492537
0.685008439721
0.684833409271
0.684629235967
0.684483416087
0.684366771365
0.684104357706
0.683783701826
0.683667116745
0.68352139937
0.683375697528
0.683259147236
0.683026078336
0.682851301356
0.682560065408
0.682327114546
0.682181540059
0.682035981104
0.681861331481
0.681686704222
0.681483000583
0.681337516178
0.681221139836
0.681075684009
0.680872071694
0.68069757117
0.680552170634
0.680406785629
0.680145134243
0.679883540013
0.679709166224
0.6795638713
0.679389538514
0.679244277759
0.679069985355
0.678895715315
0.678750507366
0.678605314948
0.67840207352
0.678227889213
0.677995680124
0.677879589557
0.677705472966
0.677560392995
0.677386316785
0.677183258005
0.677009230252
0.67686422421
0.676719233699
0.676574258719
0.676458289918
0.676342331056
0.676110445017
0.675994515976
0.675820641051
0.675617817103
0.675472960161
0.67532811875
0.67518329287
0.674806840634
0.6746331204
0.674488369071
0.674198922324
0.674025278504
0.673880592406
0.673591276121
0.673446636616
0.673244168024
0.673012813154
0.672694765904
0.672550223315
0.672347890776
0.67226118535
0.672116688733
0.671943313915
0.671827742714
0.671683292691
0.671509973785
0.671365557931
0.67116340369
0.670990151259
0.670788053552
0.670412819588
0.670210809478
0.670066534026
0.669979975837
0.669835724614
0.669604955583
0.669460744741
0.66931654943
0.66908587048
0.668941715551
0.66871110059
0.668624629997
0.668480524768
0.66833643507
0.668221174494
0.668048302888
0.667846647512
0.667673823743
0.667558620322
0.66738583445
0.667184278474
0.667069117298
0.666953966062
0.666838824766
0.666694912745
0.666551015634
0.666378360224
0.666234497283
0.666090649872
0.665946818614
0.665831764293
0.66568796037
0.665429154932
0.665314145342
0.665227894671
0.665055410105
0.664969176209
0.664796725811
0.664653033713
0.664509357147
0.664365696111
0.664164598618
0.664020974858
0.663819928307
0.663676341821
0.663561483816
0.663475346834
0.6631595628
0.662987347235
0.66287254887
0.662786456618
0.662585596443
0.662413454807
0.662298706762
0.662183968036
0.662040558607
0.661868487794
0.661696441209
0.661495746907
0.661323747537
0.661123111012
0.660979816514
0.660807884239
0.660693274733
0.660435441553
0.660292221605
0.660120380033
0.659919926155
0.65974813304
0.659633615479
0.659490482507
0.659347365687
0.659147029225
0.659003949059
0.658832273981
0.658689228605
0.65834598717
0.658088614957
0.657974241526
0.657859878035
0.657659767709
0.657545431553
0.657402525337
0.657031049316
0.656888199012
0.65674536424
0.656602544999
0.656402624154
0.656259842809
0.656117076995
0.6558601409
0.655717417952
0.655489099754
0.655374952458
0.655232282317
0.655032570833
0.654861413879
0.65466175955
0.654519167065
0.654376590112
0.654177009091
0.653891948992
0.653749440376
0.653635444666
0.653378992525
0.653208051144
0.652809294157
0.652666903578
0.652496057249
0.652353700839
0.652211359961
0.652012110066
0.65184134947
0.651727520254
0.651613700979
0.651499891644
0.651357643953
0.651186967846
0.651044754324
0.650902556333
0.650760374495
0.65064663971
0.650333920925
0.650220223415
0.650163378387
0.649992858836
0.649708712597
0.649595069756
0.649083841607
0.648885070696
0.648572781817
0.648459238377
0.648317323055
0.648232181317
0.648090290845
0.648005164016
0.647863299016
0.647749817701
0.647579614987
0.64743779658
0.64721091844
0.646984082545
0.646558890113
0.64641718291
0.646218820782
0.646020487853
0.645850512516
0.645652237985
0.645510630182
0.64534072194
0.645199148306
0.645114211581
0.644972662796
0.644831129543
0.644717914123
0.644548110252
0.644378328746
0.644208569605
0.643953981215
0.643812559787
0.643699433827
0.643586317807
0.64344493676
0.643331843106
0.643190490636
0.643049153077
0.642907831049
0.642738265117
0.642596977258
0.64245570493
0.642257951006
0.642116715953
0.641919014836
0.641777817058
0.641580167504
0.641297866378
0.641184962205
0.641043845811
0.640902744327
0.640620592301
0.640451328918
0.640338498673
0.640112874216
0.640028272966
0.639887283307
0.639746309179
0.63963354106
0.639464407518
0.639351664869
0.639182569224
0.639041672752
0.638928966758
0.638816270703
0.638675414613
0.638562740923
0.638450077174
0.638337423364
0.63819662008
0.638055832949
0.637915060728
0.637633569712
0.637464701444
0.637295855541
0.636873848881
0.63667695601
0.636508213856
0.636255145044
0.636170799127
0.635974015597
0.635833473238
0.635721050533
0.635608637769
0.635440037881
0.635327649967
0.635187179052
0.634934374271
0.634822031087
0.634709697842
0.634456989977
0.634344689037
0.634204326841
0.634035913328
0.633727216518
0.63358692266
0.633418590531
0.633306381536
0.633166134893
0.632969814814
0.632745490013
0.632633340659
0.632521201245
0.632381040955
0.632240896196
0.632072742988
0.631960653273
0.63173650615
0.631596432835
0.631484385366
0.631316333421
0.6311763067
0.631008295757
0.630868303205
0.630700334507
0.630532386932
0.630392447186
0.630224541235
0.630056657028
0.629581117847
0.629357391931
0.629273504497
0.628993923827
0.628826203008
0.628686452744
0.628490830951
0.628295238978
0.628155547732
0.628015872018
0.627848281662
0.627680714292
0.627541091384
0.627094421706
0.626926956221
0.626787417182
0.626647893674
0.626508385697
0.626368893251
0.626229416337
0.626089954954
0.626006285579
0.62572743115
0.625615905531
0.625392887841
0.625365012959
0.625253519645
0.625114167602
0.624974830469
0.624807646411
0.624556916606
0.624445495357
0.624334084048
0.624139138797
0.623888539455
0.623749338997
0.623637989814
0.62352665057
0.623415321266
0.623276173614
0.623164866675
0.623025747601
0.622886643437
0.622608487915
0.622469430344
0.622246974264
0.622135759271
0.621913362831
0.621774382916
0.62146868923
0.621301976701
0.621190846197
0.6210241697
0.620913064047
0.620774195958
0.620635344021
0.620496506995
0.620385448556
0.620218881399
0.620052335365
0.619858059821
0.619636069058
0.619525087654
0.619358634807
0.619192203704
0.619025794966
0.618914868233
0.618748497391
0.618637595508
0.618388108825
0.618249524026
0.618110954759
0.61802782028
0.617750750082
0.617501440456
0.617362954436
0.617224484569
0.61711371936
0.617002964092
0.616892218763
0.616726119408
0.616615398929
0.616477012309
0.616310969488
0.616227956153
0.615785353802
0.615702375878
0.615564091765
0.615425823182
0.615259921385
0.615121686971
0.614955827418
0.614789989609
0.614651808002
0.614541273899
0.614347864999
0.614182109196
0.614071617337
0.613878281746
0.613712588688
0.613215659237
0.612967264712
0.612829288117
0.612718918024
0.612553382143
0.6124430369
0.612332701596
0.612194797066
0.612084484128
0.611891462889
0.611781177286
0.611670901623
0.611505507387
0.611395256573
0.611285016321
0.611174785388
0.611064564395
0.610981905173
0.610844152228
0.61065132482
0.61051360915
0.610348371469
0.610210689968
0.610045493289
0.609825267498
0.609742692145
0.609577560076
0.609467483213
0.609384932089
0.609219847236
0.609164823714
0.609027275782
0.608917248619
0.608752227133
0.608614725795
0.608367266252
0.608229809022
0.608009912494
0.607845013394
0.607680137281
0.607570231883
0.607460336425
0.60732298108
0.607185641267
0.606883552697
0.606746263205
0.606636442297
0.606526631329
0.606444279626
0.606307039213
0.606142371839
0.606005166216
0.605895412403
0.605758234115
0.605648502667
0.605456497794
0.605319369206
0.605099999497
0.604880669549
0.604661377497
0.604442125205
0.604195515533
0.604031135177
0.603812001544
0.603675059952
0.603565517364
0.603455984716
0.603291705003
0.603100075365
0.602990584962
0.602908473683
0.602799001297
0.602607449315
0.602470643777
0.602306498254
0.602169726885
0.602060320972
0.601923577559
0.601814194011
0.601622797963
0.60148610425
0.601349426069
0.601294759145
0.601158102707
0.600939487197
0.600748230309
0.600638953616
0.600584318997
0.600475057214
0.600311183178
0.600201946245
0.600092719874
0.599928898643
0.599792397518
0.599601323899
0.599464860049
0.599355700151
0.599246550815
0.599028283205
0.598919163067
0.598537333288
0.59842825788
0.598291927599
0.598210136885
0.598073832075
0.597964798912
0.59780126967
0.597665010832
0.597501521349
0.596929520007
0.596548326388
0.596439432385
0.596357768406
0.596167243351
0.59608559801
0.5958951152
0.5957590738
0.595568642554
0.59551423904
0.595405439468
0.595242258747
0.595242249428
0.595133474705
0.594970331259
0.594861581387
0.594671293649
0.594508214192
0.594317982988
0.594154951989
0.594019109389
0.59401910007
0.593828947144
0.593828934098
0.593720288595
0.593611653033
0.593475872558
0.593340107614
0.593177210183
0.592987193311
0.592824344959
0.592634383378
0.592525847216
0.592363062231
0.592146055759
0.592064686253
0.591901965878
0.591766381097
0.591495267448
0.591413942672
0.591305518334
0.591170001891
0.591034500979
0.590871921007
0.590709366506
0.5905739184
0.590384318387
0.590248908798
0.589869863463
0.589734512272
0.589545049555
0.589382673974
0.589274436634
0.58913915378
0.589003885837
0.588895682665
0.588706352895
0.588625220086
0.588517051704
0.588408893262
0.588273709187
0.58816557311
0.588030417613
0.587895277026
0.587787175739
0.587679084392
0.587571002985
0.587435915825
0.587246822752
0.587057758257
0.586922729495
0.586787716264
0.586652719186
0.586463750363
0.586355780781
0.585951017546
0.585627284613
0.58546544952
0.585303636792
0.585222738815
0.585060960256
0.584899203441
0.584737469612
0.584602707987
0.584467961894
0.584333231333
0.584225458066
0.584117694739
0.583983004558
0.583902197905
0.583794464398
0.583686740831
0.58352517474
0.583417476023
0.583255947828
0.583148273961
0.583067525084
0.582986781798
0.582583190241
0.582475578499
0.582367976697
0.582287281869
0.582179697462
0.58196455909
0.581830117409
0.581749459856
0.581641925149
0.581507520744
0.581426885556
0.581319380669
0.581185013539
0.58105066194
0.580835735414
0.580728285197
0.580486562901
0.580405998536
0.580325439761
0.580218036759
0.580056951516
0.579949573364
0.579815364653
0.579654335321
0.579546994445
0.579412832327
0.579251858908
0.579171380275
0.579064084128
0.578956797922
0.578849521655
0.5787154403
0.578608186398
0.578500942437
0.578366901463
0.578259679866
0.57815246821
0.578018467617
0.577884483177
0.577750513647
0.577643349205
0.577482621802
0.577321916764
0.577214792704
0.577107677962
0.577000573161
0.576866706137
0.576759624321
0.576652551825
0.576572253976
0.576384915935
0.576197608335
0.57611734217
0.576010329313
0.575876577221
0.575823080733
0.57574284066
0.575742812704
0.575662578222
0.57555560761
0.575261499001
0.57520803109
0.575101102724
0.575020912972
0.574914002
0.574726932961
0.57459333059
0.57445974375
0.574352884964
0.574246036117
0.574112489659
0.573978958731
0.573898847257
0.573792040656
0.573658547004
0.573525068261
0.573338224736
0.573231470319
0.573044675251
0.572804557645
0.572671178303
0.572511144836
0.572324468427
0.572217808441
0.571951208796
0.5718445836
0.571737968344
0.571604713873
0.571471474312
0.571258325804
0.571071853165
0.570965309974
0.570832145584
0.570752254033
0.570645740662
0.570459368044
0.570299643338
0.570166556605
0.570033484782
0.569927038506
0.569820602169
0.569687570727
0.569554556059
0.569315172771
0.56912901697
0.569049244698
0.568889716929
0.568809961431
0.568703630086
0.56859730806
0.568490995974
0.568251839442
0.568145559661
0.567986160491
0.56785334338
0.56769398397
0.567561202892
0.567454987721
0.567216042414
0.567030230785
0.566844451462
0.566738303386
0.566579101773
0.566393395135
0.5662607644
0.566181193414
0.566075107463
0.565969031452
0.565836450416
0.56573039677
0.565650863059
0.565571334939
0.565465306143
0.565253280856
0.565014803351
0.564855843404
0.564723394695
0.564617445419
0.564352625036
0.564193757656
0.563955506907
0.563823162568
0.56369083376
0.563584981399
0.563479138978
0.563373306497
0.563214577035
0.563108769404
0.563002971713
0.56273853402
0.562606331947
0.562500582092
0.562368408597
0.562289111582
0.562183390926
0.562077680211
0.561971979435
0.561866288599
0.561787026995
0.561654937369
0.561549276353
0.561443625277
0.561285169165
0.561179542939
0.561047524135
0.560941920275
0.560862723902
0.560730742994
0.560625168954
0.560572385661
0.560440438922
0.560361277961
0.560044699969
0.559965566964
0.559833691669
0.559728202118
0.559622722507
0.559517252837
0.55935906759
0.559200904086
0.558831970843
0.558515823377
0.55843679847
0.558305102716
0.558199757296
0.558094421815
0.557936437232
0.557752152015
0.55764685878
0.557541575484
0.557357354256
0.557278411354
0.557094235478
0.556962698143
0.556883783197
0.556804873842
0.556673370676
0.556568179325
0.556462997915
0.556357827065
0.556278954986
0.556173801532
0.556068657396
0.555937241826
0.555832120056
0.555700731821
0.555569359117
0.55549054295
0.555385463425
0.555254128617
0.55512280872
0.555017763984
0.554912729189
0.554807704334
0.554728942215
0.554571435373
0.554282730399
0.554177765184
0.554020337862
0.553836699988
0.55362686523
0.553417071475
0.553285969015
0.553154882708
0.553050024347
0.552945175927
0.552787922555
0.552683098985
0.552447288508
0.552342497242
0.552237715917
0.551949628466
0.551844885037
0.551687788842
0.551583069641
0.5514260101
0.551295145579
0.551164294726
0.551085791668
0.550928804192
0.550824157678
0.550719520483
0.550614893228
0.550510276534
0.550431820071
0.55032722015
0.550222630791
0.550039625972
0.550013484379
0.549647590292
0.549464679902
0.549307922289
0.549203429223
0.549098946098
0.549020590278
0.548916124548
0.548811669379
0.548707223529
0.548602787619
0.548498361649
0.548393945619
0.54826344018
0.548159046515
0.548028569033
0.547950289627
0.547872015811
0.547741572498
0.547689399273
0.547585060899
0.547428572287
0.547324258142
0.547219953937
0.547115659672
0.547011375347
0.546672528636
0.546438002283
0.546333782568
0.546203521903
0.545890969613
0.545682650705
0.545578504919
0.545448334956
0.545344209671
0.545188042245
0.545005876735
0.544823739181
0.544745689015
0.544641630825
0.544563593706
0.544459552911
0.544329516517
0.544225498087
0.544121489598
0.544043489753
0.543887508702
0.543783532517
0.543679566273
0.543575610589
0.543471664224
0.543341745868
0.543185865459
0.543030007416
0.542900141866
0.542770291847
0.542666422517
0.542458717405
0.542328920192
0.542199137889
0.542121275963
0.541913673978
0.541809886653
0.541317097836
0.541187437298
0.541083719553
0.54098001237
0.540746707395
0.540513453363
0.54043571258
0.540280249652
0.540176618882
0.539995290817
0.539865788077
0.539736300868
0.539606829812
0.539503263652
0.539166760919
0.539063237005
0.53893384609
0.538778597493
0.538675110853
0.538571634154
0.538494033152
0.538364710575
0.538261263695
0.538157827377
0.538028545181
0.537950983318
0.537873427046
0.537770027382
0.537640791779
0.53753741448
0.537408206834
0.537279014719
0.537201506905
0.536969023223
0.536762410269
0.536710762622
0.536607474782
0.536504196883
0.536400928923
0.536323484477
0.536168616085
0.535962158444
0.535807339131
0.535755737457
0.535600947964
0.535523561294
0.535420387764
0.535110939862
0.535007806093
0.534853126562
0.534801570859
0.534595376628
0.534518062644
0.534389219051
0.534131586534
0.534054306098
0.533899761999
0.533770992955
0.533693738611
0.533539248561
0.533436266377
0.533256072715
0.533178855646
0.533050173578
0.532844317307
0.532844283138
0.532638464142
0.532561291803
0.53238124662
0.532278376261
0.532124091224
0.53204695616
0.53199553589
0.531841291855
0.531712770691
0.531584265057
0.531584218464
0.531455729604
0.531327255655
0.530556752402
0.530377048286
0.530171707031
0.530017726407
0.529607242698
0.529453344078
0.529273829443
0.529145618903
0.529043061654
0.528966150241
0.528837977598
0.528761081715
0.528607306103
0.528479176947
0.528222969579
0.52812050179
0.52788998685
0.527761944048
0.527659520989
0.52755710787
0.527429106071
0.527275524289
0.527173148445
0.527019603938
0.526917252944
0.52681491189
0.526584687074
0.526482378325
0.526380080138
0.526252221226
0.526124377224
0.526022113206
0.525970984924
0.525817616852
0.525587606367
0.525357649932
0.525281006898
0.525178824885
0.525102194897
0.525025570501
0.524923413337
0.524923404019
0.524795722163
0.524668055218
0.524591462506
0.524489347587
0.524387242608
0.52423410502
0.524132024891
0.52400443933
0.523851358275
0.523723806883
0.523621776454
0.523519755965
0.523417746038
0.523315745429
0.52321375476
0.523086281024
0.52298431272
0.522907843015
0.522805892107
0.522678467449
0.522576538905
0.522423666591
0.522270815399
0.522168926616
0.522067047772
0.52196517949
0.521786933448
0.52165963304
0.521557803896
0.521430532066
0.521252377969
0.521150588586
0.521048809142
0.520921598816
0.52079440402
0.520667224757
0.520565492528
0.520463770239
0.520387485046
0.520311205444
0.520234931433
0.520158663014
0.520056980485
0.519955307897
0.519853645248
0.519726581537
0.519624941253
0.51952331091
0.519447094675
0.519370884032
0.519193082184
0.519142286892
0.519040703764
0.518939130575
0.518837567327
0.518761401414
0.51865985556
0.518558319647
0.518456793673
0.51835527764
0.518228396576
0.518101531665
0.518025419801
0.517949313527
0.517822482785
0.517644948696
0.517543512182
0.517442085609
0.517366022202
0.517289964386
0.517188562663
0.517061825108
0.51685908068
0.516732383507
0.516631036453
0.516555032686
0.516453703028
0.51635238331
0.516251073531
0.516149773693
0.515997846301
0.515921889127
0.515845937546
0.515744677467
0.515618116347
0.515491572623
0.515390347956
0.515314435513
0.515112038985
0.515036147043
0.514859087589
0.514606202046
0.514505063733
0.51440393536
0.514226984624
0.514050064952
0.513974251288
0.513772115064
0.513671058756
0.513367956926
0.513292193583
0.513115436678
0.51301444498
0.51283773529
0.512635823338
0.512534878854
0.512459177015
0.512333021572
0.512232106909
0.512156427435
0.512030308024
0.511803340424
0.511702477946
0.511450369587
0.511349541899
0.511299131782
0.511173117984
0.511122716565
0.510820373282
0.510669228665
0.510568478012
0.510467737299
0.510367006526
0.510266285693
0.5101655748
0.509913854101
0.509737679929
0.509611858718
0.509536373074
0.509435734246
0.509259643943
0.50915903245
0.509083580353
0.508982986877
0.508857258854
0.508756687121
0.508555579687
0.508279120179
0.50815347851
0.508027852372
0.507877122128
0.507776647311
0.507676182433
0.507550615313
0.507475282497
0.507374847439
0.507299527669
0.50722421349
0.507048504634
0.506948111821
0.506847728949
0.506747356016
0.506621904449
0.506496468414
0.506396130271
0.506345964927
0.506245641694
0.506045031261
0.505919666048
0.505769248915
0.505668982838
0.505593789802
0.505468481123
0.505318131086
0.505217910359
0.505117698951
0.505017497484
0.505017481331
0.504541666315
0.504441522002
0.504341388251
0.504141155538
0.504066076192
0.503940956994
0.503840872321
0.503790833712
0.503715780459
0.503615718772
0.503515667026
0.503415624598
0.503340599301
0.503240574889
0.503140559797
0.50301555553
0.502965557924
0.502865570166
0.502740600069
0.502640634676
0.502515693156
0.502340803108
0.502240877476
0.502140961783
0.502041056031
0.501966133239
0.501866244882
0.501691467902
0.501541681959
0.501441835847
0.501242175926
0.501167312775
0.501067503938
0.50086791981
0.500568626245
0.500468877048
0.500244483909
0.500169695308
0.50006998587
0.499920442216
0.499845677843
0.499746000711
0.499546678751
0.499471942335
0.49934739593
0.499222863814
0.499098347229
0.498948947704
0.498824465288
0.49874978292
0.498675106144
0.498475997894
0.498376457437
0.498252046465
0.498102773054
0.498003269871
0.497928649008
0.497854033735
0.497580497831
0.497505909272
0.497381607019
0.497282175901
0.497157901604
0.496735524679
0.496636158172
0.496636145747
0.496387776072
0.496213952711
0.496114638389
0.495940863486
0.495841576499
0.495742299451
0.495543776419
0.495444529814
0.495320484758
0.494898858924
0.494799676307
0.494725295867
0.494626130645
0.494526975363
0.494427830021
0.494328694619
0.494204789344
0.494105676307
0.493981800852
0.49388271018
0.493808398699
0.493709325422
0.493659792511
0.493461688202
0.493387408405
0.493263621168
0.493164603182
0.493040843901
0.492892355129
0.492768630639
0.49244704599
0.492422310908
0.492348109388
0.49227391346
0.492199723123
0.492125538377
0.491977186901
0.491878297514
0.491779418067
0.491705265005
0.491556977518
0.491458130376
0.491359293174
0.491285171796
0.491161650454
0.491087543986
0.490988744059
0.490889954072
0.490791174025
0.490692403918
0.490593643751
0.490519580149
0.490445522138
0.490371469719
0.49029742289
0.490198702483
0.490124668701
0.49000129149
0.489902600903
0.489803920256
0.489729916294
0.489655917923
0.489581925144
0.489507937955
0.489409297068
0.489212049463
0.489113438397
0.48903948662
0.488940892948
0.488719096014
0.488521986948
0.488398811643
0.488201769672
0.488078635369
0.488004761869
0.487906272567
0.487807793206
0.487709323784
0.487586251606
0.487537026835
0.487413976401
0.487315546739
0.487167920884
0.487044916423
0.486971121201
0.486823548773
0.486725178752
0.48657764422
0.486430132054
0.486233487683
0.486135177923
0.486036877481
0.485717492059
0.485643797479
0.485545546738
0.485471865204
0.485373631858
0.485299963371
0.485177195606
0.4850789927
0.484882617331
0.484735362362
0.484612666041
0.484489985251
0.484391851304
0.484318257367
0.484171086889
0.484097509726
0.48399941616
0.483901331914
0.483705197589
0.483607143163
0.483533608866
0.483411065994
0.483215029206
0.483092525472
0.483043528079
0.482970036648
0.482872056772
0.482774086835
0.482700615906
0.482578176782
0.482406794314
0.482308871592
0.48218648279
0.481917298123
0.481819425101
0.48172156202
0.481599247146
0.481525865677
0.481305764136
0.481232405032
0.481159051519
0.480939028876
0.480841255255
0.480743491573
0.480621301571
0.48057242967
0.480474693324
0.480401397587
0.480279252315
0.48018154641
0.480010585771
0.479888488335
0.479888468455
0.479668739042
0.479546685094
0.479449053117
0.479351431081
0.479253818985
0.479180616436
0.478985439458
0.478887864637
0.478814690044
0.478595209132
0.478448910889
0.478351391359
0.478253881147
0.478180755012
0.477912677413
0.477815211932
0.477766482919
0.477693394059
0.477547233733
0.477449805527
0.477376740895
0.477157584276
0.476987162261
0.476889791831
0.476792431341
0.476743754513
0.476622073936
0.476500410132
0.476403088781
0.476330104291
0.476257125392
0.476135506319
0.47606254233
0.475989583932
0.475892315387
0.475795056782
0.475722118886
0.475624877055
0.475527645164
0.475430423212
0.475333211201
0.475236009752
0.475138817621
0.475065930045
0.474944463178
0.474871590513
0.474798723439
0.474677291362
0.474604439198
0.474483031972
0.47431308894
0.474191718367
0.474021828142
0.473900495466
0.47380344001
0.473682135289
0.473633617501
0.473463826676
0.473148612329
0.473075877581
0.472978906615
0.472881945589
0.472833468804
0.472736522688
0.472639586512
0.472542660276
0.47244574398
0.472348837624
0.47227616438
0.472203496728
0.472130834666
0.472033960615
0.4719613116
0.471840242334
0.471670773938
0.471573947723
0.471428727971
0.471307727041
0.471210937481
0.470993203524
0.470896446269
0.47075133275
0.470654600344
0.470533698815
0.470412812817
0.47029194235
0.47000192281
0.469929430351
0.469929421653
0.469784454128
0.469663665045
0.469663658833
0.4696153473
0.469615341087
0.469518725477
0.469397970563
0.46939796435
0.469277224346
0.469156500495
0.469011652871
0.468866828234
0.468746156567
0.468577246054
0.468408365982
0.468408357285
0.468311865924
0.468311859711
0.468239497714
0.468167141308
0.467998335165
0.467877775323
0.467805446874
0.467757231013
0.467660806748
0.467660800535
0.467540284802
0.467395685679
0.467323394504
0.467202922259
0.46720291294
0.46710654583
0.466962016286
0.466865674026
0.466865662222
0.466648934691
0.466576701293
0.466480398792
0.466360034644
0.466287823611
0.46619155093
0.466047160547
0.465950912716
0.465854674826
0.465854659295
0.4657824874
0.46573437591
0.465662213334
0.465590056349
0.465517904955
0.465421711795
0.465421705582
0.465301479974
0.465157228129
0.465061072244
0.464940891365
0.464844757844
0.464604474364
0.464532399385
0.464460329996
0.464292190455
0.46417211084
0.464076056839
0.464004022862
0.463931995097
0.463811960834
0.463739947358
0.46369194148
0.463691932783
0.463547930681
0.463475937706
0.463403950323
0.46335596184
0.463236002126
0.463116057944
0.463044098517
0.462924179185
0.462852234667
0.462780295741
0.462732339564
0.462660409957
0.462588485941
0.462468625006
0.462324813007
0.462324789399
0.462324783187
0.462204957042
0.462085146428
0.462085096107
0.461941343748
0.461821566682
0.461821550529
0.461725740059
0.461605990949
0.461486257371
0.46139048169
0.461151095296
0.46091176792
0.460911761708
0.460911749283
0.460768179571
0.460648554712
0.460528945383
0.460457187241
0.46038543469
0.460265860152
0.460194122511
0.460098481021
0.460026756426
0.459931132331
0.459835518176
0.459644320307
0.459548735972
0.459453161576
0.459357597121
0.459285930303
0.459190383243
0.459094846123
0.458999318943
0.458927680081
0.458808296266
0.458736672314
0.458665053953
0.458593441184
0.458474100857
0.458330912593
0.458235464933
0.458092312701
0.457996889891
0.457925329928
0.457806075334
0.457734529659
0.457567612738
0.457496085701
0.457305377999
0.457114710056
0.456995561074
0.456924078767
0.456828778344
0.456757309083
0.456638206695
0.456328618391
0.456042938906
0.455947730427
0.455876330125
0.455733548159
0.455662164631
0.455614578718
0.455543204509
0.455448047594
0.45530533148
0.455210199415
0.45513885689
0.455067519955
0.454996188612
0.454901088852
0.454734691918
0.454663386668
0.45454455763
0.454473267289
0.454378222199
0.454235674444
0.454140654205
0.454045643905
0.453855656853
0.453784420561
0.453689447536
0.453547007257
0.453428324213
0.453380855096
0.453285924316
0.453238462654
0.453119819991
0.452953751698
0.452835145689
0.452740272064
0.452692838979
0.452574270866
0.452384594439
0.452289768029
0.452218654745
0.452171248995
0.451886880349
0.451792106124
0.451649965288
0.451531530744
0.4514604771
0.451365747605
0.451247351579
0.4511763203
0.451057947259
0.45098693089
0.4508685827
0.45077391533
0.450702921326
0.450631932913
0.450489974104
0.450253433036
0.450040594532
0.449898728289
0.449851444304
0.449780522986
0.44970960726
0.449615061655
0.449284253303
0.449213376715
0.449118883296
0.449024399816
0.448977161804
0.448882693234
0.44881184833
0.448741009017
0.448622957785
0.448410506941
0.448339699934
0.448245298459
0.448103715506
0.4479857469
0.447726277345
0.447631940481
0.447514033378
0.447419718879
0.44732541432
0.447207547598
0.44708969703
0.44699542726
0.44673624286
0.446665567557
0.446547788432
0.446477128039
0.446406473238
0.446335824028
0.446265180409
0.446123911187
0.445935587844
0.44584144046
0.44577083598
0.445700237091
0.445606114558
0.444736236722
0.444642215453
0.444477704014
0.444336718704
0.444289727949
0.444172262555
0.444101790402
0.443984349858
0.443819962047
0.443772998628
0.443679079244
0.443608646228
0.443514744239
0.44344432427
0.443303501728
0.443233098533
0.443186166176
0.443115772299
0.443021922495
0.442881168911
0.442810799264
0.442740435207
0.44274042651
0.442646616466
0.44252936851
0.442412135464
0.442341803091
0.44227147631
0.442224594896
0.442130839521
0.442013659282
0.441732508091
0.441638804902
0.441568534033
0.441006583278
0.440936362731
0.440866147774
0.440795938409
0.440655536453
0.440585343862
0.440444976075
0.440328020107
0.440140923111
0.440070771522
0.440000625525
0.439930485119
0.439790223565
0.439720099933
0.439603239637
0.439509762583
0.439416295469
0.439346201657
0.439276113436
0.438995833859
0.438925773594
0.438832368605
0.438738974177
0.43855221949
0.438482194637
0.438365499594
0.43829548965
0.438272154245
0.438202151756
0.438062164795
0.43799217908
0.437875550511
0.437735616356
0.437642338103
0.437525754885
0.437432498996
0.437362563602
0.437246017659
0.437129487247
0.437082879183
0.437012971746
0.436616971867
0.436523812894
0.43636080985
0.436290960189
0.436221116119
0.436081445375
0.436011618079
0.435802182785
0.435709110786
0.435685844339
0.43563931331
0.435546258706
0.435476474276
0.435383437689
0.43529041042
0.435220646492
0.435150888154
0.435057886357
0.434918401987
0.434778941226
0.4347092183
0.434569792949
0.434500086797
0.434430386236
0.434314231681
0.434128421916
0.434035528837
0.43394264632
0.433780128473
0.433687272669
0.433594426805
0.433524798931
0.433431971083
0.433153555257
0.433037570925
0.432944794641
0.432875218951
0.432782460063
0.432689711114
0.432504246764
0.432457885958
0.432365171799
0.432295642703
0.432156601907
0.432040751764
0.431971249382
0.431878587408
0.431785935375
0.431646979689
0.431438591823
0.431345987005
0.431230245581
0.431137663127
0.431045090614
0.430952528662
0.430836840044
0.430721166958
0.430651770188
0.43055924986
0.430466739471
0.430374239023
0.43030487021
0.430235506988
0.430096799181
0.430027452733
0.429588429405
0.42940362855
0.429311243033
0.429241959953
0.429103412429
0.428987972311
0.428918715323
0.428826381991
0.428734057978
0.428664821491
0.428480222543
0.428411007178
0.428249528683
0.428088080629
0.427995836136
0.427926659289
0.427857488033
0.427742215032
0.427650007814
0.427557812399
0.427304327971
0.427212167968
0.42702788213
0.426889691825
0.426751523264
0.4266594229
0.426567332477
0.426475251994
0.42642921548
0.426268110977
0.426176062799
0.426176056587
0.426107026976
0.426038002957
0.425968984529
0.42585396624
0.425761963413
0.425646973702
0.425440034592
0.425049297947
0.42498035966
0.424888451263
0.424819526023
0.424750606373
0.424589817466
0.424497951314
0.424383132447
0.424199456056
0.424130586728
0.424038769655
0.423924012913
0.423832218205
0.423694548508
0.423625720182
0.4235339584
0.423419269996
0.423373398734
0.423304596501
0.42323579986
0.423189938538
0.423121151215
0.423052369484
0.422983593343
0.422891901141
0.422800218258
0.422685630496
0.422616884176
0.4225023194
0.422364864035
0.422319049928
0.422204525534
0.422112917201
0.422044217474
0.421815272434
0.421769488148
0.421746596936
0.421655038303
0.421540604612
0.421449068344
0.421311786307
0.421174522907
0.421105899595
0.421037281873
0.420945800275
0.420854330481
0.420579983223
0.420488551326
0.420397129368
0.420191469412
0.420077235141
0.419985857913
0.419803135142
0.419666119621
0.419437813848
0.419232393073
0.419004205337
0.418958573879
0.418867318416
0.418798883342
0.418707645274
0.418639223246
0.41852519958
0.418479594213
0.41829720381
0.41822881533
0.418137639387
0.418069263953
0.418000894111
0.417909743018
0.417818602486
0.417704690645
0.417431378391
0.417431369693
0.417340280725
0.417203669639
0.417112606142
0.417044314577
0.416976028603
0.416907748221
0.416680195403
0.41654369055
0.416429952037
0.41633897241
0.416225262475
0.416134305212
0.41604335851
0.415929690199
0.415838765863
0.415725124265
0.415634222294
0.415429737122
0.415248008972
0.415179870235
0.414998200482
0.414930082246
0.414861969601
0.414771161438
0.414680363216
0.41454418514
0.414453411768
0.414408028809
0.414317270347
0.414249208023
0.41418115129
0.414067736449
0.413772945707
0.413682256824
0.413591577882
0.413523575198
0.413387586604
0.413296939967
0.413160989891
0.413070368103
0.412979756877
0.412753275095
0.412662698037
0.412549491315
0.412481574364
0.412413663004
0.41230049045
0.412232594
0.412164703763
0.412164691338
0.412074180754
0.4119610579
0.411847947472
0.411780088297
0.411712234713
0.411553935156
0.41148610021
0.411418270855
0.411373054391
0.411260024725
0.411192214008
0.411124408882
0.411079208571
0.410988815403
0.410921027051
0.41085324429
0.410740286068
0.410446693717
0.410311212685
0.410220904008
0.410153179023
0.410085459629
0.410017745827
0.40988233686
0.409792075398
0.409701823875
0.409679262548
0.409543908872
0.4094762398
0.409386023067
0.409273266752
0.409228168325
0.409137978928
0.409070343403
0.408980172023
0.40889000996
0.408799857838
0.408709715656
0.408574522884
0.408484405552
0.408371774728
0.408191597219
0.408033976067
0.407696359432
0.407606339015
0.407538830226
0.407381335188
0.407268856571
0.406998989149
0.406886565202
0.406819116053
0.406729193172
0.406616802772
0.406526902257
0.406302194144
0.406234793452
0.406167398351
0.406032626787
0.40596524846
0.405830510443
0.405763148889
0.405448874494
0.405403987293
0.405336661151
0.4052693406
0.405224463339
0.405157152107
0.405067413116
0.40500011493
0.404887965576
0.4048206823
0.404708555932
0.404641287566
0.404484351653
0.404349860273
0.40434984412
0.404282605575
0.404237782984
0.404170553757
0.404080924106
0.403968902108
0.403789702447
0.40370011442
0.403543360533
0.403476189083
0.403409023223
0.403297094413
0.403252326492
0.40318517927
0.402782450008
0.402782433855
0.402648225765
0.402558765095
0.402514038176
0.402446952458
0.402379872331
0.402312797795
0.402223373778
0.402133960323
0.402022207326
0.401955162611
0.40191046924
0.401843433843
0.401754062011
0.401664700119
0.401508343212
0.401463674691
0.401396676569
0.401240375574
0.401061782874
0.4009948183
0.400927859317
0.400793958746
0.400682392124
0.400570841034
0.400503917462
0.400370088956
0.400258584459
0.40019168698
0.400057910659
0.4000133229
0.399790427596
0.399723569256
0.399656716506
0.399612151113
0.399523027781
0.399456191806
0.399367085869
0.399144374455
0.398943982702
0.398765898807
0.398654614233
0.398521095109
0.398454343002
0.398298613558
0.398231880088
0.398142910827
0.398053952127
0.397965002745
0.397831601038
0.397653767506
0.397520415499
0.397409305496
0.39732042818
0.397231560803
0.397098278997
0.396987228014
0.396987221801
0.3968983917
0.396853980377
0.396765165185
0.396676359934
0.396565367969
0.396498779872
0.396343430011
0.396165927606
0.39607718945
0.396010642355
0.395944100853
0.395855387546
0.39576668418
0.395700163178
0.395633647768
0.395567137948
0.395456302539
0.395367644524
0.395278995827
0.395190357071
0.39514604142
0.395079572604
0.394968804289
0.394769468661
0.394680887681
0.394592316641
0.394481616664
0.394393067989
0.39432666254
0.394260262682
0.394193868415
0.394105351424
0.394016844373
0.393950470607
0.393861980951
0.393574468156
0.393508132287
0.39335337013
0.393287052277
0.393220740015
0.393132332985
0.393043935274
0.392999740146
0.392845080494
0.392690450042
0.392624188101
0.392535847545
0.392469598651
0.392403355348
0.392315039642
0.391983955455
0.391917753155
0.39182949274
0.391763303486
0.391653001109
0.391564770514
0.391498603625
0.391410390425
0.391344236582
0.391300137127
0.391233992603
0.391013554344
0.390925395193
0.39092538898
0.390925382768
0.390859269927
0.390793162679
0.390727061021
0.390638934796
0.390506764407
0.390396640329
0.390330572219
0.390220471748
0.390154418548
0.390066356312
0.389978304637
0.389934282216
0.389802233592
0.389626202308
0.389604200727
0.389538199712
0.389472204288
0.389362224961
0.389296244447
0.389208279126
0.389164300193
0.389076350404
0.389010394118
0.388922461724
0.388878498943
0.388812559432
0.388724649402
0.388636748691
0.388570829681
0.388439009056
0.388351141271
0.388263282805
0.388175434901
0.388065640085
0.387955859558
0.387868045823
0.387736344477
0.387626610544
0.387560777267
0.387473008261
0.387363312846
0.387253632961
0.387165899367
0.387078175091
0.386990460755
0.386815064388
0.386683542585
0.386508217041
0.386332930635
0.386223395502
0.386179585549
0.386026272147
0.385894884534
0.385807304388
0.385741625802
0.38563217578
0.38552274129
0.38519453287
0.385085159262
0.384997671683
0.384866459262
0.384800860817
0.384691542501
0.384647819523
0.3844292475
0.384298132615
0.384188887606
0.384079657507
0.383992284238
0.383904920908
0.383839404468
0.38377389362
0.383664721297
0.383533738739
0.383468253983
0.383380950293
0.38316274605
0.38294459772
0.382879163285
0.382682898498
0.382530281518
0.382464882495
0.382377692494
0.382312306517
0.382203344177
0.382116184617
0.382072608255
0.38200724837
0.381920111176
0.381854764337
0.381745865986
0.381680534057
0.381571659935
0.381419264741
0.381310428514
0.38122337084
0.381158083642
0.381092802035
0.381027526019
0.380962255594
0.380831735246
0.38074473162
0.380657738556
0.380549011049
0.380483781626
0.380396817761
0.380331601385
0.380244654915
0.380157718384
0.380157712172
0.380157684837
0.380027301164
0.379940389483
0.379875212246
0.379788317961
0.37972315377
0.379614561074
0.379571127598
0.379505982045
0.379397419169
0.379310579553
0.37918034001
0.378876565988
0.378768096299
0.378724711282
0.378616260231
0.378529510697
0.378464454603
0.378399404101
0.378247645068
0.378182613203
0.378139261733
0.377965887536
0.3779008799
0.377900876173
0.377835874128
0.377770877675
0.377705886813
0.377532609531
0.377489295336
0.377359369524
0.377294414073
0.377186168035
0.377077937528
0.377077910193
0.376969694596
0.376926412706
0.37686149453
0.376753311859
0.376493746632
0.37629913375
0.37586684726
0.375758807477
0.375693989944
0.375650781361
0.375542771398
0.375434776966
0.375348392727
0.375262018428
0.375218834696
0.374765650587
0.374679343383
0.374636193198
0.374549900905
0.37446361793
0.374420480169
0.374312648505
0.374226393486
0.374097032391
0.373967691797
0.373730623909
0.373644435364
0.373579800479
0.373515171184
0.373450547481
0.373342854356
0.373299781206
0.373192111066
0.373127515319
0.372998342463
0.37293376349
0.37284766689
0.372783100963
0.372653987126
0.372524895032
0.372309792692
0.372266779182
0.372202263577
0.372137753563
0.372094749993
0.371944258931
0.371858277262
0.371707836522
0.371643369374
0.371514453715
0.371321128685
0.37123521846
0.371149318175
0.37106342783
0.370934612193
0.37084874732
0.370784354722
0.370719967715
0.37063412707
0.37056975311
0.37048392986
0.370376665397
0.370312313801
0.370247967797
0.370183627384
0.370119292563
0.370033522119
0.369969200344
0.369904884781
0.369840574188
0.369733402912
0.36973339173
0.369669096047
0.369604805955
0.369540521455
0.369476242546
0.369411969228
0.369347701501
0.369262019896
0.369176348853
0.369069273871
0.368962214421
0.368876578168
0.368769547916
0.368662532575
0.368598330079
0.36851273545
0.368491338345
0.36842715076
0.368362968766
0.368277403335
0.368234623415
0.36819184598
0.368127684487
0.368042145149
0.367977996702
0.367785597956
0.367657353248
0.367593238349
0.367550498189
0.367465025325
0.367400927821
0.367315472972
0.367272748965
0.367144593717
0.367080523548
0.36701645897
0.366931048852
0.366802953243
0.366738912894
0.366674878137
0.366589507157
0.366525485446
0.366440131861
0.366376123196
0.366312120743
0.366141476941
0.366056168087
0.365992192969
0.365928223443
0.365885580198
0.365800301163
0.365672403113
0.365587148928
0.365288840666
0.365246234697
0.365182330401
0.365011947525
0.364862897764
0.36477773801
0.364713874717
0.364650017016
0.364522319008
0.364373369268
0.364266992572
0.364181902398
0.364139361038
0.364011753111
0.363884168171
0.363777862919
0.363692829899
0.363692818717
0.363459037243
0.36337404212
0.363331547975
0.363246567141
0.363246558443
0.363076630322
0.36301291613
0.362949207528
0.362864272045
0.362758117757
0.362673204017
0.362588300218
0.362482185068
0.362439743109
0.362376084829
0.362291215819
0.3621851454
0.362100299377
0.362057879782
0.361994255049
0.361930635908
0.361845819705
0.36178221361
0.361718613106
0.361570235538
0.361506653672
0.361421887169
0.361358318349
0.36129475512
0.361040575512
0.360701789684
0.360638284232
0.360574784371
0.360511290101
0.360405478742
0.360363158548
0.360257369555
0.360193903241
0.360045840647
0.359961245609
0.359792086596
0.359728661284
0.359665241564
0.359580691257
0.359475018437
0.359369359285
0.359263717528
0.359136966306
0.359052478123
0.358989118043
0.358925763554
0.358777961885
0.358714626034
0.358651295774
0.358587971106
0.358503547533
0.358461339163
0.358376930501
0.358313630061
0.358250335212
0.358187045955
0.358102668976
0.358018301937
0.357976122145
0.357870684158
0.357807428448
0.35772309682
0.357659854157
0.357575539924
0.357491235631
0.357364798762
0.357259450856
0.357175183838
0.357111989632
0.356943503433
0.356859273069
0.356753999714
0.356690843404
0.35660664286
0.356522452256
0.356459315826
0.356375142617
0.35629097997
0.356206827262
0.356122685737
0.3560175211
0.3559544294
0.35582826526
0.355765190334
0.355681099751
0.355618037871
0.355512949027
0.355449902057
0.355344836199
0.355302814205
0.355218777671
0.355155756794
0.355092741508
0.354966728952
0.354882732178
0.354819741121
0.354714769072
0.354630802118
0.354546845105
0.354504870325
0.354441912816
0.354357978788
0.354253075076
0.354148186896
0.353980401467
0.35389652211
0.353812652692
0.353728793215
0.35362398207
0.35349823106
0.353435363011
0.353351548263
0.353267743456
0.353204895907
0.35314205395
0.353058273372
0.352995444461
0.35278606073
0.352723256048
0.352597665322
0.352513949974
0.352472095717
0.352346551584
0.352262865436
0.352137355472
0.35209552358
0.352032780401
0.351970042814
0.351907310819
0.351865492594
0.351677351277
0.351614645995
0.351510149202
0.351384774671
0.351280312047
0.351217641555
0.351154976654
0.35102966549
0.350967017363
0.35084174161
0.350799986753
0.350737359127
0.350674737093
0.35061212065
0.350486906401
0.350424306731
0.350361713274
0.350278263822
0.35021568279
0.350153107349
0.350069682747
0.350007120352
0.349944563549
0.349861163176
0.349798619419
0.34969439287
0.349590183095
0.349465150251
0.349319308006
0.349215152901
0.349194323619
0.349027714218
0.348861148303
0.34877787715
0.348486518194
0.348382488582
0.348320077151
0.348195271685
0.348132877028
0.348070487963
0.348028898358
0.347987311239
0.34792493522
0.347758630852
0.347654708716
0.347592362517
0.347488466473
0.347446911659
0.347322263369
0.347093800419
0.347031504541
0.346969214254
0.346886169236
0.346782376941
0.346637095064
0.346554090427
0.346491843006
0.346408855143
0.346346620769
0.346284391986
0.346201428972
0.346118475899
0.346056267617
0.345890408686
0.345786766113
0.345724587651
0.34566241478
0.345579526317
0.345496649658
0.345393067346
0.345310211187
0.345227365591
0.34516523745
0.345103114901
0.345040997943
0.344978886576
0.344916780801
0.344813285464
0.344813239491
0.344689067079
0.344626987396
0.344544223804
0.344482157789
0.344420097364
0.34435804191
0.344295992047
0.344233947776
0.344130553702
0.344006502434
0.34396515636
0.343903141908
0.343779133506
0.343717135828
0.343634480955
0.343551836022
0.343489858845
0.34342788726
0.343324614331
0.343262657655
0.343200706571
0.343159408955
0.343097467189
0.343035531015
0.342849760389
0.342746575677
0.342664037599
0.342602140564
0.342498994991
0.342395863085
0.342313367252
0.342272123063
0.34218964214
0.342127787971
0.342065939393
0.341880436526
0.341818610313
0.341674374621
0.34163316895
0.341591965763
0.341530165643
0.341447776044
0.34138598897
0.341324207487
0.341324198168
0.34120065384
0.341118302137
0.341015377108
0.340871311017
0.340788999074
0.340686123745
0.340583263947
0.340521555151
0.340439286074
0.340357026316
0.340295338021
0.340192537242
0.340130863857
0.340089751373
0.3399253325
0.339822587633
0.339760947795
0.339678770042
0.339617143251
0.339555522051
0.339432298288
0.339329627971
0.339247503025
0.339185915372
0.339144860043
0.339083281709
0.339021708966
0.338980663578
0.338898580876
0.338795991322
0.338631888665
0.338365301446
0.338221795102
0.33805782415
0.337996344595
0.337750510243
0.337607135604
0.337484264712
0.337340946606
0.337279532282
0.33721812355
0.337156720409
0.336993012246
0.336931629606
0.336890710952
0.336849794783
0.336788425189
0.33658390647
0.336502114514
0.336461221953
0.336440776604
0.3363181188
0.336175047331
0.336113739241
0.336052436742
0.335970708775
0.335909419322
0.335848135461
0.335786857191
0.335725584512
0.335439760276
0.335378519281
0.33525605655
0.335215239781
0.335113210595
0.33505199942
0.334970393839
0.334888797576
0.334746034247
0.334582908817
0.3345217461
0.334460588974
0.334297536851
0.334175271057
0.334073399047
0.333991912745
0.333930804077
0.333849335171
0.333788239548
0.33374751224
0.333686425936
0.333604986228
0.333543912971
0.333482845305
0.33342178323
0.333360726746
0.333299675854
0.333197938034
0.333136902052
0.333075871661
0.332974167388
0.332913151907
0.332872478026
0.332811471864
0.332648819826
0.332587834165
0.332526854095
0.332486203822
0.332425233071
0.332343947433
0.332262671736
0.332201721486
0.332120463805
0.332059526602
0.331978286316
0.331917362158
0.331795532481
0.331694023903
0.331653424572
0.331572233986
0.331470759576
0.331308434316
0.331227285354
0.331186714601
0.331004183795
0.330943349098
0.330902795739
0.330821697098
0.330760879175
0.330700066842
0.330558195629
0.330497401934
0.330436613831
0.330396091535
0.330213781894
0.330153019883
0.330092263464
0.330011263601
0.329930274301
0.329889783067
0.329788565855
0.329687364795
0.329687361068
0.32958617554
0.329505237803
0.329404079609
0.329343392148
0.329242260669
0.329181588118
0.329120921158
0.328959170555
0.328898524097
0.32881767085
0.32871661889
0.328615583705
0.328534765869
0.328474158549
0.328393358109
0.328312567608
0.328211593926
0.328130825169
0.328070255124
0.328009690671
0.327949131809
0.327787668845
0.327706952273
0.327646421367
0.327525378193
0.327525374465
0.327464860333
0.327364017735
0.327243028609
0.327202702629
0.327101900412
0.326920495933
0.326799585706
0.326718991521
0.326638406654
0.326577974527
0.326517547991
0.326416850144
0.326356438518
0.326296032484
0.32623563204
0.326175237188
0.32613497706
0.326054464258
0.325973962018
0.325913591394
0.325853226362
0.325792866921
0.325672168541
0.325611825874
0.325551488798
0.325491157314
0.325410724032
0.325129300733
0.325028817218
0.324948441712
0.324868076147
0.32480780803
0.324687290433
0.32464712225
0.324566793338
0.324446321093
0.324366017653
0.324305796129
0.324225509463
0.324165300986
0.3241050981
0.324024836904
0.323964647065
0.323904462817
0.323683845017
0.323603635385
0.323503387945
0.323322983058
0.32326285845
0.323162665058
0.323122591305
0.323022417793
0.322962321763
0.322902230702
0.322862173101
0.322802091359
0.322721992931
0.322661924236
0.322601861131
0.322501769004
0.322401692407
0.322321643679
0.322261612259
0.322221594418
0.322161572316
0.322101555806
0.322041544886
0.321941540976
0.321881544967
0.321801558985
0.321741576022
0.32168159865
0.32162162687
0.321581648789
0.321541673193
0.321421762559
0.321321854942
0.321281895499
0.321221960993
0.321162032079
0.321162018412
0.321162014684
0.321102091361
0.321042173629
0.320922356803
0.320862455845
0.320742671324
0.320682787761
0.32060295088
0.320523123938
0.320463260255
0.320443306937
0.320403402163
0.320343550284
0.320203918679
0.320084260271
0.319745357027
0.3196457122
0.319546079797
0.319506230936
0.319287124017
0.319147722895
0.319107898884
0.319048167528
0.318968534416
0.318908816106
0.318849103387
0.31878939688
0.318689898047
0.318689894319
0.318630202101
0.318550621796
0.31851083506
0.318411380957
0.318331827365
0.318272168695
0.318172751867
0.318093228095
0.31799383798
0.317814978143
0.317735499102
0.317675896344
0.317616299177
0.317556707602
0.317477260866
0.317397824069
0.317298543916
0.317219129485
0.317100028339
0.316980949558
0.316901574887
0.316842050407
0.316782531518
0.316703181697
0.316564343428
0.316405710259
0.316029135015
0.315949879624
0.315930067329
0.315791402389
0.31565276789
0.31561316256
0.315494361478
0.315415173182
0.315335994826
0.31523703648
0.315197457242
0.315118306221
0.315058949478
0.314979815852
0.314900692166
0.314465705722
0.314406410483
0.314307598131
0.314307589434
0.314248309105
0.314189034367
0.314110010702
0.314030996356
0.313991492911
0.313932242402
0.313853250421
0.313754525044
0.3136952969
0.313497911999
0.313438708084
0.313359778228
0.313359772636
0.313280853342
0.313221669928
0.313142767407
0.312984998397
0.312945560804
0.312906125696
0.312906121969
0.312846973966
0.312787831555
0.312708984325
0.31264985496
0.312630146414
0.312492207716
0.312354301943
0.312275509384
0.312216421021
0.312117953463
0.312058880011
0.311999812149
0.311940749879
0.3118816932
0.311822642113
0.311743916027
0.311684877986
0.311625845536
0.311566818677
0.311429114811
0.311389775375
0.31131110396
0.311232443105
0.311173453521
0.311114469529
0.311055491128
0.310937552962
0.310819636541
0.310741037812
0.31060351473
0.310524943335
0.310446381259
0.310367829123
0.310269654796
0.310171495999
0.309994852162
0.309935980615
0.309857493711
0.309759400146
0.309739782924
0.309680934985
0.309602480385
0.309543645493
0.309484816813
0.309445600385
0.309386780403
0.309327966012
0.309288759524
0.309249555521
0.309190754176
0.309151556386
0.309092764359
0.309053572782
0.308994790074
0.308798901144
0.308700975316
0.308681391641
0.308622644345
0.308524745231
0.308466012845
0.308387711695
0.308309421105
0.308270279227
0.30821157107
0.308152868504
0.308094171529
0.307976794974
0.307918114773
0.307839883824
0.307761662815
0.307683451124
0.30758570111
0.307487966627
0.307409790348
0.307331623388
0.30727300469
0.307214391584
0.307136250095
0.306999529047
0.306921414893
0.306648132458
0.306531032981
0.306472490698
0.306394443017
0.306316405898
0.306238378719
0.306199368546
0.306121355655
0.306062852511
0.305965360316
0.305906872081
0.305867883031
0.305809404115
0.30569246492
0.305614517261
0.305497615342
0.305439171837
0.305400212607
0.305361255862
0.305263875492
0.305205454352
0.30508863071
0.305069161967
0.304952365039
0.30487451181
0.304816127945
0.304466016723
0.304407671997
0.304310443834
0.304213231201
0.304174350249
0.304116033479
0.304057722301
0.303999416713
0.303941116718
0.303863392708
0.303785678639
0.303727399145
0.3036302797
0.30355259483
0.303474919899
0.303397254909
0.30331960048
0.303203138406
0.303164322063
0.303125508206
0.303028485676
0.302970278867
0.30291207765
0.302795695718
0.302737511274
0.302466080787
0.302194755291
0.301981658348
0.301865455335
0.301807360352
0.301710547804
0.301536337405
0.30130412086
0.301226734811
0.301188045204
0.301149358081
0.301071991912
0.300994635062
0.300936624569
0.300878619046
0.300839951803
0.300801287046
0.300723964986
0.300627328252
0.300588677162
0.300472740666
0.300395460851
0.300337507513
0.30029887506
0.300240931041
0.300086441612
0.299951299161
0.299893388689
0.299854784814
0.299738989963
0.299681099992
0.299565340552
0.299507467355
0.299411026316
0.299333883797
0.299276032965
0.29923746885
0.299160348075
0.299102514017
0.29904468555
0.298986862674
0.298909774204
0.298851964375
0.298794160137
0.29873636149
0.298697832165
0.298640042837
0.298562999718
0.298505223436
0.298408943922
0.2980624695
0.297985502174
0.297889305286
0.29746632699
0.29742787967
0.29737021335
0.29731255262
0.297254897482
0.297158818632
0.297081966858
0.297081958161
0.297043535691
0.296985906645
0.296928283191
0.296832257147
0.296774648603
0.29671704565
0.29664025041
0.29656346511
0.296505882658
0.296448305798
0.296390734529
0.296313981534
0.296256423311
0.296179687711
0.296102962051
0.296007070818
0.295968717928
0.295930367524
0.295930349507
0.295892001587
0.295815313824
0.295776973359
0.295700300506
0.295585310795
0.29550866217
0.295432023485
0.295374550995
0.295317084096
0.295259622788
0.295125570631
0.295068127961
0.295029835953
0.295029830362
0.294934113079
0.294819271847
0.294819094791
0.294742545566
0.294646874877
0.294608610205
0.294532088315
0.294474703421
0.294455576366
0.294359951028
0.294264341222
0.294264333145
0.294206974344
0.294149621133
0.294092273514
0.293920273523
0.293882056066
0.293824734539
0.293786523294
0.293729211087
0.29367190447
0.293557311738
0.293442741371
0.293385462711
0.293328190263
0.293270922785
0.293156408331
0.293080075923
0.293060994218
0.293003752833
0.292927439683
0.292927435956
0.292832060361
0.292774841341
0.292679489353
0.292641352658
0.292603218449
0.292526957484
0.292469768284
0.292355410384
0.292241072986
0.292202964869
0.29212675609
0.292107705448
0.292031509715
0.2919553233
0.291860104881
0.291841062937
0.291783940832
0.291707787344
0.291650678906
0.291612609306
0.291479385898
0.29140327217
0.29132716776
0.291194012689
0.291117935615
0.291060884332
0.290984824653
0.290984819062
0.290946792949
0.29088975844
0.29071869281
0.29064267786
0.290566673472
0.290509676238
0.290452684596
0.290395698544
0.290338718084
0.290262752835
0.290186797525
0.290186793798
0.290110848429
0.290053895925
0.289769252064
0.289731305472
0.289655419743
0.28954161165
0.289484715058
0.289408861634
0.289351978089
0.2892382315
0.289143457275
0.289086599823
0.289010799205
0.288935008527
0.288821340837
0.288783456369
0.288726634328
0.288594077521
0.288556207964
0.288499408287
0.288442614202
0.28834797044
0.288291191265
0.288253341588
0.288196572353
0.288158728888
0.288120887909
0.287931731468
0.287837171575
0.287799351718
0.287742626591
0.287629193734
0.287572485381
0.28751578262
0.287421290443
0.287345707884
0.287232354547
0.287175685333
0.287100135079
0.287024595386
0.286967946673
0.286798036568
0.286684793192
0.286628178027
0.286533833087
0.286439503056
0.286439499328
0.286382908392
0.286307462508
0.286232026564
0.286156601181
0.286081185117
0.286005779614
0.28596808028
0.285911535937
0.285854997186
0.285798464026
0.285723095798
0.285704255139
0.285610061784
0.285553552852
0.28547821693
0.285478208232
0.285402882249
0.285327566207
0.285289911602
0.285233434355
0.285101679582
0.285082859424
0.284988768575
0.284932321148
0.284894692636
0.284725399432
0.284668978719
0.284574956207
0.284499748883
0.28442455212
0.284330571232
0.28429298248
0.284180231756
0.284142652944
0.284086289385
0.284011146671
0.283936014518
0.283935978486
0.283860855652
0.283860851925
0.283785739031
0.283729410883
0.283673088327
0.283616771362
0.28348538934
0.283429091013
0.283354035274
0.283297749993
0.283241470303
0.283185196205
0.283110172771
0.283053911718
0.282847691395
0.2828102008
0.282753969568
0.282679003911
0.282641524499
0.282510368611
0.282472900382
0.282435434638
0.28237924068
0.282323052314
0.282248143191
0.282210692356
0.282210686765
0.282154515173
0.282079628414
0.281986034565
0.281929885338
0.281761476795
0.281705349933
0.281649228662
0.281555706256
0.281518301395
0.281480899018
0.281312628393
0.281275239683
0.281219161278
0.281219157551
0.281163084738
0.281107017515
0.280882811994
0.280826772728
0.280770739054
0.280733386377
0.280677362021
0.28052799418
0.280378669205
0.280304019143
0.280229378399
0.280154747596
0.280098781016
0.280061473069
0.280005515808
0.279912266753
0.279856324402
0.279763100197
0.279669892766
0.279613974644
0.279483523254
0.279408992472
0.279315844059
0.279278588298
0.279204084229
0.279055107776
0.279017869409
0.278924784985
0.278850328753
0.278850325025
0.278850321298
0.278757266073
0.278682832206
0.278645618689
0.278571199732
0.278515391571
0.278422392258
0.278403793887
0.278180684251
0.278180675554
0.278143495585
0.278143491857
0.278087726563
0.278069139374
0.278069133782
0.278069120736
0.277939034021
0.277883289227
0.277808971534
0.277808967806
0.277771812687
0.277753236059
0.277697509904
0.277567505815
0.277530366848
0.277456096991
0.277418965479
0.277307587718
0.277251906292
0.277196230457
0.277140560214
0.277066342542
0.277066336951
0.277066333223
0.276955028148
0.276880835326
0.276862288518
0.2767881075
0.276732478259
0.27667685461
0.276639775283
0.276602698442
0.27649148469
0.276380293304
0.276250597355
0.276139453805
0.275972787869
0.275861700853
0.275787654646
0.275602594109
0.275565586847
0.275436083486
0.275436079759
0.275380586572
0.275380582844
0.275269613866
0.275177157526
0.275121690432
0.275066228928
0.274973806136
0.274789008388
0.274715106311
0.274641213553
0.274641209825
0.274604267174
0.274511922038
0.274456522039
0.274290368635
0.274290359937
0.274253440893
0.27417961026
0.274105790188
0.274031981298
0.273958180485
0.273902836398
0.273847497903
0.273755280123
0.273681517207
0.273663077875
0.273663074148
0.273607759881
0.273552451205
0.273423420616
0.273349701807
0.273312846131
0.273202297739
0.273128609372
0.273018098255
0.272944434117
0.272723529299
0.272613097701
0.272557889668
0.272465890569
0.272355511778
0.272318723197
0.272226763236
0.272171594342
0.272116431039
0.272006123071
0.271914215916
0.271877457155
0.271822323672
0.271748821059
0.271675329007
0.271620216025
0.271565109256
0.271510007457
0.271473276031
0.271399820633
0.271399816905
0.271363092934
0.271308011636
0.271271293877
0.271197866435
0.271142801911
0.271142798184
0.271142779546
0.271087720613
0.27094093034
0.270940881882
0.270867499171
0.270812468194
0.270775783982
0.270684084947
0.270610736404
0.27057406586
0.270427415368
0.270372429121
0.270317448466
0.270317441011
0.27031743542
0.270207492747
0.27020748467
0.270115881929
0.270024294718
0.269969349474
0.269914409821
0.26985947576
0.269786239042
0.269749624411
0.269694707123
0.269676402603
0.26962149277
0.2695116905
0.26945679744
0.269456793713
0.269456788122
0.269456784394
0.269456780667
0.269456775075
0.269456771348
0.269383589921
0.26938358433
0.269328704317
0.269255540286
0.269164099069
0.269164095342
0.269164091614
0.268962996606
0.268889881653
0.268853327904
0.268780227861
0.268780219164
0.268780207981
0.268542729447
0.268506199305
0.268433146478
0.26837836338
0.268341844421
0.268305327947
0.268195794678
0.268141035809
0.268104533003
0.268031534845
0.268031531117
0.2679585429
0.267922052518
0.267922048791
0.267812596284
0.267703166143
0.267703158066
0.267703154339
0.267703150611
0.267630207124
0.267630199669
0.267557266121
0.267557262394
0.267557258666
0.267557234437
0.267557217664
0.267484294056
0.267484290328
0.267484275418
0.267484266721
0.267411353053
0.26732022681
0.267320210658
0.267320172762
0.267265503353
0.267265499625
0.267156178824
0.267156166399
0.267083297461
0.267010438463
0.266955800738
0.266955797011
0.266882955408
0.266828330729
0.266755506522
0.266646290711
0.266591690261
0.266427929292
0.266391543281
0.266391535826
0.266318771258
0.266264204356
0.266191457183
0.266191443516
0.266191425499
0.266118688888
0.266064142487
0.266009601677
0.266009596086
0.265918707782
0.26591869225
0.265918688523
0.265918684795
0.265845985459
0.265791467014
0.265718784451
0.265555291863
0.265555278195
0.265555274468
0.265555263906
0.265482613649
0.265482609921
0.265482603709
0.265391805486
0.265319177594
0.265228407327
0.265137652592
0.265083206834
0.264992476949
0.264992473221
0.264938042372
0.26493803616
0.264865470392
0.264865462937
0.264774770327
0.264774755417
0.264774749205
0.264702205802
0.26462967234
0.264629644384
0.264629635686
0.264575242112
0.264575238385
0.264502722317
0.264502707407
0.264412078165
0.264357706956
0.26428522133
0.264194627499
0.26419461818
0.264158384996
0.264013479597
0.26395914939
0.263796196047
0.263741888206
0.263705686084
0.263669486448
0.263633289297
0.26357899823
0.263524712753
0.263361894221
0.263325718193
0.26325337359
0.263199121661
0.263144875324
0.263072556193
0.262982171102
0.262783378447
0.262729174976
0.262693042435
0.262584661585
0.262530478615
0.262476301237
0.262386018031
0.26238601244
0.262313797679
0.262205494485
0.262151350654
0.262097212414
0.262043080387
0.261952872352
0.261916793238
0.261862679227
0.261808570808
0.261754467979
0.261664309644
0.261556141262
0.261520089484
0.261466017096
0.261375909704
0.261249784702
0.26119573965
0.261105678851
0.261033639904
0.260961610897
0.260925600121
0.260871588616
0.26078158373
0.260763584244
0.260655601616
0.260619611962
0.260547640731
0.260529649321
0.260421715772
0.260349771876
0.260295820011
0.260241873738
0.260205912662
0.260133998586
0.260062093829
0.260008171784
0.259936284422
0.259900344468
0.259846439197
0.259720684461
0.259630877132
0.259594958301
0.259523128715
0.25937950247
0.259325651248
0.259289753539
0.259253858316
0.25920002014
0.259164131129
0.259110302272
0.259056479006
0.258984723349
0.258948849248
0.258841245582
0.258733662418
0.258679878912
0.258626100997
0.258572328053
0.258536482529
0.258482718903
0.258446879592
0.258393125285
0.258339376569
0.258285633445
0.258196074616
0.258142346402
0.258142342674
0.258106526971
0.258088620051
0.257981195306
0.257820100743
0.257766411667
0.257730622056
0.257623269997
0.257587490326
0.2575338261
0.257533800008
0.257426490815
0.257229818488
0.257176190916
0.257140442307
0.257086824054
0.257051081658
0.256979604942
0.256908137545
0.256908133818
0.256872403847
0.25681881355
0.256711653457
0.256604513866
0.256533098654
0.256497394775
0.256443843617
0.256408145951
0.25637245077
0.256283225553
0.256176174801
0.256122657811
0.256015640606
0.255890817745
0.255694734363
0.255623445886
0.255267237092
0.255213814533
0.255142593151
0.255089183638
0.255017980272
0.254982382006
0.254946786226
0.254893397214
0.254857807645
0.254804427952
0.254679900806
0.254590969441
0.254377614057
0.254324284685
0.254324278472
0.254270954692
0.254164325768
0.254093251623
0.253968897184
0.253915610678
0.253862329764
0.253826812261
0.25366702046
0.253578266151
0.253542768528
0.25350727339
0.253454035342
0.253400802885
0.253347576019
0.253294354745
0.253258877002
0.253116993363
0.252797969509
0.252727086087
0.252691648104
0.252638495788
0.252603064018
0.252496789828
0.252479078602
0.252443658013
0.252372824292
0.252319705524
0.252248889819
0.252195784097
0.252142683966
0.252054198038
0.252001112817
0.251948033188
0.25189495915
0.251824204327
0.251788829711
0.251718087935
0.25164735672
0.251594314365
0.251558955902
0.251382210801
0.251311526801
0.251205519749
0.25117018862
0.251081872293
0.251046549862
0.250993570875
0.25094059748
0.25083467119
0.25071111568
0.250587589368
0.250552301727
0.250446454958
0.250411177257
0.250340629932
0.250252460841
0.250217196808
0.250164305417
0.250111419618
0.250093792261
0.250023289666
0.249952796389
0.249899932955
0.249811839657
0.249706149442
0.249582872873
0.249442027344
0.249354015429
0.249301215363
0.249266018425
0.249195632625
0.249142849332
0.24909007163
0.24903729952
0.248984533001
0.248949358428
0.248914186339
0.248773529049
0.248720790487
0.248668057515
0.248580182897
0.248457186511
0.248422049213
0.248369347925
0.24829908886
0.248263962745
0.248176160191
0.248088371927
0.24803570605
0.248000598572
0.247877743832
0.24782510032
0.247790007752
0.24773737356
0.247632124433
0.247579507635
0.247526895807
0.247456755401
0.247334037336
0.247053675133
0.247018637235
0.246878512977
0.246773446498
0.246720920403
0.246580884985
0.24651087939
0.246423386219
0.246318420382
0.246265942745
0.246265933426
0.246178483743
0.246126021015
0.246073563879
0.246021112334
0.245933706759
0.245898748381
0.245846315473
0.245793888157
0.245654115528
0.245601709334
0.245514377688
0.2453746852
0.245322308205
0.245252480909
0.245235025638
0.245182663553
0.245043059903
0.244955827036
0.244886052547
0.244851168719
0.244781409139
0.244746532766
0.244711658878
0.244659352706
0.244572188797
0.244519897535
0.244485039799
0.244450184549
0.244415331784
0.244328212606
0.244241108959
0.244241103367
0.244188847516
0.244154013388
0.244084352587
0.244084346996
0.24397987816
0.243945058942
0.243945057078
0.243892832911
0.243858019905
0.24378840197
0.24375359642
0.24361440466
0.243510036466
0.243457859513
0.24342307757
0.243336135449
0.243283976512
0.243231823167
0.243179675414
0.243144913351
0.2430406458
0.242988518547
0.242971144039
0.242901652218
0.242866910035
0.242832170337
0.242780066071
0.242727966775
0.242658510365
0.242606424115
0.242554343457
0.242502268389
0.242484911276
0.242432843663
0.242380781642
0.242276676859
0.242224631611
0.2421379032
0.242103215687
0.242051189077
0.241981828961
0.241929815397
0.241877807425
0.241825805044
0.241721820783
0.241704491626
0.241704477958
0.241669821508
0.24166981778
0.241635163815
0.241583187526
0.241531216829
0.241531175826
0.241531172099
0.241479206993
0.241444566695
0.241444562967
0.241444541845
0.241340637725
0.241306007367
0.241305996806
0.241305987487
0.241202113188
0.241184802668
0.241132874837
0.241098259389
0.241046340877
0.240977125512
0.24089062013
0.24082142713
0.240752245313
0.240631201518
0.240510190649
0.240389205251
0.240285527266
0.240164600887
0.240078241498
0.239802042293
0.239767522518
0.239767518791
0.2397330015
0.239681230224
0.239629465161
0.23959495781
0.239543201444
0.239491451291
0.239439706107
0.239405212425
0.23935347656
0.239301746286
0.239250022225
0.239181065301
0.239129353665
0.239043180651
0.238939794654
0.238888109111
0.238836429159
0.238767531874
0.238733086649
0.238698643909
0.238612548551
0.238543682951
0.238492040274
0.238440403188
0.23835435753
0.238302735354
0.238268323677
0.238147904859
0.238079106975
0.238027514619
0.237975927854
0.237872772341
0.237838391726
0.237804013596
0.237769637951
0.237718079142
0.237649342762
0.237614978299
0.237529078636
0.237426020038
0.237305813688
0.2372543052
0.237237136947
0.237134141717
0.237082651867
0.236979689563
0.236825300155
0.236773843853
0.236722393142
0.236670948023
0.236619509115
0.236533788993
0.236482364375
0.236396670966
0.236310993089
0.236225330743
0.236139683929
0.236139650381
0.236071143242
0.236036893089
0.236002645422
0.235934158163
0.235882798776
0.235780100503
0.23572875789
0.235643199914
0.235608980824
0.235574764218
0.23552344397
0.235523440864
0.235472126207
0.235352415615
0.235301119595
0.23530109723
0.235249806802
0.235215616289
0.235130152122
0.234976362842
0.23494219221
0.234890941542
0.234805535772
0.234771377564
0.234720144912
0.234651843407
0.234600623802
0.234549409787
0.234515270217
0.234446998532
0.234361673525
0.234310485603
0.234242243738
0.234156956006
0.234105790449
0.234037579025
0.233952328568
0.233884139509
0.233833003772
0.233781873626
0.233747789969
0.233747778786
0.233713697614
0.233645543345
0.233594433701
0.233526296827
0.233492231807
0.233441138936
0.233424109222
0.233373023806
0.233287894493
0.233236823987
0.233185759073
0.23313469975
0.233100663307
0.233015584937
0.232862488972
0.232658441782
0.232607440235
0.23255644428
0.232522450082
0.232471463445
0.2324204824
0.232284569599
0.232199639086
0.23214868786
0.232097742226
0.232097731665
0.232097728558
0.232012832214
0.231944926445
0.231910976978
0.231826116045
0.231724304917
0.231690371602
0.231639476911
0.231554664435
0.231503784032
0.231435952192
0.231385084835
0.231317270391
0.231317256723
0.231232503266
0.231130820738
0.231012223426
0.230978342296
0.230927525261
0.230656614139
0.230605832515
0.230470448398
0.230419687275
0.230368932364
0.230267439938
0.230013815107
0.229980007285
0.229929300211
0.229861699476
0.229811005448
0.229777212536
0.229743422108
0.229557627253
0.229473196847
0.229405663207
0.229371900115
0.229321260135
0.229253748861
0.229203121928
0.229152500586
0.229118756131
0.229051274677
0.229000670109
0.228950071132
0.228933206049
0.228899477747
0.228848889953
0.228815167863
0.22879830775
0.228747731138
0.228663451074
0.228646596552
0.22854548371
0.228360175916
0.228292806286
0.228242285587
0.228208608227
0.228124427563
0.228057093345
0.227939283158
0.227855151572
0.227804679331
0.227771034276
0.227737391706
0.227686932511
0.227653296154
0.227569216754
0.22750196454
0.227434722267
0.227367489934
0.227149085648
0.227149080057
0.227098686093
0.22704829772
0.226947540233
0.226947534642
0.226913952955
0.22677965789
0.22671252185
0.226678957558
0.226595058942
0.226511175235
0.22642730706
0.22632668687
0.22627638423
0.226226087181
0.226159033146
0.226125509857
0.226075229581
0.226041712504
0.226008197912
0.226008194806
0.225974682698
0.225874163151
0.225606240243
0.225606236515
0.225388661599
0.225305001543
0.225271541621
0.225204629853
0.225171177386
0.225121003965
0.225070835515
0.224987234478
0.224953798163
0.22488693361
0.224803366742
0.224736524554
0.224686399591
0.224652985641
0.22456946226
0.224519355314
0.224435858025
0.22436907175
0.224268911906
0.224218838507
0.224185459347
0.224135395267
0.224085336778
0.223968557866
0.223918518636
0.223885161842
0.223851807532
0.223818455708
0.22376843263
0.223718415144
0.223668403249
0.223635065091
0.223568396853
0.223485075379
0.223435089576
0.223385109986
0.223335135366
0.223285166337
0.223251856758
0.2232352029
0.223201897048
0.223151942929
0.223118643289
0.223085346135
0.222968828148
0.222902258689
0.222852338118
0.22283569917
0.22276914959
0.222702610572
0.222652712366
0.222586190743
0.222552933349
0.222486426636
0.222419929863
0.222253742911
0.222203895026
0.222154052733
0.222120827643
0.222120821431
0.222037771442
0.22200455505
0.221938129721
0.221888317247
0.221805309504
0.221772110507
0.221622753849
0.221572976786
0.221523205315
0.221440265909
0.221407094247
0.221291014242
0.221208119566
0.221125239801
0.221009234967
0.220959526863
0.220959523136
0.220909820623
0.220860123702
0.220760748497
0.220727627778
0.220661393794
0.220661390066
0.220611721101
0.220562057728
0.220512399945
0.220495848594
0.220413101776
0.220330371731
0.220280740041
0.220181495299
0.220131880383
0.220131872307
0.220032662976
0.219983064834
0.219983057379
0.219867350745
0.219735154884
0.2197021112
0.219669070001
0.219487394657
0.219421348911
0.219371819728
0.219338803378
0.219223271937
0.219140765543
0.219091268043
0.219041776135
0.219008784635
0.218975795621
0.218942809091
0.218893333957
0.21886035364
0.218777914341
0.218728457843
0.218679006937
0.218646042773
0.218596601186
0.218596597458
0.21851420848
0.218464781803
0.218415360717
0.218349474633
0.218283599111
0.218184804775
0.218151877886
0.218102492211
0.217905033381
0.217822774865
0.217789875311
0.217756978242
0.217707637297
0.217641858689
0.217608972803
0.217576089401
0.217493893632
0.217378844902
0.217345978895
0.217230971168
0.217198116344
0.217132414771
0.217050302871
0.217001042067
0.216951786855
0.216918953153
0.21686970726
0.216689191791
0.216656377969
0.216590758401
0.216426758872
0.216377568891
0.216344778677
0.216279207567
0.216164480024
0.216098934385
0.216017018179
0.2159842553
0.215951494905
0.215869608519
0.215771362126
0.215705876749
0.215689506802
0.215656768773
0.215574936435
0.215542207103
0.215493117765
0.215444034018
0.215362240819
0.215280464394
0.215231404876
0.215100616148
0.215067922848
0.215035232034
0.21496985786
0.214969854133
0.214969850405
0.214904486793
0.214871808404
0.214806459702
0.214741120939
0.214692122925
0.214479896974
0.21443092878
0.214381966176
0.214365646551
0.214267742467
0.214267733148
0.214202476391
0.21416985143
0.214120918646
0.213990462287
0.213941550005
0.213892643314
0.21386004196
0.213827443091
0.213778549446
0.213729661393
0.213729659529
0.213615615362
0.213534171305
0.213469026373
0.213371328544
0.213371324817
0.213241099563
0.213208547908
0.213159725087
0.213094637309
0.213094631097
0.213045821321
0.212964484741
0.212883163072
0.212850638752
0.21278559819
0.212736823826
0.212574300388
0.212493055132
0.21242806924
0.212363093287
0.212314367381
0.212281886549
0.212281877851
0.212233161263
0.21216821451
0.212135744861
0.212087045047
