44
754
40
159
3154
6589
36
2349
762
8440
3245
10348
2915
3
652
634
10512
116
405
2839
7
654
2847
176
424
2868
102
210
9970
6620
753
629
2103
948
17285
1877
2934
11630
650
2261
833
3063
212
554
1891
2836
9952
5310
229
1076
5215
2809
6991
651
1901
15606
853
6595
1168
927
108
8385
2971
42
4902
10542
646
2966
80
760
6050
1082
2625
349
3596
6677
49
747
8479
8379
568
4532
1786
20349
730
1430
1898
168
2344
1559
7358
658
6365
1910
9405
553
7441
773
1505
8500
1936
11799
1866
2903
3618
226
6640
3124
680
1895
29
3256
4545
2876
264
1791
6191
42847
5699
7528
1302
10963
2874
6664
2168
324
6785
7778
740
3158
9530
2840
8917
13213
307
1100
7155
50183
1956
8031
759
1863
37
385
970
28481
7307
7844
4871
30
123
2009
14657
149
3384
11948
2283
4841
7183
1307
2232
7642
1771
2180
237
446
7084
8428
9416
6948
13142
5656
26
2130
16494
7524
11140
21854
11558
208
782
3458
6121
8474
2007
7648
12583
2885
157
217
13097
37901
55294
15159
17607
697
10969
11277
22500
3739
9663
207
4618
13589
620
636
1449
2842
5591
1933
20050
5668
7406
2176
3427
5670
8947
10877
746
3710
639
5655
13599
1864
7546
8337
9577
23322
8308
37365
12
2207
17050
35
1777
1542
18980
3415
1451
2218
4840
2157
3362
109
433
719
7008
14283
236
1878
3523
6316
9923
13403
1914
2938
10509
13438
6782
14207
8483
13826
8231
2044
8493
638
2843
2920
13835
1875
3212
3341
10532
11378
11692
317
6205
298
1622
3128
8217
10685
75
2386
5684
11931
145
3160
11204
28956
220
2318
5430
6687
13816
83
5642
27245
223
1883
2177
3056
47
8082
8946
16265
1452
5575
7227
11739
1083
1158
5819
7260
9725
2910
16809
1998
2001
6977
36027
1080
2810
4613
28859
180
1843
3007
3085
3180
16266
238
736
878
11208
493
1074
5090
7148
12038
641
4786
9009
303
1854
2821
2901
4090
9595
22950
250
1314
1955
9982
10902
11527
29603
449
7521
20386
9954
19451
248
1867
8013
8056
15946
31533
15309
6615
13285
173
959
7318
7572
16500
1911
3218
802
15034
11
156
2962
8467
10554
25062
755
1984
2895
7362
9580
876
4023
11003
7669
11017
15088
436
6256
7670
11050
20930
21776
17
320
6203
31763
182
8191
9421
13596
1143
1872
1931
1978
3638
6223
7411
8906
9520
301
731
2553
3324
7537
11559
2045
4960
6957
8820
12620
27058
44981
7560
29479
661
969
6621
6787
10346
10991
11577
15543
16728
351
2068
5210
7112
7206
9587
14275
15251
2201
2278
7256
13170
13228
679
1159
6896
8478
9111
11490
14294
15128
160
280
1142
1170
1876
1970
5902
13429
7375
8503
16722
18243
30377
887
1431
2871
13848
37699
676
2279
2879
8941
13110
20139
32563
9
623
647
2189
3348
5221
14039
14942
170
219
5432
6208
6587
7170
7870
1093
1513
2262
7607
13
209
1847
2175
2873
7098
7114
7527
19109
2034
2354
7583
11856
13108
15048
24822
174
1386
2929
4622
5408
5598
6612
7153
11177
112
195
474
2944
6683
10333
10650
42102
144
189
738
1315
3089
4087
5632
6217
10551
191
3259
5708
6923
7911
8696
10494
10835
28350
1770
1798
2194
2853
2865
3062
5146
8425
9749
22948
1139
2392
3924
5724
9109
10334
20165
22257
653
888
1971
7987
8329
13436
15947
20032
4985
8262
22495
147
1578
2379
3778
5270
9911
11260
11987
13442
32349
721
3182
3662
5714
25688
3885
6648
8427
8473
11593
14547
17830
20148
2841
3084
4249
4659
6318
7385
7549
18647
19700
6629
8544
11051
28131
686
1521
2400
2812
2849
3767
6908
8821
8923
9242
11183
11946
12087
26250
23
5206
7467
12230
29477
41309
42236
47758
55578
467
1699
2222
2276
3055
3186
4655
5208
11584
15220
35375
677
922
2077
6652
7103
7518
8913
16240
21
45
1146
2073
8902
9154
10086
11612
14912
18529
21591
9740
12094
1067
1240
2339
2389
2428
3637
8521
8715
24580
5
10
214
655
745
1961
2051
3761
8255
14951
15726
51628
76
152
211
1815
1987
4690
5154
7758
9402
13265
28816
37983
38517
824
1718
3189
6580
6598
11568
14230
25106
412
835
1701
7025
11261
16317
5629
7632
8897
13202
16028
25400
95
2217
2813
2970
3183
5211
5605
5665
5841
6533
8819
8933
13199
14814
19137
20324
29791
3122
3379
5694
8565
10488
12882
26557
627
1720
5592
5639
6776
7302
25153
35343
167
269
1949
2778
5400
9949
15271
16343
20323
23320
24032
18
1109
1805
2806
4630
6277
9041
9449
10238
11618
12253
13560
14077
148
1525
1721
2833
3333
4101
4548
5595
7824
10588
13105
24765
24814
36940
2235
2284
2352
2360
3109
6101
6711
6864
22741
25859
28846
44901
188
901
967
1507
2022
2896
3422
3801
7671
7686
7729
12833
17143
1097
1780
2016
2085
2198
2517
2924
5690
6382
11511
11699
11787
12053
13096
17558
23842
39556
621
1087
2507
2980
6193
6222
6906
8951
12577
15979
18590
21408
23929
370
2774
6915
6984
8165
18308
24211
2241
3216
4730
6109
6880
12037
15200
24438
26358
2398
3645
4334
5318
6884
7125
8214
8920
11139
15358
17058
2008
2215
3661
4423
5623
8617
9574
10339
11530
18649
21619
22425
32032
36237
40988
418
1889
2031
2850
2905
3131
4041
6145
6347
7692
9124
11730
12659
13636
27710
32699
34646
39048
4
1503
1531
1860
2932
5415
6196
6588
7937
8482
9114
9571
10895
14231
14265
14826
15714
17991
22372
23273
24084
32144
38908
42447
171
666
1094
2989
3146
6590
7179
9582
9785
10686
16430
17315
21606
27139
41323
45168
387
691
1393
1550
1913
2986
3439
3725
3992
4181
6905
7469
9315
10129
11358
12636
18316
20711
32107
977
1310
6220
6901
6904
7517
10564
12287
18250
19036
648
2024
2394
2946
3314
5285
6106
6233
8111
9562
10842
11583
13301
20932
27312
29056
37773
43573
79
582
2900
3006
4629
4846
7696
10205
11951
11955
15348
17497
22490
24168
34477
375
417
1557
3350
6727
11531
15895
16730
17225
25862
1138
1418
2807
3376
3381
5663
5791
6115
7122
9334
11374
11431
11899
18811
28836
6
234
1447
2032
2182
2477
3317
3503
5378
6340
9619
11755
13340
13908
18949
21023
21358
27709
31020
49598
344
1999
2030
2149
2264
2820
3024
3813
6204
7379
9332
10872
11533
11720
13909
17291
17695
18020
18654
20147
25853
27994
32209
19
262
1785
2036
2403
2974
5308
7272
8032
9552
10458
10586
11343
11968
14160
14237
14654
16565
21575
28815
30268
3045
4383
6195
7347
7551
8934
11556
13453
19271
27407
31921
49417
225
255
267
362
657
1329
1443
2987
3846
4862
8125
8164
9221
10138
12959
16724
24036
32245
503
546
1069
1909
3029
3108
3998
5021
5823
7000
8781
11939
12001
12632
13158
17314
22414
24206
27980
29976
31901
44688
183
419
2137
2524
3337
5155
5226
7282
8470
11198
11514
12548
13264
14897
27979
31434
282
589
1149
1590
3099
3784
6215
6605
8834
8894
10320
11217
12317
13821
17672
18007
20395
32383
34413
127
240
854
1110
2134
2340
3344
3861
4617
5437
5636
5715
5728
7033
7205
7846
8541
8622
10208
11373
14787
15832
16588
17063
20881
22658
30598
36410
56576
886
1915
4627
4795
5647
7873
8900
9018
9593
10066
11765
12089
17379
29627
33747
34145
42618
199
263
413
431
2161
2303
2337
2837
3394
4012
5815
7473
7755
7789
7865
9189
10638
10850
16198
23796
46825
572
834
1543
1756
1967
2003
2221
2327
2878
3233
3401
3421
4639
6188
8243
9972
10548
11674
12663
12875
14120
14261
18340
18974
22071
23151
28433
32200
34645
38118
2
1511
1994
4999
5422
5646
6917
7315
7545
8115
8117
8465
8496
10173
11022
12120
13232
14151
17706
17718
18774
25447
25585
30518
31568
31830
32151
35212
2101
3835
4570
5691
8025
8408
8799
12553
20044
25295
26230
29103
42808
50
490
1446
1986
2908
2978
4037
4889
5662
5746
7277
8222
11670
12357
18715
19851
25592
25689
26138
26634
42091
200
1165
2255
2870
5638
6240
6279
6303
6329
7187
7230
7296
7438
7575
7662
8075
10315
10483
11507
12525
15630
16559
20036
22291
24722
33875
1092
1257
2256
3018
3864
6280
7111
7445
7685
9738
11268
12071
12328
13051
14345
14571
19400
21607
24824
25670
30689
46275
336
908
1568
1695
4542
5887
5901
6663
6918
7483
8002
8039
9135
9240
13546
13576
14549
15904
17309
18140
18322
18417
25839
26713
33321
389
1693
2133
2805
2884
2906
3048
3425
3815
4234
4567
5019
5732
7210
7746
8052
8578
8706
8938
9112
9463
9721
10196
12437
13907
14200
15585
15850
18263
20367
21446
22675
27140
41288
44797
31
150
151
163
3237
5657
7437
7457
7503
8889
9497
9566
10254
10947
11624
11641
12133
14611
15421
16137
16345
18128
19902
21173
30951
42328
756
1155
1387
1528
1533
1554
1586
2014
2358
2573
3847
5095
5617
5659
8240
8509
8990
10024
11824
11864
13366
13415
15067
15635
16849
17753
19865
20790
20977
24391
30616
30757
36363
36979
37619
53014
53608
41
56
77
88
190
246
299
1880
2542
3073
3173
3358
4559
4691
5518
6064
7126
7223
7683
9208
9635
15964
19125
21075
22563
24843
25219
26718
28042
29515
33070
37696
42466
42848
300
327
706
1353
1410
1714
1945
1950
1989
2038
2132
3037
3153
3175
3284
3426
5041
5418
5760
7360
8985
8988
9601
10412
10852
13537
14054
14266
22575
32809
35243
241
662
892
1917
2209
3103
3221
5754
6286
6825
7237
7515
8283
8688
9868
9973
12167
12414
12838
16777
17240
18769
21418
21775
22509
32149
32418
35319
38196
41409
295
1501
3215
4647
4771
6107
6961
7872
7941
8507
8704
8926
9027
11334
12352
13356
14468
16244
16454
18587
21553
22142
24338
24595
28366
28457
37490
154
161
722
1645
1997
2257
2404
2701
2922
3219
3711
5493
5734
7162
7603
8227
8748
9059
9355
10366
11549
11967
12594
13178
15046
15570
15685
16595
21596
24603
27274
27592
28623
34971
37834
38543
41873
42846
277
624
1164
1886
2366
3372
4988
5364
5414
5761
6230
6756
6792
7419
8041
8475
8978
13647
17239
20900
23391
24446
30997
31155
38
43
65
386
557
656
2164
2253
2365
2869
2992
3147
3417
3742
3869
5084
5472
6117
7699
8915
9030
12244
12468
12788
13727
15114
15139
16202
16719
19143
20029
20167
20697
21728
26405
28006
28574
29161
32258
143
415
950
1077
1318
2000
3061
3228
3545
3698
5012
6186
6263
7636
7690
7735
7928
8979
9002
9026
11001
11842
12019
12069
12774
14614
14768
16197
16375
17107
18645
21039
24826
28167
29395
576
1703
5444
6351
7797
8289
8292
8297
9673
10378
10968
11122
11192
12519
14068
17366
22440
23837
25275
25330
27202
28563
32396
34813
40043
41152
48095
61
564
570
1520
2195
2272
2321
2606
2858
3025
3036
3135
3330
3678
4843
5466
6120
6187
6791
7224
7428
8035
8092
8377
9290
9975
10281
11723
12627
12732
18333
18588
20140
23637
24454
26371
28331
31051
35680
66
297
630
947
993
1079
1603
2146
2377
2536
2882
3788
3790
5219
6306
7082
7298
7882
8472
8844
8873
11536
11764
12902
13132
15409
16205
16751
20078
20256
20423
20644
23237
27797
31963
32251
32476
45186
34
289
716
1160
1775
2174
3311
3434
5274
5599
5618
5994
6826
8171
8486
8506
10058
12043
12100
12179
18475
18755
21382
22595
23893
25991
30302
32219
33641
34554
35979
268
590
963
1558
1725
1873
2424
2449
2933
3118
3511
3519
4774
4987
5548
6650
6847
6933
7851
10630
11732
11996
12054
12138
13035
13400
17245
18494
19366
21166
23562
28611
32926
36012
36555
40490
52144
53520
62
87
883
1519
1563
1625
1782
1902
2186
2976
4772
5473
5695
6053
6341
6940
6943
7407
8054
8490
8611
8962
9167
9390
9567
9575
9847
10603
11265
11436
11960
12395
14527
17983
18398
18927
23512
27337
35213
49484
15
158
162
896
1182
1658
2163
2375
2965
3210
3668
4034
4612
4916
5375
6130
6174
7435
7485
7885
8256
8469
8574
8583
9116
9148
11847
12239
13399
14434
16696
17996
18036
21827
23377
32977
39512
0
14
24
27
915
1459
1530
1874
1930
2236
2246
2911
3796
3919
4628
4710
7649
8030
8601
9615
10044
10356
10673
11626
12386
13031
13099
14238
15202
16170
19498
20440
23933
26196
33763
34622
37077
38025
38897
47668
54335
51
78
254
818
1247
2268
2825
2872
3204
3653
3672
3891
4283
5726
5747
7271
7570
8011
9001
9155
10271
10423
10446
10698
10776
11220
12331
15049
18492
19903
20051
20572
25935
27698
28152
28612
29869
31795
32917
47213
140
218
794
945
2421
2916
3081
3149
3518
4915
5718
6275
6513
6805
7034
7796
8099
8454
8618
10353
10535
10552
10912
10959
13772
14855
18267
18372
18857
20082
25616
27320
28829
43686
45030
50435
235
253
486
491
511
577
670
836
1005
1029
1148
1151
1264
1455
1795
2288
2410
2455
2472
2557
3470
3950
4018
5589
5637
6582
6886
6907
7647
7684
7906
7990
8548
9134
10495
11035
11698
12898
13209
13335
13768
14067
14181
14411
14484
15333
17642
17835
18418
19369
21470
21490
21666
24599
32164
32255
37078
47340
50859
279
1205
1973
2473
2902
2990
3241
3703
4582
4681
5377
5680
5770
6269
6694
6738
6770
7011
7243
7417
8537
8969
8981
9019
9104
9244
9877
10347
10456
11532
12203
12576
13379
13990
14329
16769
18961
19794
20551
23079
23895
26669
27586
27996
31203
31289
32671
42700
47101
49030
124
603
668
1004
1099
1120
1776
1868
1881
1974
2093
2111
2141
2454
3232
4764
5532
5622
6823
6870
7143
7677
8150
8495
8843
9649
10911
11052
12299
13039
13446
13481
13539
13717
15428
16655
19044
22165
23222
25457
27466
29183
29585
31436
43818
44869
460
1659
2062
2219
2230
2260
2263
2356
2493
2598
2822
3395
3743
4819
5083
5982
7116
7152
7587
8768
9025
10337
11015
11566
12554
13023
13155
14193
14559
15591
16510
20225
21176
23452
23713
25488
26295
37105
40079
41588
44885
281
378
628
674
749
1403
1454
1465
2160
2183
3052
4171
4533
4964
6073
6197
6253
6636
6852
8306
10293
10392
10448
11300
11321
11743
13459
14354
14458
15267
18597
18657
18676
18999
19787
19981
22573
24696
24721
26686
31160
31829
33928
35354
36579
51146
243
644
717
1192
1290
2066
3309
3479
4005
4648
4851
5271
6018
6604
7262
7434
8074
8270
8380
8485
8757
9165
9417
12112
13795
13847
17209
18640
19082
19246
19566
25446
25581
25706
27606
27707
27728
33923
36956
37202
37368
43288
43921
49295
101
560
1239
1491
1587
1794
2328
2510
2958
2969
5209
5367
5767
6110
6381
7479
8212
8767
8999
9319
9329
10916
11274
11538
13900
14012
15375
17104
21044
22505
24659
25453
28659
29185
30002
32275
32623
35967
36021
36079
1012
2048
2055
2089
2994
3656
3749
3844
5438
5626
5785
6198
6234
6644
6992
7108
7602
8163
8216
8590
8871
8895
10163
10540
11491
11690
11920
12895
13468
13794
14164
14360
16140
16780
18206
18844
19106
19719
19827
24783
24999
25852
27812
28298
28335
29729
33405
36957
37761
44286
45508
293
567
614
625
752
1252
1413
1982
2265
2890
3071
3504
3688
3695
4217
4847
4961
5347
5628
5881
6209
6214
6320
6503
7123
7242
7519
7536
7701
7848
8295
8307
8588
8742
9013
9632
10477
10714
10809
10934
11441
11496
11964
12078
12197
12769
12869
13543
14015
14701
15133
15619
18113
18317
18419
19370
20979
21422
22087
22234
22459
24356
25249
26359
26716
27348
28432
31421
32732
33633
35162
35649
38739
40127
41474
43039
45405
46125
47768
48780
51103
53774
54154
54557
55669
56693
266
383
632
1662
1906
1948
2594
3106
3490
3719
3850
4543
5042
5281
5719
6952
6969
7088
7171
7331
8419
9823
10468
11731
11994
12572
12666
12877
13123
13483
13916
14092
14615
15721
16183
16218
17069
17403
17578
18736
21918
22116
23379
26614
27555
32039
32591
32805
38440
40541
53496
99
537
1154
1567
1697
1709
2052
2281
2917
3206
3690
5213
6225
6249
6290
7695
8004
8754
8973
9659
10374
10600
11034
11808
11988
12293
12783
13014
13113
14737
15253
18880
19046
21668
22121
22635
24530
24667
24850
27537
32980
36970
38997
51218
633
1003
1156
1185
1190
1570
1667
2094
2636
2818
2880
2887
2907
3134
3200
3247
3409
3889
3946
4631
4678
5317
5428
5434
5594
5619
6237
6331
7240
7349
7416
7703
8112
8180
8234
8875
9064
9458
9719
10030
10103
10658
10966
11227
11340
11603
11774
11783
12218
13019
13478
13929
14778
15142
15441
16564
17743
18482
18506
19329
20376
21091
21213
22044
22186
22362
28020
28959
29906
30207
43121
44502
47820
49447
97
105
230
880
1285
2002
2248
3270
3290
3939
5199
6201
7001
7403
7493
7931
8144
8303
8735
9068
9379
9532
9542
10492
10622
11452
11875
12161
12878
13580
13853
14663
15722
16743
17205
19809
22452
23621
24155
24918
25532
26363
28639
30372
33044
39001
42360
42364
46643
50279
1444
1696
1900
1946
2050
2140
2347
2682
2857
3074
3340
3706
4663
4665
4825
4886
4991
5152
6118
6335
6879
7376
7997
8040
8145
8909
9110
10380
10653
11092
11215
11278
11655
12076
12575
12778
13725
13935
14186
14538
14947
14971
17096
17313
17797
18867
19664
19749
20792
21321
22799
23049
23666
23667
24613
25759
26032
27309
29136
29173
30484
31658
39172
43646
43822
47882
54049
667
981
1213
1497
1711
1924
2041
2345
2359
3070
3227
3492
3883
4865
5294
5315
5798
6368
6736
7594
7611
8135
8136
8272
9223
9741
10355
11599
12767
13951
14183
14653
16040
17089
17943
18897
19190
21701
21977
23896
24006
26004
26114
26561
27622
27689
32822
32894
32939
34225
34603
39817
43711
55523
129
232
597
973
995
1117
1309
1573
1932
2332
2707
2827
2848
2883
2893
3378
3398
3445
3730
4359
5667
5955
6863
6959
7032
7190
7402
7579
7734
7841
8686
8950
9235
9366
9748
10435
10644
11421
11977
12265
12569
12631
12691
12990
13416
14725
17045
17321
19486
20525
22423
22572
25026
25100
29192
30129
31303
42023
42251
54
1394
1398
1545
1553
1584
1814
2042
2968
3198
4809
6057
6067
6168
6284
8066
8459
8580
8740
8942
9918
10243
11214
11523
11682
11836
12675
12961
13837
13971
14083
15080
15244
15445
16503
18006
18797
19219
19754
19795
20067
20893
22317
22839
22952
29193
30244
30747
33536
34394
36108
38786
39321
41469
41997
49656
98
905
1546
1637
1685
2015
2100
2128
2457
2519
2930
3380
3407
3558
3604
3762
4581
4784
5227
5496
5687
5964
6061
6248
6291
6310
6570
6994
7576
8466
8553
8693
9149
9563
10085
10091
10372
11199
11775
13474
13538
13718
14094
14386
14736
15453
17105
17435
18664
21121
22294
22558
23460
29320
29494
29561
29931
30701
31134
31473
32393
33645
33790
34842
37268
38060
40414
275
447
1429
1518
1800
1959
2443
2501
2506
2829
2912
3163
3231
4994
5010
5094
5697
5731
6213
6362
6909
6973
7270
7372
7462
7506
7604
7790
8151
8471
8568
10395
11335
12333
12429
12977
12999
13020
13287
14040
14105
14316
15326
16260
16273
16645
18188
18214
18731
21603
22104
23450
25798
27591
28664
28932
30428
31985
32199
37981
41158
42603
44434
51342
51458
16
134
178
1179
1717
1783
1957
1972
2135
2297
2618
2925
3079
3098
3251
3346
3354
4997
5018
5312
5700
5733
6321
6359
6860
7465
7488
8049
8755
8918
8957
9017
9578
9621
9683
9729
10950
10973
10990
11703
12235
12808
13431
15386
17595
17793
18123
18375
18414
19113
20058
20357
21948
23213
23601
25358
26717
28138
29057
29563
29753
31599
32470
33327
34924
46274
46519
47999
49796
193
376
484
562
663
703
1480
1995
2092
2717
3114
3139
3396
3406
3443
3631
3763
4312
4644
4676
4736
5132
5195
5246
5565
5753
5913
6603
7048
7250
7562
7626
7691
8020
8152
8274
9003
9062
9128
9214
9730
10131
10272
10397
10930
11519
11866
12490
13204
14575
17633
19239
23658
28332
29630
29778
30379
30418
31525
33228
35289
36032
39026
45704
50648
51856
527
626
1207
1303
1660
1992
2436
2718
2991
3141
3166
3289
4093
4723
5049
5625
5649
5927
6074
6311
6628
6833
6964
7986
8134
8879
8922
8959
9129
9611
9961
10354
10414
10681
11756
12276
12491
12720
12796
13466
13517
13640
14127
14735
15668
15723
15736
15968
16181
17294
17327
18502
19721
20134
20450
24289
25531
26598
26962
27526
28084
28917
33863
34637
41947
50631
249
265
305
315
354
1072
1075
1448
1540
1594
1940
2059
2117
2118
2371
3020
3148
3177
3209
3302
3507
5346
5412
6125
6238
6614
7150
7454
7526
7747
7814
8005
8311
8458
8538
9087
9243
9299
9604
9782
9914
10312
10619
10649
10970
12011
12109
13252
13921
13975
14448
15245
15469
15824
17300
17564
17817
21963
22187
22545
22893
24450
24743
25227
25415
26111
26476
26572
30663
31693
33150
33292
33575
34894
35391
36345
38090
38495
46365
56654
146
355
1571
1870
2295
2835
3142
3351
3452
3544
3654
3674
3828
4352
4657
4749
5014
5402
5450
5452
5564
5681
5966
6071
7191
7293
7337
7370
7501
8027
8060
8267
8848
9108
9487
9677
9803
10110
10221
11422
11888
11913
12013
12257
12785
13812
13824
14229
14812
15673
16406
16516
17211
19793
20475
21391
23150
23236
23618
24245
24853
25384
26448
26863
28841
29213
29609
29779
29827
30289
31417
32802
33852
34105
34736
37974
42329
42405
49918
50925
52421
125
724
1524
2597
3023
3104
3170
3236
3321
3323
3632
3686
3908
3923
4340
4649
4701
5582
5683
5907
6881
6954
6955
7281
7784
7899
7900
8001
8058
8291
8448
8903
9159
9274
9300
9373
9431
10076
10781
10880
11230
11456
11622
11777
12066
12528
12777
13116
13138
13401
13972
14170
14498
16095
17369
18302
18646
19705
19929
20527
21645
22533
22860
23502
23614
23926
26712
28498
30653
30840
31009
31050
32328
32951
37599
38475
40794
42593
46035
48218
89
132
1202
1249
1331
1562
1722
1919
1981
1988
2453
2483
3014
3467
3627
3874
3989
4066
4370
4537
4945
5003
5273
5596
5648
5654
5808
6032
6261
6795
6832
6960
7392
7523
7927
9388
9407
9408
9723
10186
10206
11036
12162
12294
12396
13045
13715
13793
14341
14362
14418
14557
14935
15503
15578
16920
17201
17208
17944
18228
18489
18716
19861
21109
23023
23735
23923
24166
24260
24832
25567
27102
28635
28805
28880
30705
32996
35070
36700
37945
42243
42434
42627
42977
44800
52550
242
381
593
714
768
1017
1288
1316
1345
1778
2005
2023
2302
2346
2405
2888
2918
2921
2995
3875
4003
4767
5216
5486
5842
5914
6192
6642
6816
6862
7629
7641
8140
8604
8653
8709
8953
9627
9629
10144
10976
11119
11462
11540
11812
11871
12337
12730
13448
13515
13942
14489
14570
14851
14946
14986
16718
17224
17446
17628
17791
18411
18944
19553
19884
22194
22548
22702
23651
23656
26545
26709
27034
28219
29118
30697
33376
33533
34767
36943
37180
41779
42387
42455
42911
42940
44782
46289
50850
58
169
184
227
291
569
1106
1141
1304
1698
1861
1888
1925
1939
2072
2299
2494
2789
2923
3133
3404
3574
3996
4434
4626
5288
5305
5530
5576
5802
6380
6912
7269
7507
7646
7675
7798
7817
7981
8298
8741
8842
8929
9141
9511
9870
10139
10344
10442
10614
11156
11255
11737
11927
12106
12695
13368
13920
14243
14393
15288
16448
16620
17279
17290
17805
18058
19325
21862
22471
23246
23928
25560
27179
28995
29749
30781
31706
32161
35483
38023
38616
42502
43013
46226
552
879
1391
1500
1560
1634
2102
2282
2305
2413
2528
2555
3065
3123
3388
3451
3599
3682
3853
4078
4541
4718
4776
5338
5404
5820
5919
5983
6314
6584
6618
6921
6928
7322
7510
8121
8352
8566
8898
9152
9305
9488
9612
9992
10974
11190
11222
12015
12458
12665
12903
13467
13654
13844
13849
14409
14665
15008
15184
15913
16467
16549
17373
17518
17734
17742
18294
18992
19155
22295
23146
23530
25052
26380
26954
28088
30078
30866
30936
31285
31315
31940
32709
33626
34148
38002
40129
43502
46926
47752
215
454
678
727
1869
1935
2162
2556
2633
2712
3447
3517
3753
3876
3897
4666
4712
4829
4990
5792
5962
6285
6356
7113
7532
7948
8051
8446
8912
9117
9804
10029
10187
10367
10955
11042
11704
12248
13098
13389
13554
13641
14172
14895
15655
16195
17241
17660
17731
17941
18179
18360
19311
19323
19628
20190
20794
21248
21353
21736
22612
22842
23024
23311
23361
23629
24355
24828
25976
28918
29351
30248
30945
31111
31810
31890
33282
33658
35228
37547
38876
39761
40838
43224
43483
44100
44920
47864
49443
52207
54437
1
32
60
563
928
1013
1253
1322
1428
1535
1664
1905
1964
2312
2441
3338
3433
3486
3689
3732
3789
3873
4165
5046
5661
5748
7079
7312
7420
7466
7593
8108
8252
8772
9035
9548
9579
9765
9935
10363
10514
10515
10560
10662
11099
11174
11979
12343
12423
12969
13373
14307
14477
14601
15279
15388
15400
15757
16251
16530
17246
17384
20024
20313
20648
20654
21958
22456
23071
23402
23454
23654
24120
24350
24677
25177
25595
26344
26462
27847
29636
31063
32988
33762
36241
40033
43252
43714
44799
45137
47116
47710
68
228
252
430
485
765
1538
1598
2011
2166
2192
2382
2981
3022
3280
3357
3692
4573
5433
5459
5572
5712
5771
6104
6298
6328
6703
6916
6985
7184
7529
7672
7836
8118
8609
8945
9168
9913
9957
10059
10081
10198
10373
10415
11672
12016
12351
12747
13307
13540
13918
14182
14487
15043
15727
18822
19257
19340
20553
21687
22125
22308
23038
24235
24465
24820
24842
25697
26320
27394
28011
28778
30682
32425
32635
34211
34223
34982
35977
36117
36602
37118
39818
44170
45144
45641
46179
46427
82
175
465
595
912
1051
1104
1180
1270
1313
1773
1908
2240
2308
2832
2886
2942
2943
2975
3213
3728
3786
4535
4624
4669
4890
5075
5431
5620
5641
5679
6319
6364
6534
6658
6895
6935
7193
7257
7396
7397
7448
7470
7471
7956
8384
8944
9121
9352
9538
9553
11087
11407
12973
13430
13939
14033
14140
14304
14320
14359
14554
14564
14939
15224
15337
15716
15745
15748
16071
16085
16089
16223
16678
17215
17486
19602
19691
19756
20070
21061
23366
23635
24375
25563
25609
25830
25890
27024
27351
27527
27538
27623
28953
29130
29623
29812
30149
31734
32725
33553
33845
34039
34199
34649
35221
39075
39251
44048
45252
46003
50845
53
136
489
673
960
1118
1226
1347
1371
1411
1893
1916
1951
2025
2623
3093
3305
3564
3830
3888
3898
4085
4467
4519
5033
5344
5786
5884
6034
6512
6827
6838
7443
8223
8265
9042
9170
9445
9540
9883
10213
10510
10668
10798
10931
11438
11676
12187
12513
12738
12910
13147
13203
13661
13797
14583
15025
15140
15349
15560
16403
17282
17868
18388
18514
19122
19347
19685
20129
20371
20612
20646
21810
23949
24314
26454
27145
27303
27489
27692
28823
28968
30424
30978
30999
31299
36866
37572
38250
39104
39162
40669
43171
44317
51044
55277
72
74
342
1166
1380
1389
1797
1810
1983
2029
2672
2751
2851
3066
3072
3112
3278
3331
3392
3641
3685
3756
4445
4538
4673
4725
5603
6076
6190
6241
6281
6292
6843
7105
7231
7388
7422
7424
7558
8086
8233
8582
8732
8800
8855
9889
10257
10408
10418
10756
10846
11029
11801
11811
11817
11872
12103
12972
13117
13259
13482
13503
13660
14391
15319
15385
15461
15747
15750
16154
16361
16366
16459
16544
16631
17375
17626
17792
17979
18584
19525
19586
20062
20269
20355
20758
20987
21145
21347
21698
22433
22667
23035
24769
24815
25104
25329
25658
26988
29478
29509
29641
29716
29868
29884
31628
32710
32869
33229
34531
35107
36047
38248
38950
39059
39128
41160
44692
46650
47015
53193
53265
319
352
358
404
445
468
1122
1748
1832
1842
2170
2324
2334
2561
2773
2937
2954
3038
3117
3201
3437
3476
3899
3927
4082
4271
4913
4949
4959
5180
5410
5446
5745
5920
6199
6885
6899
7614
7852
7858
7964
7992
8062
8109
8356
9187
9289
10130
10201
10394
10424
10889
10964
10994
11028
11518
12172
12942
13447
13509
13728
13758
13827
14250
14346
14574
14613
14710
14909
15377
15769
15960
16024
16053
16319
16647
16729
17061
17121
17250
17452
18163
18477
18670
19453
19555
20862
20889
21024
21212
21702
21984
22172
22173
22633
22746
22769
22921
23986
24466
24784
24954
25483
25503
25591
25698
25846
26214
26349
26451
26529
26604
26762
27753
27780
27785
27883
27984
27995
28079
28161
28675
28883
28901
28910
29748
30003
30071
30412
30770
31925
32696
33308
33951
34481
34913
35297
35449
35878
35896
35964
36752
37560
37687
38577
39521
41170
41861
42069
42468
43470
43556
44056
44083
45089
45190
45565
45902
46119
46363
46983
47437
48364
48836
49159
49734
50258
50942
50978
51031
51058
51299
51318
51692
51860
52064
52340
52629
53057
53088
53556
54014
55163
55514
55626
55751
56658
57768
57855
57893
222
471
689
865
1071
1539
1669
2097
2420
3019
3091
3428
3546
3639
3884
3994
4297
4835
5000
5103
5442
5752
5832
6737
6811
6983
7304
7484
7650
8126
8539
8624
8646
8734
8776
8899
9258
9693
10274
10876
10986
11031
11242
11905
12064
12081
12084
12237
12791
12842
13433
13618
14003
14009
14198
14286
14459
15032
15150
15320
15798
15845
15868
16267
16400
17092
17962
19808
19855
19908
20454
20704
20966
21060
21157
21184
21643
22503
23172
23390
23473
23757
24141
24806
25756
27099
27162
27982
28565
28779
29533
30390
31089
31416
31725
32119
34621
34868
35211
35222
35502
36294
37775
38316
38572
39060
39134
41363
41489
42066
43620
43960
44582
45090
45203
49541
51479
55525
334
921
968
1140
1278
1350
1499
1551
2294
2998
3010
3111
3655
3823
3956
4051
4261
4414
4580
4693
4954
5038
5465
6169
6271
6304
6330
6510
7194
7292
7592
7727
8316
8726
8828
9040
9318
9560
10132
10220
10349
10550
10670
10704
11112
11389
11788
12445
12698
12740
12772
13755
14062
14292
14301
14713
15117
15301
16091
16498
16505
16512
16803
17575
18178
18689
19263
19669
21236
21360
21377
22728
23241
23490
23639
23990
25539
25610
25687
25709
25718
26792
26998
27744
28764
30775
34674
35383
35771
37979
39015
40404
40843
43187
43276
43732
43734
45191
45201
45529
46781
52584
55138
115
529
584
1382
1489
1599
2373
2378
2511
4091
4615
4641
4704
4760
4956
5326
5445
6100
6147
6342
6872
7738
7794
8168
8226
8595
8802
8937
9005
9772
10023
10135
10176
10368
10420
10496
10785
10993
11319
11510
11546
11894
12621
12645
12771
13233
13273
13606
14274
14474
14555
14944
15164
15342
15731
15815
15965
16048
17120
18158
18208
18691
19897
20189
20415
21394
21471
21648
22441
23262
23655
24369
24610
24742
25042
27127
28029
29525
29797
30321
31800
32060
33129
33612
34014
34138
35812
37383
37437
37714
38208
38294
38605
39289
42320
42477
43743
45891
52622
164
987
1124
1859
1990
2065
2181
2515
2566
3366
3735
4077
4314
4436
4662
4695
4914
5224
5436
5772
5874
6049
6142
6265
6746
6840
6868
6900
7274
7374
7547
7605
8037
8395
9031
9044
10482
11014
11046
12391
12517
12885
13080
13120
14226
14308
14325
14556
15618
16231
16303
17247
18220
18278
18307
18348
18481
18661
18820
18962
18996
19041
19141
19154
19476
19508
19812
19870
20061
20528
20832
20849
21322
21602
22697
23649
24724
25063
25423
25707
25796
27399
27774
28996
30084
30834
31207
31258
33348
33769
33894
33896
34161
36133
39842
45005
48841
54931
92
224
330
332
364
501
1230
1921
1934
1976
2104
2448
2826
3326
3385
4119
4633
4733
5193
5477
5503
5743
5970
5989
6424
6446
7022
7151
7280
7782
8556
8896
8928
9363
9494
9528
9554
10014
11152
11180
11253
11283
11288
11382
11619
11759
11956
12042
12205
12221
12313
13227
13297
13561
14088
14372
14953
15294
15303
15306
15387
15420
15649
15816
16821
17067
17982
18746
19060
19235
19532
19773
19788
20452
20954
21865
22390
23483
23485
23619
23891
23978
24559
24614
24863
27794
28525
29483
29584
30516
31537
31544
32038
32206
32848
32890
33071
34041
34344
34909
36486
39163
39377
40535
42542
42852
43656
53090
55509
56752
619
635
659
758
1000
1015
1414
1965
2043
2178
2329
2388
3004
3047
3064
3389
3570
3809
3922
4058
4327
4777
4797
5163
5451
5861
6377
6408
6610
6766
6855
6867
6936
7329
7384
7513
7921
8065
8067
8100
8484
8510
8545
9220
9383
9990
10042
10167
10430
10431
10802
10932
10962
10982
11248
11249
11482
11725
11845
12146
12281
12367
12473
13021
13069
13395
14165
14464
14763
14817
14959
15062
15315
15321
15564
15660
16153
17161
17243
17257
17790
17987
18399
18667
19293
19836
20068
20698
20757
20772
20843
21254
21726
21732
21741
22981
23410
23691
23943
24251
24291
24515
24957
25662
25961
26902
27589
28176
28333
28480
28925
29315
29322
29413
29675
30420
32093
32212
32327
33528
34171
35113
35404
35445
37763
37797
39935
40640
41991
44871
48051
52232
56834
185
828
890
1671
1865
1907
1985
2105
2147
2208
2269
2323
2450
2465
2940
3576
3811
3976
4450
5136
5981
6111
6143
6183
6418
6525
6967
7228
7239
7700
8016
8908
8932
9126
9489
9534
9658
9760
9786
9826
9864
10250
10445
10886
11391
11753
11763
13073
13789
13897
14252
14358
14392
14534
15228
15407
15510
16035
16064
16088
16182
16279
16340
16492
16641
16795
16835
17659
18356
18644
18869
19500
19562
20099
21146
21424
21968
22455
23376
23491
23503
24282
24482
24849
25078
28950
29643
29854
30758
31453
31790
31989
32220
33247
33305
33510
34110
35390
37595
37837
39240
40943
42781
50045
50529
52137
54118
55137
103
118
442
737
984
1128
1258
1295
1375
1574
1899
2239
2383
2669
2819
2823
2891
3167
3179
3548
3583
4296
4402
4534
4566
4831
4860
4982
5070
5201
5222
5257
5381
5461
5616
5811
6403
6523
6801
6865
7068
7157
7477
7674
7765
8076
8249
8557
8648
8773
8870
8965
8972
9028
9130
9620
9893
10413
10849
10918
11329
11781
11885
11891
12093
12164
12555
12782
13109
13381
13476
13562
13750
14532
14933
15281
15394
15694
17326
17441
17914
18001
18351
18561
18601
18611
18866
19061
19222
19684
19829
20054
20057
20186
20611
20673
21211
21458
21882
22122
22201
22708
23239
24335
24707
24862
26294
26599
26600
26982
27388
27944
28496
28775
28865
29070
30860
32379
32735
