44
754
40
3154
6589
159
762
36
3245
8440
2349
10348
2915
3
652
634
2847
10512
405
7
2839
629
116
210
102
176
1877
650
6620
654
9970
2103
5215
948
2261
9952
2868
11630
833
2934
17285
424
1076
5310
554
212
1901
1891
108
760
2836
853
1168
2625
15606
229
651
753
2971
6595
10542
3063
42
2809
927
6991
8379
646
747
1082
2966
8385
8479
658
6050
4902
80
1936
4532
42847
168
1898
773
11799
6677
1430
568
730
3596
9405
2344
226
349
6365
7358
9530
1910
1505
1895
3256
5699
8500
324
23322
1559
3124
3618
6785
20349
264
553
1786
1791
2876
28481
7441
29
2903
49
7778
30
740
2874
6664
8917
1866
4871
6191
6640
50183
680
1302
2168
385
1863
2840
7528
13213
3384
11948
123
5591
7642
10963
4545
6948
7183
7307
7844
14657
307
970
1100
1956
2009
5670
13142
21854
8428
18980
237
759
2130
3158
7155
11558
16494
149
446
1864
3458
7084
12583
157
4841
5656
8467
8474
26
217
6121
37
639
2283
22500
37901
207
2007
2920
3739
8031
1449
10969
1307
7648
13097
620
697
3085
9416
11140
641
3415
3523
3710
7524
8947
9923
10877
11277
14207
17607
782
1451
1771
2157
3128
55294
636
746
2180
2232
2885
13438
20050
1933
2207
4618
5655
7406
7546
28956
37365
238
3341
6316
8308
8946
13599
17050
719
731
3056
3362
6615
8337
9577
11931
47
3427
5819
9663
12
317
1777
1883
2842
13429
83
109
802
1074
1867
3180
4840
10554
10991
11378
15159
35
208
223
878
2318
2843
5090
7560
11739
13589
493
2044
5430
5668
8493
11692
13403
433
736
2386
6683
9725
11204
13826
13835
16265
25062
250
1542
1875
2176
4613
6205
7148
22950
27245
220
236
1878
7008
7260
9574
298
1914
2901
8056
10532
11208
16500
20386
31533
36027
173
1998
3160
5146
6782
9520
11527
14283
19451
1093
2895
2938
4090
5575
5684
6318
10509
10902
13816
16266
661
1911
1955
1971
2339
3212
3638
4786
6977
7227
7318
7521
8217
9421
27058
75
145
248
1872
2177
5210
7256
9595
12038
31763
11
180
755
1083
2001
2873
3324
3885
4023
4985
8478
9740
15088
15309
44981
156
170
1158
1843
3218
5642
6621
6687
7411
8231
8544
29603
189
679
959
1314
2218
7170
9009
9580
10346
12094
195
303
320
676
1978
2201
2810
2962
7572
7669
8013
8483
9402
10494
10835
11577
12620
13285
14294
16728
20930
30377
148
436
449
1159
1622
1798
3007
5902
6256
7362
7670
8191
9982
11490
11559
15048
16809
29479
17
638
1142
1431
1854
2034
2045
2910
7537
8941
10334
10650
11050
13596
15251
15543
15947
21776
28859
13
95
160
876
969
1876
3333
5724
6957
7375
7607
9111
15034
24822
174
647
1452
2262
2279
2389
2400
2821
2944
7153
8906
8933
11003
15128
37699
351
412
721
887
2865
3348
6652
7870
8082
8262
8427
8503
10551
13108
13110
13848
14039
15946
18243
20139
20148
9
1170
1386
1578
1847
1970
2068
2841
3924
4087
6203
6217
7527
9109
9587
11584
12230
17991
467
621
1139
2189
2278
2354
3637
3662
3778
5270
5632
6587
6711
7549
8821
9954
10458
11177
12037
13170
14814
16343
17830
19109
20165
22495
26250
28131
29477
42102
144
182
219
888
2073
2198
2392
3055
3182
4630
5206
5708
6223
6382
6533
6590
6787
9242
9911
10685
14547
16198
18647
19137
22948
28350
32563
35343
112
147
209
623
653
738
1143
1310
1513
1699
1805
1931
1987
2398
2929
2970
3784
4960
5432
6896
6908
7671
7987
8255
10488
11051
11856
11946
11987
13199
23
280
2194
3259
5221
6648
7112
8923
11017
12089
22257
35375
38517
191
677
824
1109
1521
1720
2284
2853
2879
3767
3992
4659
5154
5408
5598
5605
6208
6906
6984
7517
8715
11612
12087
13436
13442
14912
14942
19700
23929
41309
42236
55578
45
211
2008
2428
2517
2774
2900
2924
3089
5208
6598
7098
7114
7583
7824
7911
8425
8820
10086
10205
11260
11530
11730
16240
16722
18529
20032
5
301
745
834
1080
1770
1984
2031
2553
2812
4101
4181
4249
4622
4690
5665
5690
6188
7162
7206
7692
14230
16317
23151
25688
26358
28846
10
76
152
1146
1315
1718
2022
2051
2085
2222
2276
2778
3109
3337
5211
5595
5629
5663
5841
7758
8473
9949
11568
11583
11593
13202
14951
17315
17558
20711
22741
24580
25400
28816
47758
474
627
922
2016
2366
2806
2849
2987
4627
4655
6222
6588
6629
7103
7467
7632
8329
8521
9334
9749
10333
11261
12053
12882
14275
14549
18020
18308
23273
23320
24814
25153
32349
40988
171
188
370
901
1067
1961
3122
3422
3761
4041
4772
4846
5592
5714
6101
6905
7379
9154
12577
13228
15726
20323
21173
22414
23842
24765
26557
27139
38908
51628
19
200
214
269
387
418
908
2077
2215
2217
2932
2986
3183
3645
4334
5728
6115
6884
6923
7025
7347
7385
7518
7729
8696
8951
9571
11183
11951
13105
14077
15979
17695
18649
24032
25106
27312
37983
39556
268
835
977
1094
1097
1240
1721
1815
1986
2030
2352
2507
2896
2974
3186
4548
5318
5378
5623
6109
7302
7469
7686
7937
8165
8897
9041
9449
10895
11139
11618
13096
15200
15220
16565
18811
29056
34646
4
21
167
277
295
1503
2036
2379
2980
3189
3376
3801
5415
5901
6193
6864
8243
8819
8902
8913
8920
9026
9562
11699
12253
12632
13265
13560
13908
14826
15635
19271
21591
22425
22490
24211
25219
29791
32032
32107
36940
43573
44901
161
243
582
686
854
1087
1507
2024
2241
2813
2850
3131
3173
3725
5155
5400
5639
5791
6933
7865
8032
8214
8482
8565
8617
9785
11358
11511
11755
11967
12287
12833
16430
17314
18316
19036
20324
21358
21408
21553
22372
27709
31434
32699
36237
45168
2
18
79
127
246
253
417
431
1531
1701
2175
2989
3006
3146
3439
3846
4423
4629
5285
6106
6195
6204
6240
6277
6340
6580
6612
6880
6904
7033
7237
9582
10173
11531
11787
11968
12659
12875
15850
21023
25862
27980
31901
32144
42447
262
648
657
666
691
967
1149
1780
2149
2235
2871
2906
3284
3350
3379
3417
3661
4889
6117
6145
6233
7122
7515
7735
7746
8111
8222
8781
9030
10238
10686
10842
11955
12959
13356
14261
17143
17225
18007
18974
20147
20932
21606
21775
22071
24036
24084
24168
24438
25689
30598
31020
32209
32245
37773
49598
183
240
344
572
1138
1393
1447
1557
1756
1889
2134
2337
2360
3029
3062
3073
3099
3175
3314
3344
3381
3503
4862
5694
5760
6196
6220
6347
6727
7483
7485
7551
8470
8496
9315
9973
10588
12553
13158
13340
13453
14787
15271
15714
17058
18654
22563
25859
27994
28836
30518
34477
46825
49417
267
1387
1917
1949
2101
2174
2182
2394
2946
3045
3084
3108
3835
3861
4037
4542
4730
5021
5308
6110
6663
6901
7179
7224
7473
7696
7755
8117
8748
9124
9221
9240
10564
10872
11343
11899
12120
12636
13232
13821
14265
16730
17672
18340
18417
20044
21575
27710
32149
44688
44797
6
16
254
375
419
716
1069
1525
1528
1530
1543
1714
1994
1999
2137
2161
2221
2256
2701
3024
3421
3847
4647
4795
5422
5646
6215
6847
7272
7277
7296
7575
7789
7873
8164
8509
8541
8688
8934
9135
10129
10138
10339
10586
11556
11939
13335
14120
15067
15358
16028
17497
18322
20881
21446
21619
27979
32383
32809
33321
33875
38118
39048
41323
41409
43
234
255
362
460
546
589
662
674
756
1329
1443
1693
1860
1886
1913
1915
1967
2038
2264
2268
2303
2340
3025
3216
3233
3401
4533
4617
5364
5636
5662
5823
5887
7187
8075
8408
8548
8834
8962
8985
9552
9635
9673
11198
11507
11624
11842
12357
12663
13909
14160
14654
15348
16595
17291
17379
18774
19125
20036
20900
22658
25585
27407
29103
31921
34145
35212
56576
50
151
235
557
706
950
1247
1511
1568
1590
1909
1974
2133
2403
2807
2870
2882
3998
4843
6064
6280
6604
6776
6918
7230
7315
7545
8002
8039
8297
8495
8844
9059
9112
9497
9593
10196
10208
10483
10548
11217
11268
11334
11373
11674
11765
13051
13301
13366
13636
14768
15832
16559
17309
17943
18715
20423
22291
23796
24843
25295
25447
26230
26634
28457
28815
29515
29976
30268
33070
33747
34645
36410
36979
42328
42808
56
241
282
297
503
630
722
945
1550
1868
2003
2089
2209
2246
2477
2524
2820
2837
3061
3425
3545
3668
4774
5019
5084
5437
5518
5691
5815
6279
6825
6915
7437
7438
7796
7797
8052
8486
8578
8706
8799
8894
8979
8988
9018
9619
9972
10947
11265
11533
11670
12001
12071
12437
12525
12548
12627
12838
13178
13264
13727
14200
14231
14611
14897
15585
15904
16588
16724
17239
17718
18250
18949
19400
20029
20167
22675
26138
26371
26718
27140
28433
29627
32200
38543
41288
42618
42848
15
27
88
413
490
624
892
1182
1418
1446
1533
1645
1695
1874
1945
2327
2404
2833
3103
3237
3394
3672
3813
3815
4234
4383
5274
5638
5732
5746
6107
6329
6605
7223
7503
7685
7846
7872
8240
8475
8873
9002
9463
9563
9566
9721
10066
11824
11864
12328
12519
12774
13546
13576
13647
14151
14237
14614
16137
16244
16345
16777
16849
17753
18140
18263
19787
19865
19902
20395
23637
24391
24603
25457
28623
30616
30951
31568
34413
34622
35243
35680
36363
38196
46275
53014
53608
263
300
886
947
1155
1205
1285
1554
2055
2163
2195
2377
2573
2805
2884
2911
3221
3358
3426
4628
4886
4916
5041
5095
5622
5718
6303
6331
6792
6917
7000
7111
7428
7662
7941
8465
8611
8622
8704
8938
9001
9290
9355
10024
10320
10423
10638
11122
11431
11720
12395
12414
13400
14054
14266
14345
14434
14468
15421
15895
16205
16375
17240
17706
18128
18588
19143
20355
20367
20977
21039
21075
21382
22165
23893
24824
27202
27337
28167
28563
29161
29395
30757
31155
31963
33641
37619
37834
39512
61
99
154
190
218
386
564
567
896
1110
1151
1165
1257
1603
1625
2032
2132
2164
2255
2358
2365
2878
2917
3037
3153
4012
4567
4570
4819
5418
5532
5628
5715
6286
6341
6738
6826
6852
6907
6959
6961
7125
7126
7282
7435
7683
7928
8092
8256
8871
8900
8981
9649
10315
10959
10968
11192
12019
12069
12167
12468
12569
13415
13537
13717
14411
15685
16769
18927
19749
19903
20697
21418
21728
22142
23562
23837
24446
24722
25592
25670
25853
26405
26713
27592
27996
30302
31421
32039
32151
32476
34971
41873
0
31
66
87
199
289
378
576
577
590
628
655
656
1092
1318
1410
1501
1586
1785
2014
2219
2375
2536
2869
2933
2978
3215
3219
3317
3492
3518
3698
3788
4283
4988
5219
5493
5589
5599
5667
5726
6234
6310
6870
6940
7210
7587
8171
8283
8289
8472
8490
8601
8618
8915
9155
9165
9332
9488
9738
9868
10366
10552
10850
11015
11374
11514
11641
11764
11875
12043
12133
12594
13132
13399
13539
13768
13990
14092
18267
18333
18590
18645
18755
19851
20051
20644
20790
21166
22440
22575
23377
24595
25991
26669
28006
28574
29183
29729
32258
34813
35319
35979
42466
47213
47340
52144
163
486
670
915
963
993
1160
1264
1519
1563
1880
1919
1950
1989
1997
2000
2093
2236
2257
2281
2424
2858
2965
3018
3118
3135
3204
3395
3864
4018
4543
4681
4771
4999
5226
5281
5472
5594
5617
5647
5679
5695
5734
6263
6650
7205
7457
7699
7851
8112
8115
8469
8506
9027
9208
9975
10058
10254
10271
10412
10630
10649
10687
10776
11022
11274
11532
11723
12239
12352
12572
12898
13035
13039
13099
13847
13907
14193
15114
15409
15630
16696
16719
16751
17366
18360
18494
18587
19082
19366
22595
23512
24454
25839
27797
28042
28084
28366
31051
31795
32219
32396
32418
32926
33923
36555
37077
37105
37696
42091
43818
44885
47668
14
24
193
225
281
327
336
389
562
818
1164
1518
1558
1570
1587
1873
1902
2186
2272
2473
2557
2872
3036
3232
3378
3519
4582
4987
5012
5315
5548
5618
5637
5657
5907
5982
5994
6018
6130
6197
7298
7402
7419
7445
7649
7684
7990
8025
8041
8125
8227
8234
8583
8735
8969
8978
8990
9114
9319
9458
9615
9719
9823
9847
10163
10186
10353
10698
10911
11690
11732
11996
12100
12575
13113
14164
14238
14329
14855
15139
15253
15428
15570
16202
16279
17045
17209
17245
17375
18372
18418
18999
19370
19566
19794
21607
21948
22044
23667
23895
24356
25330
25759
26295
27320
28639
28829
34554
36012
36957
37078
38025
40490
41152
41588
45186
53520
54335
62
65
158
215
415
560
597
883
1148
1156
1491
1567
2160
2183
2356
2449
2472
2751
2857
2902
2969
3048
3210
3228
3241
3290
3511
3653
3678
3743
3939
4559
4710
4915
5412
5466
5770
6275
6756
6805
6823
7011
7082
7434
7488
7647
7690
7882
8011
8292
8303
8380
9148
9159
9390
9601
10206
10281
10356
10456
10603
10673
11001
11441
11549
11566
11774
11964
12054
12203
12244
12732
13155
13209
13459
13481
13951
14701
14725
15202
15964
16454
16655
17096
17642
17983
18398
18769
18897
19046
19498
19719
20440
21176
23079
24696
24853
26196
28152
28611
29869
30689
31289
32164
32805
32822
32977
32980
37490
43686
45508
47101
49030
49484
50859
98
140
143
230
275
279
445
491
570
644
1099
1353
1454
1455
1500
1658
1703
1711
1782
1795
1881
2048
2111
2146
2265
2421
2510
2717
2829
2848
2905
2908
2916
2922
2992
3081
3147
3200
3311
3330
3380
3407
4171
4612
4639
4648
4678
5375
5414
5767
6053
6073
6104
6120
6248
6284
6351
6791
6952
7034
7242
7331
7360
7454
8049
8144
8216
8274
8306
8419
8740
8755
8999
9013
9104
9116
9134
9167
9575
10131
10363
10492
11220
11321
11836
11960
12197
12331
12490
12769
13446
13483
13580
13900
14354
14484
14527
14778
15046
15267
15668
16197
16503
17063
17107
17996
18036
18208
18294
18419
18844
18961
19246
20082
20225
20256
21422
21470
21490
22573
23361
24206
24599
25275
25581
25852
26476
27309
27537
27606
28612
28959
29563
30002
31160
32255
32275
32917
33405
33763
36579
37368
38897
44286
48095
50435
38
41
266
603
633
794
1004
1012
1077
1079
1192
1288
1459
1520
1560
1776
1900
1982
1992
2052
2162
2230
2253
2321
2328
2542
2890
2976
2991
3052
3134
3149
3302
3309
3504
3558
3706
3844
3950
4312
4619
4691
4851
5083
5438
5659
5680
6174
6214
6265
6306
6503
6513
6770
7108
7171
7190
7376
7479
7602
8004
8035
8058
8270
8768
8843
8875
8889
8909
8918
9019
9025
9300
9329
9373
9532
10337
10378
10392
10622
10644
10912
11035
11052
11422
11436
11536
11994
12076
12112
12576
12720
12767
12902
13772
13837
14067
14186
14559
14571
15133
15333
16510
17104
17313
17743
19311
20058
20140
20979
21596
21827
22234
23391
23452
24783
24826
24918
25358
25446
25488
27586
27707
28331
28659
29185
29213
29561
29585
30484
30997
31829
31830
32251
33150
33790
34603
35354
35967
37202
39172
40414
43822
44869
51146
55523
51
77
150
213
249
614
668
703
749
752
981
1120
1185
1252
1403
1584
1659
1709
1888
1973
2066
2092
2166
2260
2493
2594
2598
2887
2958
3071
3338
3398
3479
3656
3688
3689
3690
3711
3719
3730
3883
3946
4034
4217
4535
4764
4847
5038
5377
5761
5785
5802
5842
6057
6201
6291
6362
6368
6381
6582
6636
6644
6886
6992
7416
7523
7701
7703
7784
7848
7997
8074
8135
8267
8295
8307
8466
8485
8507
8537
8757
8842
8922
9068
9189
9542
9621
9632
9741
10293
10347
10446
10468
10916
11491
11599
11698
11808
11920
12078
12138
12276
12299
12317
12423
12691
12869
12895
13014
13019
13031
13379
13538
13661
13794
13795
14040
14418
14615
14971
15049
15142
16170
16260
16564
17518
17793
17835
18206
18214
18228
18482
18597
19044
19190
19329
19827
20078
20572
21471
21698
22087
22116
22186
22509
22839
23237
24155
24530
24667
25249
25453
25616
25706
27274
27555
27982
28335
31299
31436
32623
32671
32732
32939
33633
33928
35213
35649
36021
38739
40127
41474
42700
43039
43121
43288
44434
44502
45030
45405
46125
47768
47820
48780
49295
50279
51103
51342
53774
54154
54557
55669
56693
78
97
162
484
511
836
880
973
1003
1190
1290
1444
1545
1685
1899
1924
1930
1932
2128
2263
2347
2606
2682
2822
2827
2888
2912
2968
3070
3074
3139
3278
3396
3434
3443
3470
3507
3544
3631
3695
3703
3742
3850
3889
4945
5010
5132
5199
5271
5317
5347
5434
5473
5620
6187
6209
6269
6614
6943
7088
7143
7150
7243
7262
7271
7349
7397
7417
7493
7536
7603
7677
7885
8054
8145
8180
8311
9064
9604
9918
9961
10221
10448
11199
11227
11300
11682
11703
11731
11743
11988
12293
12675
13023
13123
13448
13916
13935
13971
14009
14015
14181
14458
14575
14653
14663
14710
14737
15244
15388
15441
16040
16140
16780
17069
17089
17290
18475
18664
18797
18857
18867
19106
19628
19756
19788
22187
22294
22558
23049
23666
24338
24721
24850
25935
26004
27348
27466
27728
27812
28823
30379
30428
30701
31599
32393
32591
33044
35162
37761
38060
38440
39001
39321
40079
41469
42251
47882
49447
34
58
82
129
447
537
1005
1154
1180
1497
1667
1783
1797
1800
1906
1988
2002
2050
2118
2248
2288
2324
2448
2519
2623
2815
2907
2921
3065
3177
3227
3247
3654
3682
3686
3749
3923
3989
4631
4657
4749
4776
4784
5619
5733
5753
5754
5881
5919
6071
6230
6335
6833
6860
6867
6879
6881
7001
7116
7123
7403
7407
7420
7576
7604
7695
7814
7858
7906
8005
8015
8030
8060
8163
8212
8272
8588
8742
8895
8957
9110
9244
9379
9407
9555
9567
9627
9804
9877
10044
10354
10372
10374
10380
10435
10540
10852
11034
11156
11283
11335
11462
11496
11540
11655
11775
11847
11977
12066
12248
12386
12491
12783
12788
13478
13725
13853
14068
14088
14094
14170
15578
15722
15824
16743
17201
17205
17321
17435
18113
18506
18640
18657
18676
19369
19754
21044
21091
21213
21666
21668
22121
22505
22572
22799
22952
23379
23460
23713
24289
24999
25532
26032
26114
26709
26762
27179
28011
28498
28901
28917
29906
30747
30952
31203
32470
32894
33327
33837
35289
36079
36956
38786
42593
43646
43714
44920
45704
49656
51218
51458
52550
54
124
125
175
299
376
667
717
905
1029
1081
1122
1309
1345
1458
1540
1598
1957
1983
2005
2042
2192
2295
2312
2359
2382
2410
2454
2494
2636
2707
2789
2825
2994
3106
3170
3198
3251
3270
3289
3321
3340
3351
3451
3632
3869
3919
4005
4370
4649
4663
4665
4718
4825
4865
4913
5014
5018
5033
5042
5402
5444
5576
5654
5966
6067
6074
6198
6237
6253
6584
6737
6994
7292
7506
7636
7691
7734
8027
8121
8298
8574
8653
8903
8950
8973
9017
9062
9129
9141
9729
9748
9935
10042
10394
10395
10397
10560
10599
10600
10681
11092
11248
11278
12011
12016
12162
12179
12218
12257
12554
12666
12877
12990
13204
13252
13287
13401
13431
13466
13517
13543
13618
13921
14538
14735
15591
15619
15723
15731
15968
16095
16218
16498
16636
16645
17294
17300
17369
17633
17797
18123
18375
18492
18880
19219
20068
20134
20371
20475
20758
20893
21121
21321
21353
21603
22104
22423
22452
22471
22635
22842
24314
24933
25026
25100
26863
26954
26962
27102
27698
28332
28432
28880
29173
29193
29931
30244
30663
31303
32199
34105
34394
35070
36032
36108
38997
39817
41947
43711
43921
46274
49918
53496
54049
1
134
136
232
293
383
430
468
625
1207
1239
1398
1413
1448
1465
1562
1594
1814
1948
2094
2135
2140
2141
2501
2618
2818
2930
2943
3014
3163
3236
3388
3445
3604
3732
3790
3875
3996
4581
4676
4793
4997
5003
5049
5094
5209
5227
5273
5312
5367
5428
5486
5626
5712
5747
5798
5847
5913
6186
6192
6238
6249
6261
6321
6359
6570
6964
7032
7240
7269
7270
7281
7372
7465
7570
7579
7593
7611
7747
7790
7841
8021
8066
8134
8151
8459
8553
8693
8741
8912
8928
9087
9128
9149
9223
9299
9578
9782
9914
10059
10081
10091
10110
10198
10332
10704
10990
11215
11913
12187
12265
12429
12695
12778
12808
12973
12999
13116
13416
13468
13474
13554
14346
14386
14498
14557
14946
14947
14986
15032
15184
15303
15375
15445
16406
17224
17308
17327
17403
17742
18736
19691
19981
20189
20525
20527
21061
21109
22459
22545
23150
23236
23621
23651
23654
23990
24006
24613
24742
25052
25415
25560
26448
26686
29130
29494
29749
29753
30207
30289
31417
32328
33553
33575
33645
33852
34225
34924
36602
36970
37268
38616
39026
39163
40043
40794
41158
41170
42243
42387
42405
42977
46365
46519
46643
48218
50925
52421
53
92
132
169
178
185
242
354
355
593
626
724
1051
1117
1123
1202
1322
1331
1380
1428
1571
1574
1637
1697
1722
1725
1775
1869
1870
1972
1995
2041
2240
2282
2332
2413
2443
2455
2457
2718
2835
2859
2883
2893
3112
3166
3206
3231
3406
3467
3762
3763
3938
4340
4359
4809
4961
4990
4991
5001
5195
5224
5450
5564
5649
5731
5752
5820
6118
6125
6168
6213
6225
6314
6418
6610
6618
6628
6694
6921
7048
7113
7152
7191
7312
7374
7443
7471
7532
7594
7899
7981
7986
8099
8136
8152
8291
8377
8471
8566
8568
8590
8604
8609
8709
8855
8944
8959
9003
9152
9170
9235
9366
9723
10144
10420
10495
10653
10930
10934
11174
11255
11319
11519
11523
11538
11603
11866
12015
12109
12235
12294
12333
12351
12396
12528
12665
12777
12796
12903
12910
12961
13045
13138
13718
13793
14105
14308
14362
14391
14487
14601
15453
15469
15503
15716
16181
16273
16366
17208
17241
17373
17446
17791
17944
18179
18188
18944
18992
19155
19602
19664
19705
19721
19884
20376
20792
21391
21958
22456
22503
22548
23614
23658
23896
24559
24828
25227
25539
25976
26344
26359
26363
26561
26614
26712
26716
26796
28219
28953
28968
29136
29609
29630
29778
30129
30418
30653
30705
31009
31473
31658
31890
31940
33228
33658
33863
34223
38495
39818
40541
42023
42360
42852
44799
46179
47999
50631
52207
55137
60
72
101
164
184
228
245
381
714
926
1141
1166
1179
1213
1411
1429
1480
1499
1524
1538
1546
1660
1662
1696
1778
1893
1925
1959
2025
2059
2102
2297
2299
2371
2436
2453
2556
2712
2990
3003
3020
3022
3023
3066
3079
3104
3133
3179
3213
3323
3354
3404
3897
3908
4066
4666
4723
4956
4964
5180
5213
5246
5294
5346
5404
5596
5641
5681
5719
5771
5955
6061
6190
6232
6292
6603
6642
6832
6863
6895
6909
6928
6955
6960
6969
7257
7448
7462
7496
7526
7558
7646
7738
7956
8020
8065
8118
8126
8148
8484
8686
8926
8953
9214
9388
9408
9560
9765
10030
10085
10103
10243
10250
10477
10955
10970
10973
11190
11340
11421
11438
11626
11704
11817
11871
11872
11927
12106
12631
12698
13203
13368
13515
13640
13641
13812
13920
13929
14083
14127
14229
14320
14325
14360
14554
14613
14851
14895
15008
15080
15245
15349
15386
15649
15750
16053
16154
16183
16251
16516
17211
17384
17486
17731
18006
18315
18317
18411
18414
18502
18514
18646
18731
19113
19325
19347
19486
19685
19793
19836
19929
20054
20129
20269
21731
21963
21977
22125
22295
22317
23023
23071
23402
23629
23923
23926
23928
23933
24166
24350
24743
24784
25567
25609
25662
25900
26598
26717
27034
27333
27527
28022
28138
28635
28664
29057
29868
31212
31453
31985
32060
32696
32802
32951
33292
33376
34148
34637
34767
34842
36345
36943
37547
38090
38475
39761
40033
40129
41779
42603
42627
43187
45090
45252
46035
46289
47116
49796
50648
32
89
105
146
265
315
342
379
454
485
489
865
879
920
921
968
1017
1075
1175
1249
1253
1268
1295
1304
1316
1391
1553
1810
1951
1964
1981
2062
2072
2170
2208
2405
2407
2528
2942
3148
3209
3280
3331
3409
3437
3639
3728
3789
3796
3853
3891
4003
4093
4434
4467
4537
4538
4712
4736
4994
5152
5305
5332
5431
5459
5625
5648
5661
5748
5808
6032
6290
6586
6632
6703
6736
6795
6885
6899
6936
6954
7079
7231
7239
7274
7293
7501
7510
7614
7626
7641
7675
7693
7798
7836
7948
8001
8040
8168
8233
8252
8454
8458
8754
8772
8848
8890
8908
8942
9042
9080
9117
9121
9220
9243
9415
9417
9445
9528
9579
9611
9620
9677
9803
9870
10139
10367
10424
10442
10482
10668
10756
10886
10950
10976
11036
11087
11214
11407
11456
11546
11622
11672
11777
11783
11812
11845
11894
12013
12205
12335
12337
12391
12969
13147
13437
13561
13660
13797
13942
14033
14156
14316
14359
14372
14448
14459
14477
14489
14935
14939
14959
15025
15228
15337
15845
16089
16195
16403
16530
16821
17105
17119
17279
17564
17578
17790
17805
17941
18302
18388
18670
19257
19340
19476
19586
19897
20190
20612
21211
21370
21643
21687
21736
21741
21918
22433
22769
23450
23601
23735
23757
23978
24260
24450
24820
24960
25042
25177
25697
25890
26380
26792
27526
27622
27623
28088
28995
29192
29636
29648
29779
29827
29884
30412
30840
31207
31315
31706
32709
32725
33229
33282
34199
34736
35228
35977
36047
36117
36294
36700
36719
36866
37180
38876
39015
39104
39128
41363
41861
41997
42066
42455
42542
42846
44170
44317
44800
45144
46226
47752
49541
50850
51856
54437
56654
68
74
227
291
352
358
527
552
575
673
727
960
995
1013
1104
1106
1250
1270
1303
1350
1462
1535
1537
1539
1634
1748
1794
1859
1916
1939
1946
2015
2019
2023
2105
2119
2231
2346
2506
2633
2972
3098
3142
3305
3346
3385
3574
3627
3641
3674
3828
3874
3876
3884
4296
4352
4519
4541
4644
4673
4701
4704
5288
5326
5452
5496
5582
5616
5683
5697
5797
5883
5927
5983
6285
6320
6380
6804
6827
6862
6985
7184
7392
7396
7415
7765
7817
7931
8051
8067
8384
8448
8557
8580
8582
8726
8771
8828
8899
9031
9126
9168
9258
9305
9352
9431
9487
9489
9659
9693
9889
9992
10029
10076
10135
10167
10213
10272
10344
10355
10510
10514
10535
10539
10614
10619
10714
11029
11031
11042
11107
11222
11377
11389
11452
11814
12028
12172
12221
12343
12367
12458
12513
12621
12740
12782
12942
13020
13021
13098
13120
13233
13259
13503
13678
13715
13728
13753
13827
13844
13939
13972
14140
14183
14250
14392
14409
14534
14570
14812
15043
15140
15150
15224
15326
15377
15394
15400
15655
15745
15748
15769
15815
15913
16207
16467
16620
16631
16641
16718
16729
17246
17249
17282
17628
17734
17792
17979
18058
18158
18166
18689
18746
18822
18866
19263
19323
19708
19829
19855
19861
20057
20099
20450
20646
20648
20908
21160
21236
21360
21394
21458
21701
21702
22172
22194
22308
22446
22455
22612
22633
22746
23146
23172
23213
23222
23262
23467
23496
23502
23582
23618
23943
24245
24466
24610
24769
24832
24954
25329
25384
25531
25610
25798
26320
26529
26545
26572
26679
26988
27303
27351
27394
27538
27692
28480
28764
28778
29031
29330
29478
29623
30149
30248
30682
30775
30846
30866
30945
31063
31693
31810
32821
32848
33626
34110
34211
34621
35221
37945
37974
38248
41489
42320
42434
42502
43483
43502
43734
44782
47321
48038
48364
50845
52622
53193
221
305
334
420
471
569
584
595
663
678
912
986
1015
1072
1181
1209
1258
1313
1382
1414
1573
1669
1698
1832
1842
1921
1934
1935
2011
2012
2097
2181
2197
2249
2305
2333
2440
2561
2597
2669
2672
2732
2773
2832
2923
2925
2937
2945
3019
3047
3093
3114
3117
3123
3201
3357
3433
3452
3476
3548
3564
3583
3599
3692
3735
3753
3786
3843
3888
3899
3927
3935
3987
4082
4320
4512
4615
4626
4641
4643
4669
4760
4831
4982
5046
5075
5136
5161
5216
5396
5410
5425
5446
5530
5603
5612
5687
5786
5884
5964
6034
6049
6076
6143
6147
6241
6311
6319
6356
6364
6435
6512
6534
6617
6658
6816
6838
6865
6912
7105
7193
7295
7422
7470
7494
7507
7540
7562
7650
7672
7794
7852
7900
7964
8062
8076
8086
8108
8140
8352
8356
8413
8539
8624
8879
8898
8929
9028
9108
9164
9187
9222
9257
9274
9423
9494
9538
9548
9553
9629
9683
9786
10130
10257
10373
10415
10440
10496
10515
10518
10658
10662
10670
10880
10966
10986
11028
11046
11119
11163
11288
11482
11510
11518
11888
11979
12064
12093
12146
12161
12473
12645
12738
12747
12771
12785
12878
12972
13307
13373
13389
13433
13447
13509
13513
13540
13562
13654
13789
13897
14062
14086
14165
14243
14252
14304
14307
14393
14462
14474
14736
14909
14992
15301
15306
15313
15342
15564
15660
15721
15747
15816
15882
15960
16048
16085
16319
16448
16459
16492
16544
16647
16678
16804
16920
17061
17070
17120
17215
17250
17441
17452
17595
17608
17660
17962
17987
18163
18178
18307
18432
18489
18661
18662
18716
18869
19293
19555
19669
20024
20062
20070
20357
20654
20704
20843
20889
21024
21145
21184
21322
21377
21645
22667
22860
22921
23024
23142
23189
23228
23390
23454
23473
23530
23635
23949
24030
24091
24120
24141
24235
24355
24375
24401
24465
24806
24815
24842
25104
25361
25423
25471
25503
25698
25718
25764
26111
26147
26214
26349
26451
26462
26604
27024
27099
27145
27389
27489
27753
27780
27984
28020
28079
28841
28883
29118
29163
29483
29509
29584
29716
29748
30071
30321
30424
30770
30999
31050
31089
31285
31800
31923
31925
32119
32635
32710
32735
33308
33323
33348
33528
33612
33769
33894
33951
34481
34649
34674
34913
34982
35297
35383
35391
35449
35483
35771
35878
35896
35964
36241
36565
36752
37118
37383
37560
37572
37687
37892
37981
38002
38123
38250
38316
38577
38605
38696
38950
39059
39060
39162
39251
39521
40404
40640
41160
42329
42364
42468
42477
42605
42927
43013
43171
43470
43620
43960
44056
44083
44871
45089
45137
45190
45201
45203
45565
45641
45902
46003
46119
46363
46650
46781
46926
46983
47437
47710
47864
48836
48841
49159
49443
49734
50258
50942
50978
51031
51044
51058
51299
51318
51692
51860
52064
52340
52584
52629
53057
53088
53556
54014
55163
55514
55626
55751
56658
56752
57768
57855
57893
118
252
271
330
563
612
632
635
758
897
1071
1128
1144
1375
1389
1494
1664
1672
1730
1865
1907
1908
1979
1990
2029
2043
2292
2388
2414
2483
2490
2555
2601
2851
2914
2954
3069
3091
3129
3141
3366
3372
3428
3501
3517
3546
3589
3655
3811
3823
3976
4008
4051
4085
4119
4332
4547
4693
5000
5112
5174
5344
5442
5451
5477
5503
5673
5706
5792
5914
6000
6100
6169
6183
6199
6271
6298
6328
6446
6801
6839
6849
6900
6910
6983
7142
7322
7337
7370
7466
7477
7484
7592
7629
7674
7727
7927
8109
8211
8259
8265
8316
8558
8646
8776
8802
8937
8945
9139
9318
9537
9569
9612
9679
9760
9826
9909
9989
9990
10014
10176
10220
10418
10550
10557
10781
10809
10846
10849
10932
10964
10994
11014
11211
11230
11242
11312
11539
11652
11756
11759
11811
12084
12157
12281
12376
12791
12815
13606
13755
13758
13849
14003
14172
14182
14204
14224
14233
14310
14323
14341
14532
14665
14757
14763
14944
14950
15089
15279
15315
15321
15385
15558
15680
15736
15798
15965
16024
16035
16071
16091
16212
16231
16446
16512
16549
16676
17154
17526
17575
17817
17868
17912
17940
18037
18194
18348
18351
18477
18584
18627
18691
18996
19061
19122
19525
19532
19562
19611
19808
19870
19908
20061
20326
20454
20562
20698
20772
20794
20883
21212
21248
21347
21398
21648
21732
21862
21865
22122
22201
22362
22702
22728
22809
22893
22997
23035
23038
23246
23410
23619
23656
23891
23904
24165
24315
24404
24578
24656
24659
25040
25687
25707
25830
25919
26357
26902
26998
27127
27162
27785
27794
28176
28298
28485
28525
28675
28805
28865
28918
29548
29675
30084
30372
30393
30524
30781
30824
31111
31628
31790
32161
32503
32677
32869
32996
33071
33305
33758
33762
33845
34171
34868
35107
35211
35502
35551
35812
35890
36648
37038
37536
37763
37979
38023
38208
39134
39240
40223
40535
40843
41805
42069
43224
43276
43556
43743
44048
44100
44692
44955
45191
46427
47015
47986
49309
51479
53265
54118
54778
55277
56834
25
404
529
659
689
768
1118
1124
1226
1305
1394
1486
1489
1611
1708
1773
1861
1965
1985
2104
2117
2202
2211
2269
2302
2314
2329
2367
2378
2465
2880
2918
2995
2996
3010
3038
3080
3111
3152
3191
3308
3418
3685
3744
3756
3830
4165
4261
4327
4402
4436
4573
4653
4662
4695
4725
4733
4829
4835
4860
4914
4954
5031
5069
5103
5320
5433
5565
5572
5633
5634
5745
5984
5985
6094
6139
6260
6342
6363
6371
6403
6510
6685
6766
6811
6875
6916
7022
7194
7329
7384
7388
7450
7519
7529
7547
7563
7605
7644
7708
7782
7924
8016
8048
8192
8223
8395
8435
8517
8608
8732
8919
8921
8972
9120
9169
9289
9409
9481
9511
9554
9602
9730
9793
9799
9913
9944
9977
10023
10132
10165
10274
10368
10598
10785
10798
10889
10918
10953
11099
11112
11138
11180
11249
11253
11329
11430
11725
11781
11801
11838
11905
11929
11956
11989
12150
12186
12445
12506
12555
12684
12731
12804
12834
12842
12982
13069
13186
13311
13439
13530
13735
13824
13831
14145
14149
14162
14226
14274
14286
14429
14509
14588
14953
15062
15144
15387
15407
15444
15727
16032
16064
16223
16400
16505
16519
16592
16795
16835
17013
17243
17257
17659
17661
17781
17813
18139
18285
18300
18561
18611
18644
18964
19024
19041
19141
19235
19305
19759
19809
20186
20313
20528
20553
20611
20832
20849
20961
20987
21060
21157
21726
21810
21984
22168
22441
22895
22897
22981
23323
23366
23483
23490
23491
23659
23772
23986
24103
24282
24369
24482
24677
24685
24957
25015
25063
25098
25595
25758
25796
25846
25961
26194
26294
26454
26548
27744
27944
28565
28779
28907
28955
29070
29073
29315
29351
29643
30003
30078
30420
30751
31134
31416
31525
31731
32212
32425
32727
32792
33227
33247
33510
33533
33536
33638
33888
34039
34138
34531
34894
34909
35123
35222
35404
36697
37293
37328
37437
37466
38932
39176
39393
39396
39405
39537
39842
39935
40322
40426
41857
42228
42733
42911
42940
43252
43256
43475
44918
44949
45529
45933
45974
46321
47985
47987
48511
49662
49682
50529
51615
52000
52137
53090
59
103
179
631
783
828
936
1000
1096
1140
1208
1232
1278
1356
1357
1358
1405
1631
1644
1665
1671
1740
1741
1772
1804
1809
2057
2081
2138
2151
2210
2294
2308
2345
2355
2373
2420
2521
2604
2642
2819
