0.994297889143
0.991207255665
0.987771108839
0.985075481238
0.983257113791
0.981580111238
0.979590535272
0.977881811055
0.976174577218
0.974608021794
0.974434037529
0.972973183501
0.971513428465
0.97012420336
0.969187037899
0.968285009737
0.96738340154
0.966655486863
0.965512178735
0.964369548392
0.963746576565
0.962570414234
0.960323842533
0.959667648723
0.959495003253
0.958666523055
0.9580798981
0.957114090514
0.956390049332
0.955562914763
0.954701694672
0.954047424874
0.95332454543
0.952601939958
0.951913999634
0.950848196214
0.950057815436
0.949370793941
0.948581028201
0.947928859471
0.9473112217
0.946762379327
0.946076551254
0.945322427889
0.944705640609
0.944020563627
0.943404201283
0.942753816163
0.942103655936
0.94148791919
0.94094076724
0.940325410699
0.939744425455
0.938992834927
0.938617149314
0.937934279635
0.937388165173
0.936603403604
0.936057672453
0.93547800923
0.934898524927
0.934387363252
0.933706038001
0.933195202482
0.932446235494
0.931901717645
0.931391376642
0.930813159068
0.930201128081
0.929725239757
0.929283452486
0.928671921605
0.92792477426
0.92748341503
0.926601047578
0.926092163406
0.925685153729
0.925210422795
0.924735813004
0.924329102149
0.923685334588
0.923075651306
0.922330756614
0.921653840998
0.920943364197
0.920266962976
0.91986123556
0.919692208873
0.919219017398
0.918002798708
0.917597570778
0.917057407894
0.916314949746
0.915707703007
0.915336705349
0.914864635851
0.91439268874
0.913819778508
0.91344916354
0.912977584209
0.912640813717
0.911933807841
0.911597229937
0.911159772159
0.910756057594
0.910217915016
0.909814409192
0.909377379456
0.90894045409
0.908470036497
0.907966156497
0.907361684262
0.906858109296
0.906455348971
0.905985576858
0.905515925266
0.904945801342
0.904576991727
0.904107705431
0.90367204928
0.903236497499
0.902700579618
0.902298743714
0.901896997892
0.901495341529
0.901026856024
0.900558492906
0.900056813996
0.899655567037
0.89925441016
0.898552616574
0.898151705712
0.897750883689
0.89714982274
0.896782604148
0.896415460727
0.895914934236
0.895581326529
0.895047685531
0.894680897466
0.894247521924
0.893847572757
0.893547669125
0.89311456507
0.892648262639
0.891882485859
0.891449784996
0.890950647
0.890651229806
0.890318603054
0.889986038427
0.889686783379
0.889021961644
0.888656410488
0.888191276629
0.887759472229
0.887460593038
0.887161762926
0.886896178405
0.886431503029
0.885966949418
0.88546935088
0.885038208733
0.884739786783
0.884375117802
0.883811691577
0.883215323554
0.882850968304
0.882453576204
0.88202317086
0.88169215998
0.881228851355
0.88079874359
0.880467962573
0.880104175146
0.879740464133
0.879376826428
0.879013264515
0.878517621673
0.878022124825
0.877658843096
0.877328652267
0.876965514046
0.876668456361
0.876338451286
0.875975519321
0.875645645329
0.875348811294
0.874986083099
0.874656395482
0.874326769991
0.873964253642
0.873568867559
0.873206508387
0.872778363774
0.872251575788
0.871988233359
0.871692019954
0.871362953587
0.871066846415
0.870737897465
0.870441896527
0.870113066236
0.869817171531
0.869488459278
0.869126950597
0.868896936386
0.868502700858
0.868207080125
0.867878672284
0.867517495351
0.867189217352
0.866729733144
0.866303183901
0.866040740421
0.865614357053
0.865188078054
0.864860243006
0.864630794132
0.864303062832
0.86400815778
0.863647790957
0.86335299773
0.863091001551
0.862763563481
0.86233798898
0.862043419403
0.861748900147
0.861454431212
0.861258146545
0.860865645549
0.860277061792
0.860015532793
0.859655997204
0.859361886109
0.859133167825
0.858839146191
0.858479855995
0.858120641592
0.857859440613
0.857500356673
0.857206616465
0.856978185199
0.856684533829
0.856130011986
0.855738683911
0.855445243766
0.855054072867
0.854728162452
0.854467478354
0.85417425689
0.853620537081
0.852969347442
0.852676382554
0.852416012187
0.85212314235
0.851927923749
0.851635138403
0.851342402756
0.851082235538
0.85082210808
0.850562020381
0.850301972443
0.850106962582
0.849781996468
0.849424605434
0.849099769162
0.848839945495
0.848385357982
0.84806072113
0.847736146404
0.847379187761
0.847022302425
0.846665493504
0.846341185915
0.846049361643
0.845757587692
0.845433455296
0.8451417882
0.844752985507
0.844429044456
0.844169935848
0.843910867
0.843489971136
0.843198639515
0.842939719768
0.842648482577
0.842357295708
0.84200147271
0.841710398288
0.84145170716
0.841193055792
0.840934444806
0.84057892063
0.840288091601
0.840029619154
0.839738886418
0.839351323741
0.839092996045
0.838834708109
0.838608738237
0.838350524229
0.838156889816
0.837834216116
0.837543862965
0.837318067043
0.83699555611
0.836576389185
0.836286253472
0.836060627151
0.835770581519
0.835609466455
0.835383931458
0.835126214451
0.834868537204
0.834578699691
0.834321106934
0.834063554558
0.833838228301
0.833612932486
0.833355488829
0.833162432179
0.832937227687
0.832615561034
0.832390430471
0.832101022241
0.831779518355
0.831490215738
0.831233100102
0.831040289467
0.830590491794
0.830397755709
0.830140809052
0.829883902155
0.829659141237
0.829370208264
0.829081324991
0.82879249266
0.828567879599
0.828343296979
0.828086668402
0.827798008779
0.827509400099
0.82722084174
0.826932333081
0.826707972869
0.826547733768
0.826355467348
0.826099146912
0.825810835189
0.825490546469
0.825266381329
0.824978214358
0.824722107632
0.824466040666
0.824274016533
0.824018019769
0.823794054671
0.823442172265
0.823250267413
0.823058384926
0.822802577021
0.822514840576
0.822259117162
0.822003432886
0.82133247941
0.821044999541
0.820789505368
0.820565980116
0.820214789161
0.819831758505
0.819512633387
0.819289281464
0.818970263821
0.818715091456
0.818491848252
0.818109220166
0.81785418199
0.817631056202
0.81737609444
0.817025588725
0.816738864297
0.816515890715
0.816292948196
0.81603819331
0.815847153239
0.815656135532
0.815337824252
0.815115042015
0.81486047102
0.814669568866
0.814415067451
0.814160606417
0.813937985084
0.813429256225
0.813206735535
0.812952463361
0.81269823219
0.812475810899
0.812094589946
0.811776973844
0.811554678668
0.811364164174
0.811110181503
0.810634090031
0.810253305816
0.809745739316
0.809492008872
0.809270026806
0.809079780693
0.808857855782
0.808699356182
0.808477482834
0.808192263696
0.807875416703
0.807717013397
0.807495274861
0.807210229051
0.806893569675
0.806671944207
0.80645034918
0.806228784594
0.806007250449
0.805785746746
0.805469366933
0.805184681448
0.804963291434
0.804710310839
0.804457370626
0.804236080633
0.803888404091
0.80357239765
0.803288044534
0.803003741119
0.802656328609
0.802403711446
0.8021827035
0.801803907907
0.801551424935
0.801298981722
0.801078125982
0.800888845292
0.800604967433
0.800415742655
0.800163478362
0.800163446057
0.800005800676
0.799785123236
0.799501442313
0.799217811091
0.798934228947
0.798713699985
0.798461703452
0.79817825674
0.797957831528
0.797705954895
0.797328219777
0.797139382659
0.796824707557
0.796573009844
0.796289897987
0.796038284765
0.795818155267
0.795598056211
0.795377987596
0.795126518503
0.794686552738
0.794498028731
0.794278112322
0.793932597732
0.7937127596
0.793398760419
0.793116213278
0.792927875645
0.792582652421
0.792331626902
0.792143382457
0.791892424653
0.79142199215
0.791108445239
0.790857652067
0.790575556575
0.79035618376
0.79001151904
0.78969825107
0.789447681548
0.789165838906
0.788946661785
0.788664911087
0.788477103381
0.788195434688
0.787882528907
0.787663530085
0.787507120993
0.787288174977
0.786912912435
0.786725312848
0.786568996943
0.786287669317
0.786068894145
0.7858813952
0.785662674698
0.785287799817
0.784975475526
0.784725655853
0.784444658111
0.78413249783
0.78385161067
0.783633173459
0.783414766067
0.783227584581
0.783040425461
0.782822100695
0.782572624574
0.782323189455
0.782167311532
0.781980278525
0.781762101617
0.781543955151
0.781388154884
0.780765157585
0.780578292316
0.78029803821
0.780080096135
0.779831056753
0.77964430393
0.779364216941
0.779084180894
0.77889751691
0.778586460591
0.77833766039
0.778119992286
0.777902354624
0.777715832285
0.77734285905
0.777156404428
0.776969971549
0.77675249479
0.776535048473
0.776286576292
0.776007093158
0.775758707331
0.77557244219
0.775386199413
0.775168944441
0.774920692183
0.774703502442
0.77445532287
0.774269214284
0.774083128062
0.773897064206
0.773556008951
0.773370008462
0.772967088476
0.772719187846
0.772502307487
0.77234741114
0.772099611152
0.771913785856
0.771666054827
0.771511242347
0.771232619645
0.771015948027
0.770830253193
0.770613637488
0.770335178174
0.770087699373
0.769902116364
0.76962378565
0.769345503392
0.769221838542
0.769005449593
0.768819997047
0.768325585523
0.768078430393
0.767893090293
0.767615127359
0.767368086539
0.767121084858
0.76684325922
0.766627205746
0.766442040217
0.766133490643
0.766010084233
0.765824993255
0.765331538456
0.765084866659
0.764807410044
0.764622464438
0.764345091691
0.764006151172
0.763790497162
0.763636476777
0.763359281087
0.763082135718
0.762928186777
0.762774253367
0.762589553776
0.762343322446
0.762127902647
0.761943281334
0.761789447324
0.761604867635
0.761420309689
0.76117426784
0.760959013294
0.760651561469
0.760467119077
0.760190501149
0.76000611529
0.759791025996
0.759545247557
0.759330223495
0.759145942006
0.7589002698
0.758501140063
0.758255570364
0.758071418716
0.757887289433
0.757703182516
0.757549777169
0.757396387353
0.757181667703
0.75681365391
0.756599017508
0.756445723986
0.756292445996
0.756077882901
0.755526337468
0.755373152665
0.755189351403
0.754974945484
0.754699328391
0.754515609755
0.754240073424
0.753811570349
0.75341378127
0.75319962758
0.753046678852
0.752801993813
0.752618506282
0.752496193272
0.752037626029
0.751701427088
0.751456961972
0.751212535373
0.751059788552
0.750845970336
0.750601643759
0.750479494759
0.750204698338
0.750052054644
0.749594228553
0.749411131788
0.749197547163
0.749014498856
0.748739970814
0.74855697842
0.748343515559
0.748160571622
0.747886198272
0.747581403536
0.747429026358
0.747185256421
0.74700245475
0.746819674823
0.746636917261
0.746484636377
0.746271469232
0.74557135178
0.745358315098
0.745084457386
0.744901912291
0.74459772141
0.744141557163
0.743898323987
0.743715924265
0.743563941581
0.743442366617
0.743229634968
0.743047317252
0.742834642137
0.742621997463
0.742470126605
0.742287902076
0.742105699911
0.741893158987
0.741377142861
0.741225399359
0.740952303921
0.740770265767
0.740557916808
0.740345598291
0.740133311458
0.739951373946
0.739587569125
0.739436008891
0.739072340744
0.738920833317
0.738648162814
0.738436119511
0.738224105407
0.737981842002
0.737769893129
0.737467163429
0.737255288484
0.737103967432
0.736952661911
0.736861886054
0.736740860274
0.736589592029
0.736377843819
0.73616612543
0.735863726856
0.735712548691
0.735500925975
0.735319558771
0.735138213932
0.734654764992
0.734443294482
0.734171449
0.734020444785
0.733839260229
0.733597716853
0.733386398549
0.733205292271
0.732843159855
0.732601780489
0.7324509378
0.732300110642
0.732058821358
0.73187787971
0.731696959807
0.731516062268
0.731335187095
0.731124194947
0.730792705705
0.730551664921
0.730401033456
0.730250417523
0.730039581931
0.72982877678
0.729678219866
0.72949757207
0.729316946639
0.729166442531
0.728925671991
0.728775208264
0.72856458576
0.728293833057
0.728083280134
0.72784268665
0.72760213479
0.727301497461
0.727151201471
0.727000921014
0.726820604966
0.726640311282
0.726520127919
0.72630983095
0.726099565044
0.725919360821
0.725799237098
0.725589046363
0.72543892743
0.725168759324
0.725018683879
0.724898634705
0.72468857319
0.72450854416
0.724358537052
0.724238542549
0.724058569431
0.723908608917
0.723728676801
0.723548767051
0.723368879666
0.723218990595
0.722949230029
0.722769417194
0.722619590249
0.722469778835
0.722230114742
0.721960544278
0.721870696569
0.721691018545
0.721541303424
0.721331729591
0.721122184957
0.720942599499
0.720763036407
0.720613417581
0.720463814286
0.720284310833
0.720134741707
0.719925371644
0.719716032022
0.719566521915
0.719327339912
0.719088196426
0.718849093943
0.718669791776
0.718490512594
0.71822163731
0.718072282515
0.717743757258
0.717534734474
0.717355596937
0.71705708739
0.716878008873
0.716698953342
0.716579594999
0.716012804704
0.715863679771
0.715684750975
0.715505843923
0.715237527143
0.714909654819
0.714671248758
0.714522263607
0.714313712352
0.714045621086
0.71374780299
0.713509590138
0.713360726131
0.713152345098
0.713003518988
0.712795188276
0.712586889249
0.712259625751
0.712051405001
0.711872952704
0.711694522772
0.711516115826
0.711248548895
0.711099920963
0.710951308563
0.710743277915
0.71053527771
0.710416433762
0.710238187098
0.710059962179
0.709852061994
0.709466048094
0.709317606537
0.709139497792
0.70896141079
0.708041709919
0.707893417462
0.707656181836
0.707507930382
0.707330048393
0.707211472825
0.707003991363
0.706855807625
0.706678008262
0.70644097827
0.706292853551
0.706085505037
0.705907801968
0.705759733782
0.705493252797
0.705256420984
0.705078822285
0.704930840453
0.704753282757
0.704575748046
0.704486988767
0.704309487604
0.704013704725
0.703865834719
0.703747549896
0.703599708467
0.703422318508
0.703274510626
0.703097162291
0.702860732427
0.702712983564
0.702565250233
0.702358451525
0.702181218121
0.701856352029
0.701708708778
0.70153155738
0.701383948919
0.701206839144
0.701059264232
0.700882195459
0.700734654715
0.700587129503
0.70049862183
0.699997199496
0.69973180632
0.69958438672
0.699348551393
0.699171698194
0.699053808486
0.698876993184
0.698611812475
0.698435052464
0.698287769539
0.698111051152
0.697816569792
0.697639912287
0.697492713231
0.697404401252
0.697257227046
0.697110068371
0.696933498463
0.696727529124
0.696609846293
0.696492172781
0.696168626224
0.696021583101
0.695815748574
0.695521752411
0.695315991813
0.695110261655
0.694933945217
0.694787031936
0.694640134186
0.694493251968
0.694346385281
0.694199534125
0.693993969841
0.693788434757
0.693612286056
0.693465512556
0.693318755209
0.693083976629
0.692907918009
0.692673207766
0.692497201331
0.692350545869
0.692203905938
0.691969316218
0.691734766257
0.691529567891
0.691353706829
0.69117786751
0.69103135183
0.691031338783
0.690884839255
0.690884815026
0.690709035348
0.690591861321
0.690445407766
0.69024039888
0.690093982599
0.689859749476
0.689654828187
0.689420670857
0.689040251316
0.688893962392
0.688689184611
0.688513684496
0.688250478121
0.688162753224
0.688045795392
0.68789961208
0.687753444299
0.68760729205
0.68737348262
0.687256591883
0.686964417847
0.68664309226
0.686438650576
0.686321839359
0.686146641792
0.686000660387
0.685854694513
0.685650370245
0.68547525779
0.685300168321
0.685154276997
0.685008401204
0.684862540942
0.684600035959
0.684454219185
0.684279260178
0.684133477573
0.683958558948
0.683812810511
0.683696222944
0.683550502464
0.683404797515
0.683259108097
0.683113434211
0.682938646669
0.682763880872
0.682530896462
0.682414418235
0.682239719533
0.682094154365
0.681919497286
0.681803071866
0.681628451441
0.681366565223
0.681162908799
0.680959286545
0.680842942508
0.68069752644
0.680493971902
0.6802323025
0.680086951664
0.679970682177
0.679738174888
0.679621935221
0.679331383891
0.679186129349
0.678982799081
0.678779499877
0.678692380699
0.678547194494
0.67840202382
0.678227840134
0.678053680056
0.67785051939
0.677705423266
0.677473303637
0.677328247895
0.677154202126
0.676980178723
0.676893175097
0.67671918462
0.676603203394
0.67645824146
0.676313294436
0.675965489296
0.675762643604
0.675328092036
0.675183266156
0.674951579538
0.674777839425
0.674604121056
0.674401479755
0.674227810464
0.674112042948
0.673938412175
0.673735870896
0.673562287338
0.673301955488
0.673157347046
0.67295492194
0.672810350773
0.672550164296
0.672290034974
0.672001055407
0.671885479236
0.671683245476
0.671452163956
0.671307754314
0.67110560815
0.670961235783
0.670816878947
0.670643671866
0.670499349199
0.670412763054
0.670239608159
0.670008769548
0.669835666837
0.669691431767
0.669489529133
0.669316492896
0.669143479646
0.66902814949
0.668912829274
0.668768692982
0.668624572221
0.668422831112
0.668163492642
0.668019437113
0.667788981813
0.667673768452
0.667529765729
0.667414574733
0.667299393677
0.667155431956
0.667011485146
0.666838770096
0.666694857454
0.666608517324
0.666493405848
0.666291984683
0.666205670645
0.665946766429
0.665802950081
0.665630390965
0.665486608785
0.665314090671
0.665141595544
0.664911637866
0.66462425367
0.66448058021
0.664365652624
0.664135829757
0.663992209103
0.663877323762
0.66370501501
0.663561440949
0.66341788242
0.663216927814
0.66307340656
0.66284380548
0.66264293847
0.662528169925
0.662384723221
0.66226997704
0.661897133647
0.66175375528
0.661610392445
0.661323717096
0.661237725487
0.661094418565
0.660951127173
0.660807851934
0.660635942024
0.660521347429
0.660378118162
0.660206264165
0.659948530384
0.659776732299
0.659576330607
0.659461827956
0.659204235199
0.658803651736
0.65868921618
0.658574790565
0.658374571519
0.658202977826
0.658088594455
0.65788844996
0.65774550709
0.65751683043
0.657373927941
0.657231040984
0.657088168936
0.65694531242
0.656488316941
0.656345526277
0.656202750523
0.655888699157
0.655374973581
0.65523230344
0.65508964883
0.655004063519
0.654861433759
0.65471881953
0.65460473933
0.65449066907
0.654376608749
0.654205537528
0.654062994743
0.653749459635
0.65349298575
0.653350520621
0.653037156357
0.652894740929
0.652752341653
0.652553010374
0.652410648373
0.652268301282
0.652154434792
0.652012115657
0.651869812054
0.651727523982
0.651499895993
0.651186980893
0.651016328394
0.650902571243
0.650845696396
0.650589792197
0.650419216733
0.650305511768
0.65016339454
0.650021292843
0.649879206677
0.649765548927
0.649651901117
0.649538263246
0.649396229887
0.649169010059
0.649055414434
0.648828253625
0.648686298543
0.648544358371
0.64840243373
0.648147011001
0.648005129848
0.647721423454
0.647466133672
0.647324327069
0.647239250562
0.646984057074
0.646728915149
0.646587189309
0.646445478999
0.646218778537
0.646077108609
0.645907125818
0.645765490058
0.645567226709
0.645340680317
0.645227420167
0.645085858957
0.644944313901
0.64477448021
0.64466126976
0.644519770675
0.644321700535
0.644151948228
0.643982218285
0.643840793751
0.643642826117
0.643529715067
0.643388340233
0.643218710933
0.643077370268
0.642964308918
0.642794736152
0.642625185751
0.642455657715
0.642286151423
0.642116668117
0.64203193454
0.641608379103
0.641326070523
0.641184937976
0.641072043121
0.640930938531
0.640818066041
0.640676989407
0.640479508212
0.640366675483
0.640253852693
0.640112838184
0.639971839206
0.639859051207
0.639718080185
0.63960531455
0.639238917251
0.639069836515
0.63887260382
0.638647232834
0.638506395381
0.63836557346
0.63822476707
0.63802766608
0.637830596152
0.637633554802
0.637520973058
0.637380259855
0.63693012298
0.636705097408
0.636592597669
0.636423867939
0.636255159954
0.635777286736
0.635608664483
0.635468163126
0.635355772727
0.635215298706
0.634850146392
0.634709728283
0.634597404979
0.634485091615
0.634344713887
0.634148213025
0.634035939421
0.633867548273
0.633755299519
0.633586945025
0.633390560958
0.633222255542
0.63294179953
0.632745515485
0.63263336613
0.632521226716
0.632409097242
0.632268949377
0.632156842268
0.631596493718
0.631316399894
0.631176373173
0.631008362231
0.630896367568
0.630728393279
0.630504464836
0.630392514281
0.630252590067
0.630112681383
0.630000765619
0.62983291061
0.629693048521
0.629357448465
0.629189679188
0.629077845429
0.628938067209
0.628714460573
0.628574722733
0.628462943644
0.628323233761
0.628155604266
0.628015928552
0.627904199162
0.627764552025
0.627485309937
0.627373627763
0.62720612376
0.627010730588
0.626899090658
0.626787460669
0.626647937783
0.626536330159
0.62636893736
0.626229460446
0.626089999063
0.625922665904
0.62581112289
0.62550443831
0.625365057689
0.62530930979
0.625197821446
0.625086343042
0.624919144695
0.624779829927
0.624668388798
0.624529101365
0.624417682601
0.62416702921
0.623972111294
0.623832902138
0.623665871529
0.623498863284
0.623331878026
0.623192739693
0.623053616891
0.622914510242
0.622803235608
0.622664156294
0.622441664182
0.622274819326
0.622135799031
0.621968995799
0.621802214932
0.621691039698
0.621496508821
0.621385361543
0.621302007142
0.621163095566
0.621051977487
0.620913093867
0.620774225778
0.620607605193
0.620441006974
0.620274431741
0.620052368291
0.619885844622
0.619719343317
0.619358688235
0.619164522653
0.618998118264
0.618914924145
0.618804007352
0.61863765142
0.618499038044
0.618332724357
0.61822186037
0.617972455071
0.617833916245
0.617639988601
0.617529186118
0.617446090778
0.617307611592
0.61708607869
0.616947639264
0.616836898905
0.616726168487
0.616615448008
0.616504737469
0.616394036871
0.616255675101
0.616117328862
0.615896009049
0.615730043884
0.615619412865
0.615508791787
0.615287583177
0.615149345657
0.615038766824
0.614928197931
0.614817638977
0.614707089964
0.61459655089
0.614347876182
0.614209744275
0.614071627898
0.613933528296
0.613767827783
0.613629761729
0.61351931957
0.61338128085
0.613077667732
0.612939678712
0.612829298679
0.612691337615
0.612553392083
0.612415462703
0.612277548855
0.612084495932
0.611974192934
0.611836328785
0.611753617378
0.611615777459
0.61145039192
0.611312586169
0.611174795949
0.611092129272
0.610926812693
0.61078906596
0.610623791004
0.610430999007
0.610348382651
0.610128100947
0.610045505093
0.609880332022
0.609770227824
0.609577571259
0.609439977354
0.609274884425
0.609137324689
0.60905479593
0.608944766281
0.608834746573
0.608697236537
0.608532244872
0.608367275571
0.608174840171
0.608037404064
0.607845023334
0.607707624502
0.607597716619
0.607432874053
0.60732299102
0.607213117927
0.606965942296
0.606828642864
0.60674627066
0.606636449752
0.606471737648
0.606334494129
0.606169823028
0.606032613678
0.605895420479
0.605785676606
0.605593650611
0.605483934073
0.605346802378
0.605182265468
0.605017752164
0.604880673276
0.604798433399
0.604551753525
0.604442131417
0.604250317268
0.604140722495
0.603976348973
0.603784609374
0.603675056846
0.603538130164
0.603346460145
0.603209570738
0.603017953525
0.602881101393
0.602744264793
0.602607443724
0.602497998051
0.6023338488
0.602197074946
0.602087666548
0.60195092065
0.60178684595
0.6016501336
0.601513436781
0.601267425372
0.60118543151
0.601076115057
0.600912159637
0.600802868034
0.600666267509
0.600420428187
0.600311181314
0.600120023826
0.600010804289
0.599819695258
0.599710503056
0.599519442483
0.599355698909
0.599246548951
0.599110125482
0.598919160582
0.598673680964
0.598564593131
0.598264662164
0.598073830832
0.597910285437
0.597746763649
0.597637760307
0.597556014323
0.597419784063
0.597201850685
0.597065660185
0.596902252708
0.5967933264
0.596629956198
0.596493830929
0.596330501108
0.596221626985
0.596221617666
0.59605832512
0.59589505556
0.595650201541
0.59545978769
0.595269404902
0.595160627694
0.594943104963
0.594834357576
0.594834348257
0.594589707327
0.594399463077
0.594399450031
0.594290752343
0.594182064596
0.594019051612
0.593937553507
0.593828898065
0.593720252563
0.593530148715
0.593421530548
0.593312922321
0.593150028617
0.59304144524
0.592715760339
0.592552949262
0.59239016055
0.592281646752
0.592227393581
0.591956168728
0.591739232457
0.5916307783
0.591522334083
0.591251276346
0.591115766736
0.591007369734
0.590817699519
0.590600970746
0.590167651117
0.589788631874
0.589626223367
0.58951796304
0.589436774318
0.589355591187
0.58924735571
0.589112075342
0.589003862229
0.588814515065
0.5887333748
0.588625196478
0.588517028096
0.588192586939
0.588057427714
0.587922284021
0.587760133954
0.587625024429
0.58740888398
0.587300827423
0.587192780806
0.587111752367
0.586976717392
0.586814697167
0.58670669528
0.58654471295
0.586382751744
0.586247800638
0.58616683743
0.585977946263
0.585816063334
0.585708153392
0.58560025339
0.585465392987
0.58535751535
0.585060908692
0.584953068331
0.5847643741
0.584656561695
0.584521809389
0.584387073236
0.584252352614
0.584090708245
0.583982957343
0.583848282694
0.583740554157
0.583605908086
0.583471277545
0.583336662536
0.58312131356
0.582986738932
0.582825269134
0.582690728675
0.582583106993
0.582394794832
0.58223340766
0.582125828223
0.581991367906
0.581830036025
0.581614970961
0.581292443875
0.581158081715
0.581077470756
0.580862541745
0.580755089043
0.58067450604
0.580432794927
0.580325381985
0.580217978983
0.580003205285
0.579895832103
0.579734791589
0.579600607728
0.579412777036
0.579251803617
0.579144500015
0.579010384491
0.578849466985
0.578742200659
0.57858132167
0.578206047946
0.578125641999
0.577964850606
0.577857666285
0.577750491903
0.577643328083
0.577536173581
0.577321898748
0.577214774066
0.577134437078
0.577027329792
0.576920232445
0.576839915958
0.576732836007
0.576625765995
0.57649194308
0.576197595289
0.576063821453
0.575930063769
0.575823068308
0.575689337959
0.575555623763
0.575421925098
0.575395187104
0.575234774054
0.575154574983
0.575047651587
0.574914011319
0.574700220439
0.574566621174
0.574486468697
0.574379607426
0.574272756095
0.574192624119
0.574059083252
0.573978966186
0.573872152751
0.573792048732
0.573605161719
0.573471689189
0.573364922348
0.57328485374
0.573178104294
0.572991318545
0.57285791808
0.572857890123
0.572751180437
0.572617807307
0.572511120607
0.572377776055
0.57227111172
0.572164456704
0.572057811628
0.571951176491
0.571844551295
0.571657982983
0.571338232266
0.571231664225
0.571125106123
0.571018557962
0.570912019741
0.570778860943
0.570592468445
0.570432724481
0.570352860885
0.570273002881
0.57016653424
0.57000685178
0.569873798594
0.569767367228
0.569687550226
0.569607738816
0.5695013323
0.569102430561
0.568942895337
0.568863136112
0.568756799176
0.568623891984
0.568304996107
0.568092436544
0.567853360775
0.567640891916
0.567561224014
0.567428456603
0.567322253857
0.567216061051
0.567083334643
0.566950623145
0.566844465129
0.56676485314
0.566658712519
0.566552581838
0.566419932465
0.566075125479
0.56580995968
0.565571362895
0.565465334099
0.565359315243
0.565306309543
0.565200306218
0.565094312212
0.564961833683
0.564829370685
0.564643950444
0.564432082954
0.564352640567
0.564220250876
0.564087875475
0.563717328223
0.563611473377
0.563505628471
0.563373336938
0.563293969101
0.563241060316
0.5631352502
0.563029450024
0.562870770261
0.562764994936
0.562685669964
0.562606350584
0.562500600109
0.56223626927
0.562051274586
0.561971999936
0.561839888566
0.561734210155
0.56160212612
0.561496470074
0.561390823968
0.561258780935
0.56107394964
0.560915545713
0.560809954277
0.560625194425
0.560493241474
0.560414076785
0.560018378213
0.559939247072
0.559860121522
0.55964915671
0.559517318068
0.559306411032
0.559306376863
0.559227296043
0.558990093344
0.558884683313
0.558779283223
0.558621201724
0.558489484227
0.558384121411
0.558278768535
0.558173426221
0.557831148966
0.557594242603
0.557462646249
0.55727843931
0.557041650364
0.556936424223
0.556831208023
0.556726001762
0.556541918452
0.556410446348
0.556305279848
0.556226411496
0.556147548735
0.556042407084
0.555910993999
0.555779596446
0.555648214423
0.555595665963
0.555464306306
0.555306696336
0.555122845374
0.555017800638
0.554833998754
0.554702729178
0.554571474512
0.554492729168
0.554282771402
0.554177806186
0.554046613645
0.553941670795
0.55375804721
0.553679359642
0.553469555946
0.553364667766
0.553259789525
0.553181137368
0.553076276523
0.552945215066
0.552866585274
0.552735548667
0.552630730066
0.552447323298
0.552342532032
0.552237750707
0.552159171236
0.552054407306
0.551897280669
0.551792541589
0.551530741725
0.551426037435
0.551242828845
0.551085817761
0.551007320295
0.550902665705
0.550798021055
0.550641074581
0.550484148608
0.550379543718
0.550274949389
0.550065793036
0.549987368257
0.549882810582
0.549725992707
0.549621459881
0.549516936996
0.549438551356
0.549360171306
0.549255673271
0.549046708885
0.54891612579
0.54881167
0.548576682679
0.548472259194
0.548341744437
0.548185147106
0.548080760896
0.547976384626
0.547845928888
0.547585069597
0.547480740542
0.547376421427
0.547219963877
0.547115669612
0.547011385287
0.546854981164
0.546724658374
0.546594351735
0.546438003526
0.546307731056
0.54615142447
0.54604723209
0.545890962779
0.545474375907
0.545344218369
0.545214075741
0.545135997619
0.545031902154
0.544953837079
0.544797725565
0.544693662405
0.544589609807
0.544485566527
0.544381533187
0.544277509787
0.544121494568
0.543991498555
0.54388751243
0.543783536245
0.543601603703
0.543497654854
0.543133930794
0.543056001773
0.542952105108
0.542874189133
0.542770309863
0.542562587356
0.542432777097
0.542328940072
0.54219915839
0.541991545224
0.541887750444
0.541706137225
0.541576430094
0.5414467416
0.541291131435
0.541161473382
0.541031830861
0.540928128026
0.540824435132
0.540720752177
0.540565246382
0.540461588899
0.540383851844
0.54025430251
0.540021158439
0.539839856466
0.539710372364
0.539555012563
0.539451451374
0.539347900745
0.539244359436
0.539140828066
0.539011428454
0.538882044372
0.538778547793
0.538675061153
0.538597452697
0.538493983452
0.538390524148
0.538312936192
0.538261213995
0.538080206495
0.537950933618
0.537847526498
0.537769977682
0.537666587957
0.537563208173
0.537382321196
0.537278968746
0.537072296152
0.536968973523
0.536814008837
0.536710711058
0.536607423219
0.536504145319
0.536426693418
0.536323432913
0.53622018297
0.536091134364
0.536013712283
0.535936295792
0.535858884893
0.535755679059
0.535652483786
0.535549297832
0.535420329988
0.535239800851
0.535136654657
0.535033518402
0.534930392088
0.534827275714
0.534621076512
0.534414914586
0.534311847912
0.534208791178
0.534002709393
0.53382242068
0.533719411161
0.533616411581
0.533513421942
0.533410442243
0.53323025293
0.533050096543
0.532972894384
0.53286996687
0.532767049296
0.532664141661
0.53245835994
0.532355482748
0.532252614873
0.532175470491
0.532072620633
0.531944072133
0.531841244019
0.531738426466
0.531635618232
0.53155851858
0.531430032205
0.531327253791
0.531198794751
0.531121726783
0.530993293835
0.530890558288
0.530787832058
0.530659440114
0.53055673625
0.530454042326
0.530377028406
0.530300020077
0.530146020815
0.53006902926
0.529992043296
0.529915062924
0.52978677597
0.529658503927
0.529427661589
0.529325077005
0.529222502361
0.529119937657
0.528940475828
0.528889205901
0.528632899132
0.528556017538
0.528453517444
0.528376648897
0.528299786562
0.528197311318
0.528069231241
0.52799239065
0.527864335423
0.527736295728
0.527659479366
0.52753146452
0.527454663068
0.527275482665
0.527224293501
0.527096332083
0.527019562314
0.52691721132
0.526763705331
0.526635799825
0.526533486106
0.526405607936
0.526328888488
0.525996515828
0.525894264234
0.52579202258
0.525613124846
0.525510911149
0.52538315785
0.525255420082
0.525102155137
0.524999990518
0.524999974366
0.524770141559
0.524591417154
0.524438249125
0.524234062775
0.524106464788
0.523953368203
0.523851315409
0.523749272555
0.523698254856
0.523570722101
0.523468706582
0.523366701003
0.523188217022
0.523086238779
0.522933291293
0.522831337899
0.522703910757
0.522601979728
0.522500058639
0.522270776882
0.522194359362
0.522092478033
0.521939676542
0.521939664117
0.521812345693
0.5216850428
0.521532299706
0.521405030361
0.521226881855
0.521074205235
0.520972433246
0.520896110778
0.520845232238
0.520692613394
0.520616311427
0.520540015052
0.520412867471
0.520234888567
0.520006109401
0.519904442404
0.51977737248
0.519675727226
0.519421666899
0.519320056435
0.519218456533
0.51904068202
0.518939108832
0.518837545583
0.518406054294
0.518279167018
0.518177668379
0.518050809681
0.517898600862
0.517416754126
0.517340692583
0.51723928589
0.517061849337
0.516833765971
0.516783086232
0.516529731645
0.516377745234
0.51627643297
0.516175130647
0.516048516721
0.515921918326
0.515770021375
0.515668768752
0.515567526068
0.515466293325
0.515263861386
0.515187958262
0.515112060729
0.514960283679
0.514859110575
0.514757947412
0.514656794189
0.514580935795
0.514479800588
0.514353395402
0.514252281938
0.514125904088
0.513999541768
0.513898463095
0.513696342402
0.513595293549
0.513468997082
0.513115463392
0.51283777008
0.512787286656
0.512661089589
0.512560144485
0.512484440782
0.512333051392
0.512206910237
0.512206900919
0.51197989418
0.511702511493
0.511576447995
0.511500816978
0.511374777709
0.511248754592
0.511147946784
0.511072347451
0.51094636223
0.510770011002
0.510669250409
0.510543313645
0.510442575417
0.510316667232
0.510215951369
0.510115245446
0.510039722527
0.509939033999
0.509863524126
0.509737687384
0.509662192421
0.509561541168
0.509435741701
0.509234495108
0.5091338861
0.508957845497
0.508857263824
0.508731550711
0.508630991403
0.508530442035
0.508429902607
0.508329373119
0.508253982526
0.508128344584
0.508027844917
0.507927355189
0.507826875401
0.507751522704
0.507500388466
0.507425059377
0.50737484309
0.507224209762
0.507098699177
0.506948108094
0.506847725842
0.506747352909
0.506621900722
0.506521550154
0.506421209526
0.506320878838
0.506195480078
0.506095171755
0.505994873372
0.505919656108
0.505819375121
0.505719104073
0.50564390731
0.505468472426
0.505393294301
0.505192847256
0.505117689633
0.50496739178
0.50489225093
0.504767029226
0.504616783558
0.504516632411
0.504416490584
0.504316358696
0.504191208436
0.504116125362
0.504016023294
0.503915931166
0.503740795725
0.503640730932
0.50354067608
0.503440631167
0.503090564675
0.502915574606
0.502815591819
0.502715618971
0.502615656064
0.502515703096
0.502365794146
0.502290847126
0.501966169272
0.501866280914
0.501766402497
0.50166653464
0.501591639805
0.501516750562
0.501242211338
0.501142395666
0.5009677448
0.500867955843
0.500768176825
0.500693349085
0.500593587463
0.500319299845
0.500244505653
0.500244485773
0.50014476888
0.500020137364
0.499970288858
0.499870599301
0.499073461804
0.49884937929
0.498774695059
0.498700016419
0.49862534337
0.498326714543
0.498252069451
0.498152551359
0.498053043206
0.497953545615
0.497854057964
0.497555660863
0.497431351776
0.49725734701
0.497157928318
0.497058519566
0.496983969525
0.496834886837
0.496785197371
0.496660985199
0.496561626147
0.496487113381
0.496338105865
0.496213949605
0.496089808877
0.495990506979
0.495866393586
0.495568591022
0.495494152806
0.495419720181
0.495320485379
0.494774885933
0.494650925367
0.494502193065
0.494427834991
0.494353482507
0.49425435456
0.494180015123
0.494056128486
0.493981803959
0.493882713908
0.493808402427
0.493734096537
0.493659796239
0.493585501531
0.493511212415
0.493412168958
0.493337892889
0.493238866827
0.493040847007
0.492941850765
0.492917103258
0.492793375661
0.492644922922
0.492521228872
0.492447019898
0.492348083296
0.492224428385
0.492174970024
0.492076060757
0.49200188533
0.491828832941
0.491705242019
0.491606379967
0.491507527855
0.491359268324
0.491260441684
0.491161624983
0.491087518515
0.490988718588
0.490914625166
0.490766456959
0.490692380311
0.490568933519
0.490420816876
0.490322084044
0.490174005297
0.490075297315
0.489951926937
0.489803903482
0.48972989952
0.489631236889
0.489557245974
0.489458600117
0.4893599642
0.489261338223
0.489014829815
0.488595905178
0.488497356236
0.488398817234
0.488226399763
0.488103262354
0.48795551784
0.487881653659
0.487758559116
0.487660095286
0.487463198687
0.487290945226
0.487192527989
0.487044921393
0.486897338404
0.486798960927
0.486725184343
0.486553061965
0.486405552284
0.486282644738
0.486159752722
0.486061450417
0.48596315743
0.485864874384
0.485692903591
0.485570086126
0.485447284192
0.485373610114
0.48515262267
0.485078970957
0.484833513704
0.48466172618
0.484465435922
0.484195606397
0.483950372795
0.483803259471
0.483729710264
0.483729700946
0.483362052448
0.483288536789
0.482798600752
0.482700638271
0.482602685729
0.482406814194
0.482308892094
0.482186503291
0.482113077092
0.481966242089
0.481892832663
0.481574817719
0.481452522104
0.481354696298
0.481232428018
0.481159074505
0.481085726583
0.480963493093
0.480841275756
0.480767952063
0.480621322072
0.48049914698
0.480425850001
0.480328129186
0.480230417689
0.48015714059
0.480083869082
0.479986182436
0.47988850573
0.479839671104
0.479766423825
0.479668769484
0.479595535251
0.479473491242
0.479375866721
0.479253850669
0.479156248512
0.479058656296
0.478985468657
0.478765941772
0.478668389316
0.478546462724
0.478424552284
0.478278281376
0.47818077862
0.478058914774
0.477985803548
0.477863964553
0.477766504041
0.47766905347
0.47747418836
0.477352413974
0.477255005648
0.477254982041
0.477108891916
0.476987164124
0.476914134904
0.476816771308
0.476743755134
0.476500415102
0.476281457904
0.476184158918
0.476086869872
0.47601390961
0.475066225139
0.474896179602
0.474823310664
0.474750447318
0.474653304887
0.474434780079
0.474361946552
0.474240570388
0.474070670223
0.473973597372
0.473852270286
0.47377948149
0.473730958732
0.473633920671
0.473561148648
0.473464127982
0.473367117257
0.473294365735
0.473173126246
0.473027662342
0.472954936913
0.472857978372
0.47278526599
0.472664091732
0.472567163011
0.472446016709
0.472349110353
0.472227992007
0.47208267037
0.471985801289
0.471792094811
0.47169525555
0.471622632628
0.47147740542
0.471404799271
0.471332198714
0.471259603747
0.471162819157
0.470993472526
0.47089671527
0.470824153851
0.470751598024
0.470606504385
0.470437256533
0.47043725032
0.470364724313
0.470268031667
0.470195518706
0.470074676817
0.469978013991
0.469784721887
0.469688088881
0.46961562065
0.469470701583
0.469374100882
0.469084372087
0.468987811147
0.468891260146
0.468601672996
0.468529288634
0.468384537304
0.468336291624
0.468263927763
0.46826392155
0.468119212465
0.468022750925
0.467926299324
0.467781641182
0.467709320187
0.46758879762
0.467516491536
0.46739599444
0.467323703266
0.467203230399
0.46710686391
0.466962335609
0.466865993348
0.466745579501
0.466649259605
0.466577026207
0.466384434873
0.466240015291
0.466071555805
0.465951245085
0.465927184681
0.465830949275
0.465614462169
0.465614453471
0.46542205721
0.465422050997
0.46534991265
0.46513353799
0.464965277926
0.46489317499
0.464797046439
0.464797037742
0.464797031529
0.464652858584
0.464532730511
0.464436639236
0.464292522824
0.464172441345
0.464100399913
0.464100388109
0.464004341564
0.463932313178
0.463788273801
0.46369225956
0.463692244029
0.463572240828
0.463572234615
0.463500239777
0.463188360923
0.463092408807
0.462972482641
0.462900534396
0.462804612101
0.462708699746
0.462636772002
0.462540877042
0.462444992643
0.462444983945
0.462253247452
0.462157392252
0.462085507375
0.461989669569
0.461869886291
0.461774070851
0.461774064638
0.461654309937
0.461534570767
0.461534520446
0.461390853819
0.461271148197
0.461271132045
0.461175378729
0.461055701063
0.460936038929
0.460696770572
0.460696764359
0.460696751934
0.46055321577
0.460433618867
0.460290124326
0.460194472896
0.460122740847
0.460027106811
0.460027100599
0.459931476504
0.459788060862
0.459716360496
0.459644665722
0.459549082008
0.459453507613
0.459334054218
0.459166848416
0.459071314402
0.458975789707
0.458880274952
0.458665416142
0.458569933692
0.458474461182
0.458355135144
0.458235824637
0.458164245415
0.458092671784
0.457973394825
0.45792568839
0.457854134018
0.457758736058
0.457687194111
0.457615657755
0.457496443542
0.45737724486
0.4572818966
0.45718655828
0.457091230521
0.456995912081
0.456781486283
0.456662380167
0.456590923953
0.456519473329
0.456400401383
0.456186120336
0.456114701396
0.456043288048
0.455971880291
0.455781489426
0.455662514395
0.455591136458
0.455472185655
0.455377036195
0.455281896675
0.455162988117
0.454830143927
0.454663758175
0.454568693206
0.454449877835
0.454378594949
0.454307317655
0.454188536453
0.454117274069
0.454046017276
0.453974766074
0.45378479269
0.453689819665
0.453523647002
0.453404967064
0.453333766184
0.453262570894
0.453143924504
0.453049018574
0.452930402004
0.452811799722
0.452716928582
0.452645781751
0.452550928006
0.452432375424
0.452290132703
0.452171613669
0.452053110788
0.451958319168
0.451745078715
0.451602945335
0.451531886099
0.451389786266
0.451318743804
0.45122402922
0.451129324575
0.45103462987
0.451010957747
0.450868939919
0.45077427317
0.450537657553
0.450443024973
0.450372057061
0.450159193086
0.45008824754
0.450017307584
0.44994637322
0.449757244736
0.449686330873
0.449568155391
0.449449994197
0.44930822052
0.449166471072
0.449001126536
0.448906655481
0.448859423681
0.448788580641
0.448694131951
0.448623301957
0.448552477555
0.448481658743
0.448410845523
0.448340037894
0.448269235856
0.448174841836
0.448080458378
0.447891720039
0.447773779389
0.447632270986
0.447396479146
0.447302177072
0.447160743219
0.447042898241
0.446995764599
0.446783697688
0.446665903032
0.446571677993
0.446477463515
0.446406808713
0.446289063136
0.44617133309
0.446006539603
0.445841776557
0.445747638492
0.44558292204
0.445512338061
0.445394711143
0.445324142074
0.44523005868
0.444947875592
0.444830323223
0.444736292635
0.444618768223
0.444524759378
0.444430761095
0.44436026844
0.444266286931
0.44407835746
0.444007892761
0.443937433653
0.443843496874
0.443749570035
0.443679131429
0.443655653136
0.443561746176
0.443467849157
0.443373962078
0.443256617207
0.443186217739
0.44309236048
0.443021974059
0.442928134195
0.442810848343
0.442717030843
0.442646674242
0.442482536795
0.442412198832
0.442318423577
0.44224809866
0.442154341422
0.442084029551
0.441966856145
0.441873128106
0.441732555306
0.441615428494
0.441428063118
0.441381226433
0.441240731911
0.441147081528
0.441076849798
0.440936404976
0.440819383776
0.440725778123
0.440655579941
0.440561991062
0.440328072292
0.440211131855
0.440094206949
0.440024059088
0.439953916818
0.439813652779
0.439696780059
0.439603293065
0.439533184342
0.439439714743
0.439299529603
0.439182725842
0.438972518954
0.438879108995
0.438785709598
0.438715666107
0.438645628207
0.438575595898
0.438458887809
0.43838887041
0.438295522576
0.438155520705
0.438062197721
0.438015539957
0.437922231883
0.43782893437
0.437432564848
0.437362629455
0.437269390961
0.437152857443
0.437082944414
0.437082931989
0.436943125191
0.436873228936
0.436780043249
0.43671016004
0.436593700451
0.436523832152
0.436477256393
0.436360828488
0.436174581362
0.43594183427
0.435778941188
0.435709138121
0.435639340645
0.435546286662
0.435406725258
0.43526718684
0.435104421114
0.435011423665
0.434941682102
0.434802215748
0.434709250605
0.434616295401
0.434500115996
0.434360721708
0.434221349785
0.434174897033
0.434081998984
0.434012331971
0.43389623457
0.433780151459
0.433710508674
0.433548032451
0.433478408304
0.433385584805
0.433269570031
0.433199968249
0.433083978325
0.433037586456
0.432968003311
0.432828854417
0.432736100498
0.432666541583
0.432573805059
0.432504259189
0.432411540061
0.432342007237
0.432249305504
0.432133442936
0.432063932478
0.431924932063
0.431785952148
0.431693310055
0.431623835008
0.431531210309
0.431299698263
0.431091388053
0.43099882051
0.430906262906
0.430813715243
0.430674913006
0.430605519964
0.430513005227
0.430466751275
0.430374251448
0.430212403309
0.430119930195
0.430004354645
0.429842576086
0.429773250139
0.429727035947
0.429634615019
0.429542204031
0.429449802982
0.429380508719
0.429195758186
0.429103394412
0.4291033882
0.429034121893
0.428941775515
0.428803275206
0.428710953677
0.428595566366
0.428503267824
0.428434049975
0.428341768206
0.428272563403
0.428203364191
0.428134170571
0.428041921107
0.427972740533
0.427926623256
0.427880508465
0.427765232979
0.427649973024
0.427603873142
0.427557775746
0.42748863431
0.427396454427
0.427327326037
0.427212126344
0.42693571405
0.426751487231
0.426659386868
0.426544275392
0.426452198015
0.426360130578
0.42626807246
0.426153014411
0.426060979279
0.425945949187
0.42585393642
0.425761932972
0.425646943261
0.425577956517
0.425508975364
0.425417009191
0.425325052957
0.425210121644
0.425141170311
0.425072224569
0.424980306232
0.424865422755
0.424773526162
0.42465867002
0.424589763417
0.424474932125
0.424406040432
0.42433715433
0.424199400765
0.424130531437
0.423969861809
0.423855113765
0.423786272393
0.423786254377
0.423694474579
0.42355682414
0.423465069192
0.423396259504
0.423304521951
0.42323572531
0.423052297419
0.422960597141
0.422868906802
0.422800145572
0.422731389933
0.422639724445
0.422548068897
0.422273179288
0.422227370151
0.422158661106
0.421929675685
0.421838097172
0.421723638009
0.421586309378
0.421540537517
0.421334601104
0.421197333977
0.421128708801
0.421060089216
0.420968605133
0.420899998594
0.420831397646
0.420762802289
0.420671350511
0.420511336303
0.420397057924
0.420305646527
0.420191397347
0.420122854175
0.420054316595
0.419985784606
0.419917258829
0.41987157767
0.419666052526
0.419597552221
0.419506227799
0.419369260736
0.419277960543
0.41918667029
0.419095389978
0.418981304186
0.418912859793
0.418821609301
0.418707560163
0.418616332035
0.418547917462
0.418411106954
0.418319911753
0.418251521409
0.418205930952
0.418137549927
0.418023595841
0.417955230347
0.417864084845
0.417727386162
0.417613487988
0.417545155421
0.417476828444
0.417408507059
0.417317420576
0.417226344034
0.416975944113
0.416884905467
0.416793876139
0.416680104079
0.416589097738
0.416475353634
0.416407114253
0.416316137111
0.416225170529
0.416156951651
0.416088738363
0.416020530667
0.415952328562
0.415815942989
0.415747757658
0.415679577917
0.415588680295
0.415520513601
0.415452352499
0.415384196987
0.415316047067
0.415247902738
0.415179764001
0.415134341282
0.415066211863
0.414907268691
0.414816455558
0.414748352232
0.414657556494
0.414566771318
0.414475996082
0.414407920712
0.414339850933
0.41411300137
0.414067637049
0.413999595227
0.413931558995
0.413863528355
0.413772829533
0.413478132599
0.413432803068
0.41322885652
0.413138227278
0.413002303294
0.412821110662
0.412707882196
0.41259466864
0.412413562982
0.412345657214
0.412277757036
0.41220986245
0.412141973455
0.412028839419
0.411960965334
0.411893096841
0.411802614213
0.411712141526
0.411621678778
0.411508615565
0.411418175183
0.41132774474
0.411237324859
0.411192118335
0.411101712743
0.411011317091
0.410898337125
0.410830556227
0.410762780921
0.410695011206
0.410694983871
0.410604632949
0.410378801616
0.410288485484
0.410220754908
0.410085311772
0.409972460404
0.409904755921
0.409904747223
0.409837048331
0.409701671048
0.409633988929
0.409566312402
0.409476086351
0.409385869619
0.409318213593
0.409228014255
0.409160371276
0.409070189955
0.409002560021
0.408934935679
0.408867316928
0.408867310715
0.408799697556
0.408709555373
0.40866448801
0.408596891624
0.408439190952
0.408326566341
0.408101366819
0.408011302294
0.407921247086
0.407853712204
0.407786182913
0.407696152556
0.407651141105
0.407583628588
0.407516121662
0.407426121125
0.407268650315
0.407156185987
0.40704373719
0.406931305167
0.406751452572
0.406549156065
0.406459262383
0.406346909259
0.406257037942
0.406144714637
0.406054866306
0.405987486116
0.40567314214
0.405583345994
0.405516004942
0.40542622557
0.405336456138
0.405156952685
0.405112081637
0.404999915509
0.404932622914
0.404865335911
0.404775628604
0.404573832825
0.404439324671
0.404349664579
0.404103156792
0.403991131688
0.403923923583
0.403834320646
0.403767124967
0.403699934879
0.403610356792
0.40354317975
0.403476008299
0.403408842439
0.403319296657
0.403252143844
0.403184996622
0.403095476312
0.403028342136
0.402938838599
0.40287171747
0.402782231328
0.402782054271
0.402714946188
0.402647843696
0.402580746795
0.402513655486
0.402424209104
0.402312415726
0.402245346782
0.402111226909
0.401910094005
0.401776032529
0.401709008315
0.401641989692
0.401552640225
0.401507969219
0.401418634662
0.401239997233
0.401128368486
0.401039076174
0.400972113464
0.400704324125
0.400637389371
0.400548151729
0.400481230021
0.400302803816
0.400235902609
0.400146710319
0.400146694166
0.4000129253
0.399946048322
0.399745454663
0.39967860005
0.399611751028
0.399344420793
0.399255327903
0.399143975612
0.39914395946
0.399099422644
0.39903262208
0.398899041452
0.398809997641
0.398743221927
0.39865419551
0.398542927089
0.398364932653
0.398275950345
0.398142496453
0.398053537753
0.397986824785
0.397875649551
0.397742262754
0.397653348162
0.397519997397
0.397453329159
0.397453322947
0.397364441282
0.397253353023
0.397120068111
0.39705343342
0.396853572215
0.3967425554
0.396609356842
0.396542765017
0.396431792933
0.396365216018
0.396298644695
0.39620989225
0.396165519445
0.396054598923
0.395899336038
0.395832803854
0.395721931169
0.395588902833
0.395500229287
0.395322916363
0.395234272636
0.395167796365
0.395101325684
0.395012707429
0.394857649556
0.394769058015
0.394702620882
0.394569764011
0.394525483151
0.394392657342
0.394326251893
0.394259852035
0.39421558857
0.394149198031
0.394082813083
0.394016433726
0.393950059961
0.393927936615
0.393817332932
0.393728858185
0.393596166567
0.393485606371
0.393220338066
0.393109830055
0.393043532704
0.392933049543
0.392844674197
0.392734219613
0.392645866632
0.392513357662
0.392270492265
0.392182191469
0.392093900613
0.392005619697
0.391939415533
0.391807025842
0.391740838452
0.391652597296
0.39156436608
0.391498199191
0.391432037893
0.391365882187
0.391299732071
0.391233587548
0.391145403546
0.39099110919
0.39092499138
0.390726678952
0.390682614286
0.390594493032
0.390528408148
0.390220126954
0.390132057263
0.390043998133
0.389933938044
0.389845901279
0.389757875697
0.389669858191
0.389581850625
0.389493852999
0.389427861302
0.389295896547
0.389207931226
0.389141963758
0.388966081574
0.388900134608
0.388812214638
0.388746280718
0.388614430894
0.388548513748
0.388482602193
0.388416696229
0.388328832172
0.388240976191
0.38808725587
0.387999427224
0.387933562262
0.387867702892
0.387757950322
0.387428832392
0.387363015888
0.387231401518
0.387143669787
0.387077877512
0.387012090828
0.386946309736
0.386880534856
0.386770922688
0.386705162097
0.386617490627
0.386529829097
0.386464089007
0.38635453648
0.3862888113
0.386201187045
0.38609167055
0.386025967735
0.385960271132
0.385872683532
0.385719432876
0.385609984718
0.385544322906
0.385391134996
0.385325491821
0.385216099576
0.385150471311
0.385084848637
0.384975490561
0.384844284352
0.384713098645
0.384603793375
0.384516360465
0.384428937496
0.384341524466
0.384210424492
0.384144881959
0.384101190044
0.384057500614
0.383991971127
0.383904607177
0.383839090737
0.383839082039
0.383729904125
0.383555251395
0.383489764776
0.383424283747
0.383249699355
0.383162420515
0.383031521826
0.382944267215
0.382857022544
0.382791595565
0.382726174176
0.382638954355
0.382573546013
0.382464546398
0.382399152966
0.382115860325
0.382050496712
0.381941571647
0.381854441908
0.381789100661
0.381658436804
0.38159311233
0.38148425436
0.38144071403
0.381375408194
0.381310107949
0.381179525476
0.381114242005
0.381070722797
0.380961936271
0.380918425761
0.380831412195
0.380766158544
0.380700910485
0.380570433003
0.380505201717
0.380287810691
0.38020086919
0.380005300204
0.379918391008
0.379874940138
0.379788045853
0.379701161508
0.379592570675
0.379462283296
0.379397147061
0.379332016418
0.379288599095
0.37918006666
0.379136658035
0.379071549757
0.378963048384
0.378897955016
0.378811173177
0.378767785674
0.378529200693
0.378420777598
0.378312371277
0.378225656533
0.378138951108
0.378073928562
0.377987240532
0.377922231032
0.377813894912
0.377727236702
0.377618928539
0.377510637149
0.377445668652
0.377272449146
0.377185853061
0.377055980056
0.376991050698
0.376926126931
0.376861208755
0.37679629617
0.376709754755
0.37662322328
0.376536702366
0.376471817738
0.376363689737
0.376255577267
0.376082632976
0.376017787486
0.375931335531
0.375888113281
0.375801676236
0.375672039927
0.375607229849
0.375520825108
0.375456028076
0.375391236636
0.375304856746
0.375218486796
0.375132127407
0.375067363922
0.374981021928
0.374829949998
0.374765213227
0.374614182299
0.374484752245
0.374420044673
0.374290648167
0.374204395012
0.374118151797
0.374031919143
0.373902589732
0.373837933102
0.373730183443
0.373665541102
0.373557816914
0.37347164887
0.373019521509
0.372954940672
0.372825799499
0.372718199561
0.372653644817
0.372589095664
0.372503039445
0.372438503338
0.372352463893
0.372266434388
0.372094408926
0.372008409863
0.371943916622
0.371771964467
0.371686002057
0.371471146354
0.371299305403
0.371234873666
0.371191922281
0.371106027588
0.370869876665
0.370784018625
0.370719631618
0.370676710054
0.37048360681
0.370376343589
0.370269094036
0.37020475176
0.370097527678
0.370097516496
0.370054630963
0.370011747916
0.36990455179
0.369883114305
0.369775936817
0.369690205512
0.369647343587
0.36951877645
0.369433075587
0.369347384042
0.369283121907
0.369176032636
0.369090370912
0.369047543777
0.369004719127
0.368919077282
0.368876260087
0.368876250769
0.368790623834
0.368705006839
0.368640800616
0.368576599985
0.368469611978
0.368362639503
0.3682984631
0.368212903882
0.368127354603
0.368041814644
0.367892149845
0.36784939229
0.367742509275
0.367657014045
0.367571529377
0.367507421933
0.36737922444
0.367229691967
0.367080188694
0.367016124116
0.366973417504
0.366802619632
0.366738579283
0.366674544525
0.366610515359
0.366546491783
0.36641846327
0.366333122732
0.366205130251
0.366141142087
0.366055833233
0.365991858115
0.365927888589
0.365863924653
0.365799966309
0.36575733052
0.365650752538
0.365565500839
0.365437642548
0.365352415699
0.365288502085
0.365160692252
0.364990319316
0.364841270797
0.364756114149
0.36469225272
0.364564547878
0.364266688159
0.364202869597
0.364075251109
0.364032715962
0.3639689179
0.363883863137
0.363798818314
0.363692526108
0.363650013326
0.363479993259
0.363416243656
0.363331252881
0.363267516324
0.363012644022
0.362948935421
0.362800305004
0.362672932531
0.36260925375
0.362439474107
0.362397034633
0.36231216376
0.36226973174
0.362184875156
0.362121239241
0.362078818403
0.361972779046
0.361909161769
0.361866753357
0.361866749629
0.361760741334
0.361697142694
0.36159115925
0.36152757552
0.361400426697
0.361252116224
0.361188562314
0.361125013995
0.360849720574
0.360701523168
0.360574519097
0.360489861934
0.360426375119
0.36034173473
0.360278260961
0.360214792784
0.360151330197
0.360066722734
0.359897542599
0.359791821943
0.359728396632
0.359664976912
0.359601562783
0.359538154246
0.359474751299
0.359411353944
0.359347962181
0.35934794665
0.359284560477
0.359221179896
0.359136681152
0.359073313617
0.359009951673
0.358819906845
0.358756567266
0.358545481931
0.358503271076
0.358355556383
0.358271159524
0.358102401838
0.358060217076
0.358018034799
0.357954766043
0.357891502878
0.357807160689
0.35772282844
0.357638506752
0.357575271544
0.357448819764
0.357385601329
0.357322388486
0.357195980193
0.357132784124
0.357069593645
0.357006408758
0.356985348371
0.356922170939
0.356858999098
0.356795832848
0.356627420578
0.35654322811
0.356480089816
0.356374872373
0.35631174899
0.356248631198
0.356185518997
0.356101378093
0.356038278938
0.355933126726
0.355891069942
0.355806963828
0.355806917855
0.355806911643
0.35572281609
0.355659750483
0.355575672325
0.355428562108
0.355344511286
0.355281479226
0.354987419695
0.354924419319
0.354861424534
0.354798435341
0.354735451739
0.354588514229
0.354483577591
0.354294731776
0.354231792903
0.353917217201
0.353812378721
0.353707557015
0.353623709341
0.353581789231
0.353456047541
0.353309374063
0.353078954796
0.352681161989
0.352618366625
0.352492794536
0.352430015947
0.352304477405
0.352262635573
0.352199877485
0.352116208731
0.35199072486
0.351927991
0.351781639951
0.351739829181
0.351635314994
0.351572612818
0.351426333212
0.351342756404
0.35128008032
0.351196520907
0.351092086239
0.351029432521
0.350966784394
0.350862383895
0.350737123674
0.350716249041
0.35065362887
0.350611885196
0.350570144007
0.350486669704
0.350424070035
0.350361475957
0.350278025883
0.350215444851
0.350132012794
0.350048590055
0.349965177878
0.349881775641
0.349735847042
0.349589950126
0.34948575464
0.349423244431
0.349360739812
0.349319073173
0.34923574735
0.349173259505
0.3490274769
0.348944186488
0.348902544699
0.348798452961
0.348736004256
0.348569506058
0.348507077853
0.348382240082
0.348236625835
0.348174227451
0.348111834658
0.347987067709
0.347841536089
0.347675253465
0.347509010601
0.34740512574
0.347280485526
0.347218172874
0.347155865813
0.346989747199
0.346885939995
0.346885931297
0.346823654057
0.346719872323
0.346574604734
0.346553854352
0.346470859655
0.346408619689
0.346284157153
0.345952369089
0.345807261783
0.345703631634
0.345600017017
0.345454985504
0.345392836862
0.345309981325
0.345227135107
0.345020066155
0.344895854604
0.344895848392
0.344833750071
0.344750961629
0.344647491142
0.344585415187
0.344544034323
0.344502655944
0.344440593034
0.344316485854
0.344130371055
0.344068341693
0.343985645196
0.343902958018
0.343799614887
0.343737615346
0.343675621395
0.343572312433
0.343510333393
0.34342770337
0.343386392086
0.343303776973
0.343241822161
0.343179872941
0.343117929312
0.343055991274
0.342994058827
0.342890851129
0.342828934214
0.342767022268
0.342684481705
0.342643215151
0.34258131998
0.342498801782
0.342354420717
0.342251310555
0.342148214682
0.34206574929
0.341900847706
0.341818411513
0.34173598526
0.341653568947
0.341550564398
0.341447573516
0.341385786442
0.341324004959
0.341221048867
0.341138695301
0.341056351674
0.340871119672
0.340788807729
0.3406859324
0.340583072602
0.340541932783
0.34039796485
0.340336272827
0.34017179245
0.340048456241
0.339945693979
0.339884042959
0.339801850918
0.339740212944
0.339555338782
0.339493723173
0.339391043538
0.339329442839
0.339226788053
0.33914467491
0.33898048093
0.338877882057
0.338816327952
0.338754779438
0.338693236515
0.338570169308
0.338488135685
0.338344606976
0.338303602589
0.338242101291
0.338201103117
0.338139610515
0.338078123505
0.337996149522
0.337914186101
0.33781174689
0.337770774808
0.337688838101
0.337627392093
0.33754547278
0.337484039819
0.337402138523
0.337299775725
0.337238365129
0.337176960123
0.337074631495
0.336992779277
0.336910936999
0.336849561814
0.33678819222
0.336726828218
0.336645018867
0.336563218834
0.33627700321
0.336215685801
0.336154373984
0.336093067757
0.336011335441
0.335909183868
0.335684526077
0.335562006191
0.335500754013
0.33539868134
0.335337444072
0.335276212396
0.33519457948
0.335112956503
0.335031342846
0.334990539745
0.334929339752
0.334868145351
0.334725383886
0.334480728046
0.334358429325
0.334195402053
0.334154649894
0.33405278099
0.333950927618
0.333889822677
0.333787994154
0.333726904123
0.333665819683
0.333604740835
0.333502957042
0.333441893104
0.333319783864
0.333197696989
0.333136661007
0.333075630615
0.333014605816
0.332933248734
0.332872236981
0.332811230818
0.332750230247
0.332648575675
0.332587590014
0.332587553981
0.332526573912
0.332424953508
0.332363988348
0.332262393416
0.332201443166
0.332140498508
0.33207955944
0.332018625964
0.331957698079
0.331876469597
0.331795251055
0.331653143766
0.331592249429
0.331511065677
0.331450184386
0.33136901865
0.331328439199
0.331145866769
0.331044457591
0.330983619166
0.330983613575
0.330861955984
0.330821407596
0.330740318895
0.330679508426
0.330618703549
0.330517376375
0.330456586408
0.330375541816
0.330253994187
0.330152721683
0.330071714987
0.330010966023
0.329889486731
0.329808511718
0.329747786983
0.329666829987
0.329606118297
0.329525178075
0.329383559089
0.329322873492
0.329241968681
0.32918129613
0.329140850869
0.329080187637
0.328979096539
0.328857807349
0.32879717021
0.328696121357
0.328635499127
0.328574882489
0.328271894348
0.328231504999
0.328170925636
0.32809016247
0.327948851625
0.327868115173
0.327827750674
0.327767208586
0.327706672089
0.327646141183
0.327545270629
0.327545243294
0.327484727298
0.327323382371
0.32728305142
0.327162074099
0.327061276852
0.327020962053
0.326920187793
0.326839578697
0.326617970624
0.32655754036
0.326517256624
0.326416558778
0.32629574236
0.326255474776
0.326174947065
0.326054175377
0.325873067856
0.325732237237
0.325671888979
0.32549088707
0.325410454409
0.325330031689
0.325289823745
0.325129020549
0.325068728204
0.324988347107
0.324928067807
0.324727180918
0.324687010249
0.324626758906
0.324566513154
0.324506272994
0.324446038424
0.324405885151
0.32432558668
0.324265368885
0.32420515668
0.324144950067
0.324024557342
0.323944306086
0.323864064771
0.323783833395
0.32370361196
0.323603350231
0.32354319953
0.323483054421
0.323422914903
0.323382824997
0.323282611725
0.323202451794
0.323142338368
0.323082230534
0.323002096073
0.323002078057
0.322941983269
0.322861866203
0.322861860612
0.32280177887
0.32274170272
0.322621569056
0.322561509679
0.322501455894
0.322441407699
0.322341340422
0.322281307137
0.322201271456
0.322141251218
0.322101240832
0.322041229912
0.321981224584
0.321881229993
0.321801244633
0.32174126167
0.321661293704
0.321621313138
0.321561346949
0.321481401349
0.321381483171
0.321321539347
0.321201670957
0.321121769466
0.32106184987
0.320981966395
0.320902092238
0.320782301505
0.320722413593
0.320562741073
0.320163766026
0.320123878648
0.320044111347
0.319964353985
0.319924479032
0.319565790828
0.319446249837
0.319386486797
0.319326729348
0.319286894154
0.319127584444
0.319008124837
0.318948402799
0.318809075606
0.318749372206
0.318709573045
0.318212436717
0.318152789229
0.317854655539
0.317715567527
0.31757651679
0.317516928943
0.317457346686
0.317397770021
0.317278635949
0.317199224002
0.317139672187
0.317040430551
0.316980893025
0.316921361089
0.316861835366
0.316782476227
0.316683292367
0.316524633727
0.316484973726
0.316445316211
0.316346185157
0.316266890006
0.316167786909
0.316108331387
0.316009251898
0.316009243822
0.316009230154
0.315949789543
0.315870544713
0.315692291837
0.315632881045
0.315553675975
0.315474480846
0.315434886698
0.315375500135
0.315256745647
0.315177587792
0.315118225458
0.315058868715
0.314999517564
0.314940172004
0.314940151502
0.314900590902
0.31484125466
0.31474237335
0.314742369622
0.314683048291
0.31460396188
0.314485352764
0.314267964223
0.314228445868
0.314129661472
0.313813661243
0.313754427508
0.313695199364
0.313635976811
0.31357675985
0.313458344564
0.313399144377
0.31333994978
0.313280760775
0.313221577361
0.313162399539
0.313083504473
0.312906036236
0.312846888234
0.312748320654
0.312708897971
0.312649768606
0.312590644832
0.31253152665
0.312314817757
0.312255725667
0.312196639168
0.312157251275
0.312019416946
0.311960352812
0.31192097983
0.311822558865
0.311743832779
0.311684794738
0.311527391024
0.311409363399
0.311350357041
0.311232362342
0.311153710807
0.311075069211
0.311016095158
0.310957126076
0.310878511194
0.310819555157
0.31078025424
0.310701659859
0.310623075418
0.310524859466
0.310485577186
0.310485573458
0.310407016353
0.310328469187
0.310289199331
0.310210667076
0.310151774407
0.310073259546
0.309994754625
0.309955505892
0.309877015882
0.309778917968
0.309700450943
0.309602382228
0.309543547335
0.309445502228
0.309269065267
0.309131870205
0.309053485185
0.308975109485
0.308896744345
0.308818389146
0.308779214963
0.308720458348
0.308720454621
0.308602961892
0.308524643346
0.30846591096
0.308387610431
0.308191912224
0.307976711106
0.307918030904
0.307859356295
0.307800687276
0.30774202447
0.307624715632
0.307272929519
0.307233853494
0.307155708898
0.307155700201
0.307038503187
0.306979912446
0.306940855058
0.306804177498
0.306745609122
0.306687046337
0.306608971943
0.306550422204
0.306452852353
0.306394317525
0.306296772523
0.306238252605
0.306140732454
0.306062727018
0.305984731523
0.305906745967
0.305848263324
0.305692343155
0.305692339428
0.305653364045
0.305497491092
0.305439047587
0.305400088357
0.305341654792
0.305302701774
0.305185861359
0.305088508945
0.3050106377
0.304835469332
0.304777089195
0.30469925833
0.30464089124
0.304524175695
0.304485274862
0.304426928273
0.304329698245
0.304271366566
0.304154721223
0.304115843998
0.304057532819
0.3039409291
0.303824348367
0.303649519823
0.303571832468
0.303494155052
0.303474737252
0.303416487577
0.303358243494
0.303280593414
0.303202953273
0.303125323694
0.303086512322
0.302970094977
0.30291189376
0.302814904157
0.302679148532
0.302620975271
0.302562807602
0.302407723015
0.302368957615
0.302310814174
0.302233298905
0.302136418642
0.302058925116
0.302000811496
0.301729697225
0.301671615288
0.301555471915
0.301497406752
0.301458699749
0.30138129382
0.301265203875
0.300917101156
0.300859097496
0.300820431496
0.300723777989
0.300646465869
0.300549839697
0.300472550563
0.300375952969
0.300318001494
0.300221429992
0.300144183104
0.300086253994
0.299989719767
0.299931805568
0.299854595333
0.29979669418
0.299661615718
0.299565148586
0.299487985566
0.299430119824
0.299372259673
0.299333689346
0.299217995137
0.299179434749
0.299121598827
0.298986679406
0.298813246811
0.298755446301
0.298678387651
0.298543562659
0.298466531344
0.298408764381
0.298351003009
0.298293247228
0.298235497039
0.298177752441
0.298100770205
0.298023796045
0.297927592323
0.297869877545
0.297812168358
0.297639087392
0.297523719339
0.297485268292
0.297446819729
0.297331489573
0.297331478391
0.296966426098
0.296908804508
0.29687039322
0.296774376495
0.2966975738
0.296639978923
0.296544000716
0.296505613036
0.296332902955
0.296236973205
0.296121878503
0.296006808651
0.295949280248
0.295891757436
0.295815069673
0.295757559907
0.295700055733
0.29564255715
0.295585064158
0.295412631777
0.29535516115
0.29525939044
0.295182784682
0.295106188863
0.295048748056
0.294991312841
0.294819050061
0.294742501458
0.294685096062
0.294608564233
0.294551171883
0.29447465807
0.294474654342
0.29441727504
0.294359901328
0.294302533208
0.294245170679
0.29414957951
0.293977562745
0.293920231899
0.29380559071
0.293748276638
0.293633668996
0.293633665269
0.293595466449
0.293519076886
0.293480885521
0.293404510246
0.293328144912
0.293251790138
0.293194530116
0.293099109791
0.293022784216
0.292965546558
0.292889238379
0.292793868996
0.292717583803
0.292603175582
0.292526915239
0.292488788484
0.292412543051
0.292374423751
0.292260084489
0.292164816371
0.292069563783
0.29199337302
0.291898148389
0.291841020692
0.291783898587
0.29174582029
0.291688707503
0.291612565819
0.291555466079
0.291517402691
0.291479341789
0.291422255095
0.291365173992
0.291308098481
0.291251028561
0.291155925073
0.291098870063
0.291060836496
0.291003790804
0.29092773858
0.290870705935
0.290756659282
0.290756655555
0.290661633451
0.290547627179
0.290471635216
0.290395652572
0.290338672112
0.290300688244
0.290224727965
0.290167764279
0.290091822016
0.290072837848
0.289996907388
0.289920986869
0.289883030337
0.289826100198
0.289750202044
0.289522595177
0.289370894541
0.289276098572
0.289238184285
0.289219228073
0.289162363166
0.289105503849
0.289067600745
0.289010750747
0.288934959448
0.288878122497
0.288821291137
0.288688708858
0.288556157021
0.288518289949
0.288328997455
0.288215450287
0.288083007169
0.28804517116
0.287988421804
0.287931678041
0.287874939868
0.287837117526
0.287837111314
0.287799291456
0.287761474084
0.287704752686
0.287704748958
0.287666937799
0.287610225719
0.28755351923
0.287459022704
0.287421227697
0.287345645138
0.287307857586
0.287100078545
0.286835734039
0.286722483208
0.286628121493
0.286552643304
0.286496041186
0.286382854343
0.286250834297
0.286250830569
0.286194258271
0.286137691563
0.286137685972
0.286024571195
0.285968021261
0.285911476918
0.285779561863
0.28570419612
0.285628839696
0.285572328902
0.285496990494
0.285421661405
0.285365171111
0.285252209161
0.285252200464
0.285195726944
0.285120438236
0.285063977763
0.284857008211
0.284668917836
0.284612502093
0.284537289799
0.284443290273
0.284349306279
0.284236547478
0.284180174601
0.284067448105
0.283992308497
0.283917178829
0.283860837636
0.283804502033
0.283748172022
0.283691847603
0.283579219264
0.283504144267
0.283485376915
0.283410313721
0.283372785852
0.283316498707
0.283260217153
0.283185184401
0.282978916241
0.282922668235
0.28281019086
0.282772702751
0.28264151518
0.282585300721
0.282529091854
0.282472888578
0.282379229498
0.2822668596
0.282229407523
0.282060913247
0.281986038914
0.281855036475
0.281798900294
0.281724061372
0.281667938237
0.281537009727
0.28144350596
0.281406108553
0.281331321815
0.281275237819
0.281200467856
0.281144397527
0.28110702
0.281032272402
0.280938852503
0.280938848775
0.280882803918
0.280789408869
0.28075205495
0.280658682887
0.280602665986
0.280546654677
0.28050931691
0.280415983986
0.280359991314
0.280322665972
0.280266682619
0.280173391318
0.280117422875
0.280061460023
0.279968201649
0.279856315084
0.27978173398
0.279707163438
0.279651241588
0.27959532533
0.279539414663
0.279446244506
0.279390348749
0.279353088017
0.27927857463
0.279222695647
0.279166822255
0.279092333718
0.278980619238
0.278850316949
0.278794480832
0.27875725986
0.278645618068
0.278589802452
0.278515390328
0.278422391016
0.278255034871
0.278180667478
0.278124898456
0.278069135025
0.278013377185
0.277957624937
0.277920459878
0.277864716948
0.277753251591
0.277660378392
0.277604661555
0.277548950309
0.277511812585
0.277326174285
0.277270490996
0.277196257171
0.277122032044
0.277047816857
0.27697361161
0.276899415681
0.276862321445
0.276788140426
0.276713969348
0.276676887536
0.276676881945
0.276584190151
0.276528581412
0.276417381949
0.276343261192
0.276306204231
0.276306200503
0.27625061972
0.276176521328
0.276176515737
0.276120948
0.276102426663
0.276065385854
0.275935766319
0.275898736692
0.275843196912
0.275769152568
0.275713625834
0.275658104691
0.275621093702
0.275565581877
0.275491574809
0.275436076031
0.275214143665
0.275047757913
0.275010787927
0.275010784199
0.274918371968
0.274862930966
0.274789018328
0.274789009631
0.274789005903
0.274678159311
0.27467815372
0.274604265931
0.274604262204
0.27447498622
0.274419589948
0.274364199268
0.274327275254
0.274327269662
0.274327265935
0.27421651253
0.274050421872
0.273995068467
0.273902825837
0.273847487342
0.273792154437
0.273718386551
0.273570885567
0.273441851871
0.273441848143
0.273441844416
0.27331284054
0.273239136641
0.273239132914
0.273165439577
0.273165423425
0.2731101601
0.273054901746
0.272981233259
0.272925987951
0.272852336859
0.27281551473
0.272760286196
0.272649848387
0.272613039925
0.272576233949
0.272502631314
0.272465832793
0.272373847982
0.272281879945
0.27222670546
0.272153148177
0.272061216172
0.271969300942
0.271969297214
0.271969293487
0.271969274849
0.271877373907
0.271822240424
0.271767112533
0.271711990232
0.271656873523
0.271656866068
0.27160175495
0.271601751223
0.271546645696
0.271381368255
0.271326285093
0.271289566092
0.271234492249
0.271234486658
0.271161063565
0.271161059837
0.271161054246
0.271161050519
0.271161046791
0.2711610412
0.271161037472
0.271087624319
0.271087618728
0.271032565387
0.271032559795
0.271032556068
0.27103255234
0.270995853219
0.270922462431
0.270555742081
0.270555733384
0.270482402236
0.270262483342
0.270189192575
0.270152550609
0.270152546881
0.270079272267
0.270024321432
0.270024317705
0.270024309628
0.270024305901
0.270024302173
0.26995104309
0.269951035635
0.269951031908
0.26995102818
0.269951003952
0.269877754809
0.269877746111
0.269804506908
0.269804490756
0.26980445286
0.269804444783
0.269584804831
0.269584801104
0.269511601661
0.269456708602
0.269456701147
0.269383519099
0.269310346991
0.269182322205
0.269182308538
0.269182290522
0.26912743101
0.269127425419
0.269036005946
0.268871495749
0.268871492022
0.268871488294
0.268816660466
0.268743565394
0.268743551726
0.268743547999
0.268743537437
0.268670452305
0.268670448577
0.268670442365
0.268579100548
0.26850603778
0.26841472392
0.268323425591
0.268323421863
0.268323415651
0.268323409438
0.268323401983
0.268232119185
0.268177356589
0.268177350377
0.268104342279
0.268031344121
0.268031316165
0.268031307467
0.26803130374
0.267958315522
0.267958300612
0.267867081182
0.267775877283
0.267739399326
0.267648215929
0.267447673833
0.267392991378
0.267338314514
0.267265420726
0.26722897756
0.26717431747
0.267137880516
0.267083229745
0.267065014063
0.266937523553
0.266864685057
0.266828269225
0.266755445639
0.266682631371
0.266555232806
0.266482445874
0.266427862197
0.26633690245
0.266300522651
0.266209584647
0.266009580554
0.26591869225
0.265845992914
0.265791474469
0.265682455595
0.265627953924
0.265555293726
0.265500805101
0.26542816292
0.265373687341
0.265373678644
0.265246596916
0.265192139975
0.265137688625
0.265101390831
0.264992513602
0.264938082754
0.264865517607
0.264811099805
0.264756687594
0.264684146676
0.264593485129
0.264539095283
0.264502838491
0.264502801838
0.264466547531
0.264412170731
0.264357799523
0.264303433905
0.264249073879
0.264194720065
0.264122256804
0.26408602859
0.263959253139
0.263923036108
0.263868715221
0.263796296689
0.263741988848
0.263687686598
0.263597197137
0.263488631776
0.263416264809
0.263289650261
0.263090751373
0.263018439697
0.263018428514
0.263018422923
0.262964195223
0.262855760325
0.262783480954
0.262729277483
0.262602828188
0.262530582986
0.262530569318
0.262458334056
0.262458327843
0.262349995451
0.262313889002
0.262151447569
0.262151443842
0.262151422719
0.262097284479
0.262043152452
0.261989025395
0.261934903928
0.261862751292
0.261772575563
0.261718476462
0.261664382952
0.261448082841
0.261213849097
0.261159807772
0.26110577266
0.261015726772
0.260961705948
0.26087168491
0.260853682318
0.260799678268
0.260691688184
0.260655696046
0.260619706392
0.260565726571
0.26052974313
0.260475772628
0.260403820656
0.260331879245
0.260277929244
0.260223984834
0.260152068273
0.260134090531
0.260080161031
0.260026237123
0.259972318805
0.259900437035
0.259810599886
0.259720778269
0.259684853226
0.25963097032
0.259523225009
0.259469358877
0.259415498336
0.259289847348
0.259289824983
0.25923598308
0.2592359632
0.259146240983
0.259092413989
0.259038592587
0.259002714759
0.258948902675
0.258913031059
0.258859228294
0.258751643266
0.258590315114
0.258500703479
0.258446943581
0.258375273035
0.258321526183
0.258285698055
0.258196139227
0.258142411012
0.25807078209
0.258017066922
0.257981259916
0.257927554066
0.257855955585
0.257677014364
0.257605450052
0.257533896302
0.257533892574
0.257480233318
0.257480220893
0.257408684538
0.257247769516
0.257176264844
0.257069028338
0.25685463236
0.256729605107
0.256693887561
0.256622461788
0.256515340834
0.256461787812
0.256426088903
0.256354698542
0.25635469295
0.256301156702
0.256265468976
0.256229783735
0.256140583369
0.256087070107
0.256051397291
0.255837440536
0.255748307265
0.255605727826
0.255552269856
0.255498817476
0.255427558198
0.255391931355
0.255285067598
0.255249450695
0.255178224964
0.255142615516
0.255071404074
0.254964608034
0.254857833738
0.254804454045
0.254751079943
0.254537654358
0.25453765063
0.254502085912
0.254413186851
0.254324303323
0.254253206191
0.25418211962
0.254004462524
0.253862374494
0.253809099792
0.253738076589
0.253684814313
0.253613806641
0.25356055741
0.253489567134
0.253436331571
0.253347618264
0.253347608945
0.25327664911
0.253223435291
0.253134758638
0.253099292077
0.252992911032
0.252939727033
0.252886548625
0.252851099459
0.252744770599
0.252691612693
0.252638460377
0.252603028606
0.252567599321
0.252514460051
0.252425907649
0.252284261949
0.252195750549
0.252160349841
0.252036469417
0.251930309537
0.251877237363
0.25182417078
0.251788796164
0.251682690954
0.251647326278
0.251594283924
0.251523569483
0.251523565755
0.251523562028
0.251488208534
0.251452857526
0.251452848207
0.251382154267
0.25132914049
0.251293800665
0.251223128468
0.251117141296
0.25104649395
0.250993514963
0.250940541567
0.250887573763
0.250852265
0.25078165555
0.250587538425
0.250516965629
0.250464042555
0.250411125072
0.250375849856
0.25030530688
0.250252406171
0.250164252611
0.250111366812
0.249970367834
0.249741359427
0.249670906531
0.249635683501
0.24954763866
0.249494818092
0.249406798101
0.249353992443
0.249301192376
0.249248397901
0.249178013965
0.249090049886
0.249002101339
0.248931752193
0.248878996856
0.248826247111
0.248773502957
0.248404525605
0.248404512558
0.248263999399
0.248211314884
0.248141077563
0.24810596263
0.24805329489
0.247965528369
0.247912875539
0.2478602283
0.2477900413
0.24771986424
0.247684779127
0.247544466009
0.247509393321
0.247421724337
0.247263965267
0.247106254655
0.247053693149
0.247001137234
0.246878530372
0.246825993095
0.246773461408
0.246720935313
0.246685921022
0.246615899896
0.246563390575
0.246475888085
0.246423393674
0.246370904854
0.246248458896
0.246195988714
0.246143524122
0.246091065122
0.246038611713
0.245951203654
0.245898765155
0.245671618635
0.245566807489
0.245514409993
0.245514401296
0.245409624319
0.245339785219
0.24526995606
0.24520013684
0.245077979764
0.245043082268
0.244990740684
0.244955849401
0.244920960603
0.244868632066
0.244781432125
0.244694247716
0.244554784469
0.244467640441
0.24446763485
0.244432780842
0.244397929319
0.244345656694
0.244275969179
0.244206291605
0.244136625212
0.244084380544
0.244049553871
0.244014729683
0.243945089383
0.243875459023
0.243840647261
0.243788434276
0.243684026943
0.243631830732
0.243579640112
0.243527455083
0.243475275645
0.243423101799
0.243301388296
0.243266617535
0.243162321407
0.243110181108
0.243075424015
0.243023293035
0.242988542155
0.242936421115
0.242884305045
0.242832194566
0.242675905996
0.242606457042
0.242554376383
0.242502301937
0.242432877211
0.242346110903
0.242242012332
0.242172624881
0.242172616805
0.242103239294
0.242033871723
0.24198185319
0.241929839626
0.241895167023
0.241791165367
0.241756502704
0.241721842526
0.241583229771
0.241513936751
0.241427335074
0.24135806504
0.24127149132
0.241271480758
0.241081094242
0.241029177593
0.240873466786
0.240821572503
0.240752390686
0.240562193651
0.240441200177
0.24028567823
0.240233847314
0.240182021989
0.240130202255
0.240078388113
0.240043848458
0.240009311288
0.239853929122
0.239819405619
0.239767625024
0.239715850021
0.239595067151
0.239543310784
0.23949156001
0.239319107748
0.239267381202
0.239095007219
0.239043304901
0.238905466224
0.238853785029
0.238819333592
0.238750438792
0.238629901937
0.238578249941
0.238474964587
0.238354492963
0.23833728495
0.238285665259
0.238216847495
0.237941721811
0.237907336225
0.237855762507
0.237821383134
0.237735446196
0.237529281784
0.237477749069
0.237323186953
0.237288846098
0.237220172464
0.237151508149
0.237151504421
0.237082850667
0.237031366409
0.236979887742
0.236928414666
0.236894102388
0.23680833443
0.236756879991
0.236705431144
0.236671135019
0.236619695491
0.236465419772
0.236345457573
0.236294053456
0.23624265493
0.236242643748
0.23620838117
0.236174121078
0.23613986347
0.236054232186
0.236002860374
0.235968615192
0.235917252077
0.235814544486
0.235746084562
0.235711858016
0.235660522858
0.235609193291
0.235506551552
0.235455238759
0.235421033336
0.235335532515
0.235267142171
0.235147483764
0.23509621011
0.235044942046
0.235010766444
0.234891175132
0.234822848776
0.234771610533
0.234737454811
0.23458378916
0.234549647105
0.234498438681
0.234447235849
0.234378974104
0.234344846959
0.23425954059
0.234259531271
0.234140128819
0.234106019069
0.234054859103
0.234003704729
0.233969604919
0.233918459863
0.233850275774
0.233850270183
0.233782096034
0.233782090443
0.233748006785
0.233696885958
0.233645770723
0.233577626394
0.233509493248
0.23347542947
0.233373254911
0.233322175087
0.233237056335
0.233203012437
0.233168971025
0.233117913566
0.233015816663
0.232964775977
0.232913740883
0.232828695439
0.232794681361
0.232743664904
0.232743644403
0.232709636538
0.232607629717
0.232607621641
0.232556625685
0.232556612017
0.232556594001
0.232505603637
0.232505594318
0.232369649833
0.23231867997
0.232284703168
0.232148823293
0.232046943828
0.231860221446
0.231826278191
0.231792337421
0.231741430926
0.231673564917
0.231622671468
0.231605708227
0.23143611993
0.231402207737
0.23136829803
0.231334390808
0.231283534633
0.231198787389
0.231131000279
0.23108016647
0.231012397376
0.230826091854
0.230775291592
0.230741427857
0.230690636914
0.23060599901
0.230521376016
0.230335281097
0.230284534884
0.230250707181
0.230166150661
0.230030893279
0.229929476024
0.229811183125
0.229726706746
0.229692920047
0.22960846479
0.229473373903
0.229422722741
0.229203314515
0.229169566333
0.229102078045
0.229068337317
0.229000863318
0.228967130045
0.2288828096
0.228882804009
0.228832218078
0.228781637739
0.228747920619
0.228697349599
0.228613078854
0.228562522744
0.228511972846
0.228478275606
0.228394044621
0.228343512739
0.22829298707
0.22822562738
0.228175114136
0.228107772463
0.228023609194
0.22800677828
0.227939461456
0.227838507654
0.227754395328
0.227670298533
0.22760303141
0.227603025197
0.227535768014
0.227451710358
0.227401282846
0.227384474918
0.227350860926
0.227283641017
0.227233232143
0.227182828861
0.227149229778
0.227065243566
0.226998065281
0.226964479866
0.226930896937
0.226880527201
0.226830163057
0.226729453407
0.226729445952
0.226729440361
0.226544870611
0.226477769983
0.226360376034
0.226326837834
0.226276535194
0.226243003206
0.226192709885
0.226058627908
0.226008355088
0.225958087859
0.225958082268
0.225840817538
0.22577382128
0.225723580144
0.225690089159
0.225589634842
0.225438999029
0.225372062411
0.225338597519
0.225254947403
0.225137863457
0.225087693143
0.225037529042
0.224987369911
0.224887070906
0.224836928549
0.224786791782
0.224736660607
0.224636416273
0.224586301872
0.224502790916
0.224435993458
0.224402598146
0.224352509837
0.224269042368
0.224235659481
0.224168901162
0.224118838946
0.22396868895
0.223935328428
0.223901970391
0.223868614839
0.223835261772
0.22380191119
0.223735218102
0.223618529892
0.223585195463
0.223585191735
0.223535195371
0.223485203978
0.223435218796
0.223351922172
0.223268641078
0.223218679504
0.223185374895
0.223085479704
0.223035538631
0.22298560315
0.222919031206
0.222885748961
0.222835830253
0.222819191927
0.222769280674
0.222736009612
0.22265284345
0.222602950835
0.222536436667
0.222436684985
0.222386816598
0.222320334114
0.222253862191
0.222220629647
0.222170785489
0.222120946923
0.222037895692
0.221988072036
0.221938253971
0.221888441498
0.221838634615
0.221772234136
0.2217224403
0.221689247515
0.221639462998
0.221556501848
0.22132429835
0.221241395598
0.221125360323
0.221075639173
0.220976217375
0.220860255407
0.220827127233
0.22077743963
0.220694640006
0.220644967313
0.22051253662
0.220148619352
0.220132081668
0.219966744587
0.219900625534
0.219867569425
0.2198345158
0.219751894475
0.219718849548
0.219652767149
0.219586695311
0.219520632792
0.219339020195
0.21928950033
0.219239986057
0.219190477995
0.219157475314
0.21910797595
0.219025490057
0.218794619141
0.218761646279
0.21869570801
0.218662742603
0.218613299152
0.218563861293
0.218465004211
0.218333233285
0.218300295214
0.218168572125
0.218135646478
0.218036886932
0.218003971225
0.217954602324
0.217905239015
0.217822981121
0.217790081566
0.217740736894
0.217707843552
0.217674952695
0.217592737667
0.217559855508
0.217526975834
0.217411919028
0.217346184529
0.217296890178
0.217231173696
0.217198318871
0.217132617299
0.217099769929
0.217017662999
0.216984824327
0.21695198814
0.216902739141
0.2168042604
0.216771437881
0.216672986475
0.216607365666
0.216558155183
0.216508950914
0.216459751614
0.216328585166
0.216295798679
0.216263014677
0.216148292725
0.216066369064
0.216000838335
0.215951696812
0.215853433024
0.215804308274
0.215771561547
0.215738817306
0.215673336898
0.215575135857
0.215509680299
0.215460594688
0.215427874054
0.215329730789
0.215297020095
0.215264311885
0.215231606161
0.215182552234
0.215117155695
0.215051769718
0.215035424622
0.214872014659
0.214806665336
0.214708662473
0.214708660609
0.214659666322
0.214643336136
0.214578021602
0.214545368063
0.21443110273
0.214365821123
0.214218978043
0.214088491863
0.214039568399
0.213974345811
0.213941738244
0.213892831553
0.213811332827
0.213762441046
0.213713554857
0.213648381968
0.213599508825
0.213534353953
0.213501779934
0.213355230084
0.213322669733
0.213273833864
0.213176182629
0.213127363535
0.213094820578
0.212997209103
0.212915881842
0.212785796369
0.212720765126
0.212671998216
0.212590732459
0.212558230505
0.212509482233
0.212444495099
0.212412004327
0.212363272829
0.212363269101
0.212363267238
0.212265822879
0.212265819151
0.212200868049
0.212168395915
0.212135926266
0.212087226452
0.211941168632
0.211908716378
0.211860043278
0.211778933454
0.211730274642
0.211649190911
0.211519495584
0.211487075635
0.211389833182
0.21130881344
0.211276409644
0.211227808608
0.211163016546
0.211114428557
0.21104965389
0.210984889163
0.210936321675
0.210823021765
0.21075829307
0.210709751675
0.210677393851
0.210337798534
0.210224659528
0.210176179636
0.210095392863
0.210063082254
0.210063078526
0.210030770402
0.209982312875
0.20993386094
0.209885414596
0.209772396733
0.209707828321
0.20964326985
0.209610994031
0.209546450469
0.209465785461
0.209369008946
0.209304502659
0.209272252933
0.209223883623
0.209030466648
0.208982124674
0.208933788291
0.208885457499
0.208885436998
0.208837111798
0.208804898104
0.208724375362
0.208676068799
0.208659967854
0.208579474311
0.208531184522
0.208482900324
0.208434621717
0.208370259561
0.208305907344
0.208257649238
0.208241564446
0.208112915304
0.208112912197
0.208080754416
0.207984296603
0.207952148761
0.207887861155
