153
2847
3271
1188
1794
839
5601
856
6413
1819
3405
937
8401
1964
1416
6420
10893
7231
8935
8
1764
3854
2595
5089
476
8875
3946
7589
2693
2833
3448
10677
7808
4350
4410
4793
5062
818
5068
5586
11084
5114
6175
8934
6316
4035
43
4421
4764
2876
7909
5198
2674
8028
4008
806
9990
2085
3687
2314
1171
7140
7737
7745
919
115
3373
142
1238
7830
6405
8667
512
9146
1334
9471
4395
4798
6583
6687
4688
3007
1855
3781
7598
8065
6105
2659
1791
6182
708
9184
3244
2346
9043
8911
6948
7037
4572
10890
7547
1340
9714
11061
10483
936
1784
3572
8184
2040
6622
150
4816
7741
227
2325
8871
5231
2653
6054
9910
6046
3192
2934
1424
3313
1152
229
1275
6311
328
6172
10868
3625
8604
3775
1958
1716
4062
2179
2666
2589
1992
2222
4448
6809
2214
9943
9995
4687
2518
2648
763
3122
5180
8443
2878
8793
1612
9049
5870
9877
1747
3506
6055
3479
4900
577
3671
6158
629
10146
10876
10284
10193
7594
6913
10456
6207
126
9
2926
1677
3143
2930
1733
9708
646
8116
556
5240
3317
1835
9300
5218
8603
1042
1988
840
2201
8810
8310
5847
5829
3019
9553
5979
1478
1426
6167
4539
6198
10339
9355
10344
6343
1829
923
1714
10873
4887
4995
7471
3182
5000
1486
40
2181
46
4931
412
204
7659
213
2402
5200
9119
7645
2392
5420
2328
5634
5682
467
2508
3582
9534
477
5492
3855
2730
2690
5035
8519
2899
5131
693
2927
10473
758
4947
5463
533
3113
4419
2982
1503
9069
1080
6436
6824
3264
3274
6930
9385
1304
4792
1388
5981
7200
1613
7391
958
5890
10292
7565
7888
10648
1052
4096
4153
1363
2080
4294
8275
2258
2170
2175
4676
8541
4426
2058
8577
8589
4581
4614
2413
2440
4973
6744
7536
4878
446
9190
880
6974
9505
2785
9649
552
1481
677
2856
683
8400
689
735
2988
10475
809
4641
2142
2298
3260
2276
10896
3406
3410
6032
3437
6282
3498
8291
2975
3575
6763
93
3641
5390
82
3709
6700
3720
162
6915
3800
2283
1409
1193
3951
326
4596
6925
1327
355
7092
1524
1602
390
4216
373
4238
2884
2551
4564
541
572
1752
494
7637
4558
1908
6792
2786
4607
4638
8010
4736
8072
3013
8236
913
890
8345
2195
2516
8557
1133
5280
5287
5392
10721
8758
5464
2634
5629
144
5710
5721
1414
2702
5834
9688
1678
698
921
9814
3191
1673
1635
1745
1755
10098
4949
3278
6070
1896
3150
6628
3944
10451
6736
1884
10426
4278
10635
3461
2009
6858
1994
6873
2068
3580
10831
7057
10907
5595
2232
11151
9923
7399
4770
25
7482
2389
71
5823
7557
6964
2590
973
2492
4025
8553
7157
4276
8027
4155
3940
193
5353
247
8041
5466
8126
8134
1153
2906
285
2758
8138
4553
9945
2798
389
4160
2808
4479
8248
8251
8270
1577
9186
2861
4304
8277
384
514
5467
8402
3129
554
5636
3165
4692
650
3288
5662
3209
8736
1504
8965
715
786
788
9080
807
3348
2545
6498
9260
9265
8479
10847
3430
3524
9333
3481
5143
908
3591
2436
1667
9529
5448
9672
1016
11134
9737
9911
1103
2075
10083
10097
10569
4006
10280
8043
3876
4067
6660
1274
10374
4173
1301
3967
4209
10474
8076
10490
10494
2363
10548
10564
1411
10657
4378
1389
1398
1422
2477
4393
4416
1425
2514
4309
10823
10836
1472
1523
4519
10892
9809
11000
6469
10314
6505
4703
11170
1730
6561
1707
10114
47
56
2905
62
4861
70
1780
1718
1765
1782
4807
2839
182
1861
9400
1950
221
234
1914
1987
5137
2011
1928
275
5080
283
5132
3693
294
5148
2029
3268
5172
7153
318
8175
5250
2168
8274
4360
8269
393
441
3444
10027
3452
5429
473
7499
3471
2263
5526
7380
2398
4372
8366
532
2329
2432
542
8701
7601
2439
2474
2450
555
587
2507
595
3494
2539
3525
647
7824
7838
672
2608
702
5813
719
731
7972
2705
753
3928
770
5946
2796
810
734
841
6068
9252
2960
904
2844
911
917
8395
6274
3040
964
3074
992
993
808
1001
1004
1034
6528
6640
8555
8586
6587
1061
1083
1090
3217
3222
3276
1118
10728
3296
3330
3249
1184
3302
8865
10348
6880
6845
6894
1219
9950
3322
1244
1249
1250
6923
1253
4745
1289
5242
9135
1293
1337
1347
3491
9381
7123
1350
1365
7100
3520
1378
5363
339
3586
3674
7349
1441
3594
3627
1430
1502
3825
1506
7517
4972
10879
7559
9817
1587
7568
1595
9941
9732
9704
1604
1608
1648
4063
7789
509
5837
4058
5251
11102
1754
5261
4076
5378
4124
4140
1817
4120
1832
591
1865
1446
1872
8157
5549
6606
1953
4411
1485
5472
8330
687
5563
6676
10812
2033
10821
10661
2041
2065
2070
4431
10797
8535
6411
10853
2116
4649
8524
8633
2184
10912
4656
8704
4675
8708
8694
2240
2249
8718
8636
5876
348
8689
2331
313
8851
4789
2408
8829
8973
6001
4790
4870
2468
6128
4924
4871
4872
392
2520
2521
4957
9306
2563
1028
5085
4997
2618
9365
2654
5019
5158
211
6445
5177
9366
5227
9492
6538
9507
2792
9483
5272
2849
637
2850
276
5328
2931
2939
5356
1197
5376
2957
9668
314
9807
9705
9926
3016
1651
3045
5496
380
368
3080
5518
6897
9913
3107
7994
5551
6944
394
3133
7032
3181
10291
435
5743
5690
5718
3261
769
3273
5720
7892
5769
466
8501
10391
10535
5798
3327
5819
10547
3347
7269
3352
5839
7310
5855
3424
945
5910
567
10707
3434
5975
3486
6031
609
10748
6007
6075
612
3584
657
8468
3587
3593
7623
3602
11001
3632
3644
6398
11103
3660
6391
6516
3772
3784
751
3869
3924
6593
8083
6670
3957
6680
831
3959
78
3960
815
89
113
8123
104
819
6671
4004
1187
885
4019
6705
1209
4034
6796
145
4060
6746
6816
157
174
6833
194
4110
177
6823
215
192
3163
1288
4169
230
4235
8543
1516
4293
251
4311
8547
4312
7011
7082
1057
4335
4338
268
272
7117
295
278
8697
7199
9508
4453
7238
4465
7275
341
1092
4478
353
7335
1138
1157
4535
375
7354
4563
9651
4667
7529
421
1189
2238
1213
9160
4715
9991
4722
9309
4746
462
9319
1264
4756
4763
4778
9394
508
4820
4821
4822
516
523
9468
9433
4865
7847
550
4907
7858
2855
4921
7897
9543
4935
7929
4959
2449
4967
8063
4977
4992
1440
8051
1449
8127
9779
5027
666
8135
639
653
8193
691
9914
8233
8242
8235
711
5188
8288
5249
8430
8314
8433
5291
2636
5307
8532
776
1650
5370
