153
10890
1188
6792
7741
5114
7231
7808
8401
476
856
937
1791
1988
2589
3271
3471
3946
4789
5062
5390
5586
7515
8694
8769
8871
9146
9443
10473
10677
8
806
945
1486
1667
1764
1819
2058
2436
2640
2648
2674
3122
3274
3405
3448
3928
3944
4350
4764
4793
5026
5131
5249
5468
5595
6054
6316
6413
6420
6809
7143
7598
7745
7994
8054
8188
8274
8275
8519
8604
8875
8934
8935
9186
9355
9534
9563
9708
9714
10292
10893
115
117
142
150
512
556
577
769
783
818
839
1052
1152
1275
1416
1794
1825
2225
2346
2392
2545
2595
2659
2666
2833
2847
3019
3039
3098
3244
3506
3623
3731
3781
3854
4008
4035
4333
4410
4419
4421
4564
4572
4623
4636
4641
4687
4915
5068
5089
5240
5448
5601
5634
5689
5847
6005
6055
6105
6158
6167
6175
6405
6687
6700
6948
7125
7547
7594
7623
7659
7717
7737
7840
7909
8027
8028
8065
8270
8310
8793
9006
9451
9505
9605
9910
9990
10146
10355
10426
10483
10494
10590
10868
11061
11084
43
169
229
254
328
335
339
390
708
729
753
758
763
876
919
921
1103
1133
1184
1238
1293
1334
1340
1363
1388
1424
1426
1476
1524
1653
1673
1679
1716
1724
1908
1958
1964
1985
2040
2080
2123
2142
2168
2175
2195
2214
2228
2272
2276
2298
2386
2440
2653
2693
2702
2730
2926
2927
2930
2975
3000
3163
3191
3192
3317
3373
3580
3585
3671
3741
3775
3876
3967
4062
4085
4238
4276
4279
4395
4440
4448
4535
4596
4607
4642
4688
4792
4798
4816
4887
4949
4973
5231
5236
5353
5463
5496
5597
5629
5682
5829
5837
5870
5979
6046
6070
6182
6198
6282
6286
6311
6343
6436
6466
6499
6640
6688
6724
6736
6806
6930
7303
7471
7517
7589
7718
7730
7773
7830
7861
7972
8083
8116
8123
8127
8135
8167
8175
8184
8209
8236
8291
8397
8429
8443
8557
8577
8586
8603
8650
8667
8810
8911
9049
9069
9119
9184
9244
9283
9306
9394
9471
9508
9528
9807
9814
9877
9911
9941
9943
9995
10083
10193
10284
10314
10339
10344
10456
10475
10581
10610
10714
10721
10876
10901
11158
11167
11172
9
40
46
82
89
126
144
157
162
193
204
211
215
227
285
341
373
384
392
409
467
473
477
508
509
514
523
533
541
552
574
591
629
669
677
687
693
698
786
808
819
831
840
880
885
890
923
927
936
964
984
1042
1057
1138
1171
1256
1288
1301
1304
1319
1365
1409
1414
1472
1478
1481
1504
1516
1523
1589
1602
1612
1613
1648
1677
1714
1733
1745
1747
1755
1786
1811
1829
1832
1835
1855
1896
1928
1950
1955
1994
2068
2075
2111
2170
2179
2201
2238
2240
2294
2333
2337
2402
2411
2427
2492
2508
2518
2551
2580
2602
2625
2649
2705
2785
2786
2796
2803
2827
2836
2855
2856
2876
2899
2957
2982
2993
3007
3013
3040
3089
3143
3153
3165
3210
3222
3264
3302
3313
3342
3380
3385
3406
3410
3430
3444
3452
3461
3465
3467
3481
3494
3498
3509
3524
3554
3559
3575
3582
3587
3591
3621
3625
3627
3641
3662
3687
3693
3709
3715
3720
3800
3809
3869
3872
3897
3917
3951
4067
4096
4125
4146
4155
4173
4216
4229
4294
4304
4311
4362
4383
4393
4416
4430
4479
4503
4519
4581
4583
4614
4656
4676
4722
4736
4757
4770
4790
4853
4871
4872
4878
4881
4900
4908
4950
4957
4972
4980
4989
4995
5000
5005
5035
5039
5063
5132
5165
5198
5200
5218
5261
5279
5280
5287
5356
5367
5378
5385
5392
5404
5450
5464
5465
5466
5492
5493
5510
5512
5525
5541
5551
5578
5588
5640
5662
5685
5690
5710
5720
5721
5722
5768
5788
5813
5827
5834
5855
5875
5890
5910
5947
5954
5981
6031
6032
6033
6050
6116
6117
6172
6207
6215
6217
6274
6283
6369
6382
6416
6426
6431
6455
6469
6498
6538
6622
6628
6660
6675
6705
6730
6735
6744
6763
6796
6812
6824
6873
6880
6893
6915
6923
6925
6929
6944
6955
6964
6974
7117
7123
7140
7163
7200
7235
7238
7261
7264
7343
7350
7357
7373
7391
7399
7441
7470
7482
7536
7557
7559
7564
7637
7645
7658
7661
7710
7772
7792
7838
7886
7888
7929
7952
7989
8010
8041
8042
8043
8051
8063
8072
8078
8134
8138
8193
8231
8248
8269
8302
8335
8345
8394
8395
8400
8403
8430
8435
8450
8501
8524
8525
8541
8594
8607
8628
8701
8704
8708
8736
8757
8758
8795
8843
8848
8851
8865
8896
8905
8951
8964
8965
8975
8998
9043
9059
9080
9135
9177
9182
9190
9191
9220
9223
9238
9252
9260
9265
9320
9332
9333
9365
9381
9385
9400
9407
9469
9483
9512
9518
9529
9550
9553
9555
9593
9630
9645
9649
9672
9688
9772
9790
9913
9914
9919
9923
9924
9945
9968
9991
10027
10051
10097
10191
10199
10202
10224
10291
10297
10348
10374
10379
10427
10474
10488
10490
10524
10547
10548
10560
10570
10584
10631
10635
10648
10657
10678
10681
10707
10717
10728
10748
10812
10836
10873
10879
10883
10892
10912
10916
10924
10938
10955
10976
10985
11028
11039
11102
11128
11134
11170
2
5
17
20
47
69
70
71
76
93
97
105
146
171
176
177
182
192
194
203
221
234
239
258
273
278
294
295
309
314
315
318
326
333
340
348
355
364
389
393
394
421
425
435
441
446
456
462
463
494
516
522
532
535
536
542
545
550
554
555
566
587
595
604
612
628
637
639
646
647
650
657
672
675
691
702
705
713
715
716
719
720
731
734
770
776
788
793
794
802
807
809
810
824
841
845
852
862
864
866
888
904
908
911
913
917
918
940
948
963
973
992
993
1000
1005
1015
1016
1030
1034
1044
1059
1060
1061
1072
1080
1090
1092
1102
1106
1118
1140
1147
1148
1153
1159
1178
1193
1195
1197
1200
1202
1215
1219
1240
1244
1249
1253
1274
1289
1297
1320
1327
1337
1341
1353
1357
1374
1378
1389
1398
1408
1411
1412
1422
1425
1427
1440
1441
1467
1471
1474
1475
1487
1490
1494
1502
1503
1506
1531
1548
1573
1577
1593
1595
1600
1601
1603
1604
1606
1608
1622
1624
1626
1628
1632
1635
1649
1650
1651
1666
1678
1682
1698
1705
1707
1712
1718
1728
1730
1735
1742
1754
1765
1769
1780
1782
1798
1808
1809
1816
1817
1824
1830
1847
1861
1879
1884
1891
1914
1921
1922
1940
1953
1956
1965
1992
1997
2001
2011
2029
2033
2041
2049
2070
2072
2079
2081
2084
2085
2094
2097
2102
2103
2106
2107
2162
