0.996255067011
0.993940441911
0.993050851044
0.991806108927
0.990739794823
0.989141638098
0.98789938145
0.986835186367
0.985062967133
0.984177359389
0.983292149958
0.982407338839
0.981522926032
0.980638911538
0.979401976343
0.97834236982
0.97745978925
0.975872211702
0.974814517078
0.973757396024
0.973229042619
0.972172781919
0.970941231908
0.969710478522
0.968304850068
0.967075753661
0.966022822853
0.964970481548
0.963918713812
0.963042665565
0.961991949374
0.960941806753
0.960067112768
0.959018037624
0.957794820308
0.95692157618
0.956223254917
0.955525188574
0.953084394045
0.952213284871
0.95186495273
0.951342574011
0.951168479636
0.950298262682
0.949602363159
0.948037696538
0.947516369364
0.946647825323
0.945953264129
0.945085421117
0.944391433492
0.943524323376
0.942657595639
0.941964500234
0.941098505392
0.940059866032
0.939367726577
0.938502926672
0.938157111864
0.936947357506
0.936256365191
0.935565627796
0.93487514532
0.934184917765
0.933494961062
0.932115955808
0.931426747932
0.930737810908
0.929360845014
0.928500697397
0.927984771339
0.927297092982
0.927125213225
0.925922596625
0.925407387528
0.924720665122
0.923862668392
0.922833572597
0.922319223855
0.921462294603
0.920948328242
0.920605763663
0.919920825696
0.919065027651
0.918551730454
0.917183750486
0.916329242973
0.91547511784
0.914792091772
0.914450674333
0.913426852194
0.912744590886
0.911210769576
0.910529336758
0.910018429436
0.909507665506
0.908826869987
0.907976250003
0.907466059643
0.907296028054
0.906786028884
0.906106253045
0.905426748059
0.904068518779
0.903729108834
0.903050480135
0.902372106356
0.900169885009
0.898984841952
0.898138842391
0.897462316781
0.895603631895
0.895096930751
0.894590373
0.893915201652
0.893240285225
0.89290291464
0.892228364659
0.891722619465
0.891217033596
0.890206276103
0.889701104479
0.889196076247
0.888522928326
0.887681899704
0.887177445042
0.886673133773
0.886168965896
0.88583293364
0.885496965115
0.885161060319
0.884657322619
0.883818094369
0.883482508223
0.881805772432
0.881302990682
0.880632838071
0.879962988176
0.879293345405
0.878791280617
0.878122099888
0.877620369682
0.87695161913
0.876116071286
0.875447894304
0.874946928859
0.874779972242
0.874446106806
0.873778567123
0.873444892877
0.872944501001
0.872277550821
0.871444249459
0.870944431153
0.87044475624
0.869945224719
0.869279421678
0.868447554241
0.865955441145
0.865457200156
0.865125119159
0.864129306346
0.863465733855
0.862802400351
0.8621393377
0.861642196054
0.861145197799
0.856848665896
0.856518241878
0.856022741279
0.855362323422
0.854867141472
0.85404220467
0.853382519708
0.852723089665
0.852063914543
0.85173441461
0.851240300138
0.85091095953
0.850417068112
0.849923320087
0.849265228374
0.847950112426
0.847785752806
0.847292769541
0.846799929668
0.84630724912
0.845814696032
0.845158229433
0.842862707395
0.842371173987
0.842043554088
0.841552243735
0.840897402251
0.84007923676
0.839752062971
0.838934455117
0.838607504384
0.838117197777
0.837627034564
0.83730033875
0.836810414524
0.836483878036
0.835994192797
0.835667815633
0.834363119537
0.83371106624
0.83175651553
0.831268216418
0.830617389923
0.830129425394
0.829641604257
0.829316469828
0.828503928507
0.827854185422
0.827042392928
0.826555479943
0.826068710351
0.825582084151
0.825095601344
0.824771359135
0.824123081839
0.823637029209
0.823151119972
0.822665354126
0.822179731674
0.821856063035
0.821370695502
0.820885455429
0.82056204171
0.820077056557
0.819592198864
0.819269040065
0.818622929588
0.818138502073
0.817815630058
0.81733144153
0.81700872884
0.816363510584
0.815879752233
0.815396137275
0.815073806965
0.81426826001
0.8133021613
0.812980245235
0.81217578169
0.81185408868
0.811371668659
0.810728712816
0.810407306591
0.809764685331
0.809282886677
0.809122318991
0.808801231416
0.807998839095
0.807517566213
0.806395249389
0.805594052004
0.805113496085
0.804472977915
0.803192817861
0.80287290929
0.802712978904
0.802233283339
0.801593960106
0.801114599124
0.800795104798
0.800475674203
0.799517860391
0.798560588284
0.796329911501
0.796011373125
0.795533685055
0.795056140377
0.794737856921
0.794578739092
0.794260551231
0.793783388933
0.793465360397
0.793306370028
0.792670583809
0.790131374257
0.789655454694
0.789021166129
0.788545581148
0.78807013956
0.787436456429
0.786803028219
0.786328112403
0.785695130303
0.785378726881
0.78506238719
0.784746111228
0.783955747941
0.78348169248
0.783165735168
0.783007780411
0.782534011735
0.782060386451
0.781744715924
0.78127134556
0.780798102656
0.780325019078
0.779852062959
0.779221677855
0.778276673769
0.777646941898
0.777174814268
0.776702814099
0.776388226982
0.776073703595
0.775287721744
0.774973421412
0.774659184809
0.774345011937
0.773873872123
0.773559858575
0.773088973681
0.772775119459
0.772304473551
0.769954239325
0.769641022402
0.769171316512
0.768858258915
0.768545265047
0.768075909672
0.767450320249
0.767137613167
0.766981283524
0.766356140212
0.766043656184
0.765731235886
0.765262724933
0.765106586481
0.764482207928
0.76417010628
0.763234343041
0.762766596848
0.762298994048
0.762143158312
0.76183153464
0.761364218624
0.761052754276
0.759807709441
0.759496563743
0.759341014793
0.759185481775
0.758563556826
0.757786465307
0.757631091614
0.757320392026
0.756388739371
0.7559231122
0.755612763127
0.754682098287
0.754372004133
0.75406197371
0.753752007016
0.75328717647
0.752822489316
0.752357945554
0.748804553023
0.748495669739
0.74803248024
0.747415111984
0.746798030514
0.746643788028
0.746181172099
0.74587283052
0.745718683629
0.744794200597
0.744486145803
0.744178154739
0.744024183106
0.74340847183
0.743100703821
0.742639171301
0.742024033595
0.741562835658
0.741255450029
0.740948128129
0.740487264774
0.740333675521
0.740026544811
0.739719477832
0.739258996857
0.738798675207
0.738338481016
0.737571857146
0.737265300007
0.736805583791
0.736346026901
0.736039724681
0.735274295749
0.734815216833
0.73435628131
0.734050393335
0.733897473246
0.733438808576
0.732980287297
0.732674686107
0.732369148648
0.731910961952
0.731452934581
0.730842481029
0.730537325949
0.729774764865
0.72946983284
0.729012570229
0.728707797529
0.728403088559
0.728098443319
0.727489359961
0.727184905911
0.726880515591
0.726576189001
0.725511707134
0.724903739051
0.724599826705
0.724144077681
0.723840324661
0.72368847205
0.723081268726
0.722777738761
0.722777595368
0.722474129133
0.722170726628
0.722019049274
0.721715742363
0.721412499183
0.721109319732
0.720200323086
0.719745976121
0.719291756616
0.718837696437
0.718081269364
0.717476392185
0.717325208738
0.717022889642
0.716720634276
0.716418442641
0.716116314735
0.715814250559
0.715512250113
0.714908488209
0.714606678953
0.714304933427
0.714003251631
0.713852434632
0.713400095162
0.713098604556
0.71279717768
0.71264648814
0.71219453105
0.711742717352
0.711441577261
0.710689101447
0.710388184411
0.709636218436
0.709485863479
0.709185201363
0.708734327683
0.70798320613
0.706782453632
0.706182356202
0.705732438471
0.705282664132
0.704982894236
0.704533374817
0.704233764246
0.703934217404
0.703485032568
0.703185645051
0.703035975192
0.702886321265
0.702587061208
0.702138290617
0.701839189885
0.701390658281
0.701091716874
0.700344674041
0.700045955689
0.699598013588
0.699299454561
0.698851735514
0.698553335812
0.698105855753
0.697956727598
0.697509438729
0.697211325812
0.697062293252
0.69676427593
0.696317385373
0.695870622276
0.695424002572
0.695126335764
0.694828732687
0.69453119334
0.691413602349
0.691116795896
0.690523390114
0.690078491119
0.689930223319
0.689781971451
0.689337327376
0.689189139239
0.688892810761
0.688596546014
0.688300344996
0.688004207708
0.687708134151
0.68667261756
0.684604691215
0.684457012917
0.684161704119
0.683718876349
0.683128657065
0.682833635052
0.682538676769
0.682243782216
0.682096358839
0.68150687245
0.681212200952
0.680917593184
0.680770313198
0.680623049146
0.680328568838
0.679739847209
0.679592694683
0.679151332702
0.678857171044
0.678857043584
0.678562945656
0.67841592059
0.678121918257
0.677387207175
0.676799712348
0.676359274452
0.675039107903
0.674599243576
0.674306069733
0.674012959619
0.672548540258
0.671963164454
0.67167056418
0.671378027636
0.670939358247
0.670646981028
0.670354667539
0.669186289871
0.668894295032
0.668310496545
0.668018692896
0.667581106916
0.667435276788
0.666706365134
0.666414912
0.666269209331
0.665832212854
0.665104273082
0.664085804262
0.663940356513
0.663649508814
0.663068020538
0.662777364029
0.662341514691
0.662341419096
0.661905697218
0.661470118733
0.660889586406
0.660599407872
0.659294632113
0.658715055736
0.658425355177
0.658135718347
0.657411952889
0.656255014753
0.655965855898
0.65582130037
0.65553223711
0.65524323758
0.654665477508
0.654232288897
0.653943576152
0.653654927137
0.653222089041
0.65307783623
0.652645189323
0.651924435107
0.651636232202
0.651060033514
0.650916019691
0.650915971893
0.650627992043
0.650340075923
0.649620580374
0.649476725875
0.649332887308
0.649332743916
0.648901339744
0.648757564908
0.648470063033
0.648182624888
0.647751603096
0.647464324276
0.646602917992
0.646602806464
0.646172294513
0.64545514104
0.645025027401
0.644881682742
0.644595041221
0.644308463431
0.644165198434
0.643592313706
0.64330595897
0.64287654636
0.64259035095
0.642304219269
0.642161177327
0.642018151318
0.642017928263
0.641731924043
0.641303037205
0.641160106791
0.64087429376
0.640874214098
0.640302795159
0.640017173318
0.639731615207
0.639160706108
0.638875339187
0.638590035996
0.638162216636
0.63787707277
0.637734524736
0.637449476465
0.637164491924
0.636879571113
0.636594714032
0.636167547904
0.636025191059
0.635598232054
0.635313661758
0.635029155192
0.634886925807
0.634602514836
0.634318167595
0.634033884084
0.633749664302
0.63360757831
0.633039441465
0.632471527675
0.632187658409
0.631620126999
0.630911146896
0.630627628145
0.630485892668
0.630060781832
0.629494206371
0.628927885831
0.628786341544
0.628361804277
0.62822032372
0.627937410404
0.627795977644
0.627513159922
0.627230405931
0.626947715669
0.626382542268
0.625958817559
0.625676414082
0.625535236243
0.625252928361
0.624970684209
0.624406434893
0.624124381931
0.623842392699
0.623560467197
0.62313771437
0.622715104936
0.622292638894
0.621870300312
0.62158882092
0.621166721326
0.620604160854
0.620322968247
0.620182395842
0.61990129883
0.619479772805
0.619339295995
0.619058390173
0.618777548081
0.618496769719
0.618216055086
0.617795102631
0.617093833857
0.616813437874
0.616533105622
0.615552508342
0.615272462874
0.614852530099
0.614432740717
0.614152950169
0.613593576196
0.613174216991
0.612894713229
0.608577022971
0.608576624659
0.608298172441
0.608019783953
0.607463245964
0.607045973916
0.606906915098
0.606767872213
0.606072912706
0.605795034058
0.605239483884
0.604822976595
0.604406628632
0.604267872531
0.604129132364
0.603990408128
0.603713007455
0.603574331017
0.603435670511
0.603158397298
0.602881187815
0.602604042061
0.602603898669
0.602326816645
0.602188299532
0.601911313104
0.601219141784
0.6006656947
0.600527368777
0.600389058786
0.599836025946
0.599559581223
0.599283200229
0.599006882965
0.598868748232
0.598730629432
0.598592526564
0.598454439628
0.598316368625
0.598040274416
0.597764243938
0.59721237417
0.596798655068
0.596522911374
0.596385063426
0.595971631109
0.595696078605
0.595420589831
0.595145164787
0.594869803473
0.594319287968
0.59418169494
0.593906556681
0.59376901145
0.593493968786
0.593493920988
0.593356423555
0.59335632796
0.593218846459
0.592806513484
0.59198226178
0.591570358982
0.591295826158
0.590746951699
0.590472610065
0.589787082596
0.589512964016
0.589238909167
0.588827946387
0.588554050862
0.588417126999
0.58814332707
0.58786959087
0.587595918401
0.587322309661
0.58718552919
0.586912016046
0.586638566631
0.586228527936
0.586091874925
0.585545422205
0.585272291441
0.584862714788
0.584726221102
0.584453281527
0.584180405682
0.583771227341
0.583362192393
0.582953300837
0.582680775507
0.582408313907
0.581999741001
0.58159132742
0.581455216114
0.580503042406
0.580367058559
0.580231090646
0.580095138664
0.579687394248
0.579415633678
0.579008112317
0.578872303728
0.578464989489
0.577786440452
0.577650775256
0.577379492661
0.577243875262
0.576972688262
0.57602413123
0.575753231014
0.575482394529
0.575347000185
0.575211621774
0.57412940704
0.57304830758
0.572913200021
0.572643032701
0.572507972939
0.57237292911
0.572237901214
0.57210288925
0.571832913119
0.571563000719
0.571293152048
0.571158251611
0.570888498536
0.570349199507
0.570079637621
0.569675430219
0.569406027658
0.569405852401
0.569405740873
0.568867174739
0.568732561087
0.568463381582
0.568328815727
0.568194265806
0.568059731817
0.567253021789
0.566849818134
0.566446757871
0.566312431004
0.566043825068
0.566043554216
0.565909275147
0.565640764806
0.565506533534
0.565372318195
0.564969783704
0.564031296009
0.563763231778
0.563629223561
0.563361254925
0.563227294506
0.563093350019
0.562691612153
0.562691420963
0.561888534734
0.561219816047
0.561086110548
0.560818747346
0.560685089645
0.560417822038
0.559883493948
0.559749947773
0.559616417531
0.559349404845
0.559082455888
0.558949005309
0.558415378248
0.558015313295
0.557082417905
0.556682830927
0.556549667132
0.556150271343
0.555751034879
0.554687078785
0.554554153978
0.554022630006
0.553889784862
0.55362414237
0.553358563608
0.552960314959
0.552827597274
0.552562209702
0.552429539815
0.552164247838
0.551899019591
0.551633855074
0.551501296714
0.55110371723
0.5509712226
0.550706281138
0.550441403406
0.550308988438
0.549911855064
0.549647168522
0.549382545709
0.549250258202
0.549117986627
0.54858910745
0.548192579511
0.547796210896
0.547664114578
0.547399969741
0.547135888634
0.546871871256
0.546607917609
0.546344027691
0.546080201504
0.545552788117
0.545420962652
0.545289153119
0.545157359519
0.544893820117
0.544630344444
0.543971981879
0.543840347604
0.543708729261
0.543577126851
0.543050892468
0.542787862906
0.542524897073
0.54226199497
0.542130567818
0.541736397887
0.541473686974
0.540948472271
0.540685952548
0.540423496556
0.539112618651
0.537934235376
0.537541594965
0.536626018198
0.536495276143
0.53636455002
0.535972483179
0.535841820786
0.535711174326
0.535580543798
0.53531933054
0.534797111146
0.534666592145
0.534405601942
0.534144675469
0.533883812725
0.533623013712
0.533231934685
0.53232013392
0.532189917637
0.531669259627
0.531148856538
0.530758685664
0.530238696819
0.529848860527
0.529718946962
0.529199499822
0.528939847948
0.528550489631
0.528161274707
0.528161226909
0.528160844529
0.527901447576
0.527771772997
0.527382844858
0.526735045537
0.526605514351
0.525569981828
0.525181866246
0.524793894056
0.520928527337
0.520542148396
0.520284631477
0.520027178288
0.51964113393
0.519126609931
0.518869443526
0.518740884223
0.518483813413
0.517456231205
0.517071126865
0.516942790616
0.5168144703
0.516557877465
0.516429604947
0.516044882986
0.515788481341
0.515660304418
0.515019706585
0.514123567462
0.512972858931
0.512845032522
0.512589427502
0.512333886212
0.512078408652
0.511567660655
0.511312374285
0.510929580156
0.509782265247
0.509527424986
0.50914528409
0.509017935656
0.508763286586
0.507872628241
0.507618265956
0.507236842021
0.506474519925
0.506347506074
0.505712707669
0.504571048795
0.504317515
0.504064044934
0.503557295993
0.503177417511
0.502797666489
0.502544578803
0.502418058859
0.502165066768
0.501532913157
0.501153799435
0.500269880536
0.4995127365
0.499386598936
0.499008281839
0.498630108133
0.498504082097
0.497496542967
0.497244793611
0.497118942832
0.497118671979
0.496867018218
0.496741215236
0.49648965707
0.496363901886
0.496238162634
0.496112439315
0.495986731928
0.495861040474
0.495860960811
0.4956096257
0.495232742527
0.494856002746
0.494730454684
0.494102953362
0.493977500895
0.493852064361
0.493726643759
0.493601239089
0.493350477548
0.492849193453
0.49234811648
0.492097673588
0.491847294427
0.491847214764
0.491596899333
0.491346647631
0.490971389572
0.490471316347
0.490471268549
0.490221303633
0.490096345073
0.489846475751
0.488473652305
0.488224197229
0.487600886153
0.487476262176
0.486977941524
0.486479875793
0.486355395208
0.486230930556
0.485982049049
0.485857632194
0.485608846282
0.485484477225
0.484987208118
0.484738645261
0.484614387731
0.484241710737
0.484117516937
0.48399333907
0.483993131948
0.483868970013
0.483620693941
0.483248415259
0.483000298511
0.482504256207
0.48213239177
0.482008468822
0.481265361315
0.480893990785
0.480893942988
0.480646431676
0.480522699918
0.480275284201
0.480151600241
0.479780659888
0.479286290496
0.479162733996
0.479039193428
0.478421777376
0.478051506188
0.47768136246
0.477558013083
0.476818346995
0.476818331062
0.476571871295
0.476448665309
0.476202301137
0.476079142949
0.475094690005
0.47472570935
0.472760675059
0.472515266836
