153
1188
5114
856
937
3946
476
1819
3405
2847
5601
6420
1794
3271
2833
10893
4350
1416
8
4764
1764
4421
8875
5062
3781
3854
5586
4793
8401
3448
6175
9146
4035
7231
1275
919
7741
7745
1964
7909
2595
6809
4816
7737
6948
2876
1340
1791
11084
1334
818
43
6413
8604
734
4572
8793
4395
7598
8934
10483
1855
10677
806
3671
4008
1524
328
512
6105
9714
2179
115
5068
2040
4687
2674
4798
10868
6405
467
2659
4419
2653
3244
8184
150
8935
9069
3192
6311
708
8871
2589
4062
8065
10193
5131
6172
3506
6282
3775
6316
2648
10876
1486
9184
6744
10890
4448
6055
8443
1988
1171
9910
7547
6398
2899
8116
577
5870
8028
10473
3373
46
3313
6436
227
8603
8310
9355
9
1612
1958
4792
6687
2283
9043
9534
9995
9471
5218
5847
1363
2346
1716
763
5829
8810
556
4973
8275
9943
4564
1238
5595
10648
9186
2856
7830
4372
229
2508
1478
3007
10873
541
2730
204
6070
5390
880
1677
1747
2214
8400
4096
1388
2693
2930
10426
840
5682
3720
4995
1602
2926
677
5180
693
2402
142
6207
2982
4878
3317
9119
650
7471
4607
9049
3800
7659
1733
6974
144
4479
4581
5981
5979
9814
2436
9708
1133
3274
5634
1714
8236
5890
4789
936
7888
5463
1424
2545
1152
2392
2440
2080
5287
5200
9877
533
4887
9553
552
6622
5035
2477
2258
5629
1304
3182
758
477
8270
7637
5231
8667
10721
3471
82
4238
6763
5662
1884
2325
6930
4688
4614
6032
9990
1789
9190
9385
4216
3498
9505
389
3268
3410
2413
6343
4067
2905
4410
5834
8041
7123
1992
9649
5353
1523
326
5464
4153
2808
40
4426
5525
1052
1042
3122
2518
8345
3876
9529
6915
646
6046
698
1426
921
8072
8524
7717
9688
1414
4596
2539
8577
5721
2786
10494
1829
2690
509
10146
769
5280
4155
3479
126
1481
7482
4378
10475
1896
2798
3855
3348
8701
8302
7399
2085
1301
117
494
2432
7789
6158
4107
8291
2201
807
8010
715
1577
10892
3544
8248
1409
5392
9265
3191
6198
4539
355
1183
6925
6167
7557
10097
5137
8519
1745
7391
6824
2471
1667
2058
3150
7140
1103
900
5710
4519
8126
2029
2666
3302
5690
1293
2516
162
2068
2263
8501
4304
7536
2142
3709
6944
8689
9252
10635
5251
8758
6792
809
1994
908
1673
3260
735
8973
294
5910
3143
2314
2222
4957
9945
10490
1274
2240
4535
1613
5363
7589
1635
10284
514
10292
1678
3940
819
8965
3165
913
3928
7200
1184
1782
2168
4276
4360
9260
3572
10374
1608
1485
9366
3951
4393
2175
1908
4294
815
890
5947
669
3491
9672
3580
4160
4676
753
7163
3944
3591
1784
3641
3430
4692
8851
3494
6660
8911
8586
6498
9300
6897
885
993
4871
4770
2011
10548
587
7153
10344
211
5132
1080
2195
788
3586
6628
5172
10836
4636
973
3217
20
93
4967
927
5404
2988
2225
2618
4949
2276
446
4900
8043
70
473
4416
6265
2298
7601
2796
1430
1472
8557
5198
2389
11167
808
5492
5748
595
8175
234
1457
1327
1752
3040
7594
731
285
4058
917
1422
1411
1604
8430
8274
393
2329
435
523
612
25
6736
904
1861
1365
2363
542
9135
8134
555
3687
5518
3406
2070
5240
1389
6556
6705
1504
254
10474
702
2439
2702
2975
7623
2450
6182
2383
6873
5467
1651
4746
3674
1240
6469
192
7125
689
5813
4501
10535
2957
8555
2514
10051
384
3163
1016
1034
1502
2608
5188
5837
47
1061
3038
6700
8999
113
4722
7808
4642
7349
8366
4553
2563
5493
10797
1244
2249
6923
4004
7117
1289
8543
7037
7708
7057
276
3785
4703
10045
1953
1928
4745
2328
3959
4641
4872
9991
1506
1213
5376
6796
4763
2634
2927
7565
1595
8027
751
6318
2228
373
6031
3524
3113
8726
6789
1648
6606
392
2931
1754
146
629
657
9817
4469
964
10451
1319
5272
729
213
9220
10946
827
2272
4807
6391
8865
1879
3116
9483
10314
412
2849
56
1718
6894
2041
4063
3222
5465
6671
5872
4278
7645
8525
6719
3311
3296
7929
4120
9668
3322
1138
3554
911
839
9807
3327
835
1712
2580
4411
5720
5250
8156
965
6128
10847
4924
8397
9924
5819
1724
4235
2705
1476
5356
6499
5839
2960
3330
10569
786
8157
1516
2839
1589
5876
3594
1118
3264
394
4740
1440
4362
550
8633
3080
10355
4025
9160
2232
3129
2520
2137
5823
3153
3825
8704
1249
5541
1253
2551
441
10657
3437
2474
4034
335
9182
5510
5529
97
8607
9704
1378
309
221
1707
2785
3210
4865
554
9911
1398
2939
5378
149
604
3525
4907
4503
9914
5085
3575
1848
9283
3133
4438
6893
536
1587
704
169
5236
8251
8138
5146
71
9319
330
984
3444
3273
1153
11061
314
3342
10564
802
8553
364
4656
339
11151
7269
4638
8123
7032
7310
348
1092
3424
3869
89
8589
7554
2181
9926
409
5249
2861
6099
3584
4333
2170
4311
4338
992
7011
535
10191
2033
11102
341
3632
3644
5261
1637
9191
10631
3520
3772
9332
5119
6369
3452
11172
258
208
6411
2184
8429
4547
3924
9779
707
4229
10976
2993
4667
1786
9596
2581
8725
8708
6108
2758
2009
4942
6680
10907
4169
3039
2408
2399
639
8256
6913
3461
10728
5604
295
7437
104
5578
5855
7892
10083
3016
8479
3400
705
1755
2482
6724
1004
2071
10912
787
3166
7222
5897
275
7100
876
2602
4649
272
6858
3646
5946
7847
1256
5963
841
10560
4870
4715
4209
8694
1446
9306
6445
8063
6914
9333
312
10748
4431
5327
2934
4822
8622
7499
7193
8242
5549
10879
5563
2521
3486
1269
6455
8394
421
5624
7343
1987
6807
3123
10098
5027
591
1090
3587
177
532
2
1626
3509
7579
353
1112
1642
5158
713
4790
3700
671
10067
6715
505
6816
5291
3138
7441
1811
3186
6426
8288
6056
1350
5551
9508
508
628
1503
1603
9080
711
62
6717
8843
572
1832
1352
1835
10547
9381
3693
5722
5625
3602
675
4675
5
1705
9528
1456
821
6274
5165
10027
831
810
793
5429
4335
333
7838
7529
6951
1548
7559
390
6880
8619
401
2072
11039
2507
11121
1449
2427
5975
3960
4736
4478
3957
5989
11194
958
8749
1636
157
17
3376
948
3352
5447
1649
1010
4060
721
1015
1195
10769
3599
8330
7897
280
3809
9872
1955
6200
4108
9400
1012
1060
10456
1246
6054
6347
2725
2803
567
5307
2792
5798
193
2075
171
7208
4820
1730
1241
2881
5544
9365
6444
9205
7346
647
9407
2492
6644
4921
1921
