153
3405
1188
937
856
476
3271
6172
3946
1794
5601
1819
1791
6420
1416
2847
3854
4764
10893
4350
5114
3781
4035
10677
2595
3448
5062
8
6809
7231
1764
2833
4421
4793
1275
2648
8875
7741
4816
5586
2551
1340
818
7737
6687
9146
8401
806
6175
7598
5068
11084
1964
2693
919
6948
43
7745
4395
512
10868
9043
1855
1334
7909
328
6105
1612
2040
10473
6182
4572
4333
2179
4798
2659
8934
3373
3244
6405
150
115
8065
10483
2653
2674
8935
1958
2589
5287
1238
10876
9714
3192
8443
4008
2876
8184
2346
3775
9184
46
4062
8871
8603
3007
8028
4448
8793
8604
6055
6311
4687
10193
11061
9471
4973
4410
9910
3671
5131
7547
4789
5870
1988
3506
9943
227
229
10648
9049
6282
3313
1424
4878
10873
4419
467
1171
2856
5847
9534
6207
2926
6398
552
6436
1478
6316
8810
1716
577
936
5682
5829
9186
1486
9
677
9995
4995
4479
3122
1524
8667
556
8400
4426
6343
708
921
204
1992
5979
7659
9708
2402
763
10890
8116
10426
693
8291
7471
5981
2899
40
840
3471
9252
5634
1747
4378
10475
2930
8501
6744
2325
6930
2690
9069
3720
9355
2982
1677
1733
2276
3410
5240
6070
2786
9553
1667
1481
4096
477
2905
5463
1613
6974
8027
10635
5035
9190
1426
6824
541
1388
9385
5834
6736
5218
326
2440
4887
8236
6158
7637
2545
5353
1745
7140
9505
2798
1304
3182
4949
735
1152
1133
2314
9306
4656
5464
5890
4276
2436
7888
5200
890
5629
6413
5690
8310
1363
7830
5662
533
2392
3479
2518
144
4564
3498
6622
5390
698
6046
6944
4238
5525
509
82
5721
2058
2808
3800
1042
3509
3572
4792
3348
2214
2413
8345
2730
339
3274
7200
6032
1414
2085
3191
10146
4581
1523
4614
7557
8072
93
6198
3302
142
9265
2283
1884
4155
4553
7536
10284
8519
809
9119
650
5280
4770
4688
5231
2477
3951
7391
1994
1908
9814
8270
3317
807
8851
4931
389
3940
2508
1080
4519
7125
10494
3674
5363
9990
3709
4372
1861
8041
8577
1651
1714
4304
2029
7117
3876
117
2516
3406
4067
9649
5595
7482
2666
1602
2298
162
5947
4411
4871
523
6628
1504
7589
5137
409
355
6763
1092
6915
3143
835
3150
1320
2539
3928
880
6265
8965
815
7123
715
8758
1635
3586
769
4535
10721
646
2011
4924
5404
1752
9877
4153
4058
2080
1103
8010
3217
908
8275
1184
7399
6606
2263
10474
1829
8479
2201
758
8248
3494
1183
10292
2389
2432
9688
2450
3491
3437
527
4692
2168
2232
1472
595
373
734
6167
2175
2272
6914
9260
2258
3524
4160
3944
839
3591
4294
494
10548
2329
992
1052
9991
993
2796
5392
2618
9672
6730
3327
1782
8524
10191
2439
3040
555
3260
10097
1577
4216
4607
1301
1673
657
3461
10374
8586
1327
5710
7601
7708
2240
1678
7789
2222
786
514
6128
3352
788
9911
913
904
917
4596
10836
973
2634
8911
9300
8430
3855
3641
1293
4438
751
2608
1832
5549
5180
9135
587
1389
5172
8043
6556
9807
5188
8274
5813
1604
753
8535
8557
3038
8633
6923
7808
8973
294
20
3165
11102
2957
9668
7623
4722
3554
2861
393
3222
7565
911
9366
390
435
1789
446
126
4416
473
4745
10490
4642
4957
7032
542
1707
5493
2449
2702
629
10892
885
211
2927
3575
1608
5327
702
4865
169
10728
731
1409
2249
47
7057
2363
2960
5910
964
2328
4025
10657
4807
3580
5465
10748
1016
4539
3582
6005
671
10427
5250
707
7892
8708
1061
7163
6391
6873
314
6925
9529
2514
4478
4636
4107
1240
5837
1244
8543
8701
70
1289
10451
1953
4676
7499
5748
1378
4703
984
5872
4746
1422
234
2070
5132
6369
6858
3268
2300
8302
2705
1502
5378
639
4872
3959
254
3430
2075
8589
1595
1605
3080
4967
7645
1153
3525
6897
1457
1754
10045
945
2142
591
4900
4947
2529
5876
10083
516
1516
5198
295
7717
8126
309
554
6660
2563
1928
4763
9508
7349
5492
193
2041
3869
819
2581
3587
6792
2849
2803
3610
3594
5376
808
3627
4715
9945
192
5769
729
8865
5839
3016
7658
535
364
3129
3924
810
2170
1274
4881
3133
9779
8725
2408
9220
8188
4034
10569
182
6031
9333
6705
9365
1398
3322
2520
6499
2521
9483
5518
6913
3825
421
6796
1034
1060
5272
5261
5249
3486
2758
6469
3687
550
2839
1118
7929
7594
8619
3153
965
71
2225
1589
8157
6700
6670
8694
1724
2931
8134
9924
285
2939
4667
3644
8175
10823
8242
7269
5624
4638
6724
1249
3452
1250
6789
1603
1411
10314
3585
1347
6816
6671
4811
401
4393
441
5819
9319
2988
8704
3296
6498
10535
2333
5946
1138
9381
1456
5975
532
5146
3113
2785
348
7310
10618
1744
2590
1987
1825
5119
2649
2068
392
5085
10456
6680
5529
9205
3593
7222
7153
3632
11072
958
3186
239
4360
353
4558
5496
3772
4229
4649
56
9704
9585
2399
2358
176
6318
113
4004
10098
1896
171
384
8689
4501
4060
8251
4907
6929
3116
5823
10767
6893
10717
8951
7579
2111
4235
5251
1485
275
3181
5720
10879
4945
8636
4338
1718
7994
2184
3330
312
3311
5158
9950
536
5165
3138
5798
831
2763
2228
10547
2411
5356
6289
11172
1020
5685
7011
6951
7559
10344
6823
8083
62
11083
280
9182
9160
5467
711
10847
5510
5563
6505
9332
5501
719
1835
10564
5582
9817
7838
145
9926
4820
9401
4822
9283
8525
174
3210
1365
927
3809
6445
2975
10993
4503
3039
11170
394
5
2
8156
604
1440
6819
8683
6894
3544
1425
4977
1441
247
6095
672
5027
10560
666
6215
8277
704
3427
10907
1712
104
5148
97
705
6056
11151
566
1587
4166
1004
669
10067
4115
1950
2964
7208
9207
1624
5291
3584
1641
1648
2294
793
4576
177
2934
6717
612
6845
89
8726
2484
4311
2072
5418
10853
3646
276
689
10291
11121
8749
10885
4279
10051
335
9407
7564
4375
8135
5578
923
1817
278
5604
1195
5605
1865
5625
2827
5652
776
6745
787
977
10027
5551
412
1001
10769
2687
3424
1921
6807
9389
7897
1054
5865
1049
9406
4748
5897
5213
5441
10977
1090
876
683
5963
1112
10976
146
900
5989
11039
6006
10912
3548
456
6033
6008
2185
3400
8235
9596
3602
6108
10355
687
545
2045
8366
380
567
6200
4921
25
8397
5722
2123
1015
7413
544
4915
1214
5063
7343
9080
8622
7346
6426
8658
7437
6455
106
628
2580
4430
7529
9914
6030
3957
4547
7604
318
3960
9790
