1453
2173
317
1524
1950
2015
2094
2861
3313
3945
569
681
1231
2002
2035
2263
2281
2731
454
619
806
919
1191
1317
1674
1841
2022
2128
2284
2289
2502
3091
3386
3597
3846
3903
87
182
227
296
436
462
472
604
707
816
979
1153
1177
1180
1185
1188
1203
1353
1376
1472
1591
1593
1635
1714
1768
1824
1946
2130
2144
2181
2411
2457
2864
3154
3419
3494
3584
3651
3686
3807
3934
3936
4005
94
163
190
223
258
262
267
323
528
593
612
673
703
742
750
864
866
941
995
1046
1064
1167
1233
1241
1268
1299
1328
1383
1387
1409
1464
1483
1528
1537
1555
1676
1708
1762
1823
1883
1900
1909
1940
2031
2063
2156
2238
2241
2355
2356
2453
2493
2510
2522
2545
2635
2637
2675
2708
2733
2753
2844
2890
2923
3058
3074
3143
3203
3210
3218
3357
3387
3448
3503
3526
3546
3732
3763
3808
3834
3839
3881
3886
3898
3933
3956
4003
4080
4128
4135
21
44
55
59
63
85
97
103
157
187
189
214
249
263
273
286
302
332
355
409
432
447
458
471
479
483
513
540
546
552
557
559
560
641
723
732
746
774
795
801
807
825
827
850
854
861
877
957
1023
1036
1050
1077
1078
1092
1099
1146
1168
1213
1274
1288
1322
1356
1359
1401
1421
1427
1445
1493
1509
1546
1556
1561
1566
1607
1613
1614
1622
1662
1680
1682
1710
1724
1729
1732
1752
1759
1784
1788
1791
1813
1816
1818
1881
1890
1901
1937
1938
1939
1951
1958
1967
1971
1974
1983
2018
2033
2036
2045
2076
2105
2135
2138
2153
2157
2164
2203
2210
2220
2245
2258
2327
2341
2345
2370
2408
2415
2445
2477
2556
2576
2612
2627
2657
2709
2751
2766
2798
2825
2828
2829
2831
2886
2909
2912
2929
2948
2953
2957
2980
3029
3041
3043
3125
3157
3159
3164
3180
3229
3238
3244
3260
3304
3339
3355
3362
3412
3437
3455
3502
3514
3536
3558
3599
3611
3633
3639
3642
3674
3728
3745
3764
3770
3777
3803
3874
3883
3914
3919
3954
3955
3964
3965
4008
4033
4037
4042
4073
4086
4107
4109
4137
1
7
8
25
26
41
46
47
51
52
66
77
79
88
91
102
105
107
108
112
119
132
145
146
150
153
161
166
168
179
191
192
196
198
202
208
218
228
236
245
250
253
278
301
315
