2173
3313
1453
1524
317
2015
1950
2002
2522
866
1185
2022
3945
1231
454
941
1317
2457
3846
3903
816
1387
1714
2210
2909
3154
3955
1555
1841
2128
2181
2281
3091
85
102
227
296
806
939
1180
1191
1203
1353
1682
2284
2861
3584
3597
3788
3807
3934
87
332
447
462
528
569
673
1635
2164
2238
2289
2720
2731
3058
3386
3514
3956
182
750
979
1153
1409
1537
1593
1818
1883
1946
2138
2502
2638
2864
3357
4135
190
516
877
1011
1046
1233
1299
1328
1383
1680
1768
1940
1983
2089
2627
2637
2751
2890
2923
3180
3218
3419
3732
3839
3886
4005
4128
63
94
267
323
432
472
557
612
723
807
919
995
1062
1064
1167
1168
1241
1376
1400
1528
1546
1692
1732
1762
1909
2094
2130
2266
2356
2493
2657
2709
2825
2831
3064
3125
3143
3238
3387
3494
3503
3571
3633
3651
3808
4003
4073
44
163
223
262
382
409
560
703
746
975
1050
1077
1078
1177
1407
1464
1662
1674
1676
1752
1823
2031
2043
2156
2157
2220
2245
2883
2901
2993
3074
3203
3330
3473
3502
3526
3599
3639
3686
3818
3874
3877
3904
3933
3936
4137
157
236
250
263
302
458
513
547
552
586
593
641
681
795
801
850
854
864
957
1036
1092
1132
1274
1322
1356
1421
1512
1591
1596
1613
1724
1763
1791
1813
1816
1821
1824
1901
1938
1967
2076
2105
2153
2258
2263
2267
2327
2337
2355
2367
2370
2445
2520
2562
2643
2675
2829
2876
2912
2957
2980
3029
3132
3157
3159
3229
3244
3304
3412
3455
3511
3536
3559
3601
3763
3777
3809
3834
3898
3919
3990
4080
4102
21
105
153
258
286
315
483
500
507
531
559
573
579
707
732
742
763
774
799
844
1014
1023
1039
1128
1146
1188
1225
1249
1331
1371
1410
1433
1472
1483
1493
1509
1608
1622
1711
1729
1760
1766
1784
1828
1851
1863
1937
2033
2035
2066
2074
2126
2254
2341
2403
2415
2453
2462
2477
2516
2545
2552
2576
2701
2708
2886
2929
3017
3190
3260
3284
3333
3339
3363
3437
3448
3529
3546
3611
3635
3685
3757
3780
3844
3868
3920
3954
4107
8
26
59
88
119
189
273
355
381
479
495
540
564
565
589
604
619
656
679
708
716
726
861
905
970
985
1084
1099
1129
1148
1176
1381
1401
1441
1445
1527
1556
1594
1606
1614
