0.992954679833
0.985934287822
0.978938823967
0.971968288269
0.965022680727
0.959829834173
0.952927850905
0.947767722556
0.944335427039
0.939198668836
0.935781953417
0.930668565361
0.925569199393
0.920483855513
0.917101416309
0.910356792027
0.906993048939
0.903635537891
0.898610956392
0.89193332653
0.888603859658
0.885280624824
0.880307457647
0.876999802912
0.873698380215
0.870403189558
0.863833062369
0.858920657574
0.855653511092
0.850764476443
0.847512910058
0.845889463881
0.842647245556
0.841028473408
0.837795603141
0.834568964913
0.831348558724
0.826529634514
0.821726290402
0.81853081237
0.813749280394
0.805811220631
0.802646902793
0.799488816995
0.796336963236
0.793191341517
0.78848459401
0.786918794194
0.783791868591
0.780671175028
0.777556713503
0.772896706289
0.769797824863
0.766705175475
0.763618758126
0.760538572816
0.757464619546
0.754396898314
0.74980700154
0.748280151968
0.745231126854
0.740669274256
0.737635829239
0.734608616261
0.733097346787
0.730079481868
0.727067848988
0.724062448147
0.721063279346
0.718070342583
0.716576211216
0.715083637859
0.712103165175
0.709128924529
0.706160915923
0.703199139355
0.701720588086
0.700243594827
0.697294282338
0.694351201888
0.689948266286
0.687020765933
0.685559352772
0.68409949762
0.681184461345
0.676823592007
0.67392413583
0.671030911693
0.668143919594
0.66670276056
0.665263159535
0.662388631514
0.659520335533
0.656658271591
0.653802439688
0.650952839823
0.648109471998
0.645272336212
0.642441432465
0.638208319928
0.636799879098
0.635392996279
0.632583904669
0.631181695878
0.629781045097
0.625588440814
0.624194022072
0.62280116134
0.621409858618
0.618631927204
0.615860227828
0.613094760491
0.611714363837
