0.992954679833
0.985934287822
0.978938823967
0.971968288269
0.965022680727
0.959829834173
0.954651009707
0.951206250112
0.944335427039
0.937491090132
0.934077490732
0.928968776705
0.923874084767
0.920485413523
0.917102974319
0.912041000585
0.906993048939
0.901959119382
0.898610956392
0.893600396981
0.89193332653
0.886941463236
0.88196362203
0.878652851275
0.873698380215
0.870403189558
0.867114230939
0.862192478085
0.857284747318
0.854020716856
0.850762918433
0.847511352049
0.844266017704
0.841026915398
0.839409701259
0.836179947012
0.829740692644
0.826529634514
0.823324808423
0.820126214371
0.816933852358
0.812156994412
0.81056782445
0.805811220631
0.802646902793
0.80106708089
0.793191341517
0.790051951836
0.786918794194
0.783791868591
0.780671175028
0.777556713503
0.774448484018
0.771346486571
0.769797824863
0.768250721164
0.766705175475
0.763618758126
0.760538572816
0.757464619546
0.754396898314
0.74980700154
0.745231126854
0.742188333779
0.739151772742
0.734608616261
0.731587635323
0.728572886423
0.725564369563
0.722562084742
0.719566031959
0.716576211216
0.715083637859
0.713592622512
0.710615265847
0.706160915923
0.701720588086
0.698768159578
0.697294282338
0.694351201888
0.691414353477
0.687020765933
0.68409949762
0.682641200478
0.679729280223
0.676823592007
0.67392413583
0.669588194648
0.665264717545
0.663826674529
0.660955262529
0.659521893543
0.6566598296
0.65237997677
0.649533492925
0.648112588018
0.645275452232
0.641031433626
0.638209877938
0.635394554288
0.631183253888
0.629782603107
0.628383510336
0.626985975575
0.624195580082
0.621411416628
0.618633485213
0.615861785838
0.613096318501
0.611715921847
0.610337083203
0.607584079945
0.604837308725
