0.992954679833
0.98768704881
0.980685352916
0.977193853028
0.973708585179
0.966756745598
0.961559225015
0.954651009707
0.947767722556
0.940909363561
0.935781953417
0.932371470037
0.92726743004
0.92217741213
0.918791856906
0.912041000585
0.906993048939
0.901959119382
0.900284258882
0.895269025442
0.890267814089
0.888603859658
0.886941463236
0.883621344422
0.875348312559
0.872050005881
0.868757931243
0.865472088645
0.86383150436
0.860555009819
0.855651953082
0.850764476443
0.847512910058
0.842647245556
0.839411259269
0.836181505022
0.832957982814
0.829740692644
0.823326366433
0.820127772381
0.81853081237
0.816935410368
0.813749280394
0.810569382459
0.807395716564
0.805811220631
0.802646902793
0.797912111111
0.793191341517
0.78848459401
0.785354552388
0.782230742805
0.77911316526
0.776001819755
0.772896706289
0.769797824863
0.766705175475
0.760538572816
0.757464619546
0.754396898314
0.751335409122
0.748280151968
0.745231126854
0.742188333779
0.740669274256
0.737635829239
0.733097346787
0.730079481868
0.727067848988
0.725564369563
0.722562084742
0.718071900593
0.715085195869
0.710616823857
0.707645699231
0.704680806644
0.701722146096
0.700245152837
0.697295840348
0.695823521118
0.692883556687
0.691415911486
0.689949824295
0.687022323943
0.685560910781
0.68410105563
0.682642758487
0.679730838233
0.676825150017
0.67392569384
0.671032469703
0.669588194648
0.666704318569
0.663826674529
0.662390189524
0.659521893543
0.6566598296
0.65237841876
0.649531934916
0.64669168311
0.643857663344
0.641029875616
0.639618318767
0.636799879098
0.635392996279
0.632583904669
0.631181695878
0.628381952326
0.626984417565
0.624194022072
0.621409858618
0.618631927204
0.615860227828
