153
10284
3271
3781
5601
10473
1188
5114
8401
2876
3405
6172
6420
10890
856
1791
2648
3471
3854
3946
6054
476
937
6687
10893
1794
1819
4410
4764
6282
6809
8934
9300
10191
10193
8
1416
2833
3448
3544
4035
4572
5068
5390
5586
7037
7741
8400
8604
8871
8875
9146
10677
818
1281
1764
2847
3274
4350
4419
4421
4793
5062
5551
6175
7231
7598
7737
7745
7909
9043
10912
1275
1334
1340
1363
1424
1524
2674
3007
3122
3944
4816
5595
6105
6117
6948
7830
8935
9534
9714
10876
11061
11084
1964
2595
2693
2934
3348
3373
3671
4372
4687
4878
4995
5353
5829
5890
6207
6398
8028
8054
8126
8443
8603
8793
9119
9910
10483
10868
43
919
936
1171
2040
2179
2551
2589
4008
4062
4333
4438
5525
6055
6198
6311
6413
6436
6512
6824
6974
7153
7808
8184
8222
8275
9184
9708
9995
10590
150
227
328
364
512
577
698
806
1602
1855
2214
2283
2346
2392
2653
2659
2666
2982
3192
3244
3317
3444
3580
3585
3687
3775
3869
4395
4448
4479
4535
4798
4973
5035
5463
5634
5870
6046
6265
6269
6343
6405
6622
6744
6914
7293
7349
7471
7482
7536
7547
7594
7659
7718
7840
8041
8065
8236
8291
8501
8667
8810
9049
9069
9214
9385
9471
9505
9553
9943
9990
10146
10426
10494
10576
10635
10873
11083
115
142
467
708
734
1152
1183
1238
1320
1426
1476
1612
1835
2142
2195
2300
2507
2640
2808
2926
2975
3143
3461
3610
4345
4564
4581
4636
5131
5200
5464
5979
5981
6032
6316
6763
6930
7557
7637
7740
7888
7952
8116
8167
8306
8345
8973
9186
9319
9355
9447
9807
9877
9945
9991
10374
10475
10648
10721
10797
10847
10853
11121
11167
40
46
326
523
533
550
629
677
689
693
763
769
808
835
839
840
1103
1293
1667
1677
1716
1752
1811
1879
1908
1958
1988
2045
2085
2263
2314
2325
2402
2440
2786
2905
2930
3115
3217
3260
3302
3410
3479
3506
3572
3693
3709
3928
4096
4103
4238
4278
4426
4536
4736
4887
5198
5378
5492
5629
5636
5682
5722
5834
5843
5847
6167
6182
6318
6717
6792
6894
6917
6925
7057
7125
7140
7163
7175
7200
7391
7589
7615
8067
8072
8137
8310
8330
8519
8524
8650
8748
8851
8911
8965
9135
9160
9175
9190
9265
9306
9393
9469
9649
9704
9736
9779
9814
9830
9911
9927
9950
10083
10097
10427
10535
10631
10861
10892
10907
11034
11102
11151
82
144
204
213
229
339
375
541
552
556
735
880
890
900
921
927
1052
1197
1304
1388
1478
1613
1673
1682
1730
1733
1747
1812
1825
1829
1861
1987
1992
1994
2080
2175
2240
2298
2413
2477
2508
2518
2539
2545
2580
2856
2884
2894
2899
3153
3163
3182
3313
3400
3465
3498
3509
3575
3591
3641
3720
3800
3876
3938
3951
4058
4110
4120
4153
4155
4216
4229
4276
4362
4469
4478
4519
4607
4614
4720
4770
4789
4792
4807
4861
4928
4947
4951
5132
5137
5143
5218
5231
5240
5250
5251
5280
5287
5356
5466
5529
5549
5662
5690
5721
5813
5910
6005
6050
6070
6158
6407
6426
6444
6498
6606
6628
6719
6858
6915
6944
6969
7117
7123
7226
7357
7399
7565
7620
7623
7708
7789
7817
8248
8270
8535
8541
8557
8577
8670
8701
8758
8865
8960
9205
9244
9252
9260
9365
9366
9433
9563
9672
9688
9718
9872
9924
10066
10155
10292
10474
10490
10548
10564
10610
10748
10769
10836
10901
11002
11009
11172
9
25
126
285
294
355
373
389
392
394
477
508
509
607
646
711
715
758
786
788
809
876
908
945
973
1184
1209
1301
1411
1414
1523
1577
1635
1714
1724
1744
1782
1884
1914
2029
2222
2232
2272
2328
2516
2529
2581
2649
2690
2697
2730
2785
2798
2839
2988
3038
3165
3186
3264
3352
3376
3437
3578
3582
3586
3607
3612
3627
3674
3855
3954
3959
4001
4063
4160
4294
4304
4378
4388
4397
4488
4501
4539
4610
4638
4656
4688
4692
4722
4745
4860
4871
4872
4900
4954
4957
5039
5161
5236
5363
5392
5404
5465
5493
5563
5583
5597
5612
5658
5839
5875
5947
6007
6086
6128
6215
6389
6391
6411
6556
6569
6583
6688
6700
6724
6736
6807
6845
6855
6873
6923
7081
7100
7269
7310
7346
7354
7437
7448
7499
7564
7578
7595
7601
7658
7661
7838
7892
8010
8027
8063
8083
8123
8134
8135
8156
8175
8277
8394
8403
8430
8444
8479
8543
8553
8633
8657
8689
8704
8708
8726
8749
8767
8772
9080
9182
9191
9217
9283
9330
9333
9508
9528
9668
9790
9794
9817
9923
9926
9946
10000
10067
10098
10219
10275
10291
10314
10344
10387
10400
10547
10569
10597
10657
10661
10767
10829
10884
10945
10983
11072
11194
47
93
162
176
254
280
314
384
494
535
536
815
819
913
923
965
984
993
1042
1080
1133
1256
1327
1389
1425
1456
1531
1603
1604
1648
1712
1745
1928
1985
2061
2068
2072
2170
2201
2238
2249
2276
2329
2383
2389
2427
2432
2436
2450
2608
2618
2634
2705
2758
2776
2796
2861
2927
2948
2989
3013
3039
3040
3191
3292
3296
3304
3322
3327
3337
3380
3430
3452
3481
3491
3494
3504
3524
3554
3584
3587
3594
3696
3697
3715
3809
3825
3917
3940
3967
4004
4006
4025
4107
4108
4338
4411
4416
4480
4503
4547
4553
4578
4641
4642
4667
4675
4676
4740
4746
4757
4759
4865
4915
4924
4931
4935
4949
4977
5085
5119
5148
5165
5180
5188
5249
5272
5279
5331
5419
5467
5496
5510
5526
5544
5593
5641
5651
5663
5710
5746
5748
5766
5818
5819
5837
5920
5946
5948
5954
5984
6001
6008
6031
6056
6095
6108
6264
6283
6289
6292
6355
6469
6481
6499
6528
6561
6640
6671
6705
6745
6746
6771
6796
6823
6832
6889
6893
6897
6913
6929
7007
7011
7032
7116
7143
7157
7193
7222
7548
7645
7656
7717
7748
7771
7824
7847
7855
7860
7886
7897
7899
7929
7972
8037
8043
8157
8208
8251
8302
8366
8402
8487
8525
8555
8586
8607
8618
8622
8683
8725
8729
8734
8757
8769
8829
8843
8964
8999
9070
9121
9139
9177
9220
9289
9303
9332
9381
9414
9442
9483
9593
9596
9659
9667
9705
9734
9737
9791
9914
9919
9930
9941
10027
10070
10082
10114
10276
10331
10391
10430
10451
10456
10537
10543
10560
10618
10630
10678
10707
10723
10728
10729
10823
10832
10862
10879
10946
10966
10971
10985
10999
11035
11039
11087
11099
11103
11170
20
30
70
146
192
193
221
275
330
340
393
421
435
446
473
514
542
554
555
587
595
609
628
650
657
669
683
702
713
729
731
751
752
