0.996255067011
0.993940441911
0.993762491873
0.992517335511
0.991272927976
0.989674341073
0.988431717978
0.987544596647
0.986657873629
0.985417178365
0.98364623373
0.982053908298
0.980992851918
0.97993238504
0.978342799997
0.977636703676
0.97622530766
0.975167501508
0.974638765724
0.973757858066
0.972877348721
0.971821279211
0.970941646153
0.970062411407
0.969183574974
0.968305136853
0.967251552813
0.966374006912
0.965321474416
0.963919032462
0.963568565365
0.963393355716
0.962342448335
0.961292114524
0.960242354282
0.959717681284
0.958668781397
0.957969838767
0.957271135124
0.956223573567
0.955351046402
0.954478917549
0.953084489639
0.951865096122
0.951168623028
0.950994544586
0.949950408516
0.949602490619
0.948385343583
0.947863920814
0.947516385297
0.946126928326
0.944912043704
0.944044678668
0.943177711943
0.942657723099
0.942484425349
0.940060359939
0.939714258347
0.939195225452
0.938676351882
0.937984722267
0.936775079436
0.935393652443
0.93453071664
0.934185634727
0.933495662091
0.932805944376
0.931771845777
0.931255011566
0.93056612234
0.929705385222
0.929017069565
0.927469466648
0.926610163453
0.925923010869
0.925407801773
0.924721079367
0.923863082637
0.923348447111
0.922833954977
0.920606878938
0.920093151564
0.919579567582
0.918895011995
0.918039675992
0.917868656589
0.915988940809
0.915305723551
0.914793477899
0.91428137564
0.913598795682
0.912745929216
0.912404894157
0.912063922828
0.911211821121
0.910530404235
0.910189783421
0.909168351156
0.908147460596
0.907467174917
0.907127127673
0.9066171763
0.90610736832
0.905427847401
0.904239315127
0.903899873318
0.903390830097
0.902881930269
0.901186872108
0.9003398688
0.89949323194
0.898646993392
0.897970276592
0.897293814712
0.896786635594
0.896448595844
0.895097249401
0.89459069165
0.89391550437
0.89324057201
0.893071878751
0.892565910502
0.891722938115
0.891048850177
0.890375001227
0.889869781805
0.889196378964
0.888691494125
0.88785038584
0.886505412396
0.885497347494
0.8849935142
0.884657704999
0.884154110692
0.883650659777
0.882811941367
0.882141215185
0.881470743924
0.881135603888
0.880465530939
0.87979571291
0.87929350473
0.879126133868
0.878456809746
0.877119021857
0.876617578437
0.876283362486
0.875448133291
0.874947167846
0.874279436974
0.873945667132
0.873611961021
0.873111521348
0.872777974562
0.872277773876
0.871444424716
0.870944606411
0.87027842099
0.869612474557
0.86878041593
0.868614048815
0.868115043067
0.866951301755
0.865954437397
0.865456196409
0.864128270734
0.863132999626
0.862801364739
0.862304031903
0.861806842459
0.861475462492
0.860150914506
0.859654346429
0.859323380707
0.858827051618
0.858661640453
0.858165502554
0.857834823616
0.857173656932
0.856512745168
0.855687011741
0.855191750128
0.854696615976
0.854036660162
0.853047252212
0.852552739427
0.852223143899
0.852058370034
0.851893612102
0.851564144034
0.847291638333
0.84679879846
0.846470318208
0.845977717322
0.845649396394
0.845485259829
0.845157034496
0.844336781848
0.843516943444
0.842697455555
0.842533605775
0.842042152029
0.84138715122
0.841059722512
0.840732357534
0.84024142956
0.840077818767
0.839587081984
0.839096488593
0.838606038594
0.837788988377
0.836972304607
0.836319247563
0.835829610122
0.835666429506
0.835340116073
0.834850781349
0.834687696328
0.833709616382
0.832732014412
0.832080646212
0.831592251505
0.831429485134
0.830778594909
0.830127959604
0.829802729581
0.829315004039
0.828502446785
0.828015103623
0.827690287844
0.827203183669
0.827040847476
0.826553934491
0.826229405497
0.825742747433
0.825580554632
0.825094071824
0.82460773241
0.824445651136
0.8237975013
0.823311544265
0.823149590452
0.822501950456
0.822016391733
0.821530960471
0.821369181915
0.8210456726
0.820722227016
0.820398845162
0.819913891874
0.819752272643
0.819429081979
0.818944415476
0.818298416527
0.817814084606
0.817491276322
0.817007199321
0.816684550361
0.816039459565
0.815555796809
0.814750058663
0.814427855814
0.814266778288
0.813461645577
0.813300663646
0.813139697647
0.812817813447
0.812335106641
0.812174236238
0.811852543228
0.811370123207
0.810887846578
0.810727119567
0.810566408488
0.810405713342
0.810084370847
0.809923723498
0.809763092082
0.809441877047
0.809281293428
0.808960173988
0.808799638167
0.806394755481
0.806074209611
0.8055935103
0.805273123754
0.80479266343
0.803992214873
0.803672146978
0.803512136929
0.803032218309
0.802712341604
0.802072795315
0.8017531098
0.80127370102
0.800794451566
0.800634728302
0.80047502097
0.799995994571
0.7996767233
0.799517111563
0.798878823942
0.798559775727
0.798240791241
0.797762434006
0.797443608845
0.796806165646
0.796328238589
0.795850454924
0.795691225567
0.795372814651
0.794736184009
0.79457706618
0.793940770121
0.790290269031
0.789655725546
0.7893385255
0.789179949375
0.78870433253
0.788228843144
0.787753497151
0.787436679484
0.78664493007
0.786328335458
0.785695353358
0.785378949936
0.785062610245
0.78411403728
0.783166037885
0.782850144304
0.782376439358
0.781902877804
0.78142944371
0.780956153009
0.7804830057
0.780167653823
0.780010001783
0.779852365676
0.779221996505
0.778434421404
0.777962054787
0.777332434443
0.776860386476
0.776545767494
0.776231212242
0.776073958515
0.77591672072
0.775287944799
0.774973644466
0.774816518199
0.774031173647
0.773246195543
0.772304824066
0.771991129169
0.771207186677
0.770580322655
0.77011032998
0.769797081192
0.769483896135
0.768857733142
0.768388282172
0.767918958662
0.767449778545
0.766980741819
0.766511848487
0.76463815519
0.76416997882
0.763701945842
0.763078172724
0.762766357861
0.76229875506
0.761831311585
0.761519751642
0.761052531221
0.760429809647
0.760118536489
0.759651746246
0.759340632413
0.759185099395
0.75902958231
0.757786258185
0.757164859008
0.756543730684
0.756078039783
0.755457357569
0.755302222863
0.754836914342
0.754681843367
0.754371749213
0.754216726035
0.753751768029
0.753286937482
0.752357722499
0.752202906444
0.751738553872
0.751274344693
0.75096495157
0.749882816498
0.749573710159
0.749264667551
0.748955688672
0.748337969902
0.747874812267
0.747566120174
0.747411798025
0.746948943108
0.746332020963
0.745869484696
0.745407091821
0.745098909567
0.743866993109
0.742482554874
0.742174978055
0.741560031539
0.741252645909
0.74094532401
0.740638065841
0.739716705578
0.739409702329
0.739102762809
0.738642473024
0.738182326631
0.737875642032
0.737569021162
0.73649639779
0.735883841149
0.735271507562
0.735118460013
0.734659428895
0.734353477191
0.733894669127
0.733436020389
0.73328316403
0.732977499111
0.731908285293
0.731145007247
0.730229701332
0.729619725755
0.729314825595
0.728552885878
0.728248208773
0.727943595398
0.727791312609
0.727334559838
0.72642153227
0.725965225609
0.725357066336
0.725205054399
0.724901078324
0.72368598658
0.723078751392
0.722775221427
0.722471755191
0.722016691264
0.721713384354
0.721410141173
0.721106961723
0.720652327973
0.720349307848
0.720046351452
0.719894897153
0.719592036353
0.719289239282
0.718230047003
0.717473922648
0.717020420106
0.716869284456
0.716567060956
0.716415973104
0.715509844306
0.715358867982
0.714604273146
0.714000861757
0.712794867468
0.710537121375
0.710085817517
0.709634657052
0.709484302095
0.709183639979
0.708432263507
0.707981628813
0.706930801095
0.706780732923
0.706480644376
0.70603063105
0.705730701829
0.705580761117
0.70528092749
0.704981157594
0.704681451427
0.704381808991
0.703632997651
0.702585467958
0.70183769223
0.701389160626
0.70109021922
0.700641926603
0.700343144521
0.70004442617
0.699596468135
0.699447180656
0.698701030042
0.698551838157
0.698253502186
0.698104358098
0.697806117721
0.697060843395
0.696613841311
0.696166998551
0.695869172419
0.695571410017
0.695273711345
0.69482728283
0.694529743483
0.693786269529
0.693637603416
0.693637396294
0.693340111867
0.693191493552
0.692894304719
0.692597179617
0.691854661612
0.691260969045
0.691112573785
0.690667499533
0.690370852405
0.689629561203
0.6894813412
0.68933313713
0.688888620515
0.688148173735
0.687704055432
0.687408045604
0.686964166289
0.686668315786
0.685485885657
0.68504262771
0.684894901614
0.684451818924
0.68386128099
0.682681001749
0.682091212643
0.681207070688
0.68091246292
0.680323454507
0.680029037928
0.679881853538
0.67767687587
0.676942387843
0.676648704159
0.67620831406
0.675768067354
0.675474638591
0.675327948108
0.670357854038
0.670211721193
0.669919503299
0.669481295952
0.668897258476
0.668459401644
0.66816756613
0.667875794346
0.667584086292
0.666709440105
0.6661266135
0.66568966482
0.665544041814
0.665107284324
0.664961725048
0.664525158748
0.663652583786
0.663507183835
0.663361799816
0.662925743356
0.662489846221
0.66234457373
0.661908851852
0.661618450263
0.660747643807
0.660167430131
0.659732441148
0.659732058768
0.659297197245
0.658572842285
0.657993584558
0.657704043323
0.657269866897
0.656691182741
0.656401928291
0.656112737571
0.655390071455
0.655245579657
0.654667819585
0.654379011245
0.653801585755
0.653512968605
0.653224415185
0.653080162374
0.652359185103
0.651926761251
0.651494480793
0.651350419171
0.651062343726
0.650918329902
0.650630350052
0.648330255388
0.648186544281
0.647899169866
0.647611859181
0.646750357302
0.646606821453
0.646319797553
0.646176309501
0.645889381196
0.645459108232
0.645315715775
0.645172339251
0.644885634001
0.644455695619
0.644169149693
0.644025900629
0.643739450298
0.643453063698
0.643166740827
0.642594302208
0.641450173798
0.640449947684
0.640307112865
0.640164293978
0.639735932913
0.639450438532
0.639022316455
0.638736981399
0.638451710073
0.638166502477
0.638023922578
0.637738810577
0.637453762306
0.637311262069
0.637168777765
0.636883856954
0.636741420447
0.635887135989
0.635602501963
0.635317931666
0.6350334251
0.634748982264
0.634606784745
0.634322437504
0.633896052068
0.633753950144
0.633611864152
0.633043695442
0.632617740183
0.632191928318
0.631908122781
0.63148253397
0.631198887759
0.630631834324
0.630490098847
0.630064988011
0.629073715959
0.628932155739
0.628649083098
0.628507570676
0.627941696245
0.627517461696
0.627376076734
0.627093354607
0.626669390911
0.626386828109
0.626245570607
0.626104329037
0.6259631034
0.625821893696
0.625539522084
0.625257214202
0.624551739249
0.624410688869
0.624128635907
0.623705675958
0.623142000211
0.623001109157
0.622578531587
0.622015365681
0.621874602086
0.621733854424
0.621171039032
0.620889718965
0.619765091929
0.619343629634
0.619062723812
0.618641484572
0.618501103357
0.617939753755
0.617799452203
0.617238405318
0.616817787446
0.616397312966
0.616117076308
0.615416811281
0.615276796513
0.615136797678
0.613598435607
0.61331883625
0.613039300622
0.612899556707
0.612759828724
0.612201092052
0.611782194889
0.611503009776
0.610805357678
0.610108087959
0.609689923691
0.609271902815
0.608993291272
0.608436275309
0.608157854956
0.608018668678
0.60774034392
0.607462082892
0.606905767958
0.606349707945
0.605654987425
0.605516087933
0.605377204372
0.605099485049
0.604960649286
0.604821829456
0.603989308786
0.603573231675
0.603295926596
0.60274150763
0.602602942719
0.602187359515
0.602048858335
0.601910373087
0.601633450388
0.60135659142
0.601079796181
0.600664722817
0.600526396894
0.600249792846
0.599973252527
0.599558561543
0.59942036308
0.599005863286
0.598729609752
0.598177309807
0.597901247463
0.596935690459
0.596522051019
0.596246371056
0.595970754822
0.595695202318
0.595557449965
0.595281993056
0.593493506744
0.59335600931
0.592943612605
0.592531375225
0.592119265306
0.591844605021
0.591432750021
0.59088385963
0.590746664915
0.59047232328
0.590198045376
0.58923873391
0.589101730384
0.588827771129
0.588280091608
0.588006323544
0.587595806873
0.587185433595
0.586501818025
0.585272466698
0.583635896727
0.583226909577
0.582954320517
0.582545572353
0.58213695165
0.58186461751
0.5815923471
0.58132014042
0.580911949894
0.58077591825
0.58050390276
0.580231951
0.57996006297
0.579552366352
0.579550932427
0.579415060108
0.579143363268
0.578871730158
0.578192926202
0.578057213208
0.577785835018
0.576836752213
0.576701198544
0.576159159126
0.575617406493
0.575211223461
0.574940514436
0.574264068489
0.573723176211
0.573587988989
0.573317662344
0.572912291869
0.572642124549
0.572507064787
0.572101981097
0.571832004967
0.571292291693
0.571022506753
0.570887638181
0.570752785542
0.570483128061
0.57034832322
0.569809279111
0.569674553932
0.569135828473
0.568462776147
0.568193660371
0.567386854748
0.567117993892
0.566983587363
0.566714822102
0.566311809637
0.566177498703
0.565908924632
0.565371983612
0.565103600731
0.56483528158
0.564567026159
0.564298834468
0.563896682357
0.563628649991
0.563360681355
0.562423293002
0.56228944411
0.561888008962
0.5617542238
0.55988414718
0.559617070764
0.559083156918
0.558949706339
0.558682852977
0.558416063346
0.558282692429
0.557749415883
0.557482849306
0.557349589917
0.557083118935
0.556683531956
0.555751751842
0.555219654301
0.554820752419
0.554687811679
0.553625193914
0.553359615153
0.552961366503
0.552828648819
0.552563261247
0.552297937405
0.552165299382
0.551900071135
0.551634906618
0.551104816572
0.550972321942
0.55044251868
0.550177704678
0.549648283796
0.549119101902
0.548457998947
0.548457855555
0.548193519528
0.547665054596
0.547400909758
0.546740874281
0.546608905424
0.546476952499
0.546345015506
0.546213094446
0.545817442794
0.545421918601
0.545158315469
0.544499602389
0.544367904384
0.544104556171
0.543841271688
0.543051959946
0.542657455433
0.542394521465
0.54226307838
0.54186884472
0.541080871306
0.538721491827
0.538590494852
0.538066682208
0.537412302767
0.537019837614
0.535974203888
0.53558228044
0.535321067182
0.534929366788
0.534537809787
0.534537666394
0.534407179259
0.533624638826
0.532582143803
0.532191447156
0.531020313167
0.530760215183
0.530500180929
0.530370187701
0.530240210406
0.529980303612
0.529590578848
0.529071163573
0.528811543564
0.528551987286
0.528162772361
0.525445007336
0.525315635475
0.524152340273
0.523635585725
0.522732037992
0.522731942397
0.521571515044
0.521442621158
0.521184881184
0.520927204939
0.520798390716
0.520540810067
0.520283293147
0.520283197552
0.520025744363
0.519768354904
0.519639684073
0.519511029174
0.519382390208
0.519253767175
0.518996568905
0.518867993669
0.518610890995
0.51835385205
0.517326668155
0.516813339093
0.516556746258
0.516043767711
0.515787366067
0.515018559445
0.51476241272
0.51335520695
0.512716090839
0.512332755005
0.512205008259
0.511949562564
0.511821863615
0.511694180599
0.511311243078
0.510928433016
0.510800861527
0.510545766347
0.510290734897
0.510163243071
0.509780879119
0.509016708854
0.509016342406
0.508761693336
0.508252602318
0.507870939397
0.507108139326
0.50685396823
0.506345833162
0.506091853256
0.505964887202
0.505837937081
0.505711002892
0.505584084636
0.505076586867
0.504696118882
0.504442553222
0.503935660888
0.503682286418
0.503175744599
0.503049144992
0.502922561318
0.502669441767
0.502416385947
0.502416115094
0.502289611083
0.50165737781
0.50127821629
0.501025510984
0.500772869408
0.500772598556
0.50052002071
0.500393755686
0.500141273435
0.499258246755
0.498753935486
0.498249911001
0.497997970455
0.497746093639
0.497242578994
0.496236457857
0.495859335697
0.495733660175
0.495608000585
0.495356729204
0.494979941626
0.494854377632
0.494854106779
0.494728558717
0.494352010127
0.494226525795
0.494101057395
0.493850168394
0.493223224709
0.49309788377
0.492847249688
0.492596679337
0.492220959236
0.491970548209
0.491845366595
0.491344847259
0.491094659287
0.490844535046
0.490469468177
0.490344477753
0.488971351589
0.488846552355
0.488597001683
0.488098139327
0.487724124003
0.487474860116
0.486603177373
0.486354200271
0.486105286899
0.485980854112
0.485732036335
0.485358929163
0.485234591971
0.484861675989
0.484240563597
0.483868045928
0.483743899926
0.483495655718
0.483123408901
0.482503411785
0.48237944104
0.482255486227
0.482131547347
0.481759842235
0.481635967085
0.481016925918
0.481016782526
0.480893002971
0.480521775833
0.480398060008
0.480274360116
0.480027008129
0.479779719871
0.479532495344
0.479408906979
0.479285334546
0.478914712844
0.478544250466
0.478173915548
0.478050502441
0.477803724023
0.477557009336
0.477433675891
0.477187056798
0.476447741225
0.475832045882
0.475216653256
0.474970607733
0.47484760887
0.474601658942
0.474478707877
0.474355772745
0.474232853544
0.474232773882
0.473618512463
0.473495688858
0.473250089445
0.473004553762
0.472513673586
0.472390993373
0.472023064262
0.471777847229
0.471287652151
0.470185776717
0.470063399222
0.469207362189
0.468840675813
0.468718473575
0.468229871746
0.467985642528
0.467985451338
0.467619242936
0.467497200023
0.46664339354
0.466034023397
0.465668579756
0.465425019702
0.465181523379
0.465059799116
0.464573077321
0.464329804052
0.464086594513
0.463114728241
0.462871837352
0.462507620513
0.462264888949
0.462022221115
