153
2847
1188
8401
3781
5601
5114
3271
1791
4350
6420
856
937
3405
3946
9146
4764
10677
10893
476
1794
1819
4008
5586
6413
2833
7231
3854
8875
1416
6809
8871
6792
1334
2648
3448
4035
7741
7745
1764
9714
5062
5390
6175
6172
6405
7737
1964
4421
4535
6948
8793
11084
4793
7909
9355
4816
8501
8935
9043
10284
10648
328
2693
4419
8604
806
2674
2876
9184
10483
8
2595
2659
4572
4687
6436
8934
9910
818
1340
4410
4798
5068
6105
6316
7598
9471
9943
10868
10876
919
4360
4395
6687
8184
1171
5353
6944
7140
7830
8603
9119
10473
10635
880
2551
6311
1855
1958
2040
2589
2653
8443
9186
11061
115
1275
2179
3373
3671
6055
6622
6974
7547
8236
8667
9252
9995
10193
10426
43
3192
4372
4564
5829
6158
7659
8028
8065
10873
4789
6398
7594
8400
9708
10475
150
512
2346
5131
6046
6282
6744
7471
8275
8911
9049
9534
2899
3244
3775
4062
4448
5870
6207
8810
629
921
1363
3122
3313
4792
5979
6343
142
839
1608
2926
3506
5463
8116
8310
9190
9945
9990
10191
10890
144
1992
2058
2402
3007
7125
9505
11028
734
1486
1612
2085
4688
4995
5200
5466
6182
6736
8519
577
1524
1667
1782
2982
3572
4426
4581
5595
5721
5847
6070
6930
7482
8072
9069
9300
9553
10344
10721
326
467
708
1238
1481
1602
2075
2325
2545
3163
3274
3479
3544
4096
4479
4973
5035
5231
5682
5834
6054
6824
7658
7888
8366
8769
9306
9385
533
1424
1825
1988
2258
2328
3471
4596
4692
4924
5634
6763
6914
7200
7391
7840
8274
8689
9265
9688
9718
9779
1677
1733
2214
2477
2930
3150
3268
5218
5464
5981
6198
7117
7536
7637
7708
8188
8291
8965
9135
9563
9877
10146
10494
735
1716
1747
2856
3720
4607
4878
5287
5910
6167
6913
6915
7143
7589
7645
7717
8027
8041
8345
9407
9668
9807
9814
10374
10885
10907
11102
46
227
541
763
1133
1388
2440
2508
2518
2808
3186
3437
3951
4238
4378
4887
4900
5890
7557
7565
8138
8175
8270
8586
9283
10490
10569
10728
82
693
936
1478
2142
2905
3317
3410
3582
3800
3855
4279
5251
5472
5525
5629
5662
7623
8167
8543
8577
8619
9649
9927
10823
10901
11121
11158
552
556
650
677
1320
1651
1835
2389
2516
2690
3143
3348
4276
4614
4642
4770
5250
5710
6032
6499
6556
6724
7037
7789
7892
8010
8302
8524
8851
9809
9817
10292
10535
10548
10892
204
211
229
509
807
840
1152
2137
2195
2283
2298
2666
2730
3292
3494
3498
3554
4110
4871
5180
5280
5493
5690
5947
6369
6873
6925
6964
7123
7153
7163
7399
7808
8157
8248
8429
8479
8758
9260
9319
9366
9672
10051
10097
10098
10576
10831
10836
40
698
729
1409
2276
2413
2934
2975
3260
3461
3491
3580
3586
4006
4153
4553
4949
5039
5551
5769
6217
6606
6730
6923
7214
7222
8127
8535
8607
8973
9160
9991
10083
10387
10707
10717
10847
11083
11151
477
809
885
1042
1052
1103
1183
1411
1603
1635
1678
1714
1829
2175
2222
2329
2439
2539
3217
3302
3452
3709
4155
4294
4333
4501
4519
4636
4807
5198
5392
5465
6469
6628
6789
7310
7601
8126
8134
8269
8701
9528
10451
10657
10748
10912
9
514
646
715
1304
1426
1516
1577
1879
1987
2080
2432
2507
3165
3182
3509
3876
3944
4103
4216
4304
4438
4539
5492
5748
5855
5876
6005
6030
6265
6640
6660
6700
6717
6894
7032
8525
9182
9191
9483
9923
10314
10355
10456
10474
10560
10797
10819
689
923
1293
1301
1613
2070
2168
2272
2314
2786
2798
3400
3430
3585
3687
3693
3940
4025
4067
4107
4416
4468
4872
5549
5677
6050
6382
6836
6858
6897
7269
7349
7838
8865
8999
9381
9529
9830
9911
10066
10547
10564
10661
10812
10879
11039
11072
11172
927
1811
1896
1994
2333
2702
2785
2861
3013
3040
3113
3591
3625
3641
3897
4160
4656
4720
4915
5137
5165
5240
5363
5404
5496
5624
5798
6701
6969
7057
7354
7817
7824
8397
8557
8622
8704
8708
8725
9175
9205
9207
9914
9924
10012
10027
10067
10339
10427
10821
10829
10983
11087
11167
671
758
808
815
900
1414
1476
1523
1673
1745
1752
1784
1884
2029
2045
2170
2225
2240
2474
2580
2796
2988
3191
3311
3741
3825
3928
4058
4362
4393
4745
4907
4954
4957
4967
5080
5378
5467
5685
5720
5839
6031
6389
6391
6498
6796
6845
7740
8043
8099
8135
8137
8251
8391
8402
8650
8792
9365
9704
9872
9926
10993
162
285
364
389
786
819
908
913
1080
1485
1789
1908
2201
2263
2436
2450
2590
2608
2636
2927
3038
3074
3342
3427
4722
5085
5327
5356
5544
5813
5837
5975
6108
6415
6671
6705
7092
7380
7718
7929
8083
8242
8430
9220
9333
9518
9550
9734
9790
10045
10678
10794
10946
11034
11170
11194
93
294
890
1389
1472
1604
1705
2123
2297
2602
3153
3222
3278
3352
3575
4229
4411
4469
4541
4558
4638
4641
4676
4703
4715
4740
4757
4861
5146
5188
5458
5529
5541
5583
5597
5689
5788
5872
6068
6215
6318
6411
6444
6505
6680
6807
6812
6816
6833
7499
7559
7661
7886
7952
7994
8054
8097
8235
8256
8433
8633
8843
9214
9400
9508
9523
9605
9736
10000
10070
10417
10610
10971
10976
11002
11134
126
355
446
731
835
876
904
963
973
993
1327
1650
1682
1755
2232
2300
2363
2392
2618
2839
3138
3406
3525
3644
3662
4746
4947
5132
5172
5236
5261
5328
5376
5447
5473
5563
5651
5792
5819
5846
5946
5954
5962
6128
6264
6292
6431
6676
6719
6889
6893
6929
7011
7038
7346
7465
7554
7564
7566
7730
7855
8063
8448
8555
8694
8951
9492
9547
9596
9645
9732
9856
9950
10584
10853
10861
254
339
753
788
1138
1504
1730
1861
2068
2514
2634
2758
3116
3133
3444
3524
3594
3967
4004
4311
4503
4536
4547
4931
5005
5026
5089
5119
5143
5158
5249
5272
5331
5419
5450
5518
5578
6008
6086
6117
6455
6670
6880
7373
7579
7615
7792
7972
8076
8208
8394
8403
8541
8553
8589
8657
8733
8772
9200
9303
9309
9320
9332
9490
10275
10297
10325
10390
10481
10631
10652
10767
10966
11128
117
213
373
494
550
587
707
831
917
945
1241
1589
1605
1928
1953
2228
2563
2649
2849
2906
2931
3080
3296
3330
3467
3532
3612
3674
3917
3959
4235
4443
4649
4736
5341
5377
5582
5722
5746
5818
5823
5948
6137
6289
6442
6512
6688
6777
6855
7159
7172
7335
7343
7370
7620
7847
7884
8078
8288
8338
8444
8658
8726
8767
8848
8896
9289
9401
9406
9468
9481
9791
9829
9913
10031
