0.996255067011
0.995720643326
0.994830255834
0.994118232625
0.992339481067
0.991806108927
0.989496661887
0.989319110161
0.987722100576
0.98718997117
0.985948941324
0.984885877449
0.983646265595
0.983115235531
0.982053605581
0.981523005695
0.980108948951
0.979755550276
0.978872332406
0.977813012668
0.977636512486
0.976754250567
0.975519768976
0.974990937597
0.973405367543
0.972525017523
0.971645065815
0.971293196659
0.970062204285
0.969183415649
0.967602848399
0.966900639607
0.966549630806
0.966198685735
0.965496986783
0.964269690748
0.963218305392
0.962342575795
0.961292241984
0.961117239457
0.960067558878
0.959368090475
0.958668876992
0.958319365846
0.95692202229
0.956747418075
0.955176872365
0.954653585493
0.953433236026
0.952039572877
0.951168957611
0.950124741878
0.949081099714
0.9483856463
0.948211822778
0.94716923216
0.945432861039
0.945085771632
0.944044901723
0.94352467389
0.942657946154
0.941618414574
0.940579456564
0.940406350004
0.939368061159
0.938157478312
0.936947723954
0.936084023391
0.93522072114
0.934530366125
0.934185284212
0.933840266029
0.932978047188
0.931771558992
0.931082478576
0.930738033963
0.93039365308
0.930049335927
0.929532979691
0.929016766848
0.928672704615
0.928328706112
0.925922931207
0.925579442544
0.924721015637
0.924549374866
0.92317687007
0.922662425734
0.921805384954
0.921291322997
0.920263645194
0.919578834687
0.919407671892
0.918552096901
0.917696920223
0.91684215779
0.916500357971
0.916329481961
0.91564618504
0.913939177509
0.911552441935
0.911211629931
0.910700531419
0.90984905108
0.908997984985
0.908657650956
0.907807126567
0.907126984281
0.906447080982
0.906107224928
0.905427719941
0.905257879543
0.905088055077
0.903221483606
0.902882232986
0.902034401189
0.90152588374
0.900848083531
0.900170538242
0.899493247872
0.898816212423
0.897970292524
0.89763202972
0.897124755006
0.896448611776
0.895941671645
0.895772723466
0.895097106009
0.894590548258
0.893915360977
0.893746603989
0.893577862932
0.892903073965
0.891554276721
0.891048722717
0.890038076752
0.889701311601
0.889027972491
0.888859677544
0.888186673016
0.887177652165
0.886841428719
0.886505269004
0.885833140763
0.885665148534
0.88499338674
0.883986198126
0.88314732039
0.882476482681
0.882308809102
0.88180588396
0.88130310221
0.880800463852
0.880632949598
0.879963051906
0.879460795929
0.879126038273
0.878624021283
0.874283993667
0.873616517715
0.873116093974
0.872949312615
0.872449064132
0.871948959041
0.871282391241
0.870616062428
0.869450839394
0.868951594658
0.868286158065
0.867454736737
0.866789921511
0.866623745587
0.866291441535
0.866125313408
0.865627024622
0.865460960225
0.86529491176
0.864630877227
0.863469477992
0.862474621128
0.862143113702
0.861314639885
0.860486596247
0.859989932575
0.859327953333
0.858831624244
0.857839412175
0.857508796968
0.857012993651
0.856847757743
0.856187021236
0.855361415269
0.854701204535
0.854206213775
0.85404124872
0.853876299598
0.853381547825
0.852886939445
0.85222768466
0.851733410863
0.851568684795
0.851074602188
0.850580662973
0.850416048433
0.850251449825
0.849757749597
0.848935234535
0.848441916687
0.847784398544
0.847455727101
0.846962839431
0.846305878925
0.845649173339
0.845156811441
0.844992722673
0.844500551965
0.843680633899
0.843188845571
0.842697200635
0.842041897109
0.841223126182
0.840732054816
0.840241126843
0.839750342262
0.839586779266
0.83893268661
0.838278848873
0.837625266057
0.836645417604
0.836482157326
0.835992472087
0.83517669647
0.835013579584
0.834687393611
0.834524324523
0.833709234003
0.83354626051
0.833220361321
0.833057435625
0.832568754134
0.832405892168
0.832243046135
0.832080216034
0.831429070889
0.831266320451
0.831103585946
0.828503450532
0.827853739312
0.827691339389
0.82736658734
0.827041899021
0.82687957876
0.826717274432
0.826230472975
0.825743798977
0.825581606176
0.824770897092
0.82379864844
0.823150753524
0.822664987679
0.822179365226
0.821693886166
0.821208550499
0.820885073049
0.820399976369
0.819915023081
0.819430213186
0.819268641752
0.818945546683
0.818784023047
0.818299547734
0.817331043218
0.817169678907
0.81652439692
0.816201843555
0.815718133002
0.815395738962
0.813141035977
0.812819151777
0.812497331307
0.811693074884
0.811371477469
0.811049943784
0.810407083536
0.809925093693
0.809122095936
0.808640488472
0.808479984516
0.808159024401
0.807838128016
0.807517295361
0.807356902932
0.806875837173
0.806234617973
0.805914103967
0.805753870863
0.804952992129
0.80479285462
0.804632733044
0.804152463909
0.803992406063
0.803352349935
0.80287246318
0.802712532794
0.80255261834
0.802392719818
0.801753285057
0.799358917819
0.799039774008
0.798720693928
0.798401677577
0.797763851998
0.797285638156
0.797126265407
0.79696690859
0.796648242754
0.79601115007
0.795374280441
0.794896783561
0.793465408195
0.793147443389
0.792829542313
0.792352810193
0.792035068441
0.791399792062
0.790923490119
0.790288659849
0.789971332343
0.789495460577
0.78933686852
0.789019732204
0.788702659618
0.787910304768
0.78743505437
0.787118300434
0.786643289023
0.786010179462
0.78585193792
0.785535502634
0.785219131077
0.784586595087
0.784428496937
0.784112348436
0.783796263664
0.783480242623
0.783322256
0.783164285311
0.782532561878
0.782058936594
0.781901093364
0.781427675203
0.780796668732
0.780638952962
0.780165901248
0.778748052571
0.778275574427
0.778118113577
0.777331096114
0.777016381537
0.77670173069
0.776544429165
0.776229873913
0.775758176461
0.775443780534
0.775286606469
0.771679346171
0.771365778734
0.771209018914
0.770895547071
0.770268810509
0.770112162217
0.769798913429
0.769329175674
0.769016086212
0.768859565379
0.768390114409
0.767920790899
0.767764381594
0.767138903699
0.766982574056
0.766669962569
0.765732574216
0.765420217648
0.765264063263
0.76495180229
0.764483546257
0.763859422624
0.763391485241
0.762923707183
0.761832904834
0.761365588818
0.760898416195
0.760431386964
0.760275742419
0.760120113806
0.759653323563
0.75934220973
0.759031159627
0.758720173254
0.758253813188
0.758098391697
0.75794298614
0.757632222821
0.756545212406
0.755458934886
0.754373485855
0.754218462677
0.753753488738
0.75359852929
0.753443585775
0.752204850208
0.752050050085
0.751895265895
0.751121631727
0.750502988872
0.749884600937
0.749575494599
0.748803055368
0.74864860576
0.748030982585
0.747876612639
0.747413598397
0.746796485062
0.746488016023
0.746025431959
0.745871269135
0.745562991286
0.744946674576
0.74479262328
0.744022653586
0.743868697886
0.743406942311
0.743099174302
0.741868914822
0.741407764682
0.740793120884
0.74048589458
0.740178732005
0.740025174617
0.739871633161
0.739411104388
0.73895073494
0.738490508885
0.73803041029
0.737723757555
0.737417168551
0.737263897947
0.736344624841
0.736038322622
0.735732084132
0.735578988786
0.735119814275
0.734660767225
0.734660560102
0.734354608398
0.733895816267
0.733590023887
0.733131470744
0.732062081668
0.731909368702
0.730993425488
0.730840824049
0.730535668969
0.729925565932
0.729773076021
0.729620602042
0.729315701882
0.728706092752
0.728401383782
0.728249053196
0.727183280796
0.72703107767
0.726422472287
0.726118241292
0.725662030226
0.725205946619
0.724750006405
0.723535201446
0.7233833807
0.723231575886
0.722776272971
0.722321113449
0.722169420163
0.721866081388
0.721562806342
0.7211080292
0.720956463374
0.720653379518
0.720501861489
0.720198873228
0.719744526264
0.718836294377
0.718533656631
0.717928588262
0.717777357018
0.715511676543
0.714756954247
0.713851861062
0.713248768323
0.71279660411
0.712645914571
0.712495240964
0.712344583289
0.711892721794
0.711591549838
0.711290441612
0.710838898766
0.710387499313
0.710086646007
0.709635501474
0.709184484401
0.706932474007
0.706182292472
0.705732390673
0.705282616335
0.704982846438
0.704683140272
0.704383497835
0.703185740646
0.702736778865
0.702437550673
0.702138386212
0.70198882788
0.70183928548
0.700643615448
0.700344833366
0.700046115014
0.699747460392
0.69959815698
0.699150358271
0.698702687022
0.698255159165
0.698106015078
0.697807774701
0.697211501069
0.696466513528
0.696317560631
0.696019702633
0.695721908366
0.695573035131
0.695275336459
0.694828907945
0.694382622823
0.69408517907
0.693639148868
0.693341864441
0.693044643744
0.691856493849
0.691411164677
0.690965978897
0.690520952442
0.689335208354
0.689038848012
0.688150213094
0.688002152416
0.687410116829
0.686966221581
0.686670371078
0.686522469725
0.686374584305
0.686226714818
0.685783217882
0.685339848407
0.685192090447
0.684896622324
0.684748912161
0.684601217931
0.684010616268
0.683567820362
0.68224035673
0.681945525907
0.681356071383
0.6812087436
0.68106143175
0.680177943028
0.679589253264
0.679147907216
0.678706688627
0.678412622564
0.678265613431
0.677824681627
0.677530806754
0.677090113938
0.676796398389
0.676649564514
0.676502746571
0.676209158483
0.676208999158
0.676062229012
0.675622030103
0.675328633205
0.675035300036
0.674595419777
0.674448824889
0.673862620595
0.673716105369
0.673569606076
0.673276655288
0.673130203792
0.672983768229
0.672837348598
0.672544557135
0.672398185302
0.67195918133
0.67152032075
0.671374060445
0.671081587631
0.670350732213
0.669912397406
0.669474205991
0.669328168741
0.669036142037
0.668744179063
0.668598221475
0.668306354096
0.667868672521
0.667868529129
0.667139426285
0.666847877556
0.666265019085
0.665973661546
0.665828006675
0.665682367737
0.665245546517
0.664954412033
0.664372382052
0.664081438758
0.66364514331
0.663499743359
0.663354359341
0.663063639102
0.662772982592
0.662627678237
0.662482389813
0.662191860764
0.661901395444
0.661610993855
0.661175510965
0.6608852687
0.66015995779
0.659145408363
0.65900050232
0.658421085268
0.657986653922
0.657697112688
0.657552365969
0.65726292033
0.657118221408
0.65697353842
0.656250458059
0.655527776011
0.655094316548
0.654949856614
0.654660984544
0.654372176204
0.654083431594
0.653794750714
0.653650434173
0.653217596077
0.653073343266
0.652929106387
0.652640680427
0.652208160981
0.651631707373
0.651055508686
0.650911494862
0.650767496971
0.650479548986
0.650335598892
0.649616135208
0.649472280709
0.648897037971
0.648609504231
0.648034643872
0.647747301322
0.647172823344
0.646885671984
0.646598584353
0.646311560453
0.645594311385
0.644160976323
0.643874494127
0.643588075662
0.643301720926
0.642872308317
0.642729202645
0.642156955216
0.641727924986
0.641441984496
0.641156107735
0.640727412087
0.640298875765
0.640156056878
0.640155674498
0.639441834985
0.639299111693
0.638728393784
0.638585750155
0.638157914862
0.637872770996
0.637730222962
0.637445174691
0.637302674454
0.63716019015
0.636875269339
0.636590412258
0.636305618907
0.63616324613
0.635878548374
0.635736223395
0.635451621233
0.635309344052
0.634740410582
0.634456031476
0.634313865821
0.633745410326
0.633461254275
0.633177161954
0.632893133362
0.632609168501
0.632183356635
0.631899551099
0.631615809292
0.631473962288
0.630339903215
0.630198199603
0.629914840176
0.62963154448
0.62948992053
0.628782087567
0.627791787398
0.62510854809
0.624826335803
0.624544187246
0.623698171753
0.623275355196
0.622711838774
0.622570995517
0.6222893568
0.621726318353
0.621444870826
0.621163487029
0.62046040195
0.620038700668
0.619898160128
0.619476634104
0.619055267404
0.618774425312
0.618634028164
0.61821294825
0.617791995795
0.617090742953
0.61681034697
0.616670172878
0.61638987249
0.616109635833
0.61512946873
0.614849518858
0.61414995486
0.614010083485
0.613870228042
0.613730388532
0.613590564955
0.61317120575
0.613031445902
0.612612277887
0.612472581769
0.612053589011
0.611076592475
0.610658093625
0.610239738167
0.609821510169
0.609682132701
0.609403425563
0.609264095893
0.60898548435
0.608706936537
0.608567686529
0.608289234311
0.608010845823
0.607732521065
0.607593382585
0.607315153422
0.606481007637
0.60634201255
0.606203033394
0.606064070171
0.60564729203
0.605369508977
0.605230641349
0.604814149993
0.604812349621
0.604534757758
0.604257229625
0.602594116117
0.602455567139
0.602040031732
0.601071128904
0.599964680845
0.599688204256
0.598859316195
0.598445007591
0.598306936588
0.598168881517
0.598030842379
0.5977548119
0.59761682056
0.597202942133
0.596789223031
0.596651343218
0.596237799373
0.59609998329
0.595686646568
0.595548894215
0.595411157794
0.595273437306
0.594998044127
0.594722714678
0.594447448959
0.593759611278
0.593484568614
0.59320958968
0.592934674476
0.592659823002
0.592522421163
0.592385035257
0.591972973135
0.591698344716
0.591561054405
0.591423780027
0.591149279067
0.59114923127
0.591012004689
0.590737599325
0.590463257691
0.589777730221
0.589366576251
0.589092553267
0.588955565673
0.588681638284
0.588133990627
0.587860254428
0.587312989152
0.586492640908
0.586082634077
0.585809375853
0.58512650911
0.58485347394
0.584580502501
0.581720874539
0.58131254062
0.58104039767
0.58076831845
0.580632302739
0.579409212883
0.579137516042
0.578730090276
0.578594313552
0.578458552761
0.578187078976
0.577915668921
0.577508673332
0.57737304
0.576830666
0.576288562852
0.576153072913
0.575882140833
0.575611272483
0.575475862206
0.575205089451
0.574799065744
0.574663751063
0.574528452314
0.574122667594
0.573717010335
0.5733115124
0.573041249485
0.572500930776
0.571691066115
0.571286285143
0.571286189548
0.571151289111
0.571016404607
0.570881536035
0.570477041848
0.569937918077
0.569803176965
0.569668451786
0.569399049225
0.569129710394
0.568995064878
0.568725821642
0.568322076282
0.568052992371
0.56778397219
0.567515015739
0.56697730996
0.566842919363
0.566439859101
0.565902695026
0.565634184685
0.565499953413
0.565231538667
0.564158612578
0.563756508265
0.563622500048
0.563086642438
0.562952713884
0.562684904573
0.562551023816
0.562417158991
0.56214947714
0.562015660113
0.561346861764
0.560945761198
0.560812087564
0.560544788092
0.560143974311
0.559876834165
0.559609757748
0.559209262617
0.559075796105
0.558542105315
0.558408718465
0.55787537819
0.557342260969
0.556010782348
0.555611593682
0.554946666928
0.554547844709
0.554149165883
0.553750646381
0.553617833102
0.553219488858
0.552954005691
0.552821288006
0.551627784793
0.551495226433
0.550965168252
0.550832689554
0.550302950023
0.550038167885
0.549641130106
0.549244235719
0.548979708502
0.548847468792
0.54858303717
0.548450845257
0.54818650923
0.548054365115
0.546734373823
0.546470452041
0.542394282478
0.541868621665
0.541737242309
0.541343199839
0.541211884214
0.541080584521
0.540818032933
0.540686781038
0.540555545076
0.540161948715
0.540030776482
0.539113016963
0.538719930443
0.538588933467
0.538326987314
0.537803302131
0.537541547168
0.537149034217
0.536756680591
0.534928761353
0.53466770742
0.534537204352
0.534406717216
0.533884975797
0.533624176784
0.533363441501
0.532711882111
0.532321153599
0.532060736966
0.531800384062
0.531019803327
0.530759705343
0.53062968025
0.530239716499
0.529849896139
0.529330337472
0.529070653733
0.528811033725
0.528681247619
0.52829200083
0.528162278454
0.528032572011
0.527773206922
0.526348156757
0.525830334732
0.525700915073
0.525571511348
0.524666195107
0.524149201572
0.523632462956
0.523374181277
0.523245064336
0.522857809109
0.522341707793
0.522083744764
0.521696919713
0.521052545879
0.5207949015
0.52053732085
0.520408554424
0.52015106937
0.520022350742
0.519507651485
0.519379012519
0.519250389486
0.518993191216
0.518479033665
0.518222026585
0.518093546944
0.517965083236
0.516425207578
0.515399616932
0.514375173425
0.513351749598
0.513096017118
0.512712537892
0.511946073347
0.511690691382
0.511690643585
0.511562976501
0.511052515289
0.510669800822
0.510542261198
0.510032277961
0.509522549643
0.509140424679
0.508631174336
0.508249368022
0.507994910141
0.507359092057
0.506977763718
0.506850686136
0.506723624487
0.505834798379
0.50570786419
0.505580945934
0.504946641436
0.504819818775
0.504693012046
0.504439446385
0.504059233321
0.503932522187
0.503805826985
0.50317268556
0.502792934538
0.502539846852
0.50165470115
0.501149179011
0.5005176627
0.499381978513
0.499003661415
0.498247616722
0.497995676176
0.497366103629
0.496988551291
0.496862732377
0.496485371229
0.496359616045
0.495731095043
0.495479791797
0.494851828432
0.49472628037
0.494600748241
0.49434973178
0.493847905979
0.493597080708
0.493346319167
0.492970312281
0.492845003206
0.492719710064
0.492093499274
0.491968301727
0.491592820614
0.491217482893
0.490967326786
0.490842272632
0.49071723441
0.489842651952
0.489592846361
0.489343104499
0.488843859763
0.488719076461
0.488095494533
0.487970806825
0.487846135051
0.487846007591
0.487845959793
0.487222935502
0.486849270693
0.486849191031
0.485729248148
0.485480494101
0.485107498457
0.484734630272
0.482625709617
0.482006031151
0.481882124136
0.481881948878
0.481262652791
0.481138841371
0.480891266329
0.480767502706
0.480767423044
0.480519943596
0.479901539729
0.478913071797
0.478789563094
0.478666070324
