153
2847
1188
3271
10677
3781
5114
6420
7231
8401
8793
9573
10426
11083
476
937
1791
3405
3946
4421
5390
5595
5601
6436
6687
7594
8028
9214
9563
10893
467
807
818
856
919
1416
1481
1764
1782
1794
1819
2085
2674
2702
3007
3506
3854
4641
5131
5682
6175
6316
6413
6789
6974
7140
7143
7589
7737
7808
8188
8366
8772
8871
8875
9043
9186
10483
10590
10652
10890
8
25
806
936
945
1130
1238
1340
1424
1485
1784
1789
1988
2040
2179
2258
2263
2300
2346
2529
2545
2595
2653
2833
2884
2899
3313
3385
3448
3471
4035
4238
4336
4350
4426
4688
4764
4789
4793
4816
4878
5039
5062
5363
5496
5551
5586
5721
5834
6105
6137
6217
6282
6343
6581
6680
6792
6809
6948
7471
7547
7740
7741
7745
7888
7909
8054
8067
8072
8236
8501
8577
8589
8934
8935
9006
9146
9184
9300
9714
9910
10146
10155
10202
10284
10339
10661
10721
10868
10873
10876
10901
11084
43
142
144
227
509
512
523
552
669
677
689
734
751
758
808
839
890
923
993
1042
1334
1363
1446
1478
1651
1678
1724
1829
1855
1908
1958
1964
2142
2214
2325
2392
2508
2520
2648
2659
2666
2982
3192
3217
3244
3260
3302
3479
3575
3578
3615
3671
3674
3775
3855
3869
3872
3967
4062
4276
4333
4395
4410
4411
4438
4448
4479
4519
4564
4572
4596
4642
4798
4861
4915
4949
4954
4973
4989
4995
5000
5068
5143
5172
5341
5463
5472
5634
5690
5722
5829
5831
5870
5890
5910
5947
5948
5962
5979
6007
6032
6046
6055
6070
6086
6198
6207
6264
6274
6292
6311
6405
6744
6763
6812
6915
6964
7038
7057
7117
7123
7192
7310
7391
7399
7598
7637
7717
7817
7830
7886
7920
8065
8099
8116
8175
8184
8270
8275
8345
8402
8429
8443
8479
8519
8603
8604
8619
8628
8650
8667
8810
8912
8923
9049
9069
9119
9160
9175
9205
9355
9385
9505
9534
9553
9555
9635
9649
9708
9718
9736
9809
9850
9911
9919
9943
9995
10193
10344
10355
10451
10456
10490
10618
10707
10767
10879
10892
11061
11087
11116
11151
11167
5
9
40
46
115
117
126
145
150
162
176
186
204
221
229
285
309
314
326
328
355
364
373
392
477
494
533
555
556
577
591
595
646
650
683
693
708
715
729
752
763
786
793
819
835
840
885
958
964
1171
1183
1275
1288
1293
1304
1388
1409
1411
1426
1430
1486
1523
1524
1589
1601
1602
1612
1613
1635
1642
1650
1677
1682
1716
1733
1747
1752
1755
1769
1806
1811
1865
1873
1884
1896
1920
1955
2009
2036
2072
2115
2137
2170
2175
2201
2225
2228
2240
2272
2276
2283
2297
2328
2402
2440
2461
2474
2477
2516
2539
2551
2563
2569
2589
2690
2693
2705
2730
2786
2796
2798
2855
2856
2861
2876
2905
2926
2927
2930
2934
2957
2961
2980
2988
3040
3074
3113
3122
3143
3150
3153
3163
3182
3191
3210
3222
3274
3276
3317
3330
3348
3373
3400
3406
3410
3437
3452
3461
3467
3494
3498
3524
3544
3582
3584
3591
3641
3646
3687
3693
3709
3720
3730
3800
3825
3876
3917
3932
3940
3944
3951
3959
3980
4001
4004
4008
4056
4096
4103
4155
4216
4229
4279
4294
4312
4345
4362
4372
4375
4393
4416
4419
4431
4469
4478
4501
4539
4581
4607
4614
4636
4638
4649
4656
4687
4715
4720
4722
4736
4748
4792
4807
4845
4851
4871
4887
4914
4924
4928
4947
5026
5035
5063
5080
5085
5119
5137
5146
5180
5198
5200
5204
5218
5227
5251
5279
5280
5287
5347
5378
5392
5404
5450
5464
5493
5514
5525
5529
5541
5544
5563
5588
5629
5641
5662
5677
5710
5718
5736
5788
5797
5827
5847
5876
5981
6015
6050
6054
6128
6144
6158
6172
6213
6215
6232
6318
6355
6415
6426
6442
6499
6556
6587
6604
6622
6628
6640
6670
6676
6700
6701
6715
6727
6730
6771
6779
6796
6807
6824
6833
6858
6873
6880
6889
6894
6913
6923
6925
6930
6944
6955
6962
7011
7012
7037
7065
7092
7142
7157
7159
7163
7193
7200
7228
7312
7325
7335
7349
7350
7354
7422
7434
7470
7482
7529
7533
7536
7554
7557
7601
7658
7659
7708
7718
7789
7792
7929
7952
7994
8010
8018
8025
8037
8039
8041
8043
8083
8134
8138
8233
8248
8269
8302
8310
8363
8382
8394
8395
8400
8411
8419
8511
8525
8586
8636
8694
8697
8704
8708
8718
8733
8758
8770
8792
8851
8911
8960
8965
8973
9037
9064
9080
9121
9135
9149
9190
9191
9207
9223
9252
9260
9265
9319
9330
9333
9366
9381
9421
9471
9507
9512
9543
9550
9628
9645
9672
9688
9779
9807
9814
9817
9856
9863
9866
9877
9914
9926
9945
9953
10012
10014
10027
10045
10067
10070
10083
10097
10178
10292
10374
10387
10429
10459
10473
10475
10488
10494
10535
10537
10547
10548
10597
10610
10631
10635
10648
10657
10678
10731
10748
10786
10792
10797
10821
10831
10836
10853
10861
10907
10946
10976
10983
11000
11039
11102
11105
11128
11170
11171
11194
20
42
56
70
71
78
82
89
93
97
104
149
157
158
171
174
179
192
211
234
247
254
258
266
275
276
283
294
295
316
335
339
341
348
374
389
393
412
421
441
446
466
472
473
488
505
510
514
516
522
527
535
536
541
542
554
566
567
587
612
642
653
657
671
682
687
691
698
702
704
731
737
742
753
764
769
770
788
794
802
809
810
815
824
841
860
876
880
888
900
904
908
910
911
913
917
918
921
948
959
963
971
972
973
989
992
994
997
1001
1005
1016
1034
1035
1052
1054
1061
1063
1066
1080
1083
1089
1090
1102
1103
1112
1118
1132
1133
1148
1152
1153
1172
1184
1189
1193
1197
1202
1209
1214
1225
1232
1240
1244
1245
1249
1250
1253
1256
1257
1264
1269
1274
1289
1301
1319
1320
1327
1330
1337
1344
1347
1364
1369
1378
1379
1381
1389
1398
1414
1422
1425
1428
1439
1472
1476
1477
1491
1502
1504
1506
1521
1531
1536
1548
1576
1577
1587
1593
1595
1603
1604
1608
1626
1636
1641
1648
1653
1667
1673
1698
1700
1703
1707
1712
1714
1722
1735
1745
1750
1754
1765
1780
1786
1808
1812
1824
1825
1847
1861
1879
1889
1891
1913
1919
1922
1928
1940
1953
1966
1981
1987
1992
1994
2011
2024
2029
2033
2041
2045
2047
2049
2056
2058
2061
2068
2069
2070
2071
2073
2075
2076
2079
2080
2081
2084
2104
2105
2106
2111
2123
2141
2158
2168
2181
2184
2189
2206
2222
2232
2249
2253
2281
2286
