6329
16899
850
6303
8771
9956
35794
4707
18443
645
9705
18946
43242
7440
8349
174
4761
8157
11769
5319
9089
36715
18715
36300
11798
25303
8901
12115
12003
17584
26301
19182
1163
13876
2450
2457
6090
15853
27879
39327
20182
45968
499
683
16732
18754
51268
53617
4194
9099
7093
56016
62098
8876
11353
18516
28808
14174
27703
24017
51687
53415
3843
16015
23983
3216
7181
1319
2359
6379
16236
35427
318
726
6997
10094
10995
12072
7924
14171
21116
36056
364
2317
3973
5764
7938
9045
32317
37143
51891
120
539
556
766
1897
13938
22253
31908
40186
40240
251
1199
4716
4825
6656
6837
12731
693
1540
3271
4282
14272
19314
45137
1400
4646
5930
6206
40672
47531
57983
448
1525
4865
6146
11487
15967
15988
27276
45796
61196
708
6395
6834
12978
28460
31822
37704
42915
56214
1381
2700
3258
14901
16075
21193
24617
26627
40136
49427
57580
138
1228
4935
6134
8550
12233
20826
33558
37378
42224
458
1671
2483
3939
7134
7641
12578
13673
14861
16703
20243
57840
1267
1469
2620
3525
6074
10085
14620
14995
17018
19661
20393
37314
38492
49761
978
3879
5935
10081
15452
19992
20224
21428
22653
34399
39595
40797
408
430
611
2236
2885
6652
8478
9270
10428
14717
18115
20382
21454
26528
33945
59395
62486
1492
2288
3775
10686
11828
13518
23427
41552
45696
49077
54954
61316
285
2055
2148
2494
2642
2697
2876
3247
4130
5580
6899
8207
8327
8592
8707
9405
11918
12379
19807
25519
26462
31098
36164
54530
518
1052
1345
2268
2939
3014
3516
3931
5695
5720
6044
7547
10797
13177
17693
18172
21146
22003
24967
31936
36230
42892
49161
737
1799
3639
8717
8868
8887
9335
9395
13330
13442
20721
26583
29695
35082
36340
36642
37655
39514
54331
56211
496
834
2253
3292
4233
4534
6265
6731
7557
8784
8836
11630
13021
22393
25055
28195
28979
31306
44040
47659
59255
59948
764
843
1866
1911
2604
5025
7423
7905
9282
11089
11553
12035
14290
15871
16190
17886
21038
21531
24320
25989
26252
27446
27610
36671
46460
47142
58668
59061
10
65
273
628
1185
1791
2979
3987
5178
5503
5712
6648
9030
9485
10634
15336
15859
19138
26196
30876
31647
36383
41380
41424
42276
43497
45208
50398
52073
53207
163
1287
3376
3475
6701
8099
10567
12610
12947
15078
16923
17322
29629
35866
36619
40245
41589
43637
52807
56738
58461
59080
60531
975
1186
1325
1390
1542
2026
2719
3058
3169
3974
4086
6130
6658
7701
8418
8538
8951
9062
9985
10998
11584
12423
14731
16644
16951
22009
22054
23670
23817
24547
26167
28553
36579
37050
38609
43077
47803
50506
52243
53826
56093
57238
58954
441
713
981
1501
3236
3641
5006
5195
5637
5796
6261
6568
7004
7744
10459
10761
11034
12435
12979
13337
15932
16406
16805
18308
18378
18890
20376
21893
31022
33561
36279
38402
41511
47902
51360
51833
52619
54835
57709
58404
58731
393
738
881
1255
1951
2791
3203
4227
4254
5560
5620
6999
7283
7584
10478
10568
13617
14562
15199
15514
16591
17288
25711
28454
29764
30322
33408
34830
36561
38899
42370
50733
52515
54854
56952
57172
61948
212
315
858
866
1020
1365
1607
1627
1959
2067
2113
2440
2708
4776
5266
5920
5995
6104
6221
6495
7056
8597
8617
8830
8869
8932
8968
10565
11454
11564
12243
14786
17531
20178
20754
21588
23453
23457
24719
27985
29792
31671
39184
41429
50152
54709
59597
59667
59786
60194
61414
312
886
898
950
1339
1628
1764
1855
2675
3328
3710
4457
4984
6710
7170
7541
7714
8974
10897
12760
14409
18338
19994
20041
23961
23965
24867
25523
29631
30413
30564
32959
34449
36364
40935
41216
42688
44837
47183
48804
49695
50167
61846
20
276
676
1948
2016
2685
2957
2993
3354
3875
4110
4817
5634
6043
6153
6735
7230
7284
8149
8344
8534
8808
10086
10325
10342
10939
11808
12467
12537
12939
12975
15476
15981
17844
18231
19861
21820
24766
25099
25381
28119
32141
32527
32693
33815
36036
37205
41127
43824
44200
48911
50920
52212
53370
55073
55117
59971
44
84
162
1467
2053
2221
2380
2704
3654
4164
4781
4802
7340
7951
8601
8856
9140
9728
10284
14300
14561
15221
19220
19565
20509
25933
26430
31166
31352
33317
36324
36325
43111
43962
44092
44289
45638
46990
49122
50389
52266
53956
55963
58902
60235
60610
296
1204
2154
2353
2596
3371
3514
4217
5438
5624
6463
7437
8489
8965
9630
10994
11130
11910
13195
13247
14246
14451
15864
16559
18745
25602
25655
26674
28592
32164
37131
38574
39265
40463
41695
45734
48306
50583
50652
50677
52274
52610
52662
54638
58503
58871
19
33
142
1963
2250
2431
2503
2912
2980
3133
3609
4177
4945
5240
7508
7524
8813
9889
10019
10053
11020
11468
11954
12552
13978
16308
16602
18994
19329
19654
24537
25538
27901
31843
32041
35016
38761
38864
39093
47316
49056
52508
53548
54293
59540
392
396
425
453
659
2269
2755
3711
3853
3896
4350
4708
4722
5825
7822
7871
8195
8627
9122
10624
11068
12247
13231
14690
14728
14967
15693
17100
17443
18867
21101
21639
23096
24965
25165
27249
27626
27706
28197
29145
31549
31693
32464
32655
35447
36840
38100
40724
41676
42505
50025
50445
51200
52397
56452
60008
60587
60943
61507
262
596
606
917
1176
1248
1688
2306
2986
3414
3674
4300
4322
4983
5085
5188
6758
6826
7116
7156
7500
7606
8010
8016
9162
9291
9818
10270
10952
10963
12028
12198
12215
12535
14498
14892
15762
18107
18728
18980
19146
19326
20498
20955
21512
24876
28889
29070
29402
29998
32144
32708
33004
33635
36941
36992
43278
46479
48538
49023
49459
49625
50512
52145
52234
52285
52602
52958
55374
56504
57118
57658
380
422
449
840
982
1389
1804
2093
2135
2198
2443
2616
3431
3947
3994
4017
4885
5489
5913
6164
8858
10444
10566
10920
11583
11661
12871
13711
15148
15776
16000
16670
17471
18390
19251
19523
20340
20981
24220
24695
25406
25497
25939
26047
26386
29362
30770
31555
32725
36980
40039
42309
42572
45156
45862
51153
53093
53852
53917
54558
54738
55135
56047
56778
57191
58098
58144
60144
60972
159
250
390
1407
1840
2182
2245
2672
3042
3193
3720
4100
4474
4493
5450
6116
6590
6713
6802
7025
7152
7468
7490
7616
7803
8309
8506
9044
9217
9437
9993
10469
10638
10829
11077
11975
12834
13541
14100
14503
14984
15119
15842
15892
16638
16736
17334
25803
27259
27332
28449
28673
30007
32739
36334
40948
42233
42998
43806
53039
54118
55366
56777
56799
58130
909
994
1403
1561
1620
1638
1756
2228
2586
2974
3425
3707
3898
4011
4178
4737
5578
6098
6609
7210
7522
8749
8891
9232
10169
12014
12313
13394
13489
13663
13942
16535
17099
21099
26435
26640
27026
27800
31104
34032
34227
35262
39481
40363
42060
43799
44669
44939
46349
46378
46508
47315
47740
52399
52704
54017
59319
60065
61932
81
204
229
1104
1226
1696
1732
2086
2343
2393
2958
3146
3907
4146
4330
4519
5031
5162
5285
5788
5932
6690
7071
7946
8678
9141
9308
9596
14144
14521
14675
15747
16784
17639
19664
19892
20966
22741
23215
23365
23622
23929
24152
25757
26463
27052
27207
28486
28589
29833
30139
32309
33430
35303
35448
37227
37351
40401
42774
42821
42978
43329
43943
44983
45164
47476
47713
47924
48053
49331
49370
51342
52186
52380
53363
53653
53882
57349
58063
60206
60261
62268
22
60
249
398
459
528
574
888
1337
1430
1637
2017
2034
2310
2357
2711
3659
3861
4801
5171
6541
6778
7213
7569
7593
8227
8316
8755
8782
8952
9021
9093
9306
9796
9918
10731
11980
12558
12771
13264
13305
13521
14218
14970
15886
16128
16389
16419
16961
17075
17686
18105
19064
19347
19683
19702
19766
20000
20149
20175
22628
22746
23011
23885
23998
24735
25488
25642
27752
30141
31099
31122
31480
33482
33553
33651
35148
35911
38463
39579
40670
42890
44947
47033
47201
49417
52543
52639
54084
54667
55046
56204
61126
61240
825
847
1317
1773
1955
1958
2542
2627
2882
2921
3491
3765
4697
5157
5786
6350
6804
7077
7529
8199
8475
9418
9894
10011
10315
10422
10879
11213
11365
11375
11973
12296
12699
12818
13027
15348
15646
16084
17073
18749
19030
19655
19715
20006
20291
20330
22524
22538
22982
26600
33009
34120
35838
36798
38480
40923
44020
44188
45209
45685
47868
47998
51006
51708
57820
59566
59825
1205
1210
2019
2219
3255
3638
3691
3742
3977
4165
4491
4539
4671
4749
4766
4821
6375
7186
8150
8943
9489
9767
10027
10622
11099
11660
11757
13002
13630
13789
13919
14551
16848
17751
17819
18128
18796
19456
20576
22818
26203
26394
27582
29120
31308
31364
32467
33015
33409
33473
34188
36022
37450
39204
39261
39540
40803
41798
42293
42820
43001
43663
44258
47375
50211
50647
52540
53884
54137
54281
54874
56147
56641
57782
58662
61020
61107
61281
61579
436
580
624
805
951
1133
1694
2070
2124
2162
2239
2410
2459
2479
2860
3033
3419
3859
4188
4543
5689
5896
5921
6087
6293
6566
7479
7673
7712
7832
8319
9440
10403
11332
11845
12276
13222
13399
15857
15893
16069
16981
17106
17230
17684
19550
20844
20938
21172
21423
21562
27099
27523
28017
28170
29032
29864
30754
30812
31510
32384
33359
34511
34698
35103
35571
36136
36595
38896
40690
41295
42139
42341
44064
44181
44326
44461
46132
46219
46420
46667
47486
48343
49305
51225
53476
53695
53737
56450
57121
57273
58921
60945
61742
61751
62096
62415
110
329
682
931
1080
1314
1359
1563
1937
3693
3757
4481
4872
5223
5584
5591
6290
6584
6793
7254
7305
7372
7375
7591
8793
9376
9573
9900
10288
10598
11336
11482
11964
12070
12540
12572
12953
13105
13474
13603
13682
13759
14676
15800
16185
16191
16254
16545
17057
17194
17730
17738
18903
19390
19999
20918
21128
21406
21856
22814
23519
24571
24580
26466
27029
27691
29993
31937
33002
34873
36535
36922
36985
37354
39278
41840
42001
42425
42829
42849
44142
44809
45161
48022
51013
52172
53105
54353
56824
58491
59647
59762
60613
61546
62577
807
1392
2622
2720
2903
3612
3689
4063
4175
4472
6282
6314
6424
6460
7568
8582
9110
9436
9447
10346
10418
10959
11582
12541
12886
14244
15011
15965
17474
18766
19273
19322
19386
21818
21865
21970
23121
23315
23401
23744
23984
25370
27445
27658
27819
28184
29121
29500
29793
32720
32733
33126
34609
35256
35925
36147
39189
39446
39556
40291
40622
40848
41606
42850
42879
43313
44195
45627
46222
46353
49949
49964
51028
53131
54580
55817
59051
59240
61109
61784
475
1001
1277
1418
1747
1987
2189
3105
3626
4134
4285
4567
4615
5326
6902
7034
7256
7807
8490
8894
8908
10251
10300
10489
10602
10864
11648
12457
13385
13811
14746
15345
15610
15632
15937
16212
16315
17508
18103
18435
19301
19583
19719
19839
19850
20246
20633
20939
21171
21453
22100
25747
25791
26027
26035
26155
27222
28837
29024
29113
30071
30167
30277
30639
32895
34147
35655
37084
38958
39414
40057
40353
40976
42277
43074
43327
44540
45347
46015
46243
46385
46993
49956
50343
51334
51791
54114
54830
55295
55586
58141
58641
60692
60818
300
607
684
715
945
1022
1409
1749
1845
1875
2554
3204
3420
3535
3572
4145
4577
5008
5486
6349
7108
7410
7777
8562
9438
9879
10047
10430
10937
11663
12793
14060
14390
14459
14868
15170
16958
17460
19171
19297
19349
19569
20518
20811
21974
21984
22020
23071
23833
23910
24544
24974
25183
26827
27753
28188
28244
28973
29242
29516
30442
31026
32076
37507
39066
39941
40079
40836
43512
44145
44595
45979
46406
49649
49731
49891
50084
50657
51621
53775
53943
53980
54402
54448
56345
57187
58384
61386
61621
62511
62519
89
581
1009
1075
1216
1406
1722
2122
2136
2278
2387
2419
2448
2557
2687
2815
3426
3560
3653
3857
4507
4849
5307
5329
5340
5807
6053
6075
6239
6743
7455
7578
7755
8113
8139
8398
9535
9922
9965
10199
10420
11124
11262
11515
11949
13101
13245
13839
14287
15096
15656
16175
16205
16619
17033
17580
18581
19761
20365
20768
21993
22110
23112
23429
23594
23815
24131
24702
24750
25802
25995
26102
26473
26596
26849
27623
27776
28217
28390
28727
29037
29197
30058
31059
31170
31668
33279
35858
37086
37320
37967
37990
38195
38501
38732
39603
40399
41336
42248
42801
42889
42894
44033
44156
47145
47180
50109
51308
51318
51325
51782
52000
52279
52587
52588
53809
53897
54925
56569
56780
59362
59567
61470
271
486
594
826
960
2819
3137
3401
3852
4078
4093
4574
4591
4656
4736
5124
5756
6222
6365
7161
7402
8013
9808
9955
10491
10513
11627
11633
12439
13001
13037
13355
13771
13773
14582
14612
15333
15522
16634
16804
17153
17757
17977
18427
18963
19293
19825
20275
21468
21732
21757
21760
22303
22506
22824
22893
23055
23113
23319
23393
23593
24696
24841
26279
26611
26657
26866
27244
27475
28281
28956
29397
29995
30937
31358
32177
32339
33268
33972
35930
37501
37709
37926
38025
38623
38697
40031
40559
40660
40688
41894
42388
42534
42707
43107
43420
43650
44342
45063
45536
45602
46197
47150
47270
47613
48550
49158
50452
50669
50784
51603
53539
54932
55773
57005
59233
59403
59960
59969
60722
61838
62206
55
96
217
786
920
1098
1301
1417
1439
1745
1755
1820
2335
2701
2706
3978
4166
4241
4447
4861
5096
5135
5575
5625
5875
5987
6072
6653
6859
7299
7314
7769
7982
8556
8560
8604
8909
9183
9456
9660
10125
10364
10673
10688
10737
12406
13390
13405
13543
13899
14078
14579
14750
14791
15569
16107
16422
17260
17537
17879
17997
18599
18843
19823
20482
22440
22993
23039
23288
24480
25544
25918
25936
25984
26588
27712
29208
30049
30495
30559
31788
32225
32555
33766
34175
34636
35987
38413
40168
40565
41340
41788
41989
43088
44291
44516
45075
45381
45834
45840
46112
47844
48284
49192
49633
49716
49858
49993
50186
50391
50761
50820
50997
51380
51733
52158
52407
53344
56735
58696
58920
60263
60289
60390
60558
61390
61860
62173
62290
62455
196
209
337
824
1014
1051
1238
1769
2118
2252
2392
2880
3071
3135
3438
3456
3634
3915
4080
4139
4787
5177
5231
5622
6169
6500
6950
7219
7261
7878
8208
8334
10898
10927
11085
11878
11898
12007
12200
12308
12596
13400
13733
13921
14169
14344
14605
15274
15374
15718
15941
15998
16396
17950
18535
19657
20895
22346
22364
22902
23034
23406
23455
24941
25050
25261
25286
25568
25660
26049
26550
26853
27974
28025
29088
29997
30968
31407
31785
31998
32590
35776
35927
36084
37810
38200
38481
38933
39862
40663
40767
41480
41643
42158
43759
45044
45460
45807
46025
46335
47888
48730
49351
50884
52800
54626
56466
58101
58527
59789
60708
60948
61382
61845
62145
11
61
240
339
650
1041
1213
1308
1890
2218
2315
3182
3406
3619
3967
4212
5235
5515
5657
5877
5892
6914
7125
7298
8956
9469
9641
10691
10894
11406
11509
11601
11703
11795
11887
12191
12375
12839
13116
14279
14363
14468
14494
15251
16474
17053
17594
17687
17945
18065
19086
19334
19786
19832
20103
20281
20562
21459
21780
21806
22379
22410
23361
23623
25139
25704
26210
26454
26661
26751
27287
28133
28169
29296
31310
31525
31594
33363
33386
33679
34048
34467
35240
35643
35743
35814
36716
37005
38203
38552
38634
39851
39863
40388
41501
42098
42477
42660
42851
43470
44313
44386
44629
44934
45833
46139
46280
46785
47072
47211
47804
47995
48213
48473
51019
51020
51779
52405
52667
54465
55342
56963
61113
61928
62328
133
1543
1578
1767
1991
1999
2077
2106
2111
2174
2175
2217
2234
2430
2771
2874
2989
3064
4386
4621
5336
5337
5362
5757
6070
6168
6285
6354
6355
6491
6550
6597
7175
7197
8487
8568
8838
8967
9359
9473
9655
10157
10747
10863
10906
11444
12202
12415
12567
14688
14951
15072
15960
16508
16838
16871
17366
17560
17996
18687
18906
20289
21117
21164
21310
21569
21696
22689
22770
22776
23341
23479
23896
24391
25117
25417
25970
26948
26995
27608
27642
28526
28718
29102
29478
29788
30232
30598
31084
31514
33882
34612
35014
35094
35368
36081
36149
36397
36826
37236
37297
38077
38163
38386
39074
39111
39720
40718
40765
40855
41109
41297
41562
41590
41653
42056
42476
42486
43216
44562
44612
45215
45454
45664
46448
46922
47601
47693
48115
50316
50975
51033
51094
51330
52196
52321
52723
52994
53197
53469
54479
54486
54528
57689
58343
58767
59374
59519
59571
60935
61063
61522
9
199
808
838
1092
1550
1579
1668
2058
2123
2271
2802
2956
3399
3537
3681
4541
4586
4744
5559
5650
6003
6103
7166
7496
7598
7685
8023
8031
8282
8368
8659
8816
9344
9723
10265
10541
10699
10853
11250
11941
12129
12392
12634
12714
12724
13012
13263
13800
14937
15749
16047
16055
16057
16266
16340
16589
17098
17385
17480
17653
17925
17930
17983
18258
18740
18782
19521
19539
20617
20886
21450
21860
23663
24202
24697
25821
26606
27241
27538
27613
28118
28252
29211
29632
30733
30814
30963
31138
31401
31486
31673
31999
32173
32357
33512
33708
34011
34312
34696
34843
35005
35180
36042
36568
36805
37914
39745
40639
40949
41507
42887
43176
43196
43309
43991
44206
44624
44829
44970
45243
45478
45695
46419
46973
49232
49758
50105
50155
50281
51725
52104
52341
52529
52669
52738
53154
53512
53691
53873
54073
54369
55895
56520
56871
57159
57312
57730
61614
62016
62389
18
593
869
965
1320
1440
1906
2207
2309
2606
2750
2861
3125
3128
3986
4461
4502
5115
5322
5606
7367
7464
7789
7846
8042
8071
8234
8591
8661
9297
9568
9804
10083
11054
12959
13046
13797
14210
14495
14695
15109
15157
15357
15822
15969
16219
16450
16581
18507
19534
19974
20559
20746
20783
21041
21425
21541
22452
22751
22997
23211
23630
24082
24108
24279
25156
25346
26553
27654
27671
27834
28237
28294
28333
28359
28778
28779
28834
29649
29721
31388
33007
33107
35869
35946
35958
36282
36957
40530
40547
40614
41780
42039
42372
43378
43405
43693
43870
46095
46664
47587
47702
48028
49150
49671
50329
50552
50870
51229
51426
52412
52972
53768
54349
54481
54769
55544
56250
56359
56646
56723
57060
57065
57281
57565
57714
57822
58739
58945
59384
60424
60598
60727
62012
62079
62167
5
188
376
507
550
583
757
961
1155
1509
1943
2018
2282
2551
2629
4030
4036
4216
4441
4627
5642
6797
7207
7294
8048
9639
10177
10496
11216
11246
11344
11516
11558
11714
11752
12150
12239
12950
13134
13395
13505
13928
14369
14386
14553
14703
15951
16226
16344
16504
16828
17131
17151
17799
17842
17892
17962
18334
19087
19115
19180
19536
19585
20093
21219
21573
22854
23511
23783
24060
24349
24713
25041
25689
26092
26444
26637
26765
27422
27566
29368
29712
29808
30202
31108
31171
31450
31504
31605
32018
32217
32898
33123
33427
33443
33944
34030
35019
35695
37958
38011
38416
38628
39473
39690
40288
40517
41465
42687
43370
44235
44257
44515
44940
45502
45657
48658
48873
49013
49228
51247
52792
53132
53883
54070
54111
55951
56598
56620
57453
57617
58615
59397
61206
61234
61707
61980
62226
3
23
202
287
558
1145
1151
1197
2693
2821
3307
3569
3597
3937
4055
4066
4101
4522
4726
5108
5316
6486
6636
7041
7321
7324
7887
8123
8654
8699
8852
9027
9127
9841
10014
10129
10151
10716
10818
11814
12050
12250
13092
13776
14153
14215
15829
16928
17058
17947
18072
18294
18305
18387
18416
18872
19164
19177
19556
19653
20136
20192
20212
20600
20977
21106
21119
21508
23810
23946
24343
24345
24562
24590
24959
25445
26419
27190
27859
27869
28788
29184
29401
30243
30272
30374
30687
30783
31222
31370
31446
33035
33262
33634
34225
34489
34633
34857
35550
36978
37133
37159
38515
38682
39206
39965
41434
41915
42839
42853
43416
43433
44467
44555
44689
45923
46085
46110
47115
47192
47422
48769
49362
49867
50697
50887
50896
51487
51525
51596
52969
53075
53947
55044
55141
55588
56234
56245
56478
56850
58320
59059
59277
59795
59802
59993
60152
60319
60496
60721
61066
61635
61759
62131
62471
62502
206
665
695
878
899
1004
1877
2710
3337
3704
3776
3868
4172
4856
6062
6330
6370
6528
6611
6622
6760
6923
7527
7596
7658
8448
8673
10875
10903
11240
11844
12041
12188
12564
12655
12671
12859
13017
13535
13886
14362
15319
16286
16453
17758
18013
18179
18287
18465
18664
19744
19966
20055
20392
20654
20706
20821
22175
22233
22267
22635
22795
23108
24033
24217
24359
24422
24490
24607
25042
25618
25771
26136
26428
26452
26480
26893
27534
27692
27792
27796
28352
29220
29679
29690
29842
30282
30525
30894
31037
31043
31436
31505
31571
31876
32350
32492
32563
32978
33415
34201
34559
34893
35446
36029
36275
37020
37042
37232
37379
38435
38862
40026
40532
41089
41523
41611
41722
41980
42715
43089
43568
44803
45296
45400
46206
46250
46251
46553
46568
47860
48467
48931
49866
50377
51280
51438
51540
52110
52393
52506
52514
54047
54199
54686
54927
55203
55314
55875
56041
56589
56614
57471
57547
58161
58263
59570
60172
60706
60825
61259
61712
62015
62068
62111
62480
98
109
156
344
367
779
1674
2371
2447
2699
2818
3210
3536
3669
3815
3882
4794
5117
5236
5889
6256
6368
6423
6536
6718
6800
7551
7853
7883
8378
8669
8715
9034
10612
11264
11357
11424
11488
11678
12093
13086
13201
13427
14212
14225
14599
15380
15548
15654
15796
16133
16177
16360
16466
16791
16959
16976
17148
17241
17691
18093
18120
18718
19472
19553
20101
21079
21162
21637
22297
22445
22540
22908
23279
23440
24065
24135
24344
24364
25489
25674
26213
26891
26932
27232
27271
27323
27351
27643
28048
29140
29528
29628
29891
30359
30401
30602
30741
31058
31223
31342
31353
32037
32359
32603
32684
32846
33566
34233
34239
34309
34409
34458
34798
35896
36478
36483
37118
37276
37539
38797
39149
39772
40173
41855
42791
43064
43191
43422
43441
43906
44015
44192
46021
46279
46996
47170
47277
47593
48074
48307
48437
49212
49236
49526
50539
50752
50792
51061
51545
53746
54183
54960
55921
56741
58335
58649
58807
59155
59181
61364
62379
479
1283
1388
1690
1699
1795
1812
2150
2445
2937
3499
3554
3586
4542
4554
5005
5100
5929
5988
6897
7054
7126
7955
8118
9178
9704
9924
10209
10354
10535
10868
11525
11924
11996
12427
12459
13254
13746
14141
14832
15184
15423
15977
16116
16392
16590
17267
17704
17719
18461
19098
19558
19785
19837
19954
20262
20278
20414
20595
20852
20927
21533
21930
22097
22261
22548
22968
22985
23409
23551
23582
23603
23652
24013
24760
24926
25394
25812
26686
27046
27109
27291
27518
27704
28233
28403
30090
30302
30502
30696
30864
30941
31009
31027
31046
31260
31911
32344
32624
32873
33039
33108
33471
33974
34096
34957
35876
36453
36586
36813
37239
37755
38036
38324
38369
38514
38657
39262
40376
40538
40675
41037
41890
42129
42254
43565
44236
44370
44554
45218
45901
45981
46111
46186
46369
46599
47038
47632
48195
48280
48933
48944
49478
50052
50378
50760
51218
51241
52260
52261
52332
53372
54247
54710
55489
55506
55599
55758
56011
56056
56191
56342
56950
57411
58192
58294
60955
61123
61238
61730
62325
62332
62468
365
419
472
1203
1297
1358
1420
1554
1765
2021
2491
2621
2820
3156
3295
3312
3332
3477
3729
3854
4081
4382
4619
4665
4823
5082
5448
5469
5554
5960
5963
6165
6232
6373
8009
8221
8428
8641
9177
9202
9386
9848
10048
10136
10171
10636
11331
11728
11935
11946
12145
12368
13128
13210
13939
14162
14285
14552
15484
15609
15801
16614
17777
18303
18379
18589
19253
20584
20690
20751
20943
22178
22375
22688
22885
23102
23214
23491
23558
23606
23655
23712
24204
24741
25317
26623
26788
27071
27116
27319
28586
28668
29187
29342
29832
30009
30109
30129
30392
30406
31073
31144
31572
31686
31888
32878
32893
33016
33785
34213
34445
34791
35734
36045
37019
37347
38749
39294
39645
39723
40089
40584
41276
41358
41680
41783
42546
42864
43598
45160
45544
45584
46301
46627
46975
47066
47604
47847
47928
49551
49567
50266
50602
50745
50893
52634
52725
53018
53291
53804
54045
54056
54301
54384
54555
54585
55259
55783
56152
56330
56637
56790
57407
57674
58169
58190
58247
58666
58704
59067
59165
59265
59340
59393
59491
59815
60043
60505
60570
60854
61093
61586
61600
61620
61840
62184
87
100
758
1650
1785
1862
2125
2211
2905
2929
3330
3623
3921
4048
4140
4331
4900
4934
5041
5308
5557
5746
6219
6906
6930
6951
7100
7374
7483
7600
7605
8172
9377
9537
10028
10038
10264
10406
10582
11906
11976
12557
12784
13323
13376
13472
13891
13931
14373
14846
15061
15396
15411
15670
15725
16182
16475
16555
17268
18104
18428
19133
19289
19411
19764
20951
21103
21121
21250
21595
22019
22325
23717
23867
24532
24543
24895
24993
26006
26184
26613
26935
27486
27532
27849
27860
31482
31910
32301
33177
33414
34076
34341
34495
34545
35007
35736
36097
36238
37081
37215
37324
37524
38197
38211
38964
39139
39185
40115
40435
40746
41086
41666
42218
42478
42485
42700
42977
43078
43291
43431
43492
44197
44328
44429
45416
45662
45814
46169
47257
47591
47712
49002
49071
49076
49367
49493
49715
49953
50053
50086
50508
50541
50631
52236
52334
52706
52740
52759
53317
53582
54052
55698
55904
56291
56490
57163
57239
58252
58901
59236
59380
60020
60063
60429
60440
60465
60569
60685
38
234
349
366
403
780
964
1143
1355
1666
1857
2115
2145
2147
2664
2773
3123
3147
3227
3497
3567
4109
4190
5618
6037
6417
6470
6949
6956
7392
7852
8145
8201
8554
9303
9349
9462
9464
10441
10720
10739
10772
11018
11501
11578
11591
11880
12329
12932
13008
13038
13510
13580
13870
14262
14441
14865
14936
15067
15497
16118
16513
16577
16630
16712
17032
17229
17553
17605
18565
18582
18600
19230
19816
20277
20319
20503
20558
20609
20686
21687
21898
22513
22612
22922
22996
23311
23372
23620
23722
25391
25635
25762
26028
26400
27524
27537
27549
28601
28926
29844
29936
30712
30747
30852
31013
31309
32302
32352
32489
33397
33674
33821
34384
35130
35156
35441
35798
36229
36266
36506
36644
37447
37649
38102
38322
38568
38610
38801
38859
39065
39084
39248
39590
39700
39985
40066
40201
40735
41610
41811
41906
41913
42012
43576
43653
44408
44410
44412
44415
44656
44798
47507
48352
48573
49070
49694
49720
50546
50582
50963
51573
52653
52990
53669
54155
54160
54442
54661
55127
55283
55308
55801
56331
56851
56912
57638
57880
57897
57917
57928
58278
58304
58475
58764
59095
59205
60148
61058
61940
83
195
203
464
605
704
827
947
1086
1434
1673
2248
2968
3000
3515
3601
3614
3696
3778
4259
4818
4833
4965
5853
6187
6405
6645
7382
7488
8174
8410
8466
8738
9614
9737
10262
10758
11266
11450
11534
11683
12598
12773
13206
13216
13226
13392
13507
13705
13840
13934
14079
14089
14404
14872
15257
15311
15320
15540
15585
16224
16407
16623
16629
17287
17306
19018
19107
19123
19632
19746
19795
20118
20248
20613
21148
21644
21830
23964
24142
24361
24471
24541
24636
24991
25061
25102
25318
25612
25617
25653
25781
25800
26663
26831
26883
27245
27717
27839
28958
29316
29636
29935
30799
31125
31490
32025
32596
32671
32900
33069
33187
33216
33872
33925
33999
34220
35037
35231
35260
35309
35531
35624
35938
36053
36298
36417
36571
36727
36850
37067
37467
37865
38387
38535
38665
38920
39016
39244
39283
39517
39631
39899
40869
40876
41268
41299
41377
41450
41514
41831
43076
43384
43872
44107
44360
44742
44962
45006
45752
46331
46756
46885
47625
48031
48206
48359
49194
49313
50112
51201
51215
52176
52312
53098
53194
53963
53987
54042
54243
55886
56380
57160
58088
58587
58700
59128
59609
60085
60177
60188
60277
60564
60799
61906
62383
688
748
1532
1758
1872
2066
2418
2477
2767
2772
2896
3039
3177
3272
3411
4897
4926
4962
4997
5019
5387
6262
6308
6522
6732
7253
7877
7939
7976
8453
8536
8779
8789
8998
9468
9563
9799
10257
10370
10385
10391
10529
10798
10888
11173
11341
11347
11371
11753
12284
12310
12515
13229
13243
14140
14541
14943
15529
15620
15730
16544
16719
16867
16977
17179
17511
17968
18399
18860
19112
19223
19555
19891
20406
20818
21724
22366
22691
23349
24592
25220
25857
25946
25969
26259
27278
27485
27673
28327
28402
28925
29479
29514
29597
29994
30021
30230
30935
32050
32151
32333
32602
33208
33299
33939
34118
35172
35966
36496
36598
36771
37111
37149
37189
37446
38968
40624
40937
41079
41188
41349
41640
41882
42178
42881
43978
44445
45176
45361
46077
46337
46758
46944
47081
47428
47610
47733
47835
48106
48142
48165
49183
49295
49322
49335
49721
49808
49811
50038
50040
50584
51177
51376
51403
52084
52444
53050
53082
53169
53731
53878
53954
54019
54223
54335
54665
55400
55409
55861
56206
56507
56665
56997
57247
57568
57794
58189
58962
59092
59787
60009
60197
60314
60591
60661
62310
62555
62556
97
231
829
895
1033
1038
1172
1410
1523
1575
1797
2286
2786
3121
3822
4297
4353
4595
5345
5368
5449
5454
6042
6372
6404
6860
7317
7670
7763
8112
8164
8979
9149
9158
9171
9194
9460
9559
10523
10684
10854
11606
11792
11937
12586
13034
13432
13565
14255
14445
15091
15407
15541
16560
16635
17034
17102
17786
17797
17901
18039
18073
18768
18888
18977
19282
19584
19792
20722
20896
21929
22161
22181
22308
23152
23346
23960
24404
24513
25464
25475
25622
25659
25740
26032
26108
26232
26387
26565
26605
26673
26754
26892
26974
27074
27122
27352
27896
28010
28035
28416
28775
28795
28912
29238
29339
29415
29600
29604
29614
29905
30082
30778
31241
31644
33293
33365
33887
34372
34614
34781
34809
35171
35569
35628
35679
35848
36015
36220
36542
36552
36735
36948
37061
37283
37566
37646
37929
38274
38602
38649
39154
39199
39224
39334
39583
40250
40400
40729
40942
40997
41194
41841
42073
42369
43003
43524
43575
43774
45231
45434
45556
45652
45918
46104
46291
46350
47261
47405
47566
47757
48222
48477
49072
49471
49520
49539
49673
49797
49843
49905
50198
50477
50562
50663
51169
51802
52137
52466
52624
52970
53753
53830
54431
54694
55754
56710
57002
57205
57333
57636
58229
58548
59005
59401
59481
59963
60105
60113
60451
60779
60947
62130
62360
62469
263
283
343
822
1364
1399
1485
1739
1833
2238
2381
2413
2873
3029
3032
3386
3629
3808
3833
3897
4051
4183
4743
4907
5155
5204
5334
5732
6348
6632
6660
6864
6992
7065
7090
7690
7892
8389
8660
8704
8706
8874
9478
9503
10046
11746
12337
12534
12896
12990
13053
13368
13757
13875
14584
14880
15241
15417
15891
15973
16330
16428
16900
16996
17327
17861
18154
18719
18949
18959
18999
19173
19245
20144
20535
21153
21484
21899
22039
22631
22684
22726
23729
23936
23970
24908
25334
25906
25994
26022
26288
26666
26690
27602
28552
28825
28874
29274
29386
29834
30025
30620
30895
30928
30957
31728
31786
31814
32008
32459
32894
33104
33243
33653
33659
33793
34468
34806
35009
35394
35809
36065
36075
36315
36624
36944
37037
37233
37455
37490
37494
37586
37868
37923
38286
38446
38873
39332
39512
39679
39784
39979
40239
40422
40839
41003
41367
41381
41475
41660
42024
42025
42779
42872
43011
43129
43289
43622
43635
43748
43989
44170
44179
45039
45583
46462
46585
46946
47080
47182
47329
47344
47703
48108
48576
48891
49036
49221
49312
49565
49857
49873
50490
51000
51482
52078
52188
52281
52324
52346
52636
52889
53009
53701
53919
54271
54407
54743
55240
55270
55337
55509
55749
55759
55761
55997
56004
56006
57025
57854
57981
58484
58605
58791
59045
59185
59486
60002
60216
60366
60493
60946
61088
61208
61209
61341
61655
61866
62029
62285
62349
62461
62492
4
6
111
248
517
587
678
1735
1876
1901
1953
2159
2938
3028
3062
3589
4824
5073
5281
5687
5957
5992
6276
6774
7473
7682
8158
8405
8580
9095
9214
9415
9721
9740
9746
9813
10705
10762
10862
11412
12148
13084
13100
13722
13836
14207
14339
15017
15190
15310
15772
16033
16789
16989
17419
17643
17883
18216
18369
18700
18905
18945
18973
19248
19894
20507
21352
21429
21671
22151
22291
22334
22850
22881
23216
23223
23465
23938
24869
25054
25118
25147
25440
25949
26530
26701
27054
27356
27405
28279
28593
28791
28853
30501
30669
30711
30773
32278
32801
33096
33244
33539
34463
35068
35955
36141
36318
36603
37318
37741
37906
38317
38591
38620
38904
38953
38974
40036
40279
40842
41391
41770
41828
41945
42108
42307
42387
42621
42806
43387
43389
43542
43971
44001
44255
44495
44496
44638
45077
45169
45225
45781
45809
45888
46005
46103
46260
46408
46847
47688
48693
49058
49202
49437
49506
49541
49561
49815
49862
50117
50126
50130
50295
50927
51228
52220
52649
52844
53200
53586
53650
54624
54682
54706
55479
55721
55782
55843
56127
56229
56794
57200
57203
57993
58160
58467
59203
59622
59630
59698
60182
60296
60464
60850
61105
61161
61473
61736
61867
62004
62052
62157
62245
62393
8
233
236
576
801
941
1493
1495
1768
2469
2523
2540
2769
2807
3190
3230
3511
3713
3718
4174
4847
4909
5754
6049
6549
7006
7173
7625
7923
8287
8388
8823
8911
9454
10143
10311
10402
12426
13079
13091
13124
13636
13712
14576
15676
16525
16607
17213
17299
17795
17926
18014
18862
19267
19303
19802
19915
20059
20400
20631
21325
22478
23127
23208
23501
24798
25142
25203
25623
25649
25736
25841
25864
25920
25998
26175
26362
26426
27221
27338
27567
27669
28074
28080
28376
28652
28842
30590
30717
31008
31163
31465
31661
32423
32495
32502
32653
32820
33103
33358
33575
33856
33927
34057
34165
34276
34894
35351
35503
35582
35821
35834
35865
36539
36812
36814
37051
37222
37278
37398
37413
38666
39178
39198
39220
39404
39852
39937
40417
40469
40506
40536
41768
42269
42431
42644
43114
43151
43829
43839
43980
44212
45159
45236
45364
46793
46957
46967
46971
47113
47146
47212
47342
47434
47487
47680
48042
48133
48309
48348
48847
48878
49420
49473
49799
50358
50380
50558
50571
50897
51276
51606
51852
52075
52182
53441
53446
53579
53664
54209
54365
54930
55281
55453
55876
56003
56151
56546
56684
56935
57504
57844
57872
58573
58740
58846
58943
59011
59475
60251
60330
60482
60490
60588
60898
60900
60926
60967
61139
61175
61250
61297
61990
61991
62104
62283
62361
62371
62436
62532
64
598
672
724
885
904
1144
1421
1477
1590
1868
1973
2235
2328
2344
2906
3078
3326
4157
4585
5473
5962
6092
7599
7678
8401
8800
8850
8930
9649
9914
10208
10388
10525
10692
11763
12388
12466
12521
12992
13109
13326
13555
13723
13952
14646
14678
14755
15708
16823
16921
17290
17499
17642
17683
17750
19821
19826
19866
20298
20315
20496
20528
20645
21426
21756
22427
22472
22849
23770
24042
24447
24558
24854
24979
24986
24994
26268
26318
26930
26944
27580
28037
28238
28254
28290
28325
29049
29531
29621
30006
30008
30105
30821
31147
31841
32404
33675
33808
33957
34191
34423
34494
34705
34794
35261
35412
35941
36026
36249
36297
36305
36807
36844
37200
38135
38375
38482
38622
38879
39078
39321
40335
40336
40650
40667
40723
40883
41506
41598
42014
42198
42328
42462
42955
43052
43059
43402
44856
45030
45715
45880
45935
46623
46712
47017
47032
47064
47087
47236
47616
47983
48015
48171
49238
49392
49465
49499
49687
49801
50151
50382
50813
50837
51099
51227
51279
51498
52903
53206
53923
54375
54713
54901
55757
55850
56638
57056
57388
57433
57699
57702
57706
58773
58812
58859
59021
59134
59377
59564
60080
60466
60499
60639
60745
60817
61053
61137
61350
62239
62447
218
632
681
1918
1996
2276
2952
2988
3136
3479
3538
4746
4852
5003
5463
5752
6038
6816
7248
7309
7310
7765
7958
8170
8239
8564
9198
9937
10228
10374
10400
10697
11801
11899
11915
12104
12218
13137
13415
13721
13943
15203
15812
15984
16146
16222
16565
16605
16974
17284
17489
17756
17796
17810
18275
18407
18940
19116
19172
19196
19505
19545
19917
20099
21205
21372
21382
21532
21701
21976
22156
23209
23339
23389
23579
23609
23837
24005
24283
24978
25205
25255
25274
25677
25801
26345
26516
27223
27431
27442
27727
28050
28541
28582
28895
29209
29463
29828
29951
30474
31539
32204
32550
32825
32999
33068
33111
33219
33346
33710
34204
34793
35265
35359
35659
36197
36937
37031
37506
37696
37900
38063
38275
38554
38608
38664
38991
39080
39101
39455
39799
39939
40269
40659
40734
40966
41111
41113
41191
41731
41784
42020
42137
42142
42274
42586
43169
43624
44007
44618
45569
45787
45938
46551
46792
47547
48215
48623
48908
48985
49399
50132
50199
50504
50519
50802
50811
51442
51584
51765
51959
51985
52697
52788
53036
53682
53692
54972
55504
55597
55661
55711
55747
56223
56457
56484
56820
56823
57210
57313
57447
57555
57805
57964
57977
58050
58318
58444
58854
58981
59098
59536
59607
59702
60131
60187
60501
60979
61260
61453
61589
61596
62146
62203
153
387
828
1003
1326
1741
1831
1850
1900
2460
3117
3487
3513
3561
3563
4094
4246
4483
4993
5106
5125
5210
6019
6703
8232
8831
9409
9424
10187
10401
10516
10617
10974
11742
11826
11869
11993
12666
12695
12729
12864
13582
14090
14737
14999
15470
15633
15918
16003
16136
16184
16365
16449
17575
18024
18176
18455
18517
18673
18679
19749
20038
20109
20532
20579
21215
21363
21430
21611
22652
22953
23240
23407
23848
24147
24433
24694
24747
25748
25907
26194
26233
26433
26581
26752
26943
27114
27433
27521
27845
27895
27989
28192
28269
29427
29887
30259
30603
31303
32048
32497
32738
33152
33236
33543
33676
33683
33719
33792
33912
34267
34663
34706
35697
35706
35783
36215
36666
37432
37538
38118
38236
38729
39187
39427
39688
39845
40047
40358
40442
41039
41327
41411
41505
42456
42558
42708
43407
43679
44288
45271
46491
46560
46864
47008
47020
47131
47672
47753
48384
48758
48993
49074
49429
49536
49616
49827
49871
50010
50062
50146
50273
50350
50359
50449
50791
50805
50907
51093
51203
51419
51582
51875
52024
53329
53740
54154
54619
54798
55804
56084
57149
57253
57342
57696
57816
57846
57923
57962
58276
58325
58396
59050
59302
59378
59873
60476
60498
60875
60975
61289
61374
61423
61462
61679
62266
62559
131
1029
1728
1847
2110
2417
3116
3556
3837
3914
3928
4468
4728
5004
5097
5318
6109
6607
7160
7478
7538
7947
8286
8289
8462
8598
9225
9459
10299
10358
10408
10464
11282
12212
13389
13469
13965
14534
14663
14707
15012
15236
15825
16476
16556
16731
16760
17092
17558
17595
17852
18019
18094
18262
18826
19009
19682
19692
19804
20032
20124
20167
20265
20935
21469
21596
22123
22485
22508
22686
22826
22903
22944
