6329
850
6303
16899
36300
174
8771
9956
4707
9099
18443
8349
18946
35794
8157
9089
9705
18516
43242
1319
7440
8876
8901
51268
645
2457
4761
5319
6090
7938
11769
11798
15853
17584
25303
27703
36715
50389
59255
499
683
1163
1255
2450
2642
8816
10995
12003
13876
13938
18715
19164
19182
20182
26301
28170
36230
56016
978
1722
1767
2111
2317
3216
3271
3843
3875
4086
4331
4646
4833
4945
6116
6997
7181
7479
8207
8232
8490
11353
12115
12939
14901
16075
16732
18754
19314
20382
28808
30968
37143
39595
41424
45137
45968
51687
53415
57580
58954
61838
62098
20
120
162
251
273
318
364
448
458
539
556
611
693
708
726
766
843
858
1052
1186
1199
1228
1400
1525
1855
1897
2175
2268
2551
2606
2620
2697
2700
2882
3182
3431
3475
3525
3639
3914
3931
3939
4017
4282
4671
4716
4865
5157
5195
5318
5503
5637
5930
5932
6146
6206
6261
6379
6731
6834
6837
7093
7134
7529
7641
7803
7807
7924
8062
8592
8601
8707
8868
9045
9405
10085
10094
10864
11130
11663
12072
12379
12731
13002
13027
13442
14171
14174
14272
14620
14717
14786
15221
15859
16015
16177
16190
16508
16703
17531
21193
21425
21454
22253
22653
22893
23427
23817
24017
25055
25939
25989
26430
26528
27985
28195
28460
30272
31098
31306
31908
32317
33069
33945
35427
35441
35838
35911
36056
37314
37378
37704
38492
38609
38761
39327
39579
40186
40240
40401
40672
42998
44461
45208
45796
46136
47315
47803
49056
49058
49427
50512
51200
51203
51891
52073
52186
52274
52508
52619
53617
54331
54530
55117
56452
56963
57638
57983
60531
61123
62206
65
138
142
312
337
430
436
650
737
866
886
898
917
982
1020
1086
1185
1365
1409
1540
1607
1627
1671
1747
1764
1791
1866
1958
1959
1991
2026
2058
2148
2174
2288
2483
2494
2503
2542
2672
2675
2719
2876
2885
2939
2993
3255
3258
3376
3419
3477
3514
3516
3654
3775
3853
3879
3973
4110
4130
4177
4194
4447
4539
4567
4824
4825
4935
5006
5178
5188
5580
5624
5720
5764
5913
5962
5995
6044
6134
6168
6256
6314
6423
6424
6609
6648
6656
6713
6999
7025
7056
7161
7186
7305
7437
7701
7905
8478
8550
8556
8597
8704
8784
8830
8856
8894
8932
8951
8974
9044
9140
9270
9282
9335
9395
9485
9985
10047
10081
10299
10342
10364
10418
10422
10444
10478
10568
10686
10761
10897
10939
11240
11336
11454
11468
11487
11648
11918
11975
12035
12233
12435
12578
12610
12714
12886
12947
12975
12978
12979
13177
13231
13337
13518
13673
13797
14050
14300
14503
14582
14995
15096
15336
15452
15747
15893
15932
15967
15981
15988
16226
16315
16545
16560
16619
16848
16923
17018
17194
17288
17322
17693
17879
17886
17945
18115
18172
18308
18338
18589
18745
19661
20224
20393
20509
20721
20768
21116
21171
21428
21531
22003
22009
22054
22364
22393
23453
23983
23998
24867
24941
24967
25165
25519
25642
25949
26196
26386
26462
26866
27222
27276
27446
27610
27706
27819
28553
28979
29145
29415
29500
29516
29629
29764
29905
29998
30322
30876
31022
31099
31401
31525
31555
31647
31822
32141
32339
32464
32527
32725
32895
32959
33408
33430
34399
35007
35082
35256
35303
35655
36364
36383
36561
36642
36716
36840
37131
37205
38481
40057
40089
40136
40828
40966
41380
41429
42224
42425
42505
42688
42820
43077
43088
43111
43497
44258
44289
44689
45156
45696
45888
46420
47531
48022
49161
49695
50025
50152
50445
50677
51153
51225
51325
51330
51791
51833
52145
52540
52662
53039
53093
53873
53883
53917
53956
54118
54369
54709
54738
54835
54925
54954
56047
56211
56214
56450
56952
57191
57238
58404
58605
58731
59080
59233
59277
59510
60465
60716
61196
61281
62012
10
22
84
159
163
212
250
262
276
285
315
393
408
422
453
496
518
574
576
606
628
738
757
758
786
807
825
834
840
909
931
950
981
994
1075
1176
1204
1213
1226
1248
1267
1287
1325
1339
1345
1381
1389
1390
1392
1430
1440
1469
1501
1543
1561
1628
1638
1688
1696
1795
1799
1831
1911
1948
1951
1963
2016
2053
2067
2113
2154
2182
2198
2221
2236
2250
2306
2343
2357
2359
2431
2604
2622
2685
2687
2704
2708
2750
2755
2791
2871
2912
2921
2958
2980
3014
3058
3105
3169
3190
3203
3236
3247
3292
3328
3354
3371
3386
3414
3425
3426
3487
3538
3619
3626
3641
3653
3693
3710
3732
3765
3861
3898
3907
3974
3977
3987
4011
4100
4145
4164
4175
4217
4227
4233
4300
4322
4350
4353
4386
4457
4534
4665
4697
4722
4776
4802
4832
4934
4984
5025
5085
5162
5177
5240
5285
5329
5336
5591
5620
5625
5634
5695
5712
5786
5796
5807
5825
5834
5877
6043
6074
6130
6153
6221
6265
6365
6395
6463
6486
6566
6568
6590
6658
6690
6735
6758
6760
6778
6826
6899
6902
6914
7116
7152
7156
7173
7213
7230
7254
7283
7284
7410
7423
7468
7508
7522
7541
7547
7584
7616
7871
7951
7976
8031
8099
8149
8150
8227
8309
8319
8327
8344
8368
8418
8475
8538
8562
8617
8678
8749
8813
8836
8852
8869
8887
8891
8908
8909
8943
8965
8968
9110
9162
9183
9297
9376
9418
9440
9489
9568
9573
9630
9641
9796
9889
9894
10027
10086
10228
10325
10389
10428
10469
10565
10566
10567
10634
10638
10688
10716
10829
10906
11034
11068
11089
11264
11266
11371
11482
11488
11534
11583
11584
11630
11661
11808
11828
11887
11980
12148
12198
12200
12243
12247
12296
12313
12392
12467
12537
12540
12552
12760
12864
12953
12959
13105
13195
13245
13247
13330
13355
13399
13489
13521
13543
13617
13663
13711
13947
14078
14144
14225
14244
14246
14290
14551
14561
14562
14676
14728
14731
14892
14967
14984
15011
15078
15320
15476
15497
15514
15693
15762
15857
15864
15871
15998
16000
16185
16236
16308
16406
16535
16591
16602
16634
16805
16951
16961
16981
16989
17099
17230
17334
17385
17471
17508
17605
17751
17819
17968
17997
18065
18093
18105
18287
18378
18435
18728
18867
18963
19195
19322
19329
19334
19386
19523
19654
19664
19766
19807
19992
19999
20038
20101
20175
20275
20330
20376
20384
20412
20600
20754
20826
21038
21146
21172
21573
21637
21639
21806
21856
21893
21970
22020
22366
22379
22538
22628
22849
23096
23315
23365
23670
23717
23815
23929
23961
23965
24108
24152
24220
24279
24547
24590
24617
24719
24766
24876
25488
25602
25757
25802
25918
25984
26022
26035
26167
26184
26203
26252
26454
26466
26516
26566
26583
26596
26627
26674
26827
26893
27029
27052
27099
27114
27241
27538
27626
27792
27879
27992
28017
28021
28025
28188
28197
28252
28449
28454
28589
28592
28837
28889
28973
29032
29184
29397
29402
29649
29679
29695
29792
29842
29864
29891
30074
30139
30141
30282
30495
30564
30770
31122
31166
31310
31352
31364
31441
31490
31671
31936
31937
31999
32041
32114
32384
32467
32978
33004
33015
33039
33317
33359
33365
33386
33558
33561
33635
33674
34147
34529
35005
35014
35094
35130
35156
35261
35368
35515
35582
35736
35814
35866
35930
36036
36136
36164
36279
36298
36324
36340
36496
36579
36619
36671
36798
36812
36980
36985
37050
37450
37628
37655
38552
38574
38620
38899
39111
39184
39414
39514
39540
39606
39735
39937
40031
40718
40935
41109
41127
41216
41501
41552
41590
41676
41695
41722
41831
42060
42139
42158
42370
42534
42546
42774
42851
42894
42915
42978
43278
43378
43663
43806
44142
44145
44200
44669
44837
44934
44983
45209
45556
45638
45652
45710
45734
45807
46251
46291
46460
46785
46990
47033
47180
47182
47201
47255
47375
47486
47601
47998
48195
48306
48348
48911
49077
49122
49370
49417
49759
49761
49891
49949
50052
50398
50506
50627
50669
50733
50760
50920
50975
50997
51360
51498
51540
51782
52212
52243
52321
52399
52543
52602
52639
52807
52969
52972
53105
53154
53207
53363
53370
53476
53548
53809
53826
53851
54019
54073
54305
54481
54558
54638
54854
55073
55135
55203
55295
55366
55374
55754
55783
55787
55817
55951
56093
56504
56665
56820
57205
57273
57565
57658
57706
58098
58101
58130
58144
58491
58503
58641
58662
58668
58767
58854
58871
59061
59395
59566
59667
59762
59786
59825
59948
59969
59971
60194
60261
60591
60610
60737
60935
60943
61063
61107
61109
61316
61414
61579
61846
61932
62226
62290
62486
11
19
33
44
60
89
96
110
133
153
202
204
229
249
263
287
296
329
365
380
390
392
398
425
459
475
486
528
550
580
583
596
607
624
632
659
682
684
704
748
764
779
805
847
881
885
888
920
947
951
960
1080
1098
1104
1143
1144
1172
1205
1210
1216
1238
1277
1301
1320
1326
1341
1388
1403
1467
1492
1510
1523
1542
1620
1674
1694
1715
1729
1732
1735
1756
1797
1804
1820
1840
1875
1877
1918
1937
1955
1987
1999
2017
2034
2055
2070
2077
2086
2106
2162
2217
2228
2239
2245
2248
2253
2269
2278
2310
2335
2353
2393
2419
2430
2440
2443
2445
2448
2459
2477
2479
2557
2586
2627
2815
2860
2905
2957
2979
2986
3031
3042
3071
3133
3146
3320
3330
3399
3401
3569
3572
3609
3659
3689
3704
3707
3720
3729
3742
3757
3815
3859
3896
3915
3994
4036
4055
4080
4146
4165
4188
4190
4254
4285
4330
4461
4493
4519
4554
4577
4595
4621
4656
4708
4726
4737
4781
4801
4817
4821
4872
4885
4917
5008
5010
5031
5041
5115
5117
5135
5155
5171
5223
5266
5307
5326
5346
5397
5438
5450
5469
5560
5578
5650
5657
5788
5875
5920
5935
6003
6037
6092
6098
6104
6187
6239
6350
6460
6495
6536
6541
6622
6652
6653
6701
6710
6718
6793
6800
6802
6816
6953
7004
7071
7125
7150
7166
7170
7197
7210
7248
7299
7340
7375
7455
7490
7524
7551
7568
7569
7591
7593
7600
7606
7673
7712
7714
7744
7763
7769
7777
7822
7832
7846
7946
8016
8123
8195
8316
8410
8506
8534
8582
8604
8627
8669
8673
8755
8782
8808
8838
8858
8916
8952
8956
9021
9030
9062
9093
9122
9141
9149
9178
9217
9232
9291
9308
9386
9436
9437
9464
9468
9535
9546
9596
9767
9808
9818
9841
9848
9922
9955
9993
10011
10014
10019
10038
10053
10083
10125
10169
10177
10199
10251
10270
10284
10300
10315
10430
10441
10459
10513
10622
10624
10673
10731
10741
10797
10798
10853
10863
10879
10898
10959
10963
10994
10998
11020
11077
11099
11124
11262
11332
11341
11365
11375
11406
11516
11553
11564
11591
11627
11660
11703
11714
11717
11792
11795
11844
11845
11910
11941
11946
11954
11973
12007
12014
12276
12406
12415
12423
12457
12527
12535
12541
12558
12572
12634
12655
12675
12699
12724
12771
12784
12834
12859
12871
13021
13202
13222
13229
13264
13305
13316
13385
13394
13474
13510
13580
13630
13682
13773
13789
13886
13899
13919
13931
13978
14140
14279
14287
14339
14409
14498
14579
14599
14663
14690
14746
14755
14861
14868
14951
14970
15072
15119
15148
15170
15311
15319
15357
15380
15396
15512
15522
15569
15610
15626
15656
15666
15718
15796
15800
15842
15886
15892
15965
16047
16057
16069
16084
16107
16116
16118
16128
16212
16254
16450
16459
16466
16474
16559
16623
16630
16638
16644
16736
16784
16804
16871
16996
17033
17053
17058
17073
17100
17323
17428
17443
17474
17560
17580
17684
17686
17687
17799
17844
18103
18107
18231
18294
18387
18390
18507
18599
18740
18749
18796
18843
18847
18872
18890
18903
18906
18950
18977
18980
18994
19079
19086
19138
19146
19171
19177
19220
19223
19251
19297
19301
19326
19347
19390
19521
19553
19565
19569
19583
19655
19702
19715
19744
19837
19839
19850
19851
19861
19891
19894
19901
19933
19974
19994
20032
20041
20055
20103
20178
20192
20246
20289
20291
20298
20340
20503
20518
20559
20576
20811
20844
20935
20939
20943
20955
21003
21041
21099
21101
21106
21121
21148
21153
21382
21423
21450
21468
21508
21512
21533
21588
21611
21760
21780
21820
21918
21984
22267
22280
22297
22410
22520
22524
22691
22726
22741
22746
22755
22770
22814
22816
22824
22850
22902
22982
23011
23055
23071
23121
23152
23361
23401
23406
23429
23455
23457
23479
23511
23519
23593
23594
23603
23622
23630
23659
23663
23833
23867
23936
24031
24131
24135
24320
24490
24571
24607
24695
24696
24697
24750
24841
24854
24965
24974
24993
25099
25183
25274
25370
25381
25406
25523
25538
25544
25660
25689
25747
25771
25803
25861
25864
25920
25933
25936
25995
25998
26006
26007
26027
26092
26210
26279
26288
26297
26435
26444
26623
26640
26657
26765
26948
26995
27026
27109
27244
27338
27351
27352
27462
27475
27532
27549
27567
27691
27860
27901
28133
28184
28244
28486
28526
28593
28673
28867
28956
29024
29037
29070
29088
29102
29120
29197
29220
29368
29514
29564
29631
29721
29788
29789
29889
29951
29994
30007
30008
30025
30058
30071
30090
30109
30202
30302
30374
30392
30401
30474
30525
30559
30565
30602
30627
30682
30703
30708
30712
30783
30812
30894
30928
30937
30941
30963
31026
31059
31104
31108
31222
31308
31342
31453
31510
31549
31668
31693
31788
31843
31876
32037
32076
32144
32151
32164
32173
32225
32273
32309
32344
32404
32492
32497
32554
32602
32603
32684
32693
32708
32720
32739
32846
33009
33244
33268
33409
33482
33543
33575
33651
33793
33815
34032
34175
34188
34227
34239
34312
34350
34420
34449
34511
34609
34614
34636
34696
34830
34857
34873
35016
35148
35180
35262
35447
35448
35624
35643
35809
35834
35876
35946
36022
36147
36275
36282
36318
36334
36595
36813
36957
37084
37227
37297
37351
37467
37524
37709
37958
37990
38011
38100
38286
38324
38383
38402
38515
38568
38666
38749
38953
39066
39189
39261
39265
39446
39481
39517
39556
39603
39645
39777
39985
40039
40245
40291
40353
40363
40376
40422
40463
40503
40547
40614
40670
40688
40724
40765
40797
40803
40848
40937
40948
40949
41003
41295
41304
41340
41350
41381
41391
41465
41511
41606
41611
41772
41788
41798
41881
41987
42073
42248
42276
42287
42372
42388
42486
42572
42660
42687
42707
42791
42821
42829
42839
42850
42873
42879
42887
42890
42892
43052
43107
43313
43393
43402
43491
43512
43524
43576
43598
43624
43637
43799
43824
43870
43943
43962
44020
44033
44040
44098
44206
44235
44342
44445
44495
44586
44798
44809
44829
44939
44947
45044
45075
45159
45160
45164
45296
45460
45478
45583
45627
45664
45833
45840
45923
45981
46005
46068
46206
46219
46222
46250
46280
46335
46369
46385
46448
46479
46491
46508
46627
46973
46975
46993
47017
47066
47142
47183
47211
47277
47316
47476
47587
47605
47625
47659
47693
47740
47757
47773
47804
47847
47868
47888
47902
47924
47986
48053
48307
48550
48873
49023
49150
49212
49305
49322
49362
49396
49493
49574
49580
49641
49758
49843
49956
49964
50109
50112
50167
50186
50211
50257
50343
50378
50391
50395
50508
50524
50552
50583
50647
50652
50761
50784
50791
50884
50885
51013
51019
51020
51061
51093
51099
51318
51334
51381
51482
51603
51606
51733
51779
52196
52234
52266
52279
52285
52334
52380
52397
52407
52515
52587
52610
52800
52958
53131
53200
53291
53512
53653
53665
53768
53775
53852
53884
53943
54017
54137
54160
54199
54220
54247
54281
54293
54384
54402
54442
54479
54528
54580
54667
54686
55046
55141
55314
55342
55357
55544
55599
55711
55767
56147
56204
56330
56461
56526
56614
56641
56738
56741
56777
56778
56799
56871
56950
56998
57038
57118
57121
57159
57163
57172
57187
57247
57312
57349
57674
57702
57709
57782
57820
58063
58320
58461
58527
58696
58700
58921
58965
59240
59403
59491
59536
59540
59564
59571
59579
59700
59795
59960
60008
60065
60144
60148
60235
60263
60390
60558
60587
60613
60639
60708
60745
60768
60779
60945
60972
61020
61341
61350
61507
61751
61784
61845
61867
61928
62096
62131
62173
62268
62379
62415
62455
62471
4
8
9
18
55
81
83
100
109
156
188
195
196
199
209
217
234
240
300
339
344
349
372
376
396
441
449
464
489
507
517
532
581
593
665
672
674
676
686
695
713
715
808
824
826
829
838
899
945
961
965
975
1001
1004
1009
1014
1022
1041
1051
1092
1151
1155
1197
1303
1308
1314
1317
1337
1359
1407
1410
1417
1418
1420
1439
1495
1509
1515
1550
1554
1563
1578
1579
1668
1673
1739
1755
1758
1766
1769
1773
1812
1829
1845
1890
2018
2019
2021
2066
2088
2096
2118
2122
2123
2124
2125
2135
2136
2159
2189
2207
2218
2282
2309
2315
2371
2380
2381
2387
2392
2410
2412
2418
2523
2554
2588
2596
2616
2621
2693
2699
2701
2706
2711
2720
2767
2771
2802
2818
2820
2861
2874
2903
2929
2956
2968
2974
2989
3000
3033
3039
3123
3125
3128
3137
3147
3193
3204
3210
3307
3312
3332
3365
3406
3420
3438
3456
3491
3497
3515
3535
3537
3560
3597
3598
3612
3629
3634
3638
3681
3691
3696
3711
3744
3776
3833
3852
3854
3857
3882
3897
3921
3947
3967
3978
4030
4048
4066
4078
4093
4101
4109
4134
4139
4140
4166
4178
4212
4241
4474
4481
4491
4522
4542
4543
4585
4586
4591
4599
4615
4619
4626
4627
4674
4736
4743
4744
4749
4766
4787
4794
4849
4861
4965
4983
5005
5019
5096
5124
5125
5231
5235
5322
5337
5340
5345
5362
5369
5449
5515
5554
5557
5575
5584
5616
5618
5622
5689
5746
5750
5756
5757
5813
5889
5892
5896
5921
5960
5987
5988
6053
6070
6072
6075
6084
6164
6165
6169
6178
6219
6222
6282
6285
6290
6330
6349
6354
6355
6364
6375
6404
6405
6417
6491
6500
6522
6550
6584
6611
6636
6645
6655
6689
6732
6743
6774
6797
6923
6930
6950
6956
6988
7006
7034
7041
7054
7077
7100
7108
7160
7207
7219
7256
7297
7298
7314
7324
7367
7372
7392
7402
7464
7478
7486
7500
7527
7557
7578
7598
7658
7685
7755
7829
7848
7853
7982
8009
8013
8018
8023
8048
8071
8112
8113
8144
8145
8167
8172
8174
8199
8201
8221
8268
8282
8334
8378
8398
8448
8453
8466
8487
8489
8554
8564
8568
8580
8591
8641
8659
8680
8698
8699
8717
8738
8789
8793
8823
8998
9027
9061
9158
9198
9206
9214
9225
9303
9306
9344
9349
9359
9382
9424
9438
9447
9462
9469
9473
9537
9557
9610
9639
9655
9660
9704
9723
9728
9737
9799
9804
9879
9900
9918
9921
9924
9953
9965
10020
10048
10129
10143
10151
10157
10209
10239
10264
10265
10288
10311
10336
10346
10385
10391
10401
10403
10406
10408
10420
10464
10489
10491
10496
10525
10535
10598
10602
10635
10691
10697
10737
10747
10818
10854
10862
10888
10894
10920
10927
10937
10952
11054
11058
11085
11216
11246
11250
11282
11302
11331
11347
11419
11444
11450
11509
11515
11563
11601
11633
11640
11678
11728
11742
11757
11878
11880
11906
11949
11964
11976
11996
12028
12129
12150
12188
12202
12212
12239
12250
12284
12308
12329
12337
12368
12375
12459
12466
12543
12557
12564
12567
12596
12666
12671
12729
12793
12862
12873
12896
13012
13017
13046
13084
13091
13101
13116
13128
13134
13137
13206
13390
13392
13427
13472
13477
13505
13507
13541
13565
13603
13733
13771
13800
13811
13839
13900
13921
13928
13934
13942
13954
14033
14060
14090
14100
14141
14153
14210
14215
14218
14285
14344
14363
14369
14386
14390
14404
14445
14451
14459
14494
14495
14521
14528
14534
14553
14612
14675
14678
14688
14695
14703
14750
14791
14832
14865
14936
14943
15017
15109
15114
15157
15199
15241
15251
15257
15274
15333
15345
15348
15488
15540
15632
15667
15707
15725
15749
15776
15822
15829
15896
15937
15941
15951
15960
15969
15977
15999
16055
16133
16175
16191
16205
16219
16266
16290
16344
16389
16396
16419
16422
16453
16504
16513
16525
16577
16581
16614
16629
16635
16670
16687
16711
16728
16766
16867
16916
16928
16931
16958
16977
17034
17057
17075
17102
17106
17131
17179
17216
17260
17267
17284
17287
17352
17460
17511
17555
17594
17639
17653
17663
17691
17730
17738
17742
17744
17821
17861
17892
17925
17930
17947
17950
17962
18013
18039
18128
18154
18258
18275
18379
18407
18416
18427
18461
18517
18535
18550
18565
18719
18766
18859
18874
19009
19030
19064
19115
19133
19180
19273
19282
19293
19303
19349
19411
19423
19456
19534
19545
19550
19585
19622
19653
19657
19683
19719
19731
19786
19816
19823
19825
19832
19866
19892
19921
20000
20006
20149
20243
20278
20365
20392
20406
20414
20482
20498
20507
20558
20562
20613
20617
20642
20654
20686
20706
20722
20746
20783
20818
20821
20895
20918
20927
20938
20977
20981
21079
21103
21117
21128
21162
21215
21325
21372
21453
21541
21562
21569
21687
21757
21818
21860
21865
21899
21929
21945
21974
21993
22019
22100
22110
22175
22178
22181
22261
22291
22303
22308
22325
22346
22375
22427
22439
22440
22452
22506
22508
22540
22556
22631
22635
22684
22689
22776
22795
22854
22885
22908
22985
22993
23034
23109
23112
23113
23184
23214
23319
23339
23341
23390
23551
23559
23582
23623
23722
23729
23770
23783
23885
23910
23923
23938
23960
23968
23985
24033
24065
24082
24202
24217
24283
24349
24404
24468
24471
24480
24505
24532
24537
24543
24544
24562
24702
24713
24735
24741
24743
24760
24869
24926
24959
25041
25050
25054
25110
25114
25117
25286
25353
25366
25377
25445
25469
25489
25497
25614
25635
25653
25655
25711
25762
25781
25800
25821
25907
26047
26049
26102
26108
26136
26155
26208
26213
26232
26259
26361
26370
26394
26434
26452
26463
26473
26550
26565
26581
26588
26600
26606
26611
26637
26661
26751
26788
26849
26853
26883
26930
27054
27093
27110
27116
27192
27207
27221
27223
27245
27259
27268
27287
27290
27313
27319
27332
27422
27442
27445
27523
27566
27580
27582
27608
27642
27643
27671
27704
27712
27717
27752
27753
27776
27796
27800
27834
27849
27869
27895
27974
28050
28099
28119
28169
28210
28233
28237
28248
28279
28294
28327
28333
28390
28402
28582
28686
28727
28750
28778
28788
28791
28834
28874
28925
28926
29099
29113
29121
29178
29211
29238
29296
29316
29362
29401
29427
29478
29531
29549
29614
29636
29690
29793
29832
29833
29900
29936
29993
29997
30049
30232
30243
30259
30277
30372
30413
30441
30590
30620
30696
30741
30747
30754
30935
30973
31008
31043
31046
31066
31084
31171
31353
31358
31370
31388
31407
31436
31446
31480
31486
31505
31539
31571
31572
31594
31605
31731
31785
31888
31894
31910
31998
32003
32018
32032
32050
32177
32204
32238
32278
32302
32331
32359
32496
32555
32563
32590
32624
32733
32801
32878
32893
32898
32906
33002
33007
33016
33035
33068
33103
33104
33126
33187
33219
33236
33252
33262
33285
33358
33363
33376
33427
33471
33474
33497
33553
33628
33634
33653
33679
33737
33766
33927
33944
33972
34030
34076
34201
34213
34225
34233
34284
34309
34415
34458
34461
34518
34526
34612
34663
34783
34843
34893
34894
34905
34939
34957
35019
35044
35103
35172
35226
35240
35306
35359
35449
35464
35550
35569
35571
35628
35659
35679
35681
35682
35695
35715
35743
35776
35798
35821
35827
35839
35858
35869
35896
35923
35925
35927
35966
35987
36029
36042
36045
36053
36078
36081
36084
36141
36149
36219
36238
36261
36315
36387
36397
36440
36568
36826
36873
36922
36941
36992
37020
37031
37042
37051
37067
37111
37133
37149
37215
37222
37232
37236
37283
37291
37311
37320
37324
37354
37413
37455
37494
37507
37517
37649
37755
37775
37810
37820
37865
37873
37906
37923
37926
37967
38025
38036
38102
38118
38163
38195
38200
38322
38387
38413
38416
38435
38446
38459
38463
38466
38480
38501
38533
38554
38622
38623
38682
38697
38732
38862
38864
38879
38896
38933
38951
38958
38964
38968
38976
39074
39078
39080
39093
39178
39204
39221
39244
39283
39294
39299
39332
39334
39489
39641
39690
39720
39745
39772
39779
39784
39836
39851
39899
39993
40026
40079
40155
40168
40173
40234
40265
40279
40288
40359
40370
40371
40388
40400
40469
40530
40565
40663
40690
40725
40734
40735
40746
40767
40809
40869
40904
40923
40976
41037
41188
41268
41276
41299
41349
41434
41524
41562
41589
41643
41653
41666
41680
41780
41783
41784
41785
41840
41855
41882
41894
41906
41914
41915
41945
42001
42039
42056
42120
42129
42142
42177
42218
42309
42341
42431
42456
42467
42476
42477
42529
42530
42547
42553
42621
42700
42806
42849
42853
42864
42937
42938
43001
43033
43074
43076
43163
43176
43196
43279
43288
43314
43327
43329
43389
43416
43420
43422
43433
43441
43470
43565
43568
43650
43653
43685
43744
43752
43759
43800
43829
43989
44001
44015
44057
44064
44092
44107
44117
44127
44137
44156
44170
44181
44188
44192
44212
44236
44255
44288
44313
44326
44328
44360
44370
44427
44516
44525
44540
44542
44562
44595
44612
44629
44656
44803
44916
44940
44970
45030
45039
45045
45074
45077
45161
45215
45225
45231
45243
45271
45454
45502
45536
45539
45544
45602
45659
45685
45701
45787
45834
45849
45862
45889
45901
45918
45971
45979
46012
46015
46021
46077
46095
46104
46112
46139
46197
46243
46349
46353
46378
46406
46419
46472
46553
46558
46607
46622
46664
46667
46712
46835
46847
46922
46944
46971
46980
47072
47087
47131
47145
47150
47170
47192
47200
47270
47303
47319
47326
47329
47422
47505
47572
47610
47613
47672
47673
47686
47702
47712
47713
47715
47733
47750
47844
47860
47995
48017
48028
48031
48083
48098
48106
48108
48115
48142
48157
48165
48213
48215
48284
48343
48473
48477
48538
48595
48658
48693
48730
48755
48766
48769
48804
48809
48874
48931
48993
49152
49162
49192
49196
49205
49211
49228
49232
49236
49312
49331
49351
49397
49411
49440
49448
49459
49465
49473
49478
49499
49551
49561
49565
49615
49625
49633
49671
49687
49694
49715
49720
49731
49799
49808
49811
49815
49858
49873
49993
49998
50078
50084
50132
50155
50253
50295
50305
50329
50342
50359
50377
50382
50452
50479
50494
50513
50518
50558
50620
50654
50732
50752
50789
50813
50820
50844
50887
50893
50896
50927
51000
51006
51033
51094
51217
51241
51247
51280
51286
51342
51355
51380
51426
51438
51442
51487
51573
51596
51608
51609
51678
51708
52078
52104
52137
52158
52172
52312
52324
52332
52341
52385
52393
52404
52405
52412
52422
52444
52478
52588
52624
52634
52667
52669
52673
52704
52723
52725
52740
52792
52903
52990
52993
52994
53009
53036
53050
53132
53197
53344
53401
53441
53469
53539
53579
53582
53624
53669
53691
53737
53746
53753
53830
53839
53857
53878
53882
53897
53919
53922
53947
53954
54045
54084
54155
54176
54183
54185
54205
54209
54223
54243
54311
54352
54353
54383
54386
54431
54448
54486
54601
54626
54646
54661
54710
54769
54772
54774
54830
55100
55126
55131
55223
55240
55245
55262
55270
55283
55308
55327
55400
55503
55506
55509
55586
55609
55618
55721
55758
55773
55804
55864
55875
55904
55921
55997
56004
56041
56063
56085
56138
56151
56152
56157
56188
56245
56327
56338
56466
56490
56507
56520
56598
56620
56631
56643
56678
56720
56735
56780
56801
56824
56949
56962
57065
57203
57233
57281
57342
57453
57568
57589
57601
57665
57713
57730
57805
57822
57840
57917
57928
57964
57977
58141
58161
58170
58189
58190
58192
58247
58294
58304
58384
58432
58524
58615
58649
58714
58747
58764
58773
58791
58807
58812
58841
58846
58902
58920
58981
59011
59047
59051
59067
59095
59155
59165
59173
59181
59203
59230
59236
59362
59374
59377
59446
59481
59519
59560
59597
59609
59610
59698
59787
59813
59852
59993
60188
60197
60206
60251
60285
60289
60366
60424
60476
60496
60505
60547
60605
60692
60721
60722
60727
60803
60817
60818
60825
60854
60909
60948
60955
61051
61056
61066
61093
61113
61126
61206
61208
61238
61240
61245
61255
61266
61303
61324
61364
61382
61386
61470
61543
61546
61601
61621
61707
61712
61730
61742
61840
61860
61933
61948
61990
61991
62015
62029
62068
62079
62130
62145
62157
62167
62240
62310
62325
62349
62359
62444
62468
62469
62480
62511
62519
62575
62577
3
5
6
38
61
76
91
97
98
111
203
206
218
231
248
271
293
331
366
367
373
387
419
472
479
523
558
594
598
605
610
648
649
678
681
688
724
804
869
878
904
927
941
964
1029
1038
1044
1133
1145
1146
1158
1203
1206
1283
1297
1355
1358
1399
1406
1421
1434
1463
1477
1485
1493
1575
1590
1637
1650
1666
1690
1741
1745
1749
1765
1785
1823
1833
1847
1857
1862
1868
1872
1876
1901
1906
1913
1943
1953
1996
2003
2045
2072
2093
2115
2117
2145
2147
2150
2211
2219
2234
2238
2260
2286
2349
2447
2460
2468
2469
2491
2618
2629
2664
2686
2710
2769
2773
2786
2807
2819
2821
2873
2906
2937
2954
3027
3028
3029
3032
3053
3064
3116
3117
3121
3135
3148
3177
3196
3230
3272
3337
3411
3413
3499
3505
3513
3536
3554
3556
3563
3567
3581
3586
3589
3601
3603
3614
3623
3669
3674
3676
3718
3721
3763
3772
3778
3784
3808
3822
3855
3868
3961
3970
3986
4051
4059
4063
4081
4149
4172
4174
4183
4216
4259
4382
4429
4441
4442
4472
4480
4483
4502
4507
4541
4574
4746
4785
4813
4818
4823
4847
4856
4897
4900
4907
4909
4926
4964
4993
4997
5004
5073
5082
5100
5109
5145
5167
5204
5210
5281
5308
5316
5368
5387
5454
5463
5473
5479
5486
5489
5504
5559
5606
5642
5687
5732
5736
5752
5754
5784
5882
5929
5957
5963
6038
6049
6062
6087
6103
6118
6232
6262
6276
6293
6308
6348
6368
6372
6470
6597
6607
6625
6632
6660
6702
6790
6804
6808
6859
6887
6897
6906
6949
6951
6992
7045
7090
7171
7175
7261
7265
7281
7287
7294
7295
7308
7317
7321
7374
7382
7473
7480
7483
7488
7496
7553
7570
7596
7599
7625
7670
7677
7682
7690
7762
7789
7852
7855
7877
7878
7887
7892
7923
7939
7941
7948
7955
7958
8010
8042
8068
8086
8139
8164
8208
8234
8269
8287
8351
8377
8388
8401
8405
8428
8434
8536
8555
8560
8561
8613
8654
8660
8661
8706
8715
8778
8779
8800
8850
8874
8911
8930
8935
8967
9034
9091
9127
9138
9171
9194
9202
9377
9415
9454
9456
9459
9460
9503
9525
9559
9563
9614
9625
9682
9721
9740
9746
9813
9815
9878
9937
9999
10028
10046
10054
10136
10171
10187
10208
10255
10257
10262
10310
10354
10358
10374
10380
10400
10402
10479
10516
10523
10529
10541
10582
10612
10692
10699
10705
10720
10739
10758
10762
10772
10875
10892
10903
10905
10938
10974
11018
11050
11168
11173
11213
11223
11234
11344
11357
11500
11525
11578
11582
11606
11683
11746
11752
11753
11763
11814
11869
11895
11898
11905
11924
11937
11993
12024
12041
12070
12145
12189
12191
12215
12310
12439
12515
12534
12586
12598
12617
12661
12695
12775
12818
12839
12857
12932
12974
12992
13001
13008
13031
13038
13086
13100
13109
13125
13201
13210
13216
13226
13243
13280
13323
13335
13368
13376
13389
13395
13400
13405
13453
13535
13555
13576
13586
13619
13636
13649
13653
13705
13706
13712
13721
13722
13723
13746
13757
13776
13840
13870
13875
13891
13939
14089
14151
14162
14169
14192
14207
14212
14255
14262
14362
14373
14441
14466
14468
14541
14552
14576
14584
14646
14710
14846
14872
14880
14999
15012
15061
15091
15132
15184
15186
15190
15203
15204
15220
15235
15236
15295
15310
15374
15411
15417
15440
15484
15529
15548
15573
15585
15609
15633
15646
15654
15670
15676
15730
15801
15814
15891
15907
15973
16033
16146
16182
16222
16224
16231
16238
16246
16286
16330
16339
16340
16360
16392
16407
16449
16475
16537
16539
16544
16555
16565
16589
16590
16605
16607
16639
16669
16719
16731
16760
16765
16791
16828
16830
16838
16856
16859
16877
16881
16959
16974
16976
17025
17032
17066
17092
17110
17134
17153
17155
17213
17228
17241
17268
17290
17299
17307
17333
17366
17407
17427
17450
17480
17537
17553
17558
17575
17595
17642
17683
17689
17719
17757
17758
17795
17796
17797
17842
17901
17911
17926
17983
17996
18010
18020
18034
18072
18073
18104
18120
18176
18216
18303
18305
18334
18369
18399
18426
18428
18455
18465
18581
18600
18620
18624
18625
18627
18673
18678
18679
18687
18699
18700
18718
18782
18860
18886
18888
18905
18940
18941
18945
19018
19098
19107
19116
19123
19170
19173
19185
19196
19231
19233
19245
19248
19253
19289
19331
19429
19472
19505
19536
19539
19555
19556
19558
19584
19619
19674
19707
19746
19749
19761
19764
19769
19785
19792
19795
19801
19802
19826
19886
19917
19966
20010
20093
20099
20109
20118
20136
20144
20167
20169
20208
20212
20248
20262
20277
20281
20310
20315
20319
20378
20416
20435
20462
20465
20496
20532
20566
20584
20591
20595
20609
20675
20749
20751
20876
20886
20896
20925
20949
20951
20966
21119
21158
21164
21219
21250
21261
21310
21352
21403
21406
21426
21429
21430
21530
21595
21644
21657
21696
21723
21724
21732
21791
21842
21875
21898
21930
21971
22039
22040
22066
22097
22151
22161
22193
22208
22233
22445
22485
22504
22548
22558
22560
22574
22575
22595
22612
22652
22686
22688
22706
22716
22748
22751
22766
22818
22823
22826
22881
22944
22968
22973
22996
22997
23039
23108
23127
23209
23211
23215
23216
23223
23240
23276
23279
23288
23311
23320
23335
23350
23372
23389
23393
23409
23439
23440
23463
23465
23491
23558
23579
23609
23620
23625
23644
23652
23655
23662
23683
23744
23745
23772
23810
23828
23890
23896
23946
23964
23984
24011
24016
24018
24030
24040
24056
24060
24088
24142
24204
24209
24216
24343
24345
24359
24364
24372
24391
24422
24433
24474
24494
24513
24518
24541
24566
24580
24671
24694
24747
24798
24815
24908
24978
24979
24991
24995
25061
25087
25103
25139
25141
25220
25255
25261
25297
25312
25317
25318
25358
25391
25394
25417
25432
25440
25473
25475
25508
25568
25605
25611
25612
25618
25622
25623
25649
25659
25674
25677
25704
25736
25740
25780
25791
25801
25812
25855
25857
25906
25937
25969
26028
26032
26106
26124
26362
26372
26378
26387
26397
26400
26413
26419
26426
26428
26433
26455
26480
26487
26495
26497
26530
26553
26559
26605
26613
26659
26666
26686
26690
26701
26752
26754
26823
26831
26863
26891
26892
26896
26932
26935
26939
26943
26958
26974
27016
27046
27074
27108
27158
27188
27190
27218
27249
27271
27278
27289
27291
27323
27327
27345
27405
27419
27424
27433
27486
27504
27524
27537
27602
27613
27621
27623
27646
27673
27727
27789
27829
27839
27850
27859
27896
27942
28003
28010
28035
28048
28080
28110
28118
28191
28217
28238
28253
28260
28270
28281
28290
28317
28352
28371
28375
28403
28415
28416
28443
28534
28541
28548
28552
28599
28601
28652
28668
28709
28718
28775
28779
28824
28825
28833
28842
28853
28895
29065
29101
29131
29140
29208
29209
29242
29274
29297
29339
29342
29350
29386
29390
29463
29479
29556
29597
29600
29604
29607
29610
29628
29632
29689
29701
29712
29799
29808
29831
29844
29858
29887
29962
29980
29995
30009
30021
30082
30129
30167
30193
30263
30266
30357
30359
30406
30490
30502
30572
30598
30628
30639
30675
30698
30717
30733
30748
30765
30776
30799
30814
30852
30864
30895
30957
30967
30992
31009
31013
31027
31037
31045
31058
31105
31125
31138
31140
31144
31147
31163
31170
31223
31309
31431
31450
31462
31465
31482
31504
31514
31613
31673
31686
31728
31818
31841
31893
31911
31960
32008
32025
32149
32217
32301
32310
32333
32350
32352
32355
32357
32391
32399
32422
32423
32459
32460
32476
32489
32506
32524
32525
32596
32650
32653
32654
32655
32662
32663
32736
32738
32820
32873
32886
32894
32904
32957
33025
33026
33041
33096
33107
33108
33116
33118
33120
33177
33208
33216
33239
33243
33279
33281
33293
33348
33377
33397
33414
33415
33454
33463
33465
33473
33512
33539
33566
33578
33670
33675
33676
33683
33708
33798
33808
33821
33856
33859
33882
33887
33918
33957
33964
33976
33999
34011
34022
34048
34067
34096
34118
34120
34146
34209
34220
34250
34276
34300
34341
34362
34384
34423
34463
34467
34489
34494
34495
34545
34553
34559
34629
34632
34633
34698
34705
34779
34781
34791
34794
34806
34809
34872
34898
34962
34967
35003
35006
35009
35018
35068
35135
35143
35144
35171
35188
35209
35227
35244
35260
35265
35267
35309
35316
35336
35351
35394
35404
35412
35433
35446
35463
35503
35531
35534
35616
35620
35697
35703
35711
35734
35757
35779
35783
35832
35835
35841
35922
35938
35955
35958
36015
36026
36047
36065
36075
36097
36140
36165
36215
36229
36245
36297
36305
36325
36417
36446
36449
36450
36456
36482
36483
36500
36506
36518
36535
36539
36542
36543
36550
36552
36586
36594
36603
36624
36644
36675
36680
36684
36727
36735
36764
36771
36801
36803
36805
36814
36844
36849
36944
36948
36978
37005
37037
37058
37061
37081
37115
37151
37159
37198
37233
37243
37276
37278
37289
37347
37376
37379
37385
37443
37446
37447
37459
37490
37501
37510
37539
37566
37586
37642
37707
37741
37792
37868
37883
37900
37907
37912
37929
38063
38077
38135
38197
38203
38211
38236
38238
38274
38304
38317
38336
38369
38375
38386
38429
38514
38535
38546
38559
38586
38595
38602
38628
38634
38657
38665
38670
38678
38710
38711
38721
38736
38779
38797
38799
38801
38859
38860
38873
38904
38920
38926
38940
38946
38988
39065
39084
39102
39131
39149
39152
39154
39165
39180
39198
39199
39206
39220
39224
39248
39262
39278
39321
39397
39428
39450
39455
39473
39512
39551
39574
39583
39590
39660
39666
39697
39700
39723
39726
39799
39832
39852
39862
39890
39900
39910
39920
39941
39999
40018
40027
40036
40054
40066
40076
40088
40107
40115
40121
40201
40239
40242
40269
40280
40358
40368
40378
40399
40435
40442
40506
40525
40536
40538
40570
40584
40617
40624
40639
40650
40659
40660
40667
40675
40698
40723
40842
40855
40860
40876
40883
40909
40942
40996
40997
41060
41079
41084
41086
41089
41113
41133
41287
41297
41336
41338
41415
41454
41475
41480
41481
41507
41514
41523
41569
41572
41610
41630
41640
41660
41663
41700
41703
41728
41731
41761
41768
41770
41841
41867
41890
41908
41913
41936
41964
41980
41989
42012
42020
42045
42069
42092
42098
42108
42137
42146
42178
42185
42198
42233
42254
42277
42279
42288
42293
42300
42307
42310
42344
42369
42417
42464
42485
42504
42586
42628
42644
42715
42736
42771
42786
42801
42859
42861
42872
42881
42889
42898
42955
42976
42977
42983
43003
43024
43029
43047
43053
43059
43064
43089
43108
43114
43129
43151
43153
43157
43161
43166
43186
43191
43216
43221
43256
43289
43291
43309
43311
43370
43405
43407
43410
43431
43467
43492
43509
43542
43566
43575
43589
43619
43622
43626
43628
43635
43639
43679
43693
43726
43738
43748
43774
43839
43849
43869
43872
43907
43963
43970
43971
43980
43991
44111
44157
44172
44184
44195
44197
44214
44275
44285
44291
44365
