0.996474223897
0.989441367808
0.982433439875
0.977193853028
0.971968288269
0.965022680727
0.958102001341
0.954651009707
0.947767722556
0.944335427039
0.937489532122
0.932371470037
0.92726743004
0.920483855513
0.913725209143
0.910355234017
0.908672583468
0.901959119382
0.898610956392
0.895269025442
0.890267814089
0.886941463236
0.88196362203
0.880307457647
0.873698380215
0.868757931243
0.865472088645
0.862192478085
0.860555009819
0.855651953082
0.854020716856
0.850762918433
0.847511352049
0.844266017704
0.837795603141
0.834568964913
0.829740692644
0.826529634514
0.823324808423
0.821724732392
0.81852925436
0.815340008367
0.812156994412
0.808980212497
0.804226724697
0.80106552288
0.799487258986
0.796335405227
0.794761815362
0.793189783507
0.788483036
0.785352994378
0.782229184795
0.779111607251
0.776000261746
0.77289514828
0.768250721164
0.765161187795
0.762077886466
0.760538572816
0.759000817176
0.754396898314
0.752865374713
0.74980700154
0.746754860406
0.740673948285
0.737640503268
0.736126117775
0.731592309352
0.730084155898
0.728577560453
0.725569043592
0.722566758771
0.718075016612
0.713597296541
0.710619939876
0.70764881525
0.706165589952
0.704683922664
0.701725262116
0.698772833607
0.692886672707
0.688488411134
0.685564026801
0.682645874507
0.681189135375
0.678280331139
0.676828266036
0.67392880986
0.671035585722
0.669591310668
0.666707434589
0.663829790549
0.660958378548
0.658093198586
0.655234250664
0.65238153478
0.650957513853
0.648114146028
0.645277010242
0.642446106495
0.639621434787
0.635396112298
0.632587020688
0.629784161117
0.626987533585
0.626982859556
0.624192464063
0.621408300609
0.617243740501
0.614475157145
0.611712805828
0.608956686549
