0.992954679833
0.98768704881
0.980685352916
0.973708585179
0.970229549369
0.963290173866
0.956375726519
0.951206250112
0.944335427039
0.939198668836
0.935781953417
0.930668565361
0.928967218695
0.925569199393
0.918793414916
0.915414091731
0.910356792027
0.901959119382
0.896939211912
0.89193332653
0.886941463236
0.88196362203
0.876999802912
0.873698380215
0.870403189558
0.867114230939
0.865472088645
0.862192478085
0.858919099564
0.857284747318
0.855651953082
0.852391038639
0.850762918433
0.847511352049
0.844266017704
0.839409701259
0.836179947012
0.832956424804
0.828132826565
0.826528076505
0.823323250413
0.820124656361
0.81852769635
0.816932294349
0.812155436402
0.805809662621
0.80106552288
0.797910553101
0.796335405227
0.793189783507
0.791619309661
0.788483036
0.786917236184
0.783790310581
0.779111607251
0.776000261746
0.77289514828
0.769796266853
0.766703617465
0.763617200116
0.760537014807
0.757463061536
0.755928421915
0.752863816703
0.751333851112
0.746753302396
0.743707393302
0.740667716246
0.737634271229
0.734607058252
0.733095788778
0.731586077313
0.730077923859
0.725564369563
0.722562084742
0.721063279346
0.718070342583
0.715083637859
0.712103165175
0.710615265847
0.707644141221
0.704679248634
0.703199139355
0.700243594827
0.697294282338
0.694351201888
0.691414353477
0.688483737105
0.68410105563
0.681186019355
0.676825150017
0.675374642924
0.672478302766
0.668145477604
0.663826674529
0.660955262529
0.658090082567
0.655231134644
0.65237841876
0.649531934916
0.64669168311
0.643857663344
0.641029875616
0.638208319928
0.636799879098
0.633987671469
0.632583904669
0.631181695878
0.628381952326
0.626984417565
0.62280116134
0.620020113906
0.617245298511
