5038
588
893
566
273
5069
5022
140
1028
95
370
647
5030
5033
1768
458
1139
286
8344
543
887
155
90
80
823
613
1806
2630
530
2718
195
128
200
851
102
1569
1672
82
478
2666
114
20764
734
1819
353
1053
9129
136
1588
516
1528
1330
76
4746
9137
554
1817
2348
4153
2737
5036
78
184
91
2215
225
443
878
4063
20805
151
93
342
444
7954
147
8557
308
127
1031
33806
3311
3237
133
2753
213
16625
652
1725
4880
301
1304
5020
929
1507
686
2939
106
8556
1824
1365
343
520
416
72
1
1334
9135
4398
360
292
4152
56
107
4876
880
1821
314
2323
232
277
385
5053
74
5050
920
3027
2111
5237
9500
1161
1202
910
1371
6084
939
1793
2015
1359
316
390
2253
35675
879
802
89
2715
22587
4093
4262
13634
960
2088
5051
1970
2773
2720
919
1927
6831
876
9044
274
2736
659
621
402
5027
79
2728
4154
81
13633
2601
875
4618
8560
9132
9861
3161
4183
6917
1000
109
3174
13635
5023
5042
2047
915
30172
1813
144
5052
192
54
8032
2271
922
5070
3844
10815
1470
4621
6289
3258
13637
2947
449
620
8558
4272
4755
406
4216
4904
4737
1833
287
2637
1935
5021
539
5057
9504
918
244
26576
928
11812
8566
5028
9131
279
1323
1233
26142
950
10280
188
1027
10281
75
9313
2186
10893
8072
948
7059
14862
13396
575
30779
4227
8565
28825
172
581
101
1481
5853
391
5024
1552
775
26811
694
8559
9752
92
18722
35279
4224
86
5830
5150
4256
3295
8194
8987
15198
5068
26990
3057
165
409
10601
815
27605
53
4205
593
1108
5029
707
23043
9134
1185
2667
13266
2550
6829
24464
11547
145
23873
121
383
1559
3354
13267
4124
239
2723
5064
23648
12110
4232
1025
8071
28933
5032
4642
215
1560
8678
585
23946
5557
30513
368
13640
5061
8857
19815
3334
212
9754
403
24810
716
19467
3058
492
592
5729
22463
2746
22319
1030
24812
21255
9130
14338
20374
1316
923
1164
23960
20963
1259
10084
1443
46
1308
6009
924
24890
1118
32745
1936
11744
425
3251
1790
3535
3333
21241
153
5049
1652
4536
20183
604
4132
1168
423
9136
1847
12015
17278
4176
2264
1087
1245
10124
29813
20919
1762
6022
12076
12512
13577
7657
457
20966
8794
393
13744
16797
18778
28509
782
3128
25529
16201
26911
28097
3626
1252
3733
3253
5045
1713
21236
281
12844
13366
3050
25158
1126
1384
2741
6069
25323
4065
5046
5190
29012
9239
5883
1783
6707
15264
4477
2740
186
1046
26584
1401
1885
5614
958
1891
6231
8271
5518
528
27
3200
1778
1193
889
14144
2385
26378
773
11818
254
3108
6049
1668
853
6681
504
17181
122
30808
386
1628
764
20157
3039
22063
3906
4538
1043
5174
491
205
20654
134
615
1592
12676
6738
4802
7331
5587
10778
1499
4075
3370
1966
6899
6008
7193
4263
6671
521
675
1236
2937
7638
1350
2696
544
6782
13630
5881
255
560
14171
8629
551
4260
5824
8782
7720
15247
475
19325
2296
1234
4480
1106
13987
1061
11165
20051
5963
4027
3266
1189
1217
2165
11680
1619
636
3352
448
17179
18384
26709
4349
657
7663
4757
974
16017
9799
16987
13585
354
10959
3065
2294
610
10897
5742
18067
966
1063
5276
18861
2951
2060
861
19464
682
481
4160
19912
1439
1104
1585
441
300
3461
6653
2577
6081
13628
2651
1767
112
2828
2263
11890
26699
6785
2703
6198
1922
6982
30545
1037
16692
6944
419
7324
7998
4878
14036
666
839
1207
2061
2673
8340
4121
6509
1899
19840
1122
15666
7102
442
4577
10330
8103
3742
21680
2620
6320
506
24467
16867
4995
7083
2782
326
1205
284
1102
17925
5074
2121
14886
5202
1076
1113
1459
4545
196
673
1213
1356
852
10733
132
362
3280
7578
789
7551
1159
1807
14893
3427
3795
10245
4451
526
4560
6876
735
1059
819
3593
438
587
26856
23840
1049
7990
1521
295
17824
1160
4197
7721
1461
6735
1103
14827
17832
1818
2943
30683
8878
175
13268
13256
13747
424
505
4767
4639
778
14196
4486
3318
4142
4879
264
2503
3297
934
508
1111
9527
11040
13
24159
243
1265
11922
454
522
8524
2692
5118
364
3145
2648
23364
5748
26832
661
4752
3197
1137
221
2564
6242
4698
3091
1594
2436
11494
5211
14055
19720
1303
7541
6828
1130
5041
7547
241
2160
7516
531
1188
614
3499
10032
11692
1068
1208
7467
11298
420
6909
8016
2613
1077
1458
5141
156
11350
524
800
18617
2635
3241
5716
13578
3271
580
2168
12456
10278
13093
2818
3107
6488
20220
8694
5799
20652
20990
242
2642
3223
824
5787
2697
3110
1697
118
898
24025
8350
13175
1615
23722
519
462
1038
1798
7927
2953
2580
13432
3473
3518
602
691
5839
280
1487
293
2510
897
6357
2724
389
510
22201
9501
1101
3364
26015
842
5105
6803
7530
12896
1387
7651
4450
25791
358
11423
753
1765
4522
471
2518
1310
3649
13756
290
664
2800
3226
2590
473
8411
1083
2977
7812
4164
760
548
2125
2579
11527
4699
119
313
477
9534
2320
3356
9521
3679
224
1759
3604
1079
6023
3313
2610
1132
5170
3530
357
5071
1324
533
6175
2254
4651
1880
235
23483
3129
6258
727
1171
19711
4237
7283
267
408
704
1960
14134
2516
8740
1416
413
4140
2524
27812
2754
731
1221
13419
623
2770
13658
9172
7140
1772
12421
1803
1354
1472
3109
688
645
1734
9358
13631
2708
382
2218
1886
5531
451
2386
4223
2299
8005
23869
570
23139
3476
1055
11846
3219
1429
599
1228
4191
19355
252
1944
3729
4490
15990
11204
20632
11099
16782
16288
5026
1340
779
3236
13303
3635
7701
19249
4684
355
805
446
1120
13883
168
307
772
1086
452
7995
2576
6031
384
2383
12329
1210
6702
6003
7994
2316
2229
2091
6734
8938
7784
15465
19826
25504
2622
3924
23082
1549
498
1320
3379
14577
6582
4680
1546
500
6340
6523
9933
2638
2144
12363
4128
4200
11016
907
28642
11077
22021
787
12362
9499
726
2679
7571
1302
22385
3350
331
315
625
4460
4478
1051
708
517
885
1951
20692
19240
603
3016
678
2640
3849
11117
11522
20482
4498
1153
1411
2570
1686
3330
2018
16710
4288
4426
25080
19872
3418
556
17283
1099
6068
25595
14189
20280
3100
6786
11083
4220
3437
2288
1154
11214
1148
20772
296
3033
10458
2290
6048
1018
418
154
1023
5920
22341
22694
340
16461
22920
917
1413
16496
1332
6889
5645
909
628
6836
3357
1222
20205
5776
2935
7437
709
6143
9502
14694
2066
339
1432
4677
1095
4012
1287
26033
3316
813
14145
2633
10359
16503
2599
6087
2497
2922
865
4070
10112
1145
4740
4778
967
8169
28014
796
564
10441
5168
1642
23868
3400
4148
1291
29101
5676
29818
1050
29851
5943
1292
1800
6131
30340
940
9984
19715
5286
34497
367
34529
4383
35115
27888
7581
17512
563
1464
13427
547
723
2279
3247
4226
18283
176
5833
7405
3259
4937
1253
1032
1105
16978
14161
3541
5769
642
4640
18808
742
1578
3823
8193
14285
14057
3185
656
14065
4534
1048
1394
15164
8850
312
7096
1953
6815
3743
766
4499
2090
97
13486
1033
7047
1373
13424
4852
1175
4678
115
1422
6255
5990
2178
25766
829
14876
309
1116
1054
6373
2493
1696
3292
660
6560
19876
3276
7203
16853
7548
12542
874
5339
1056
3776
19823
784
22738
4335
803
780
830
700
502
5398
2250
2572
2785
3021
6056
23687
23676
2699
5749
855
18590
5856
1178
5315
480
2565
5948
4615
15386
884
4736
4791
5224
6144
5500
5242
10969
25826
1169
562
1042
19721
696
9021
1490
10384
1532
12116
30184
3904
22118
13423
1856
10181
1781
23317
770
17336
11394
4505
991
27796
263
838
3430
4513
174
6654
5681
2817
6517
3933
4623
2603
5511
1179
12434
4238
15166
4259
429
1663
1347
344
3169
3001
378
3093
4390
30862
7484
3368
9589
3546
639
545
19126
4517
269
3748
4766
712
867
607
1835
228
19466
1425
5666
16242
1823
794
3949
13415
7188
3245
9175
4193
142
13984
1484
3596
2424
1572
5035
674
14114
1523
1196
1797
4133
16216
1689
1150
11261
3267
6249
20378
751
509
633
5145
584
83
19382
398
20669
1428
324
10412
2189
14942
3186
3210
1810
5015
914
1657
55
568
2573
3285
6706
6600
2560
1214
812
2303
5660
969
3480
699
23140
513
10620
1898
7113
837
4246
13820
1135
703
2092
525
1082
1911
6305
171
16210
4689
2216
1152
13731
345
818
15323
15275
1034
11191
1305
6092
4700
1073
7401
6124
4815
890
4092
484
35732
1775
11631
2706
4059
4071
871
20353
5075
11227
169
1771
6892
3115
245
230
13174
27233
7975
7259
1297
2489
6405
3192
1406
7517
178
7800
4014
24780
493
959
6997
5782
1110
669
3836
4119
3552
4920
1109
1471
13972
5467
1409
30834
4459
11115
2992
1198
16844
14155
1112
1667
1597
3549
10374
2308
20620
33954
1976
113
11827
6550
1036
578
8315
4838
2096
573
1519
7106
943
14396
8044
8529
4703
12482
5761
6872
863
1344
470
223
1325
6783
681
401
1078
2725
4650
3412
4671
1370
2868
5556
1396
2234
925
2659
21580
3815
626
4136
616
11446
16295
3317
4652
3841
7611
594
1596
22544
2700
16489
6210
1467
1057
5934
349
7559
405
12178
971
318
16318
13748
5946
15282
9133
10387
4274
3296
1770
34894
1296
11352
3327
1486
2512
2972
1607
4049
931
10641
1128
3388
1026
5
14141
1707
1442
5926
2771
143
375
206
1318
1723
17642
1654
2631
6180
582
3005
3492
18719
24889
559
2680
5192
3105
1683
2618
5215
7089
2269
8030
7748
5308
291
28873
643
2262
4681
7428
3323
26141
336
1918
1815
4057
166
10376
3310
4476
1204
17284
1313
5778
7983
6789
13948
20626
18826
4587
2398
1527
2472
6015
4643
1643
5212
9357
2057
2491
1524
2430
595
892
930
5415
733
7216
870
5148
515
2814
869
2354
9474
618
22525
400
7186
29625
4218
2783
13205
1660
1875
2058
6283
2705
684
537
16622
8354
108
2910
561
653
11143
19213
2711
6921
11190
497
346
6176
5351
9959
4644
1091
719
9211
8876
2528
3680
1190
10214
7235
3064
3114
1602
3035
873
1090
1098
3644
1163
13409
1547
4539
822
817
3344
399
736
8767
4497
4688
5199
1084
1328
6854
12770
14156
4603
1186
12668
973
1282
3792
30193
1674
5110
9960
23490
7400
9251
4629
1555
3565
10053
20336
1828
10414
744
4129
7523
5509
4378
4146
2878
4921
4236
6851
4939
3438
2919
2515
4787
1665
9346
27728
18279
466
16207
10997
1616
882
5100
7107
5248
4139
1380
4723
10859
4392
1584
233
2639
5987
20820
404
20939
7268
3294
1224
549
2816
15331
4866
6406
5997
3126
8659
4077
23288
6060
1097
4230
1162
745
845
1312
2118
2471
4169
19310
1045
6793
6891
6491
1731
9917
828
9193
3399
2592
5916
11678
527
8220
1873
207
3272
3443
15146
903
3080
137
1909
14268
3470
1289
4083
2924
5344
677
338
1448
1092
22423
2690
5259
10484
5405
3377
611
1475
2941
5279
15601
436
1883
15566
18000
7985
792
474
20471
946
9886
2270
4243
1996
2486
19548
606
2041
555
2596
7641
12465
8166
4170
951
3157
2276
5142
4687
1989
5702
17748
99
4240
7205
2608
7246
1195
8602
4863
10903
14841
4616
2993
381
5941
1862
6063
2076
6951
21801
8372
808
5395
218
5988
3214
3104
488
1404
2604
373
24152
3721
20958
6436
2593
19125
1070
5994
1094
713
992
146
6047
4510
17072
9751
17268
557
7786
6715
2760
3673
8543
4080
1586
1441
3127
860
7549
3959
456
14913
271
1640
1367
1389
1182
5907
322
1508
1040
18033
4691
1478
14427
6196
2487
18748
8160
7655
5193
1788
3112
17005
6460
9921
523
3460
149
1716
7962
1200
3133
6664
4970
5318
1129
22541
1231
5733
4739
576
1133
768
3845
5515
6522
662
341
7683
1423
12354
4453
9361
5177
14686
542
3324
1362
7785
25640
3015
5333
5536
1894
10560
12665
776
7941
1919
5076
2689
17993
6830
9079
558
11925
2936
4210
1107
7532
22321
4293
4645
18310
9869
4161
7120
1149
3580
1438
16998
631
2583
590
2509
5971
6936
1568
10247
7007
1457
8085
8650
1482
15281
16031
2567
1477
2519
7014
3215
10571
459
4358
7558
30201
5196
1650
4396
1288
5343
2559
1174
1517
638
3994
15969
1809
1170
10841
654
4530
2668
20964
13265
25658
7545
10872
8489
1728
3969
73
862
5476
2886
13269
1892
10958
164
6926
180
8056
495
1433
7512
2295
1436
13743
7397
2595
2378
1541
11048
3802
17253
9076
5243
6072
3270
7605
4793
15003
3275
4547
7989
3448
5195
6845
4549
4087
16808
7680
479
3378
4820
3671
7544
13979
3943
872
185
18079
85
12608
11598
769
3485
1180
3067
5726
641
9761
5696
8062
1763
2468
5368
8081
511
7848
7730
7165
3043
2268
6080
2931
3966
2704
23690
1845
1215
18803
6328
3188
240
895
2661
541
1831
5307
455
3342
3367
1191
4611
672
4706
1574
949
4097
1849
3234
4254
1483
13421
3786
7302
5194
7700
3584
10405
12476
5417
2784
2305
9896
1893
5428
3650
2267
8579
3315
1903
5451
3800
3793
1044
2040
10248
3731
2251
2654
388
5217
937
4115
532
4060
19764
6790
4305
12786
2429
6833
8553
19962
1326
2569
8572
5817
1165
2479
5722
10797
372
9967
5705
9300
668
13161
705
377
4144
1711
5172
4564
6903
6794
579
1081
3688
20630
2533
8808
1691
4827
2980
1351
6376
2959
5860
30448
7802
7815
9230
6088
4217
5102
6976
2605
4066
5552
1255
16203
2766
4735
13735
3581
4542
12082
173
27435
183
9496
6002
9268
5090
21284
4726
9344
1930
6053
8186
3264
900
246
3171
27837
9417
4380
4872
17128
226
658
9449
14115
13413
9452
7459
4760
1971
1211
1361
591
4352
138
5638
9535
2006
14275
3827
4317
24357
2098
11773
8308
6236
6292
11762
9721
14256
2029
7155
4504
9366
3915
706
417
4769
3038
3151
12350
250
20643
2973
14402
1052
9922
4946
612
14703
2966
9953
2099
84
10443
12169
2652
984
27810
4519
1166
811
3435
4551
6546
22085
2265
1143
596
1811
5677
1822
795
5301
8698
1485
913
18852
1158
9
6189
236
3240
5713
4884
3032
18009
1742
9981
8374
6750
2142
35390
894
1071
598
1199
10542
3386
3711
35435
4544
816
3217
13002
5384
23034
970
2053
35738
7156
9258
2474
8582
1736
10065
1181
25085
10881
6391
7009
1333
3755
2751
4837
1041
3141
3147
4886
2073
1197
2081
6316
4728
1093
2469
4556
2136
9292
3369
10415
15201
131
11453
11213
25928
4911
3390
4162
7162
15187
11259
2912
2149
4366
2226
1852
1125
1937
5437
2420
260
2621
3143
16737
9958
24650
9839
306
8353
3426
26660
11619
2506
4586
16972
17040
374
11679
14180
16630
724
11760
21350
2775
11809
1939
8391
7668
4221
6864
10367
5977
11968
22359
762
11937
5225
3766
3633
7863
12195
4388
6959
111
1187
501
1601
2578
2841
12323
1929
1238
2588
6085
2986
2110
6798
7277
22422
7128
3732
4174
376
540
12417
6020
7888
1390
5287
1096
2615
2585
12514
12521
4588
7105
9008
7065
12587
10017
12409
499
1167
7816
1218
2665
3846
11041
2575
12696
12720
7176
18773
5939
3952
2256
9153
12886
13796
538
1241
3196
3947
3899
197
30329
177
933
5507
219
5695
11864
3263
13096
187
2676
4017
804
2574
4026
5779
9517
2494
465
87
4800
3491
7531
1617
16781
13230
464
489
19307
33056
3970
632
21319
1017
5700
936
737
2628
19374
2049
8699
4103
1548
19525
5780
2664
6927
11033
8038
24167
5303
7538
13627
13639
2566
9809
788
7195
23369
13671
229
3036
16812
8303
1841
1388
13740
1987
2911
3230
21101
1851
3060
6117
3640
4370
7300
8440
2619
17020
4269
16228
20052
754
3826
721
347
3019
1395
1786
6948
3118
1756
2837
1392
2078
4776
945
13665
14029
692
901
4572
14167
371
730
2568
15512
1934
10379
24153
4449
3525
21432
8833
19475
2355
982
5632
27404
8561
4559
8912
14353
1009
8029
11085
496
11243
486
490
14296
640
4512
14528
8971
2258
14287
801
4167
4858
3209
14580
2082
1579
26048
430
1964
14646
5727
4561
6500
4563
17706
3166
6279
1430
14851
7468
4594
5220
157
3117
1760
3138
20237
905
1916
1737
3081
6552
1016
2190
4524
7326
31488
11031
22352
687
2298
26851
3066
2217
434
194
3325
2255
11252
13113
28631
8294
9578
7103
450
3487
1917
17582
22743
2975
2300
3968
15410
33707
18856
15672
3727
6169
15697
758
6115
2350
1203
9829
3122
4991
14221
4155
4042
1368
3498
28979
791
4890
2292
19149
1656
7736
3160
15913
3182
546
4495
19257
833
2918
9038
6957
7177
4938
299
29761
10844
2260
22529
2158
11667
4546
2070
16296
5010
16343
507
3624
12800
7945
10121
379
3625
2529
16887
2184
3667
1339
4864
7833
24059
2950
1515
4228
16573
7292
1857
4531
3404
4395
10236
3791
3651
2626
622
16202
4770
1176
6443
19862
7521
1408
1871
3014
3345
5960
5271
2616
6641
4758
676
20231
5809
2684
17167
22566
3716
2333
16892
2745
7244
5216
8031
749
3152
7074
7457
472
5319
3608
2920
11297
203
1147
16191
9997
2571
1146
10574
4496
6193
10734
5400
2860
3008
1209
4306
17185
7303
17211
6202
572
5497
783
5313
1669
265
3767
3944
2492
3394
1651
985
20856
8219
17314
4569
17337
1115
7255
9549
1743
17421
5365
1782
8039
6890
2792
17565
2093
9579
1331
21328
11825
17739
6109
11014
1629
7604
1479
7553
5478
4853
586
7357
4601
7030
5223
4195
1647
711
2563
5490
2714
2476
18184
5745
6007
21347
18288
6024
4323
1341
1946
6303
2965
2623
11228
11229
18472
26812
10040
18473
3465
8695
7122
14880
2257
6327
11286
15144
1029
27208
1298
2211
18632
1008
4307
512
2793
2052
3023
4231
2507
798
1947
204
1637
7520
820
18810
2362
4697
5935
2743
3728
11704
27867
18962
14228
4947
2039
1306
6811
635
2733
4682
3417
19221
2071
1926
9101
4276
3261
3244
12575
227
1455
5985
12077
380
4514
440
4123
19453
426
18601
5275
2064
3179
23363
6518
7999
680
3238
4578
2587
8099
19647
3597
19664
467
29169
7312
11430
6205
482
6862
12326
2138
864
1232
4182
14067
19744
2994
3693
3395
4529
8001
4747
4187
1035
1566
23786
752
1301
518
2062
12355
19921
7615
8305
4178
3699
18972
88
3440
4275
2261
4056
24377
24186
4252
2669
7269
7890
6410
9620
1843
2321
5709
3336
7640
1662
319
1357
9370
3246
12675
866
601
1895
20579
1504
608
5235
3372
630
4690
20645
33209
665
33169
13405
2744
1418
4552
3920
650
1058
14701
4782
13022
2435
8666
17037
11194
3631
679
20928
25488
2856
2769
8600
2496
7218
1074
4397
21027
2847
4900
1842
5270
7032
21136
729
6400
3572
1011
6307
6570
4374
739
741
3606
6543
8026
13404
2548
2945
13226
3514
1553
4952
6724
10243
21521
13418
8685
1605
2477
1072
11718
21637
1620
1573
1624
21662
1069
21708
20288
21721
485
26372
4910
18757
21933
4701
461
13724
11669
4974
4983
5149
1114
7577
1670
1639
1682
12090
8212
3233
4294
13773
22913
12687
5158
644
3763
9121
3477
5654
1142
5413
2685
785
5018
116
1693
2748
4248
6924
125
6313
3135
22562
952
34751
904
10972
13928
14001
15981
14002
2747
8884
22776
1535
2084
1244
7618
624
2011
1812
198
3939
989
7069
23030
24221
6447
12562
12415
4812
27876
1410
1007
2955
5998
8668
4854
5471
2561
9910
2051
23306
14126
552
3243
4606
2701
1910
6645
2971
14269
6694
3289
21458
320
1902
1867
24869
10487
7183
1653
1089
3293
6274
14394
23518
2328
3361
329
