5038
588
893
566
273
5069
5022
1028
140
5030
5033
1768
370
458
647
286
95
1139
155
8344
543
887
823
613
80
90
2630
1806
530
128
195
1569
7954
1672
851
2718
82
200
102
478
554
20764
114
1588
2666
1053
136
1330
353
734
9129
516
1819
1528
1817
2348
76
4746
443
4153
147
5036
184
2737
91
1031
9137
2215
308
78
151
225
2753
93
127
106
213
342
4063
444
3311
33806
3237
8557
878
1725
5020
8556
301
686
652
1507
1304
16625
2939
1365
20805
133
292
56
4880
1824
416
360
929
1334
4152
277
1
9135
520
880
232
72
4398
2323
74
4876
107
1202
5050
1821
5053
385
910
22587
1371
1161
9500
316
3844
920
5237
81
939
1046
35675
1793
314
1970
3027
621
1927
6084
390
2111
4093
2773
2715
2253
4262
802
13634
89
4154
402
2015
1443
5027
9044
2720
960
659
919
2088
274
1233
2728
79
6831
9861
2601
1359
9132
144
879
1000
3174
2736
13635
192
2637
109
5051
1813
3161
343
5070
4183
10815
875
1470
8560
876
30172
2271
5023
915
6917
2047
4618
950
8566
5052
4621
449
922
581
4904
4216
13633
406
75
26576
13637
3258
8559
4272
918
188
1323
8032
8558
539
928
2186
244
22463
4737
2947
26142
5028
101
9131
1935
391
4755
593
1833
54
13396
9504
8987
1552
11812
620
948
26811
1025
30779
8565
4224
92
7059
10280
241
4227
10893
403
28825
560
15198
5024
5021
775
645
1481
8072
172
4027
1108
5853
383
10281
287
4256
1027
585
1208
5830
18722
165
35279
10959
815
280
9313
1560
46
5042
2723
4757
26854
4124
10601
386
6289
9752
8194
5064
852
145
26990
53
521
5150
9134
13267
6829
86
1185
764
1401
11547
6828
13266
18778
1885
5587
27605
5068
442
24464
5029
3354
1559
923
23648
23043
212
2667
279
1234
409
1668
22319
4121
215
28933
1164
2516
4486
12110
4480
5057
23946
707
8071
592
121
30513
5046
5032
1038
1847
24810
26856
1118
3108
889
4642
239
23873
959
14862
5557
700
16201
1340
551
452
3219
778
1790
4232
2296
462
21241
5045
22063
3058
5729
3313
1572
958
153
4160
19815
14338
175
21255
9130
5614
20183
20374
2746
20963
20966
3251
1259
441
2294
1406
5824
1762
5943
492
694
3334
796
5061
9754
205
505
3266
13640
1137
1063
19467
498
5907
3033
4070
5049
2697
438
255
6357
29813
6681
293
9136
3333
1775
7581
477
1308
12015
17278
4536
8857
1111
1126
2696
822
382
6022
6707
1113
3057
25323
3352
1316
425
1936
636
7657
32745
4477
727
1221
8794
10124
6899
3295
12076
12512
1461
12844
5190
13577
27
563
15323
1159
5881
3535
3128
1104
1037
19325
4191
20919
457
1030
21236
25529
4178
1236
2091
9172
28097
28509
29012
1585
11165
1049
3246
1472
22423
454
11494
300
1922
368
1966
423
6664
491
578
7089
4651
112
2837
4736
6782
682
420
2751
3050
7638
766
1713
1050
7516
5742
9239
25158
653
7551
3733
1439
11922
525
4075
991
1781
2740
4545
1350
1162
1188
7541
326
1697
1778
15247
15264
17179
4176
418
15395
8315
17181
1798
715
19720
2580
20654
2503
264
2959
6785
26378
27148
6876
13424
897
30808
16978
1059
7193
32840
393
7544
97
716
7571
2524
2264
1190
8271
16797
400
4132
4260
6049
4450
4426
2303
11818
654
12329
898
4802
12676
23960
4760
24890
3370
4884
760
5174
5041
13744
2263
510
14065
14886
11350
4065
917
5990
6008
10084
1042
271
1101
5963
389
6509
1619
6845
6893
3065
20157
2550
13578
1519
3994
7283
974
1615
2262
24812
1652
6231
7993
8629
7720
1767
5518
2953
2125
13
23364
2937
9499
31487
2229
2818
6320
10278
10330
1032
2943
696
295
10897
808
2613
2565
4878
5074
11680
243
1324
2254
5276
603
735
13585
13628
13630
3318
7998
13987
14055
564
6340
1479
3280
1683
13366
14893
2741
2577
3294
14827
6242
16017
708
817
853
1191
4513
1891
1057
16987
829
17832
6982
196
11298
17925
18067
1354
18384
1160
11040
4510
18861
615
782
11190
4193
1783
19464
1018
4263
19840
19912
2935
1384
1313
2590
4698
3823
24467
4205
3679
639
26699
1432
5202
1459
30545
1486
1803
331
424
6124
134
296
1629
3253
4519
2018
544
11204
681
11352
6081
6198
1071
2497
11890
4197
6671
508
1763
13093
6892
14057
6944
6986
673
14171
15003
7428
354
2642
481
3016
7641
2060
3223
4995
1103
8740
837
2144
3200
3297
3316
2385
254
1152
3145
8782
7382
631
9251
3473
675
610
813
1458
345
10778
9501
704
5883
10903
20353
5681
11031
1175
11191
2383
7784
20652
5170
1602
800
2690
194
2703
11631
1411
1807
11692
4460
966
4451
6405
842
24691
4119
5333
4560
4611
13256
24159
25658
1303
1642
1310
3214
26709
4752
13747
4531
4767
2090
4791
1818
4879
30683
657
1245
5105
12800
118
2121
166
5071
15666
5088
5490
242
4349
223
340
5242
307
3626
3157
413
5928
2564
16808
1759
5935
2576
455
419
17824
500
1148
2673
537
2708
19355
1944
2724
3461
2651
6023
19715
6047
14841
1253
19823
7990
19876
1734
2922
1953
20205
20692
5211
20990
2622
6738
22201
3241
1586
6909
3755
892
2066
3127
7102
7611
3364
885
25080
5833
3418
24025
3427
25504
3476
25791
3499
1132
3593
3197
3635
3236
8169
3767
27812
1166
1880
3038
3845
8340
30201
8524
13984
1339
4174
8878
2828
8411
1373
1145
2479
174
3437
9527
3035
4478
1394
3580
324
339
10245
9502
9534
16295
4639
10458
4644
1772
11099
22359
26584
9079
4103
5536
4937
1886
2941
4370
24811
594
5645
11827
5225
25326
4142
4517
12456
731
3234
5319
6069
12608
773
4335
2320
5515
13268
13175
2061
5727
13205
5769
772
839
5787
5839
4706
357
909
2635
364
934
6003
931
14036
6087
2784
6175
4164
5199
24152
14196
2754
6255
1023
493
1146
6447
1168
2604
562
1169
15990
6653
2977
1163
3969
4129
5398
4057
7235
16242
6889
3151
16461
4140
1287
526
16867
7096
1331
861
580
5500
13202
1332
5339
15201
1485
7558
1189
26911
1549
19125
1594
19126
3530
7736
4678
7821
691
1742
9539
221
20220
7994
11744
1387
3795
1852
20620
8212
794
884
1875
1055
8850
8876
940
16472
22354
8938
13415
2290
9474
6976
9521
2298
2386
23483
2430
23722
2469
23868
9933
1686
1228
10112
10214
24780
623
10363
7294
744
1210
1951
10414
2512
2518
1265
1366
2610
10872
27728
1320
4699
11083
4769
11115
11117
11143
2711
2878
1499
2770
11527
1054
7165
1086
2868
7640
7701
11925
1102
6560
23139
178
12362
12363
168
5141
3001
12421
6735
3169
12434
8350
3112
169
7651
313
13269
13303
5716
1158
3226
13419
429
3330
13423
13427
8005
446
3263
13631
3378
405
1367
13748
13796
465
13883
1416
484
3435
14114
3518
14141
7467
1356
14155
533
1061
14189
10733
10032
1413
1112
2328
14301
14577
14694
24743
7515
6024
3729
599
10972
5799
14942
596
15164
618
628
15281
1546
633
15465
3904
20336
6702
16288
1043
6786
6373
733
3100
16503
742
473
16788
4200
792
17512
7083
865
867
17818
4392
4293
17993
18009
18033
23288
18283
219
4505
18590
18600
4323
1302
18617
4504
1083
281
7130
18808
2436
4497
1120
4499
1122
1081
19249
7331
2486
4650
1291
19466
4689
10958
19826
4643
2633
19872
267
1170
4615
20238
20268
1205
7530
20280
17748
20471
20482
7700
1292
10384
20772
20931
1231
5026
11813
10359
7927
5015
819
4852
21680
1328
2951
1765
22321
1095
5145
22341
1333
20051
22385
22694
924
1457
2782
1464
3727
2189
23082
5195
1448
23140
8016
23369
874
1521
16085
614
5343
23676
5511
23687
575
5384
8582
4238
5315
2993
23869
24153
24700
1620
1213
8767
5726
475
290
5531
9021
451
25089
5696
25595
3309
16782
25766
1789
1723
25826
3324
16822
26015
1087
26033
1770
1822
9548
17100
9370
1628
678
312
1856
27796
4603
1193
1873
1892
3470
522
27888
6048
1911
28014
2099
28642
28644
29101
29818
10387
5075
29851
2234
30329
30340
30834
30862
607
224
2184
6305
33954
34497
34529
34894
1592
3673
35115
5279
35435
6488
1084
10799
6522
119
3680
142
2574
3743
176
11243
6951
6836
384
2165
5299
2570
7103
7107
15165
2700
11446
373
2620
7188
2692
2699
2760
122
7255
7259
2661
1036
4246
2510
2713
470
197
7237
233
2096
519
7521
1888
7663
7538
5465
16692
7721
16618
582
5320
12542
611
3109
23490
3114
830
625
13409
4601
643
3185
13707
7995
656
3171
13745
9
660
23456
871
4815
8186
3264
666
3285
8308
22118
185
1207
784
805
230
4866
855
3379
3350
3356
869
14255
3399
8529
14876
149
3498
736
3546
779
401
9133
1771
984
3541
3596
3480
7113
971
2679
1033
2276
480
1044
9358
1092
2398
1396
3731
1116
1130
6833
2572
3841
3849
16489
1305
1150
3815
3915
4014
16710
3924
1154
2579
9960
6783
9917
20939
1300
4083
4012
5684
9984
16622
3959
10053
4026
573
5705
2668
3080
4115
10374
10405
4148
1301
4254
4259
22566
10560
10603
1344
17283
1347
4220
7140
890
1388
10997
18657
4459
1425
6072
11050
4383
35732
1442
18719
180
1475
1490
1493
4413
6258
11214
1532
19026
252
4530
4547
11522
4616
4564
1048
19721
362
11678
2509
1674
355
4686
11718
4652
1696
399
12020
1707
4640
1728
11934
1731
4691
12178
1217
1663
1786
1800
1810
132
12409
1296
4766
6872
315
524
12675
1899
12465
20659
12886
1960
20820
1971
4920
4970
513
5035
5201
13147
2110
2118
1487
2149
8650
2168
712
2176
4538
13658
699
751
3742
7292
723
3133
2628
5248
5318
13820
13979
13948
23383
13972
642
235
23351
531
14161
2487
2493
193
2680
14145
291
2519
907
804
228
448
587
2587
14285
838
2596
9361
949
5778
378
5803
24221
5926
2676
24695
3459
5776
113
2725
15275
3039
762
5785
2745
146
2771
5856
488
6068
2783
1106
15386
6088
6092
1075
2913
6144
309
6131
6031
284
2965
6176
2966
16496
6210
2615
604
787
1252
2986
937
16630
2218
2142
2158
2631
1174
3021
2039
2216
6327
374
1076
8668
3323
3105
3107
6249
3110
6517
6550
3115
3126
789
6436
6674
726
3160
17336
6460
6696
28636
17642
6734
3186
3192
1357
3210
812
6600
6834
512
3259
497
18056
3272
595
1538
3276
517
556
3292
3293
3604
4542
930
1093
3315
6948
18387
18773
684
1143
6926
3377
1389
3388
3390
18826
753
2599
3400
9886
4625
3426
19213
3430
5
7176
19240
7183
1090
7106
7205
7216
2792
19382
111
3492
12562
1823
2652
771
3344
3899
724
3549
164
1809
3568
4577
7457
3584
7401
7405
177
10620
20177
3634
7533
227
7397
10960
945
20618
7604
3721
5971
20923
7555
7711
322
946
20964
7615
2071
3913
2029
1555
3939
7802
3943
7668
20997
1835
1429
466
21347
7833
7826
16210
1074
469
4028
1390
21580
1099
504
7800
1430
4858
4365
7812
4074
483
4079
1051
21854
1129
1524
1082
7962
548
4133
549
8099
1222
8081
4146
3271
4534
541
8166
532
3791
4490
8193
518
8219
8056
4231
4236
22738
22920
4243
568
8326
584
23034
559
8353
8206
23023
669
4275
670
4281
4300
590
2491
8484
12318
8543
4352
4366
2045
8561
12350
687
661
4395
2507
651
4412
4449
4462
745
1438
8748
1421
770
4512
4521
828
3688
798
758
9113
2256
754
863
4566
9101
24819
824
4586
9175
24889
4587
797
9203
1541
9185
9193
6815
2646
818
4623
4629
2664
13421
933
833
4649
13405
4671
13756
4680
873
9449
4688
26141
9357
1670
26812
4017
14134
2932
9589
1068
4787
985
2911
9620
26970
7459
4842
9761
9869
26818
1010
1078
1816
4524
4868
4886
6793
4890
27810
4895
27152
27871
14219
1045
27876
27233
3060
4723
4939
27837
4946
9997
27435
4203
1121
10065
10096
14396
4747
1841
28719
1196
5100
28619
10241
1179
5148
10334
1140
5168
1947
2608
1224
5192
5196
28979
2743
1180
10484
4358
10571
1181
3143
5235
5243
1295
2793
1312
4307
5303
10797
1315
1351
10859
33169
10934
4991
5395
3345
3215
5402
5405
5766
33056
2288
5428
11085
1422
1361
11194
5509
35547
4522
5556
11273
55
5676
11453
1478
3015
11393
5691
4700
1508
99
2308
1514
1550
11564
2476
5725
1607
1535
5733
19711
5748
11799
5749
8030
11821
7517
5998
11846
5286
5345
8029
2936
5916
245
6973
1716
11968
5934
12012
5946
226
5953
12077
1654
12082
3699
12155
5980
1689
5987
12195
1787
5994
12180
2595
5997
6002
6051
12327
6056
375
6060
5102
1788
358
381
1853
12436
6080
1801
6085
426
6090
3836
6109
377
440
408
12757
398
1845
436
467
6196
456
7312
1909
5224
6236
1930
12770
6292
13168
1939
13174
13178
511
6316
13113
2785
5210
13096
6372
1918
506
2041
18757
6803
1946
6486
13265
561
570
13544
2994
6543
6546
550
4144
6552
13486
557
13661
2078
13666
598
6645
602
7578
2178
3008
13746
6694
13731
6009
13743
6750
662
4230
626
650
6789
5552
19548
2190
3147
2213
6830
2260
2265
6851
6854
713
3082
6862
3152
2300
711
2292
6274
7128
2299
14156
4476
6921
6202
719
6936
3209
6940
5638
776
2306
6959
780
2424
20632
2471
7050
801
4515
14646
7082
14686
3267
3290
870
7119
872
14913
2472
2558
2573
2571
14951
901
891
903
936
905
7204
2603
26832
943
906
914
15146
4223
2638
7246
7268
2560
2639
7284
5920
970
6125
2584
4080
7372
15282
7400
1003
1040
1041
4836
21801
7432
6855
2706
2722
2619
15601
16031
4549
7532
1079
4885
1097
3631
1091
16098
7605
7608
1098
1109
7658
1117
2790
2910
30184
7680
7692
1133
2847
4677
9799
1135
2916
1149
7748
4306
1195
4552
2948
7816
1214
8001
2841
2860
1241
2972
17005
7947
16844
16846
3786
17046
7969
7975
4544
6706
7979
7324
3826
16972
1282
1248
1288
1306
17063
8026
17072
8051
1318
1325
186
4092
8085
28901
17488
17253
8161
17284
1370
4071
17289
17380
7437
4556
8204
1380
3091
17541
7526
3188
1404
8294
8305
3117
1428
17921
3135
8372
1433
18310
8391
1441
18020
18567
18115
1467
8489
18279
8521
88
1523
8553
8572
18710
8579
8596
143
3367
5702
8655
171
4692
4288
1558
3361
4228
1568
1596
5779
18803
18852
3368
18991
1640
4378
502
3394
5775
1624
579
8776
8808
1669
4374
8912
1660
3438
1667
3508
471
3494
26803
1691
9076
9086
1704
7451
9230
9038
7277
250
3551
9268
27313
261
3488
9344
1811
9356
586
1857
9374
1862
9417
28873
3649
9452
9508
183
9517
4735
555
9535
3748
6180
9578
154
20448
9616
3793
20608
9721
20643
156
20630
9829
1976
1996
3792
2006
4800
9896
2046
21026
9921
207
4728
9922
217
967
6376
9953
9954
8602
2084
10028
9292
10040
2081
10043
21319
591
10110
21328
21458
2136
10111
10121
349
372
10212
10236
638
7957
461
2217
4049
10248
2226
4123
2211
2250
10367
10379
925
22159
33707
2261
5118
22352
6715
8103
22223
2316
2305
10574
5144
5193
5695
4155
2355
2397
4234
22544
22525
4289
4237
4209
4136
2379
2449
2429
10841
2435
2442
10415
10881
2458
4169
4240
5300
7032
10969
845
5336
10988
2489
616
11014
14144
11041
4369
11042
5351
11053
2521
2593
2567
11198
116
11200
2618
23690
6007
11213
23706
11216
11227
11228
11229
2591
11259
2659
11286
2626
7168
2632
4568
24167
203
8694
2662
769
11619
240
11636
14241
4527
4559
2689
11667
260
269
11679
11711
24869
11760
5471
11762
2747
11773
11809
318
24912
11937
11974
2775
836
12065
2774
2912
2776
4778
472
2918
5708
2920
2854
12169
417
25640
2886
1176
12197
7597
2954
459
12291
464
4739
12321
25928
528
7563
7545
12347
7548
2983
486
542
4770
495
12417
496
2973
12437
1410
26342
12482
26332
12488
6391
2976
4853
12514
3036
5977
523
11394
589
12587
3056
12599
3070
4838
12696
3102
12720
4872
3064
5110
5076
624
677
13028
27037
3103
3141
27612
5146
27208
13161
27808
709
3170
3122
3166
720
13226
27758
3179
13230
3150
7941
7989
1471
10017
13272
5158
688
27967
13418
721
5212
27892
3245
3238
13474
703
5133
6957
13560
5220
5257
13627
3240
730
6406
13665
13671
13674
5172
3319
5274
7523
13740
3327
5316
29625
13773
3296
860
862
3304
3342
3305
791
29761
13970
14001
3336
1338
7170
29707
3380
14115
5314
8264
895
3412
14167
5368
3423
14180
969
1504
12575
3443
14232
3447
14256
14268
14269
3516
3477
14275
951
14353
5467
8678
14424
1035
8684
3491
5478
1052
5498
5554
3529
14528
14580
3548
1072
3588
34752
5507
1597
14703
1017
3581
14752
6912
5700
1574
14838
1029
1077
1034
14851
3671
6920
3624
3625
34904
8962
1070
1105
14923
3633
35648
3707
35390
3715
1171
3650
35735
1637
35738
15120
15141
3711
15142
15144
7007
7047
3693
15195
1127
3732
15210
1797
3716
49
15260
2268
15267
3776
15284
73
1828
15286
1238
84
3800
15300
5948
1204
5825
15330
5843
1211
15380
108
83
15381
15383
15410
1218
15456
87
137
1289
15565
120
3803
1203
115
1814
3963
15672
1297
6020
3965
7177
15697
15797
173
126
11356
141
1307
15839
1883
1831
135
157
15953
187
3949
11284
3952
16026
159
5988
1341
160
4060
11423
206
229
16105
1919
1362
1368
2252
4084
3944
4033
6150
16222
251
4038
6061
263
16296
246
1929
218
1393
1326
16318
1934
4066
16343
4076
236
6191
16451
2269
4170
16498
4046
323
288
16537
16565
2001
16573
336
306
344
4135
7527
16632
367
4139
16641
1483
6209
11825
4097
376
16691
6279
8374
16203
379
1997
9909
16737
430
404
6313
6449
380
388
6307
6470
434
6443
2051
4305
11952
14296
6570
479
16892
9154
482
1517
1579
487
16998
1566
4269
4274
17040
6452
17052
507
2495
7786
6491
1578
534
17184
16207
535
515
17185
4318
17187
6528
17211
2160
527
1653
17251
6654
529
4453
540
536
558
2272
4357
8699
6582
4302
565
545
17314
547
17337
10376
4375
17394
17421
17481
569
4390
17565
17582
4529
583
17661
17670
2279
17739
4550
6890
6752
606
6798
6844
630
2648
1782
6801
612
632
17985
1760
664
18079
627
646
8031
635
674
2420
18184
658
641
679
665
18288
4617
18441
4622
4546
18472
6864
18473
18474
2733
18493
2477
10641
4539
1849
10826
18628
692
4676
18632
714
4561
2514
4563
706
16216
4594
4572
18714
4697
2515
18725
4703
747
768
4619
737
18786
18810
783
752
1898
755
1914
2575
7105
18959
803
18962
18972
811
4695
18989
4681
788
8335
4808
11033
19016
1987
4687
795
19130
19149
4694
4726
2955
4707
4729
2011
7187
19221
835
864
4745
19307
19310
2052
19366
888
7186
19374
4789
19453
882
900
19454
2070
19470
7303
19484
932
3043
4820
19524
4947
19525
7300
2092
2058
4959
7244
4832
952
19643
4837
19647
19664
19681
2705
7471
972
990
992
5083
4911
8659
995
19862
1007
19873
1013
19921
4938
19925
19926
1008
19962
1009
11353
20013
2251
2255
2257
1056
20171
1058
1026
7477
5166
5025
20231
5082
20248
1085
5066
7510
7559
5073
20307
7549
8981
20352
20439
1107
1088
1110
5131
1114
20579
7655
2975
2960
5138
20645
7785
5277
20720
5287
1153
7627
1167
3032
20856
5178
20884
20909
1142
5308
20928
1182
7695
5203
20956
1184
1192
1186
3028
14175
20976
1165
21027
5251
3081
2480
21136
1215
5284
5253
21160
1212
5376
21284
1199
1216
5400
1242
2488
5313
21350
2492
1237
1227
5307
2501
16616
1255
3129
1240
5323
5434
5437
21521
1286
8019
21528
9386
1294
7997
21637
2566
5353
5470
21662
2585
