0.928385104888
0.91164791245
0.897704018385
0.882027296575
0.8713573299
0.863121675628
0.855089811949
0.846822590514
0.838812789148
0.833548219376
0.828246186829
0.819841562546
0.811853969693
0.805555731702
0.797691494038
0.791765470597
0.785177685232
0.776681086207
0.77161558631
0.766099020013
0.759464108491
0.754919203426
0.750696445113
0.741317309553
0.736878051698
0.731995095639
0.726976589789
0.723438490646
0.718399185452
0.712225269693
0.707175480276
0.703437065905
0.700801224628
0.696782448908
0.693269295591
0.689272203469
0.685827213451
0.680432152807
0.677155879149
0.673741355378
0.670092560675
0.667229080369
0.663694757802
0.660555557599
0.657953258082
0.653100347282
0.649938473539
0.646784454156
0.643685552683
0.639217450887
0.636562850038
0.633488575566
0.630374610069
0.627315334446
0.624216681339
0.62220192102
0.618975954718
0.61394389794
0.611295987125
0.608607502791
0.606155954483
0.603801586038
0.601129659448
0.598463676031
0.596490953004
0.594521501012
0.592738057654
0.590592360813
0.588040875954
0.585404162752
0.583498447504
0.581414798164
0.579244539496
0.576267157768
0.573746903632
0.571905152356
0.570155994095
0.567872677745
0.565281588173
0.563052600597
0.560783585558
0.558652214688
0.556347827729
0.554578439076
0.5519737792
0.549375291487
0.547748808491
0.54643181262
0.544590681378
0.542228130941
0.540350477545
0.537997153647
0.536170330762
0.534433358296
0.532136249698
0.530621980643
0.528203708115
0.52656583022
0.524801551569
0.52286852309
0.521024732041
0.519013184628
0.515555730504
0.513087060785
0.511218188277
0.509479822494
0.503571059621
0.50235039811
0.500837150704
0.499619806026
0.497691894594
0.496436563987
0.495141054431
0.493555342236
0.491930576665
0.49051627939
0.489187011413
0.487818101731
0.486202800496
0.484838070764
0.483557811946
0.482361669988
0.48046746061
0.479069752785
0.477715073955
0.476567160828
0.474807083264
0.473499294555
0.47268283927
0.471215016447
0.469830921201
0.468651888324
0.467271481579
0.466460421652
0.46500230977
0.464678593554
0.463506065757
0.462173613056
0.460601361954
0.459715623081
0.458348448439
0.456782774637
0.452942568896
0.451904630892
0.450668683414
0.449712949322
0.448917279289
0.447526597936
0.446574214145
0.4454247844
0.44451420715
0.443248906667
0.442340550621
0.441078341505
0.440211603523
0.439463732524
0.437380992099
0.436870872683
0.436047461383
0.435068248764
0.43409011592
0.433113082229
0.432020160187
0.431084434543
0.429566085942
0.428244591297
0.426770192936
0.425917631201
0.425259413338
0.424408368221
0.422747564898
0.42170633296
0.420974364442
0.41935900684
0.418629076333
0.415831178783
0.414645700716
0.41369085264
0.412851468403
0.412089126993
0.41136556241
0.410756734182
0.409578462256
0.405979735351
0.404959415491
0.403864934555
0.400214693691
0.399576662183
0.398264756937
0.397628300177
0.396768005623
0.396282159154
0.395609937667
0.394528142781
0.393820167137
0.393038426746
0.392294624725
0.391662941526
0.391031765629
0.390364025302
0.388993315406
0.388364313153
0.387772775437
0.387144743749
0.386443433478
0.385779622973
0.384785013413
0.384306563323
0.383644634059
0.382909806688
0.381955561031
0.380929275099
0.380306814916
0.379831160267
0.378734660695
0.378077512039
0.376947224102
0.376473672638
0.376036812429
0.375600207632
0.375163856486
0.374655100441
0.374001490563
0.373312195225
0.372152776227
0.372151897258
0.371789925609
0.37160900584
0.37113882053
0.370271606953
0.369802270668
0.369333230309
0.368756407847
0.368324049935
0.36738820275
0.366812870485
0.366309811008
0.365914801377
0.365161286654
0.36415781694
0.363692377009
0.363119935303
0.362405126948
0.361655293681
0.361120120989
0.36065662219
0.359517250392
0.359054794378
0.358663709284
0.358024258038
0.357349887568
0.356888821347
0.356357212093
0.355755197201
0.355224426403
0.355082949292
0.354446673962
0.353810995768
0.353634506075
0.35363312685
0.35317447031
0.35289236159
0.352152425978
0.351378023838
0.351026303899
0.350815356485
0.350534191909
0.35004243045
0.349515924152
0.349165143072
0.348814538138
0.348253965164
0.347658849918
0.346330679331
0.345981497659
0.345702277737
0.345213924707
0.344656226438
0.344307892029
0.34409897382
0.343750917722
0.34347260143
0.343090098179
0.342881551638
0.342464647033
0.342256288969
0.341909166445
0.341215518534
0.339727047853
0.338793714275
0.338655548712
0.338517413095
0.338482883154
0.33793064718
0.337654696531
0.336793105541
0.336242254076
0.335863800427
0.335107650557
0.334798515724
0.33466116748
0.334146373144
0.33346065005
0.33315227617
0.332844062582
0.332467532449
0.332159616548
0.331749294527
0.331441715066
0.330042615686
0.329633604192
0.32953138831
0.329020573116
0.328782315994
0.328442108971
0.328170061723
0.327626349463
0.327422557108
0.327015169683
0.326743714286
0.326268987927
0.325455918171
0.324644104338
0.324272245603
0.323360489935
0.322787067094
0.322551080498
0.322146740402
0.321742653956
0.321507047835
0.321338810592
0.318253805293
0.317986024306
0.317718345484
0.317551103467
0.31701632182
0.316782459546
0.316448516282
0.316081404687
0.315881237422
0.315814529091
0.315681133569
0.314848134631
0.31464835841
0.313783422404
0.313251792013
0.312853319347
0.312554635269
0.312256093869
0.312023991296
0.311758834888
0.31159316938
0.311096463497
0.310997164595
0.310401864396
0.310335737348
0.310269617347
0.310170450555
0.309972164531
0.309608831272
0.309410724917
0.309212681974
0.308882761889
0.308849778512
0.308454120663
0.308453447784
0.308354571634
0.308222761427
0.308025104245
0.307794579942
0.307564145473
0.307300928434
0.307235132541
0.307136451913
0.306840515716
0.306643298899
0.306413308319
0.305953614278
0.305330394904
0.305166446822
0.304936995249
0.304805917811
0.304773152855
0.30474038966
0.304511107188
0.303889362158
0.303758515471
0.303464210388
0.30290870514
0.302712760099
0.302158014041
0.301505920781
0.301375583156
0.301147561891
0.30114750024
0.30095212239
0.300756806191
0.300529017438
0.300333838633
0.300106213697
0.299976179044
0.299716204856
0.299683714688
0.299586254753
0.299326446143
0.299261509844
0.298872061148
0.297996926277
0.297770185594
0.297737801114
0.297446421819
0.297284605106
0.297155183442
0.297122832429
0.297058135689
0.296670120823
0.296411578704
0.296314652492
0.296056270667
0.295959402583
0.295927116745
0.295894832668
0.295862550352
0.295604360526
0.295539829363
0.295314025778
0.295120548546
0.295023833709
0.295023796718
0.294927099496
0.294637124087
0.294250694537
0.294057567836
0.293928852517
0.293896677651
0.293800163621
0.293382131681
0.293253562564
0.293092892562
0.292964386858
0.292964071556
0.292867712535
0.292739256152
0.292578727068
0.292129538386
0.292097462161
0.292001244057
0.291905041806
0.291840915779
0.29072046913
0.290528504994
0.290272668481
0.290112815798
0.289825195463
0.289665466082
0.288804260853
0.288517297543
0.28851695582
0.288007213356
0.287943517126
0.287879827942
0.287879757483
0.287688732206
0.287497777387
0.286671191933
0.286544102444
0.286385280217
0.286258255902
0.285909116504
0.285909033716
0.285908996725
0.285750355928
0.285591759167
0.285464910999
0.285369792047
0.284926210099
0.284609545016
0.284482913508
0.284039981539
0.283976725675
0.283092147605
0.282997424982
0.282997387991
0.282524079609
0.282177208975
0.282177171984
0.281925027495
0.2818935167
0.281830500395
0.281767491135
0.281704488921
0.281704441362
0.281704372664
0.281326544334
0.281200645594
0.281106240034
0.280886025569
0.280854572902
0.280728785134
0.280445880233
0.28006886746
0.279786318374
0.279629380911
0.279503867931
0.279252917714
0.279190197334
0.279002078469
0.278751359003
0.278657365625
0.278563389862
0.278500746987
0.278438111157
0.278250245942
0.278093750606
0.277906012216
0.277780883235
0.277655782437
0.277561974013
0.277530708061
0.277374406486
0.277124423311
0.27709318202
0.276999468715
0.276499946254
0.276437535891
0.276312738065
0.275969712702
0.275969309327
0.275875788022
0.275782282569
0.275564164243
0.275470711634
0.275252720134
0.275097065015
0.274879219716
0.27484810525
0.274785881602
0.274661460729
0.274474877859
0.274350523921
0.274319439399
0.274257275641
0.274164044977
0.273698187579
0.273667140049
0.273667113627
0.273325728185
0.273325684149
0.27317057156
0.273139553974
0.272922492526
0.272891489032
0.272767492671
0.272767313002
0.27270532539
0.272674334226
0.272519410114
0.272395500064
0.272116817388
0.271993002458
0.271838266822
0.271807324979
0.271652643949
0.271559857173
0.271528931183
0.271405244839
0.271157983123
0.271065279136
0.270910807719
0.270787264054
0.270509412788
0.270509243688
0.270478377588
0.270262364209
0.270200661954
0.270169813469
0.269676491355
0.269645672815
0.269553229524
0.269152847433
0.269060488692
0.268814278569
0.268660451848
0.268506672686
0.268168530096
0.268014888328
0.267922723348
0.267799866653
0.267769155562
0.267738446232
0.267584926005
0.267554227244
0.267431449814
0.267094006525
0.267093925498
0.266695371805
0.266021698873
0.265991089947
0.265654527388
0.265593353572
0.265348741095
0.265318170921
0.265073678224
0.264829319398
0.264585057452
0.264462965231
0.26437141324
0.264340899433
0.264218863579
0.26415785534
0.26403586
0.263944383751
0.263913894604
0.263913755449
0.263334981287
0.263274075212
0.263121844376
0.263060962962
0.263000088594
0.262939221272
0.262604640359
0.262513410715
0.262483004357
0.262422196925
0.262300603198
0.2615112163
0.261207820311
0.260904605752
0.260874292752
0.260843981512
0.260753058363
0.260692451737
0.260631852158
0.260571259624
0.260086795902
0.259663284053
0.259481869313
0.259451639101
0.259451621486
0.259330720014
0.259028595801
0.258877594464
0.258726637165
0.258666266575
0.258485202366
0.258243887346
0.258153418654
0.25800267273
0.258002591702
0.257821772336
0.25761089362
0.257400094169
0.25679844566
0.256797482141
0.256737337018
0.256707267099
0.256647132545
0.256526884575
0.256526736613
0.256466623196
0.256346419263
0.256316372243
0.256166167088
0.256076063018
0.255805856498
0.255385883426
0.255235949535
0.255175987605
0.25511603272
0.254996144089
0.254876288925
0.25475645666
0.254756403816
0.254756386202
0.254696480638
0.25463658212
0.254337209311
0.254217505632
0.254127745048
0.254067913466
0.254038000317
0.253858568983
0.253798769107
0.253559643585
0.253320643126
0.253141456635
0.253022034791
0.252962333557
0.252216932129
0.252067935336
0.252067880731
0.25200829223
0.251978500622
0.251829570766
0.251621158096
0.251561622439
0.251412815885
0.251353304889
0.251353206247
0.251323453391
0.251323419923
0.251204427876
0.25114494154
0.251025995291
0.250817908492
0.250402027296
0.250342636079
0.250075480411
0.250016127946
0.249897444155
0.249867777611
0.24986771596
0.249749069159
0.249689755446
0.24963044878
0.249511856584
0.249334026419
0.249185878651
0.249156254382
0.249037776682
0.248682544387
0.248682382332
0.248593604644
0.248534428326
0.248475259053
0.248445677059
0.24809090979
0.248031793361
0.247824951916
0.247500080182
0.247441034211
0.247234430563
0.247234300215
0.247204792202
0.247057280323
0.246880322081
0.246880278045
0.24685079117
0.246762342875
0.246703384977
0.246644434126
0.246614961343
0.246261432382
0.246173088013
0.246143643413
0.245467057023
0.245320073582
0.245231900075
0.24514374066
0.245084976524
0.245055597098
0.245026219433
0.244879361056
0.24484999396
0.244761903242
0.244732543192
0.244644473611
0.244527073925
0.244321694494
0.244175049253
0.244057765824
0.243706123389
0.243618238761
0.243501089203
0.243500971185
0.243471686878
0.243149739171
0.242857236064
0.242798746716
0.242681789157
0.242447963874
0.242301882301
0.242214251325
0.242097434683
0.242039036931
0.242009840697
0.241834717899
0.241747171472
0.240873070579
0.240727464601
0.240669232426
0.240611007298
0.240436375948
0.240261823864
0.240174564555
0.240058246407
0.239971022328
0.239941951158
0.239883814103
0.239883780635
0.239854714749
0.239796588262
0.239738468821
0.239680356426
0.239535108025
0.239447980826
0.239360869481
0.239273773989
0.239128652413
0.239012582631
0.238809533613
0.238751533952
0.238722536763
0.238693541336
0.238635555766
0.238577577242
0.238548590622
0.238519605763
0.238403689229
0.23756443534
0.237477667479
0.237246366372
0.237188556948
0.237159654878
0.23713075457
0.237101856023
0.237072959238
0.236957391473
0.236899617278
0.236841850129
0.236755214379
0.236755189718
0.236697440184
0.236697246423
0.236610635333
0.236524040096
0.236408604441
0.236293202253
0.236235509086
0.236062478905
0.235975984071
0.235947155983
0.235803041963
0.235658977265
0.235601361602
0.235572556412
0.235255878999
0.23516953389
0.235083204634
0.234968121271
0.234824311984
0.234163666826
0.234106234355
0.23404880893
0.233933980979
0.233905277955
0.233905239203
0.233819140698
0.233819126606
0.23376173641
0.233675664328
0.233618291747
0.233532246086
0.233446216278
0.233302870256
0.233245543473
0.233044960502
0.232758592567
0.232729961763
0.232672705438
0.232615456159
0.232558213926
0.232472365549
0.23227212254
0.232186327007
0.232129137618
0.232043366745
0.232014779977
0.231986194971
0.231957611726
0.23190045052
0.23184329636
0.231529137838
0.23141492816
0.23130075195
0.231243671771
0.231186598639
0.231129532552
0.231072473511
0.231043946633
0.230815810872
0.230787299847
0.230730283081
0.230559275059
0.230502286476
0.230302908346
0.229904421588
0.229790615285
0.229762167673
0.229705277732
0.229676835404
0.229534650186
0.229449360192
0.22925043828
0.229165202892
0.228852826969
0.228739284885
0.228654144616
0.228625767462
0.228512276461
0.228427178466
0.22825703356
0.228171981364
0.228058608381
0.227973593175
0.227803613847
0.227718646201
0.227690327175
0.227605380666
0.227577068686
0.227435540493
0.227407239082
0.227378939432
0.2273788038
0.227237342542
0.227152480584
0.22706763624
0.226982805988
0.226926261294
0.226587237973
0.226587172799
0.226417718386
0.226417558093
0.226417526387
0.226389288389
0.226389272535
0.22630457087
0.226078783139
0.226022351178
0.225965926264
0.225909508395
0.2256557416
0.225627551161
0.225571175567
0.225542990413
0.225458447279
0.225289412094
0.225204914758
0.225092276305
0.225092251644
0.225007791299
0.224923348569
0.224895203928
0.224867061048
0.224866935984
0.22481065551
0.22472624977
0.22466998691
0.224613731096
0.224585605831
0.224529360585
0.224473122386
0.224388778297
0.224276349458
0.224220142964
0.224163943517
0.224135846435
0.224051567521
0.223995389211
0.22371464034
0.223237868923
0.223237766759
0.223181690614
0.222873429466
0.222817399119
0.222789386588
0.22273336681
0.222593351712
0.222453382413
0.222201542658
0.222173568878
0.222145596861
0.22208965811
0.222033726404
0.222005763194
0.221977801745
0.221949842057
0.220944616166
0.220860939672
0.220721516426
0.220665757344
0.220610005308
0.220554260317
0.220470656043
0.220359213622
0.220164258523
0.22008072823
0.219969384451
0.219941551588
0.21977459669
0.219746776158
0.219524280599
0.219413074214
0.219385276581
0.219107435884
0.218996333425
0.21899627882
0.218801920856
0.218774161975
0.218718649498
0.218663144067
0.218607645681
0.218330308762
0.218330268248
0.21833025768
0.218302528744
0.218247076156
0.218191630615
0.218163910486
0.218108475513
0.218053047586
0.218053017641
0.217693024114
0.217582282755
0.217526921764
0.21749924391
0.217277921485
0.217250259485
0.217194940768
0.217111975904
0.217111921299
0.217056620197
0.216890769736
0.216752605935
0.216531646371
0.21650403193
0.216448808333
0.215952164101
0.215924586651
0.215814296226
0.215731595582
0.215621354478
0.215538690825
0.215511139796
0.215483590529
0.215015733873
0.214988216312
0.214933186475
0.214850656693
0.214823149701
0.214795644471
0.214795602196
0.214768098727
0.214383302053
0.21432834972
0.214108626703
0.213861558748
0.213669497731
0.213642066482
0.213614636995
0.213367872011
0.213285641677
0.213258235089
0.213230830262
0.21312123033
0.213039049317
0.212984269608
0.212956882396
0.212792606682
0.212628385572
0.212190787311
0.212136116813
0.212108784206
0.211999473154
0.211999175467
0.211944529629
0.211917209352
0.211862574083
0.211835259091
0.21178063439
0.211753324682
0.211726016736
0.211671406127
0.211671263449
0.211616659886
0.211234685074
0.211152866922
0.210934799679
0.210880291235
0.210825789837
0.21079854178
0.210635100999
0.210553399103
0.21049893998
0.210417266268
0.210417236324
0.210417213425
0.210281133434
0.210253920606
0.21022670954
0.210090684154
0.209927525207
0.20992745651
0.209845892008
0.209791524482
0.209791466353
0.209764285232
0.209601242541
0.208760449134
0.208733334948
0.208489405919
0.208462309348
0.208218535327
0.208218299291
0.20816414314
0.207920554073
0.207920524128
0.207893464547
0.207758203636
0.207704107374
0.207650018159
0.207622976193
0.207568897546
0.207514825944
0.207460761389
0.20740670388
0.207379677767
0.207325630826
0.207244575387
0.207217559844
0.207028507404
0.207028375294
0.20662367586
0.206461862669
0.206246212152
0.206138423003
0.206111479679
0.206057598316
0.206003723999
0.206003681724
0.205949814452
0.205922883458
0.205815182383
0.20573442287
0.205734405255
0.205680573213
0.205653659833
0.20559983836
0.205546023932
0.20551911936
0.205465315501
0.205411518688
0.205303946199
0.20522328709
0.205196403655
0.205169521983
0.205169500845
0.205115742784
0.205061991769
0.20492764858
0.204847063451
0.204847037029
0.2036676043
0.203587267538
0.203480175928
0.202731797629
0.202705078011
0.202651644059
0.202437985755
0.202384587032
0.202384576463
0.20238448839
0.202064298622
0.201984277161
0.20185094329
0.201371545533
0.201318287728
0.201211798538
0.201131947939
0.200255437366
0.200175775243
0.200069583741
0.200016498558
0.199910349331
0.199883816428
0.199830755906
0.19977770243
0.199777580889
0.199698013885
0.199644978024
0.199565437442
0.199459409756
0.199406405601
0.199379906165
0.199379858606
0.199326865019
0.199273878479
0.199194411879
0.199062004536
0.199061967545
0.198956071968
0.198585668201
0.198453466949
0.198347733427
0.198162779909
0.198109948377
0.197951496056
0.197925093501
0.197898692708
0.19779310891
0.197687553295
0.197634785176
0.197608403758
0.197582024102
0.197529270074
0.197476523093
0.197397417592
0.197344688225
0.19723925239
0.19718654416
0.197107495027
0.197054804412
0.197002120843
0.196923110461
0.196870444507
0.19676513902
0.19676509146
0.196738768171
0.196607179908
0.196554556229
0.19623900439
0.196081302452
0.196028749231
0.196002475263
0.195976203056
0.195897397004
0.195792352214
0.195766094099
0.19552985209
0.195503611589
0.195451135873
0.195398667202
0.195319977407
0.195319929847
0.195293703438
0.195241255905
0.195215034781
0.195162597816
0.195136381976
0.194769619151
0.194743429732
0.194691056181
0.194638689675
0.194586330215
0.194560153127
0.194455467674
0.194455369032
0.194324555813
0.194141481775
0.193906240277
0.193645034827
0.193592809238
0.193540590695
0.193410075163
0.193383977341
0.193227434445
0.192992744284
0.192888481583
0.192836358158
0.19278424178
0.192367582018
0.192341554655
0.192263483133
0.192237462815
0.192211444259
0.192211407268
0.192185390473
0.191951355576
0.191925356396
0.191847371186
0.191354012081
0.191276143127
0.191224238124
0.191224176473
0.190990692914
0.19091289618
0.190861040498
0.190835115299
0.190809191862
0.190731432118
0.190679601097
0.190679571152
0.190627747176
0.190498219824
0.190368740032
0.190316958331
0.190239300753
0.190187536667
0.19018750496
0.19016162556
0.190109872042
0.189877078976
0.189851220713
0.189825364211
0.189747807036
0.189644419781
0.189463565186
0.189437735106
0.189437675216
0.189411846898
0.189334372511
0.189205283763
0.18920519569
0.189024545424
0.188998745289
0.188895562364
0.18884398147
0.188843842315
0.188740703426
0.188740677004
0.187788266791
0.187788261507
0.187685409736
0.18763399442
0.187608289404
0.18727428625
0.1872229273
0.187171575396
0.187145902087
0.187068892726
0.186991899219
0.18696623824
0.186940579022
0.186940563169
0.186914905712
0.186555983154
0.186504722846
0.186299767927
0.186171723726
0.186171642698
0.185787767269
0.185685465075
0.185634324546
0.185583191064
0.185532064627
0.185480945236
0.185480894154
0.185404228278
0.18537867651
0.185353126502
0.185021136699
0.184995611353
0.184970087767
0.184868012801
0.184714952316
0.184714710996
0.184663704338
0.184638203652
0.184638089157
0.184587093068
0.18458704727
0.184561551868
0.184510566349
0.183874118395
0.183797787198
0.183746907366
0.183746794632
0.183695921846
0.183594202696
0.183492506444
0.183263796447
0.183060625889
0.183009848222
0.182832208295
0.182806834433
0.182680002118
0.182654638826
0.182375769435
0.182097113181
0.181995834396
0.181945204692
0.181869273346
0.181818661256
0.181666867262
0.181616283356
0.181565706495
0.181464579196
0.181363476557
0.181362870614
0.181287062571
0.181261796159
0.181110245247
0.181084991165
0.180958750701
0.180933507188
0.180933440253
0.180782023211
0.180731562607
0.180681109049
0.180681093196
0.180630646684
0.18060542607
0.180605415501
0.180605374987
0.180605332712
0.18058011386
0.180504467871
0.180479256064
0.180428837736
0.18042869858
0.180428682727
0.180428569993
0.180428517149
0.180327701629
0.180277304438
0.180277267447
0.180226877302
0.180201684871
0.180151305294
0.17989951486
0.179874345328
0.179698220258
0.17964791114
0.179572460674
0.179572448343
0.179547301711
0.179446734557
0.179446729272
0.179421591447
0.179321063045
0.179220562826
0.179195440854
0.179044746012
0.179019636371
0.178894125152
0.178869026079
0.178743567704
0.1787184792
0.178668307476
0.178618142797
0.178567985165
0.178492763688
0.17844262367
0.178192060975
0.178141963232
0.178016760269
0.177891590774
0.177841535307
0.177766467078
0.17774144727
0.177716429224
0.17769141294
0.17756635794
0.177541352225
0.177391356683
0.177366363298
0.177341371674
0.17704162015
0.176742124038
0.176567545532
0.176542610275
0.176517676779
0.176417962173
0.176368114558
0.176343193392
0.176118992738
0.176019389104
0.175994492599
0.175870047065
0.175820276954
0.175770513889
0.175745634998
0.175646137052
0.17554666905
0.175496944737
0.175422371479
0.17537266478
0.175322965128
0.175298117944
0.175273272522
0.1751490824
0.175124247546
0.174950463459
0.174900823696
0.17485119098
0.174826377263
0.174826370217
0.174776748069
0.174751939638
0.174677524911
0.1746279239
0.174454402271
0.174380050957
0.173934293604
0.173884798281
0.173860053262
0.173686905063
0.173637444969
0.173414981117
0.173365559775
0.17331614548
0.173291440974
0.17326673823
0.173192640566
0.173143250931
0.173044498083
0.172871756782
0.172822412945
0.172526594766
0.17237874997
0.1723541124
0.172304842544
0.172255579734
0.172157080536
0.172058604238
0.171960161407
0.171886343816
0.171812542078
0.171812531509
0.171222720026
0.171173612224
0.171099963734
0.171001795691
0.170903655831
0.170781019319
0.170756496244
0.170682937588
0.170584885802
0.170437875938
0.170364385979
0.17031540148
0.169777311808
0.169728411859
0.169703964527
0.169655075147
0.169630633099
0.169581754288
0.169508449283
0.169459588086
0.169386309503
0.169337465921
0.169288629385
0.169215389553
0.169093358984
0.169020159666
0.169020138528
0.16897134779
0.168971317845
0.168703137006
0.168654392066
0.168483866684
0.16833775869
0.168289066594
0.168191708823
0.168143037865
0.168118705028
0.167972746758
0.167924107505
0.167875475299
0.167826850138
0.167486787555
0.167438218761
0.167389657013
0.167389634114
0.167292533517
0.167122673968
0.167025654399
0.167001402589
0.166904418249
0.166880175246
0.166855934005
0.166783222612
0.166734755983
0.166710525311
0.1666862964
0.166492546141
0.166468333083
0.166419912252
0.166347295978
0.166323093489
0.166250498353
0.16617791907
0.166129540514
0.166032809824
0.165887769275
0.165863600254
0.16574279214
0.165718633687
0.165477167182
0.165428890791
0.165332364431
0.165308235923
0.165259984193
0.165259725258
0.165235602035
0.165187360873
0.165018574054
0.164898074195
0.164777613088
0.164657201302
0.164633122116
0.164536824746
0.164488685749
0.164440553798
0.164416490464
0.164344311033
0.164272149216
0.164248098213
0.164248075314
0.164224026072
0.164175932873
0.164055730701
0.164007662163
0.16381547432
0.163743426999
0.1635033908
0.163479396164
0.163383435233
0.163359449404
0.16331148303
0.163191603206
0.163143661493
0.163071762134
0.163047799204
0.163023838035
0.163023816898
0.162975899845
0.162927989838
0.162927981031
0.162832187439
0.162736418507
0.162592815312
0.162568887611
0.162521037494
0.16232972686
0.162329721575
0.161590097742
0.161494695195
0.161399324354
0.161327810755
0.16128014383
0.161232483951
0.161208656653
0.161137187091
0.160970492889
0.160851476181
0.16085142686
0.160780034803
0.160684875337
0.160589744055
0.160565964317
0.160518410125
0.160494635672
0.160423324641
0.160090809923
0.160067067175
0.160043326189
0.160019586965
0.159972113801
0.15987718861
0.159853461716
0.159806013212
0.159805925139
0.159568800637
0.159545096642
0.159450298276
0.159379217997
0.159355528094
0.158858535093
0.158173440841
0.158149840772
0.157395628511
0.157348546391
0.157301471317
0.157301441372
0.157230843734
0.157207314123
0.157160260187
0.157160249618
0.157113202728
0.157066162883
0.156948595858
0.156831071109
0.156784073539
0.156666612202
0.156619639293
0.15657267343
0.156502239607
0.156478764602
0.156431819877
0.156337953324
0.156244114955
0.156056545666
0.155939357356
0.155822213082
0.155681695968
0.155447641695
0.155237169877
0.155213789991
0.155213735385
0.155166980897
0.155120233456
0.155050125504
0.154980035166
0.154956674656
0.154723178767
0.154699837633
0.15467649826
0.1546298248
0.154536504301
0.154513177258
0.154489851977
0.154489769189
0.154466445669
0.154466435101
0.15432654859
0.154279927973
0.154233314403
0.154210010259
0.154186707878
0.153953787986
0.153814133989
0.15381412342
0.153744311394
0.15369777885
0.153558241109
0.153488487211
0.152977745998
0.152954536974
0.15290812421
0.15288492047
0.152861718491
0.152722547135
0.152699357486
0.152629799111
0.152583435667
0.15218976827
0.152166619135
0.152120326151
0.152097182301
0.152004629799
0.151935231716
0.151773378012
0.151288421081
0.151219185053
0.150688916272
0.150665881632
0.150596790044
0.150481673213
0.150343597486
0.150320589268
0.150182594568
0.15015959868
0.150136604554
0.150090621587
0.150067632746
0.150021660347
0.149929741972
0.149470847634
0.149218602742
0.149081115343
0.149058204005
0.14903529443
0.148943675503
0.148897875728
0.148829189275
0.148783407115
0.148783391262
0.148691853362
0.148646092339
0.1478700538
0.147710382548
0.14766477301
0.147596373677
0.147573576835
0.147527988435
0.147459620807
0.147368491567
0.147345712339
0.147300159169
0.147299942509
0.147163335841
0.147095052763
0.147072294673
0.14707227882
0.147026767925
0.147026713319
0.147003960514
0.146958460187
0.146912966906
0.146890222908
0.146890196486
0.146799243392
0.146503840917
0.146481128625
0.146435709326
0.146390297072
0.146276799025
0.146276793741
0.146254099063
0.145959235597
0.14593656558
0.14589123083
0.145845903127
0.145823241917
0.145777924782
0.145755268857
0.145755214252
0.145709907686
0.145687257045
0.145641961048
0.145370429908
0.145302562536
0.145234711017
0.144895793383
0.144895721163
0.144850548469
0.144782802637
0.143545942722
0.143433563203
0.143388619498
0.143388610691
0.143343674032
0.143231373779
0.143231333265
0.143096636022
0.14309626083
0.143051369969
0.143006486154
0.143006442118
0.142961565349
0.142916695625
0.142894263406
0.142894242268
0.142849383113
0.142826956178
0.142782107593
0.142759685942
0.142714847925
0.142602794276
0.142602616369
0.142535400737
0.142512998463
0.142468199198
0.142445802208
0.142401013512
0.141998471868
0.141931397154
0.141909042439
0.141886689485
0.141841988862
0.141797295285
0.141752608754
0.141685592168
0.141685505856
0.141663170517
0.141640836939
0.141618505123
0.141596175068
0.141506874226
0.141395296172
0.141350673053
0.141328364136
0.141328295439
0.141194480688
0.141105310194
0.141083020653
0.141060732873
0.141038446855
0.140971599369
0.14088249581
0.140860223884
0.140837953719
0.140771153793
0.140726629316
0.140615359518
0.140615350711
0.140593099922
0.140548603628
0.140504114381
0.140459632179
0.140370688913
0.140281775592
0.14023732862
0.140215107776
0.140192888693
0.140170671372
0.140148455812
0.140104029977
0.140081819702
0.140059611188
0.140015199445
0.138578882133
0.138512621214
0.138291873026
0.138203625537
0.138049256285
0.138005165128
0.137983122192
0.137917003951
0.137850901564
0.137828870958
0.13778481503
0.137696724312
0.13763067653
0.137608663538
0.13756464284
0.137344673218
0.13734465208
0.137300673656
0.137256702279
0.137080897795
0.13705892884
0.136971072396
0.136861299841
0.136817398922
0.13664188508
0.136159804616
0.136137909643
0.136116016431
0.136072235291
0.136028461197
0.135984694149
0.135919056788
0.13589718119
0.135853435279
0.135809696415
0.135809687607
0.135765955789
0.135765783165
0.135678342426
0.135656486205
0.13559092811
0.135525385867
0.135481699846
0.135416185788
0.135372517381
0.135328856021
0.135285201706
0.135263377191
0.135241554438
0.135219733445
0.135197914215
0.135176096746
0.135132467091
0.135023434351
0.134979829357
0.134958029502
0.134936231409
0.134849061936
0.13482727265
0.134805485125
0.134761915361
0.134391913207
0.134152798253
0.134109334176
0.134065877146
0.134044151272
0.134022427161
0.133978984222
0.133957265394
0.133935548328
0.133913833024
0.133826991182
0.133805284685
0.133783579949
0.133740175762
0.133696778621
0.133610010761
0.133588321879
0.133566634757
0.133501585725
0.133479905649
0.13337153698
0.133306535506
0.133219894471
0.133198237295
0.132981811735
0.132960173934
0.132895272864
0.132852013117
0.13250619936
0.132463003026
0.132419813737
0.132419746802
0.132354977841
0.132268646823
0.132247067152
0.132182338705
0.132160766079
0.132160750226
0.132139179361
0.132096042916
0.132052913518
0.132009791164
0.13200978588
0.131902021392
0.131858923699
0.131815833053
0.131794290372
0.131772749452
0.131622015858
0.131492891881
0.131385329961
0.131256316955
0.131170345276
0.131062918988
0.13101995869
0.130891130638
0.130848198523
0.130826735108
0.130783813562
0.130762355431
0.130762202183
0.130719291206
0.13065493795
0.130547723038
0.130547710708
0.130526271953
0.13050483496
0.130483399728
0.130483389159
0.130162119614
0.130140712566
0.130119307279
0.130033709029
0.130012312549
0.129990917831
0.129969524874
0.129948133679
0.129819825259
0.129734322128
0.129712950309
0.129670211954
0.129648845419
0.129606117634
0.129606108827
0.129584747576
0.129584629558
0.129563270069
0.129477851489
0.129477754608
0.129413707847
0.12939236245
0.129349676939
0.129328336826
0.129328310405
0.12932828046
0.129306942108
0.129306926255
0.129285589665
0.129264254836
0.129242921769
0.129221590463
0.129200260919
0.129093641381
0.129072322406
0.129072244901
0.129029612235
0.128965678207
0.128965634171
0.128688825691
0.128603694229
0.128539865889
0.128518592711
0.128497321295
0.128454783748
0.128412253246
0.128284707539
0.128220958465
0.128220947896
0.128178456146
0.128114731733
0.128072257598
0.128008559607
0.127944877468
0.127902431517
0.127817560751
0.127796347463
0.127711511927
0.127690307446
0.12764790377
0.127626704574
0.127541927166
0.127414821824
0.127393642004
0.127372463946
0.127351287649
0.127266605359
0.127224272141
0.127181945969
0.127181926593
0.127181905456
0.127160745012
0.127118429408
0.127097274249
0.126569024103
0.126547914742
0.126463500195
0.126442399641
0.126252596818
0.125537311107
0.125474249003
0.125453231237
0.125201178345
0.125180183478
0.125075246137
0.125075240853
0.125075203862
0.125033237028
0.125033161285
0.12501218051
0.124991201497
0.124949248755
0.124907303058
0.124823434565
0.124718646947
0.124697692595
0.124676740003
0.124634840105
0.124613892798
0.124572003468
0.12457192068
0.124550978657
0.124530038396
0.124509099896
0.124425363512
0.12440443382
0.124320734427
0.124299813542
0.124007202985
0.123840108931
0.12379834995
0.123798334097
0.123693972753
0.123673104712
0.123631373914
0.123610511157
0.123589650162
0.123485373369
0.123422827373
0.123401982231
0.123297786465
0.12325611908
0.12321445874
0.123172805447
0.123151981442
0.123131159199
0.123089519997
0.123027074405
0.123006262731
0.122943840038
0.122923035409
0.122860633854
0.122839836271
0.12279824639
0.122735876541
0.122715089527
0.122673520783
0.122652739054
0.122611180879
0.12254885859
0.122424268616
0.122341242101
0.122341222725
0.122196011314
0.122092328134
0.122092289382
0.122092280574
0.122050817519
0.122030088633
0.121988636146
0.121967912545
0.12190575231
0.121885035754
0.121740070948
0.121657273424
0.121574507605
0.121553819233
0.121553722353
0.121553713545
0.121533026935
0.121533014605
0.121450285777
0.121429607974
0.121388257651
0.121326247141
0.121140354764
0.121057761568
0.12083079718
0.120789549023
0.120707073846
0.120686459455
0.120645235958
0.120583415685
0.120583389263
0.120480398337
0.120459803323
0.12043921007
0.120398028848
0.120377440879
0.120356854672
0.120315687542
0.120315682257
0.120295101335
0.119904511212
0.119904460129
0.119883914436
0.119863370503
0.119781217674
0.119699089505
0.119637510552
0.119616987757
0.119555429942
0.119534914193
0.119514400206
0.119432363633
0.119391355035
0.119350353482
0.119329855348
0.119309358975
0.119247880426
0.119247869857
0.119145442599
0.11906353109
0.119063529328
0.119043055854
0.118981647764
0.118981638956
0.118961172528
0.11885887738
0.118797516849
0.118797442867
0.118756543479
0.11869520937
0.118674767603
0.118654327597
0.118633889352
0.118593018148
0.118470450332
0.118429607311
0.118388771336
0.118368355991
0.118368209789
0.118327384383
0.118327357961
0.118164128555
0.118164105656
0.118164100372
0.117980649381
0.117899141246
0.117797295271
0.117776931008
0.117756568506
0.117512385826
0.117512310083
0.11747163264
0.117430962242
0.117410629685
0.117410624401
0.1173496373
0.117308988039
0.117268345825
0.117227710656
0.117207395714
0.117187082534
0.11710585271
0.117065245725
0.11706519112
0.117044890269
0.11704485504
0.117024555951
0.116983963058
0.11698389436
0.116983610765
0.116922736397
0.11680103346
0.116638876784
0.116578092251
0.116578078159
0.11653756277
0.116537548678
0.116497040335
0.116476788806
0.116476727155
0.11643622938
0.116152980994
0.116152905251
0.116132683667
0.116051816704
0.116031603927
0.116011392911
0.115930568224
0.115849775243
0.11578919504
0.115789020655
0.115787252147
0.115767062269
0.115746874152
0.115706503202
0.115666139299
0.115625782442
0.115605606655
0.11558543263
0.115524921123
0.115504754144
0.115484588926
0.11546442547
0.115444263775
0.115424103841
0.115323341165
0.115283044197
0.115242754275
0.11502133497
0.114960973187
0.114920739632
0.114900625497
0.114840295421
0.114779981198
0.114699584546
0.114619221362
0.11447867078
0.1143983851
0.114358250187
0.114338185372
0.114298061028
0.114237887722
0.114217833476
0.114137635869
0.114117590431
0.114077504839
0.114077474894
0.113977297023
0.113957265676
0.113937236091
0.113877159665
0.113857137126
0.113837116348
0.113836734111
0.113736667212
0.113696648555
0.113636635542
0.11361663414
0.113576636621
0.113516655314
0.113516593663
0.113436642661
0.113396676848
0.113356718081
0.11333674134
0.113276821684
0.113256851989
0.113216917882
0.113137072568
0.113077205756
0.113037303356
0.11293758875
0.11289771101
0.112857840316
0.112837907611
0.112817976667
0.112778120065
0.112638682727
0.112638677443
0.112618764114
0.112598852547
0.112578942741
0.112419734753
0.112201010485
0.112200945311
0.112101591804
0.112061862027
0.112002280572
0.11198242361
0.111942714971
0.111863324113
0.111843479482
0.111704642803
0.111664983484
0.111585687746
0.111565867775
0.111546049565
0.111526233117
0.11150641843
0.111446986699
0.111407373179
0.111268807765
0.111189656466
0.111110529829
0.111051203786
0.111011660724
0.110912833894
0.110873315493
0.110774553837
0.110754806086
0.110656095513
0.110616622909
0.110616584157
0.110616564781
0.110596831121
0.110537642473
0.110517915859
0.110498191007
0.110478467916
0.110439027019
0.110360171646
0.110241951119
0.110202552497
0.10992696471
0.109887622454
0.109808960842
0.109808871008
0.109789209568
0.109690932315
0.109671281444
0.109592697336
0.109553414971
0.10953377643
0.109514139651
0.109474871377
0.109415982177
0.109337489665
0.109239422026
0.108984741032
0.108945567877
0.108925983942
0.108906401768
0.108886821355
0.108867242704
0.108828090687
0.108769377633
0.108710680432
0.108651997323
0.10863243981
0.108612884058
0.108612797746
0.108573691527
0.10851504717
0.108417349438
0.108378278447
0.108280633559
0.108163533322
0.108124508129
0.108065985313
0.108065955369
0.108065914855
0.108046410185
0.107812519728
0.107793037958
0.107793027389
0.107754069132
0.107734592646
0.107715117922
0.107695644958
0.107656704316
0.107637236638
0.10761777072
0.107598306564
0.107539924665
0.107520467555
0.107442658491
0.107384320629
0.10728713372
0.107228836371
0.10718998028
0.106957070957
0.106937666691
0.106898863443
0.106898770085
0.102696464109
0.10267745441
0.102658446473
0.10260143323
0.102468463981
0.10244947542
0.10243048862
0.102411503582
0.102354559036
0.102354523807
0.102354511476
0.102278611837
0.102240671706
0.102240666421
0.102240622385
0.102202689299
0.102032086413
0.102013138365
0.101748057699
0.101729136074
0.101727991123
0.101690153157
0.101652322236
0.101652228878
0.101614405003
0.101595495708
0.10153877839
0.101519876141
0.101500975653
0.1014253966
0.101425017885
0.101387236285
0.101368348127
0.101273935522
0.101255057933
0.101236182105
0.101236173298
0.101217299232
0.101009813091
0.100972108996
0.100972079051
0.100934382001
0.100934304496
0.100933999764
0.10065163387
0.100651593357
0.10065156165
0.10063274219
0.100632699914
0.100576253862
0.100557441447
0.100557415025
0.100538604372
0.10048218298
0.100482153035
0.100444547582
0.100444491215
0.100406892807
0.100369301445
0.100331717129
0.100331708321
0.100312918805
0.100237780118
0.100181443276
0.1001814239
0.100087574962
0.100012520825
0.0999562491574
0.0999374948707
0.0998999915817
0.0998250114256
0.0997875292742
0.0997875063752
0.099787376027
0.099600088572
0.0995813677531
0.0995813624687
0.0995626434113
0.0994690745459
0.098983712479
0.0989650497883
0.098964995183
0.0989463342538
0.0989090176797
0.0988717081516
0.0987598253651
0.0987225440203
0.0987039059901
0.0986293767683
0.0986293344932
0.0985548281704
0.0985175855778
0.0985175450642
0.0984058666073
0.0983872585219
0.0981827281148
0.098164141167
0.0981455559806
0.0980712346114
0.0979412492791
0.0979412404718
0.0979041141357
0.0978855536098
0.0978669948454
0.0978484378425
0.0977556845341
0.0977556052683
0.097755596461
0.0977370500268
0.0976999624429
0.0976443460394
0.097588745489
0.097496115483
0.0972369850359
0.0971815007421
0.0971445188459
0.0971260305399
0.0970521002153
0.0970520702704
0.0970151130346
0.0969227525323
0.096922720826
0.0969225922392
0.0969225763861
0.0968487235657
0.0968302634432
0.0968118050821
0.0967748936444
0.0967564405677
0.0967564282375
0.0967563982926
0.0967379469774
0.0967379311243
0.0967377814
0.0967193318462
0.0966824380231
0.0966639937537
0.0964612864598
0.096461279414
0.0964428562821
0.0963507776137
0.0963139542491
0.0962771379303
0.0962771097469
0.0962218984797
0.0962218791036
0.0962034788708
0.0961299008385
0.096019596322
0.0960012154653
0.0959277149373
0.0959276726623
0.0958909303249
0.0958725617984
0.0958358300298
0.095799105307
0.0957256822834
0.0957256576229
0.0956339136323
0.0956155697663
0.0955972276617
0.0955788873186
0.0955605487369
0.0955422119168
0.0955055435608
0.0953772668468
0.0953223162759
0.0953223109915
0.0952307607617
0.0952124556479
0.0951758507045
0.0951026672398
0.0950477959347
0.0950477413294
0.0950294538302
0.0950294485458
0.0948832383864
0.0948832049186
0.0948831696894
0.0948648980433
0.0948100954352
0.0947188006174
0.0947187918101
0.0947005360172
0.0946822819857
0.0946457792072
0.0946275304601
0.0945910382504
0.0945727947877
0.0944451416312
0.0944086846507
0.0942993665529
0.0942629377558
0.09417189835
0.094153695401
0.0940081457898
0.0939899586939
0.0939535897865
0.0939172279249
0.0938808731092
0.0938445253393
0.0937900168955
0.0935903393163
0.093572192734
0.093499625781
0.0934996134507
0.0934814756758
0.0934814580612
0.0934633220477
0.0934632656809
0.0934632568736
0.0934451226215
0.0934451120527
0.0934450873923
0.0934088241726
0.0931553163124
0.0931372120053
0.0931191094595
0.0931010086753
0.0930105417446
0.0929743630751
0.0929562763826
0.0928839489884
0.0928477949793
0.0928116480161
0.0927935771767
0.0927574407823
0.0927574214062
0.0926851697549
0.0925588077501
0.0924325391028
0.0923604142768
0.0923423874739
0.0922703031615
0.0922342689319
0.0922162544593
0.0921802307984
0.0921622216102
0.0920902042333
0.092000230512
0.0920001970443
0.0915509467113
0.0915329991742
0.0914074227815
0.0913894893362
0.0912998502927
0.0912281746395
0.0912102588087
0.0911744324316
0.0911386131004
0.0911207060769
0.0911207007925
0.0910669920525
0.0910490920749
0.0910490674144
0.0910311691983
0.0910132727436
0.0909238221766
0.0909059362907
0.0909059310063
0.0908880468819
0.0908701645189
0.0907986544432
0.0907986456358
0.090762900286
0.090727161982
0.0906735677369
0.0904236884887
0.0904058519237
0.0903701840782
0.0903523527977
0.0903523475133
0.0902632281011
0.090227588439
0.0901919558227
0.0901741421568
0.0901741333495
0.090138511302
0.0901207029204
0.0900850914417
0.0900672883445
0.0898715775779
0.0895340655915
0.0895163170997
0.0895163047694
0.089498558039
0.0894808130701
0.0894630698627
0.0893566652232
0.0893565877189
0.089303402133
0.0892856765402
0.0892325120919
0.0892325103304
0.089126243085
0.0891085351068
0.08909082889
0.0890731244347
0.0890554217409
0.0890377208085
0.0890023242281
0.0889846285802
0.0888961873309
0.088860818934
0.0888077795495
0.0887724287671
0.0887724164369
0.0887547436879
0.0886840703066
0.0886310855274
0.0885075383391
0.088489892012
0.0884016920831
0.0884012429103
0.0882073640642
0.0882073552569
0.0882073429267
0.0881368897282
0.0881192803918
0.088066464713
0.0880664523828
0.0880136507957
0.0879256939485
0.0879256833797
0.0878905087436
0.0878377600003
0.0876621087638
0.0876094287176
0.0876094040572
0.087609388204
0.0874865473619
0.0874514607989
0.0874339201596
0.0873462433849
0.0871185867421
0.0870835741605
0.0870485686247
0.087048043709
0.0869605659795
0.0865067059003
0.086454376385
0.0863323493384
0.0863319723855
0.0863145444798
0.0863141692884
0.0862967431441
0.0862096494133
0.0861922338378
0.08619220037
0.0858619086167
0.0858097746237
0.0857923995618
0.0857750262614
0.0857576547224
0.0857576247775
0.0856360838945
0.0856013707614
0.0855840168371
0.0854972753987
0.0854972137476
0.0854451907267
0.0853758542951
0.0853758454878
0.0852372518904
0.0852026197846
0.0851853063739
0.0851506848368
0.0849604715934
0.0849431828431
0.0847359521146
0.0847014221736
0.0847013887058
0.0847013851829
0.0847002719388
0.0846312384787
0.0845794779157
0.0845794532552
0.0844932314482
0.0840971719854
0.0840971631781
0.0840799625009
0.0840627635853
0.084045566431
0.084011177407
0.0839767954288
0.0839596070819
0.0839595559995
0.083942369414
0.083942346515
0.0839079786285
0.0838907973274
0.0838736177878
0.083839263993
0.083839241094
0.0838220668388
0.083804894345
0.0838048555929
0.0837876848606
0.0837705158898
0.0837705070825
0.0837190107387
0.0837018488138
0.0836675302482
0.0836332187285
0.0836160656108
0.083496043108
0.0832049579775
0.0832049386014
0.0832045704559
0.0831874613747
0.0831532484969
0.0831361447002
0.0831360442968
0.083067648486
0.0828967954722
0.0828455686322
0.0827943594068
0.0827772926007
0.082776885703
0.0827427573753
0.0826404217133
0.0826233707604
0.082589274139
0.0825211073183
0.0825210579973
0.0824358877832
0.0824357503891
0.082384667989
0.0823676434581
0.0823335996806
0.0822825489868
0.0822485228239
0.0822315123847
0.0821634900038
0.082162758997
0.0821627396209
0.082009795392
0.0819928096133
0.0819588433401
0.0809792238227
0.0809623454931
0.080945468925
0.0809454354572
0.0809116876053
0.0809116611834
0.0808610526166
0.0808610402863
0.0806251153406
0.0805914344243
0.0805914220941
0.0805072611977
0.0803726960641
0.0802382630401
0.0802382278108
0.0802046279218
0.0801710350786
0.0801374492812
0.0800870855576
0.0800535173749
0.0800367359257
0.0800367200726
0.0800031624586
0.0797182125005
0.0797182072161
0.0796847165377
0.079684679547
0.0796511959145
0.0793670808893
0.0793503716601
0.0793002563027
0.0792668536974
0.0792667744316
0.0792667726701
0.0792664098089
0.0792497111485
0.0791495579379
0.0791328716077
0.0791161870389
0.0791161729472
0.0789994320483
0.0789494259015
0.0789327607089
0.0788328135894
0.0788328047821
0.078832785406
0.0787661862864
0.0787495404699
0.0787328964147
0.0787162541211
0.0786497078454
0.0786164426341
0.0785665597897
0.0784502257885
0.0784502240271
0.0784336116782
0.0783837852006
0.0783505763561
0.0781349540223
0.078085224425
0.0780851803885
0.0780851715811
0.0780851592509
0.0780354437453
0.0779857458544
0.0779360638166
0.077886397632
0.0777871128223
0.0777705709319
0.077654828782
0.0776383009834
0.0776217749462
0.0775887281563
0.0775722074035
0.0775556884121
0.0775226557139
0.0775226416222
0.0775061279153
0.0774400959865
0.0774235910869
0.0774070879487
0.0774070844258
0.0773905830491
0.0771762571513
0.0770609835503
0.0770445191643
0.0769951365751
0.0769293195447
0.0768306547696
0.0767649064363
0.0766991915707
0.0766499217151
0.0765678428668
0.0765678375825
0.0765514260403
0.0765186082404
0.0765022019827
0.0764693947516
0.0764201971159
0.0763874074994
0.0763874074994
0.0763710153333
0.0763546249287
0.0763218494039
0.0763218388351
0.0763218265049
0.0763054413847
0.0763054361003
0.0760762804534
0.0760599217551
0.0759618118405
0.0759454654725
0.0758637635771
0.0758474277779
0.0753744664039
0.075065539424
0.0750492899364
0.0748544704696
0.0748057959882
0.0747733551412
0.0747247088431
0.0747084963462
0.074708480493
0.0746922697575
0.0744171417119
0.0743524379256
0.0743200957205
0.0742715956237
0.07420695525
0.0742067667736
0.0739485276263
0.0737229178025
0.0737068145163
0.0736907129915
0.0736746132281
0.0736102317893
0.0735780516387
0.0735619642056
0.0735137142365
0.0734815552234
0.0734011902778
0.0733690559252
0.0731924922513
0.0731443638231
0.0731122858373
0.0730962494866
0.0730962336334
0.0730801990442
0.0730641662164
0.0727919075925
0.072775906471
0.0726479644348
0.0726479239212
0.072615955146
0.0725999734006
0.0725520387332
0.072472186373
0.0724083386573
0.072376422726
0.0723285638014
0.0723126137623
0.0718513203131
0.0718354231179
0.0718195276842
0.0717083353908
0.0717083301064
0.0716289445337
0.0715972012257
0.0715337357472
0.0715337304628
0.0715178684968
0.0715178526437
0.0715019924392
0.0715019801089
0.0710272678416
0.0709324624299
0.0708692946385
0.0708377204309
0.070806153269
0.0707903723303
0.0707588157373
0.0706484495696
0.0706326862455
0.070585406842
0.070553896047
0.0705381432917
0.0704436672734
0.0704436056222
0.0704278651971
0.0704121265335
0.0702548737684
0.070254864961
0.0702234281474
0.0701919983796
0.0701134583087
0.0700977548743
0.0700977354983
0.0700976949846
0.0700976861773
0.0700819845044
0.0700505864429
0.0700035025617
0.0699407504754
0.0699093841202
0.0698937035849
0.0698936983005
0.0698623425141
0.0698309937736
0.0698309814433
0.0698153097153
0.0696743716119
0.069673411615
0.0696577575016
0.0696421051496
0.06961080573
0.0695951586624
0.0693919352601
0.0693606922073
0.0692982325237
0.0692670106084
0.069235795739
0.0691577946755
0.0690642469477
0.0687840071392
0.0687839736714
0.0687684199613
0.0687373178254
0.0686595968344
0.068644057216
0.0686129832635
0.0685663873073
0.0685663714542
0.0684887438206
0.0684732235783
0.068442188378
0.0684111602236
0.0684111478933
0.0683956364583
0.0683956065135
0.0683800968399
0.068333578388
0.0683335026451
0.0683024991512
0.0683024586376
0.0683024392615
0.0682869401567
0.0681630477218
0.0681011252841
0.068070174634
0.0680392310297
0.0680082944713
0.0679773649588
0.0679773596744
0.0679309786166
0.0679000667186
0.0679000508655
0.0678845975587
0.0678536962295
0.0678382482072
0.0678228019462
0.0677919147088
0.0677301666558
0.0677301578485
0.0676375842092
0.0675913211693
0.067529659428
0.0673602384829
0.0673294569332
0.0673140688005
0.0672986824293
0.0672525338844
0.067237154559
0.0671602949229
0.0671602702625
0.0671602297488
0.0671448609923
0.0671294939971
0.0670987652913
0.0670834035805
0.0670526854434
0.0668992215832
0.0668685457212
0.066654149365
0.0666235298697
0.0666235175395
0.0666082104341
0.0665929050901
0.0665776015076
0.0665164100767
0.0662413912417
0.0658911932055
0.0658607498565
0.0658607199116
0.0658150680991
0.0657998543511
0.0657846423647
0.065693409198
0.0655718982598
0.0655718824067
0.0655718595077
0.0655263098599
0.0654807760653
0.0654656010696
0.0654504278353
0.0654352563624
0.0654049187011
0.0653897525127
0.0653897331366
0.0653745687096
0.0653290877589
0.0653139303777
0.0653136573511
0.0652379074361
0.0652227606238
0.065222704257
0.0652075592061
0.0651924159166
0.0651923859718
0.0651772444438
0.0651772250677
0.0651318110525
0.0650712836928
0.0650712678396
0.0650561404033
0.0650410147285
0.0650258908151
0.0650258714391
0.0650107492872
0.0648143638806
0.0647690784522
0.0647690502688
0.0647539580617
0.0647538329979
0.0646934870688
0.0646482421539
0.0645126395192
0.0645126201431
0.0644824973802
0.0644373282082
0.0643620891172
0.064361958769
0.0643469141214
0.0643468876995
0.0643468683234
0.0643468595161
0.0643167755054
0.0643017361422
0.0642866985405
0.0642415980656
0.0642115387153
0.0641965116823
0.0641964782145
0.064166429433
0.0641514076845
0.0641513706938
0.0640913065985
0.0640912819381
0.0640762689968
0.0640462483987
0.0640462360685
0.0640012183823
0.0639862160098
0.0639712153988
0.0639711555091
0.0639411595714
0.0637912926168
0.0637912732407
0.0637313747229
0.0637164040567
0.0636864680088
0.0635070137757
0.0635070120142
0.06349206777
0.0633875091428
0.0633576505992
0.0633277991014
0.0633277885326
0.0633275260748
0.0632976816229
0.0632678442168
0.063252928156
0.0632380138566
0.0632231013187
0.0631932815273
0.0631932762429
0.0631783689894
0.0631485597667
0.0631187575899
0.0630889624589
0.0630889113765
0.0630740164532
0.063044231891
0.0629995682587
0.0629698013111
0.0629400414094
0.0629399727124
0.0629250954037
0.0628804740464
0.0628358703038
0.0628210053254
0.062821000041
0.0627764174359
0.0627169980358
0.0627169892285
0.0626872892165
0.06262791033
0.062613070012
0.0625537316392
0.0621690934965
0.062169068836
0.0621542831233
0.0621247169824
0.0621247011293
0.0620951420342
0.0619327563686
0.0619327475613
0.0618884820194
0.0618294888931
0.0617705186658
0.0617115819063
0.061696850799
0.0616821214531
0.0616821161688
0.0615790706375
0.0615643553833
0.0615496418906
0.0615055119813
0.0615054855594
0.0614613732647
0.0612557771729
0.0612411006709
0.0612410672032
0.0612263924626
0.0612117194836
0.0611090843729
0.0609918995856
0.0609772547899
0.0609626117557
0.0609625853338
0.060947944061
0.0608308790531
0.0608016299753
0.0607723879434
0.0607285381065
0.0606847058843
0.0605533201897
0.0604512240865
0.0604074922676
0.0603637763018
0.0603346399577
0.0603200744278
0.0602763901684
0.0601454448393
0.060087286646
0.0600582172374
0.0600582119531
0.0597970910539
0.0597535970323
0.059753591748
0.0597246033666
0.0597101118181
0.0597100818733
0.0596811040607
0.059652133294
0.0596231695731
0.05962315372
0.0595652474158
0.0595507752434
0.0595363048324
0.0595362889793
0.0594928883153
