5038
588
566
893
273
5069
5022
140
95
1028
5030
370
647
5033
458
1768
1139
543
8344
286
155
887
80
90
823
613
1806
2718
530
2630
195
1672
1569
82
200
128
851
114
102
478
136
20764
2666
734
516
9129
1588
353
1053
1330
1528
76
4746
1817
4063
4153
184
5036
2737
91
2348
9137
443
878
342
78
554
8556
1819
444
2215
93
225
20805
1031
308
8557
2753
151
127
147
3237
301
33806
213
1507
5020
3311
16625
1725
133
652
360
106
686
416
2939
4880
1304
1
929
1824
520
1334
292
1365
4152
4876
56
343
107
72
880
2323
920
3027
5053
9135
277
232
4398
22587
74
1821
385
910
9500
1161
2111
5237
1793
6084
390
5050
1359
1202
939
1371
316
35675
274
2088
314
659
2715
960
2253
2720
1927
5027
802
4262
4093
13634
89
879
6831
2728
9044
1970
3844
919
2773
5051
144
13633
2736
876
79
4183
81
2015
2271
5052
3174
10815
192
2601
621
9132
109
1470
5023
4154
402
4618
8558
1000
9861
8560
875
1813
620
2047
1233
5042
30172
6917
13635
3161
915
449
5070
54
8032
188
4621
3258
26576
4216
2637
922
406
4272
4737
5021
4755
13637
2947
539
244
918
11812
5028
1323
9504
1935
1833
9131
75
13396
1027
8072
928
287
2186
4904
10281
10893
8565
5853
26142
1025
8559
7059
26811
948
391
28825
8566
581
101
1552
30779
438
4227
86
9752
15198
18722
6289
775
172
5029
1185
35279
5024
1559
279
4224
4124
2550
10280
23043
9313
1168
5830
5150
4256
1481
46
950
92
8987
5032
10601
14862
8194
5068
13267
23873
9134
3354
53
27605
1560
5057
6829
13266
4205
145
22463
26990
815
409
716
12110
23648
707
2667
7954
13640
6828
24890
383
1259
1308
21255
694
23946
457
30513
22319
24464
121
11547
9130
5557
3057
239
492
28933
5045
1401
1213
4232
212
368
19467
585
3295
5061
4642
26911
5729
1762
3058
1783
3334
255
2294
5064
3251
215
196
592
20374
2746
6231
24812
14338
852
17278
1443
20963
9754
11744
423
19815
923
773
454
6069
958
1030
764
403
1108
1087
367
3535
20966
153
20183
4536
8678
4121
6681
5170
22063
2296
29813
1936
1652
1126
7657
3333
5049
20654
575
4128
14827
2264
1767
8794
2741
205
5190
281
10124
3128
3733
1037
12512
32745
1118
20919
13577
425
3200
1713
4065
354
9136
4132
393
3108
25529
442
28097
28509
4545
1159
165
11165
12015
1790
23960
3050
27
11350
5518
12076
1252
134
14144
2061
6738
13744
1966
3906
1313
5881
20157
21236
18778
25158
12844
2648
13366
8315
1236
1340
491
4027
5074
1778
1112
17181
1061
477
25323
112
11818
1113
4477
420
3679
673
7581
15264
1585
2696
3266
2953
7193
5990
19325
254
16201
4767
1162
6785
462
735
3626
1164
2951
8857
5824
4757
29012
7638
889
4802
12676
446
5174
1245
2703
1316
26015
7324
4538
4577
3742
3604
307
2524
6008
24467
5943
551
782
1356
1038
13630
30808
6022
13987
604
180
2828
753
6782
6320
12329
10897
526
15247
11890
10084
610
17179
8629
8782
1668
16797
1847
7102
6081
14171
6049
4995
10778
8271
498
614
4260
26709
8350
12116
4349
300
9172
1416
1798
3065
441
21241
11680
14886
10032
16987
17824
2385
419
1050
18384
1207
18861
6258
19720
19464
19840
19912
4160
1120
13
7998
645
26378
481
23840
7283
1111
3461
364
26584
675
26699
2610
2697
7990
30545
20205
4263
3280
241
1208
284
723
16017
1043
6876
4878
14036
10330
18067
13585
3649
556
3145
1059
4237
6509
5202
5276
1153
18617
1105
6671
5071
331
2620
1922
726
4075
1439
13628
2943
242
4766
2680
362
11494
15666
2723
5105
780
6707
1461
2941
7994
4451
17832
6944
16867
1046
17925
186
2565
3223
2510
293
861
2121
1076
593
4651
11298
7517
6899
24810
3043
1188
639
664
21680
1160
233
2303
2229
5748
3033
974
3352
243
13747
1354
971
966
13578
1384
4879
13256
1101
898
10959
3593
666
636
386
358
19355
1104
25791
5963
175
504
1106
1459
1222
6982
11922
5716
4560
11692
9499
4639
2262
13427
2673
5587
174
897
132
8169
6242
4140
20220
2640
625
357
1205
389
13093
2770
30683
235
1324
16692
6735
521
14196
3226
4378
9239
295
280
2165
1772
3473
5141
1899
1572
3499
700
563
1332
11083
587
792
11527
657
602
1102
11040
5046
819
1048
8524
778
24152
4678
2436
5118
11191
355
1350
515
2125
4200
3241
1057
3246
6909
1686
10245
11190
4736
22201
5333
14893
16978
1771
24025
10278
1224
2679
3969
3039
3112
1594
1765
7541
6653
13424
2503
7523
5026
1891
20353
519
2250
315
267
1800
3297
8699
154
2383
8016
1818
13631
661
3795
9534
7651
1615
5787
2740
13658
1429
5839
4450
3476
6560
544
1472
2497
20652
517
7083
20990
528
3470
513
3845
1519
5041
6255
7428
290
7641
408
1422
3635
13175
4852
15166
2937
7721
8878
4699
5769
5500
3107
23364
2263
599
5742
9527
824
1734
3318
1122
23868
14055
2642
2724
1217
4677
537
1411
12896
708
3197
4335
9521
7459
4698
1499
1234
3253
6405
7558
3129
16216
1642
24159
13432
7516
2189
522
14285
14057
345
525
3823
3400
25766
603
23317
1394
5883
5339
3115
6488
560
9251
1478
13268
3364
8850
531
772
1628
1018
26832
16808
5511
1803
839
6031
11631
4505
800
16710
2269
500
9933
26033
5212
1689
505
2754
7578
3743
3841
6003
313
940
122
623
156
615
1521
3849
1413
2782
1619
2638
13415
1221
6872
11099
19826
1145
11423
3356
20692
1546
2818
14841
10641
2144
3427
4480
3418
169
907
20620
17993
20051
5515
1130
12421
1042
1436
1880
16461
1696
5279
16496
678
23483
934
8340
399
13303
2708
326
25080
405
9358
1137
3438
7331
9501
25504
2652
3236
4148
7140
570
727
12456
2711
2168
1807
3171
1169
3357
1883
221
324
1265
1103
1049
2635
13405
7995
7113
2288
682
6582
15465
11827
7784
6734
967
6783
2090
1063
16288
731
493
3109
8938
1759
4697
2057
8031
945
2573
4680
3316
867
15164
473
909
17284
5211
23869
17512
3549
6009
9589
400
2320
6023
1132
18808
6056
3370
19240
119
19249
6144
1607
2800
3147
4513
4640
4534
10733
19872
1960
8038
1458
7120
10872
13731
20280
845
2576
2178
13883
11117
20772
1068
6702
20336
724
2270
14189
3100
22359
3530
30862
2386
34497
943
11846
1320
586
22341
2580
7531
24153
584
6198
22694
3492
22738
502
418
22920
4497
1310
2487
424
3596
3016
580
681
378
3541
2254
1191
1253
924
3185
5398
885
7255
5833
448
1032
4615
6600
25595
2706
4504
527
1763
413
594
564
6406
4682
3327
2651
12363
6340
13979
27812
1210
510
6889
2633
691
1302
10405
2935
5856
27796
8694
1953
3271
264
1196
29101
29818
1036
29851
1090
5645
9799
1683
30340
1054
10458
9076
9133
6131
118
4815
23722
1179
34529
704
14114
4176
506
35115
5168
7096
1326
2577
16295
2290
16203
1079
1373
1815
9474
9300
14141
8220
4688
2528
2509
4459
263
3399
291
97
7530
2922
5199
1944
1508
4872
10112
7736
789
16207
8071
903
9502
7047
4920
5286
5799
4884
4070
596
10969
28642
3379
1775
1471
18283
766
18590
874
3259
1056
1287
3924
24650
4522
19126
1292
2579
1055
2018
618
4139
3970
11522
1189
1592
3219
822
687
2572
16210
3110
1071
1919
1674
2793
178
1996
2936
1409
1077
11864
547
869
2700
22118
4133
1116
11353
3091
7812
3104
10181
2690
1885
1193
12434
4644
4238
15187
113
2160
573
12786
2491
805
20964
8103
3276
1070
26897
13174
855
561
3292
760
1475
5215
1831
1073
1176
4716
1490
4588
22321
2618
13423
16191
1023
4499
5242
13486
143
4012
838
3350
1532
11227
2279
7235
5315
1760
812
4703
3001
7484
1150
7571
1033
1198
3035
2564
23456
1109
4937
4074
20482
863
2661
672
3546
4142
9211
1823
12770
1770
2560
656
2234
5713
5035
7103
2613
1875
11446
10903
2216
3285
3313
4218
576
633
1238
7547
25826
7183
23288
26141
751
3021
11925
3344
14134
5196
5075
1095
7663
2299
3215
1197
5614
2516
2110
7259
3080
16782
1894
452
456
166
779
3188
4220
5676
12482
8411
429
10387
24743
884
1154
28014
4476
684
3093
296
1303
1163
6210
5733
2091
11204
8740
1387
1467
1158
1616
7927
1697
3786
719
1083
7549
2493
5287
3443
917
6175
4197
6357
3133
559
4223
5681
13796
13972
2472
10972
6015
642
14876
18600
142
1228
5536
6305
1810
12178
3247
176
533
7975
168
5
83
1078
4478
8372
12886
7203
949
6523
7548
6436
1835
14942
8543
933
5015
7397
1204
5926
15282
828
4426
736
4014
4193
13265
524
2149
6193
6180
1596
13419
8005
10928
1091
873
985
1549
2075
35732
5467
5948
6786
5243
372
4226
925
1082
3186
1148
4210
7205
4453
488
523
2590
2593
558
1170
607
14694
946
5102
628
4390
265
3317
709
3330
549
1186
590
1669
1852
1951
4519
4178
5318
2041
2837
3767
6517
2276
2785
252
2578
730
16202
5776
3729
2699
12362
23687
2993
15990
3480
11016
436
10571
6124
4650
4652
23676
1486
796
624
6060
24780
5920
1428
4691
6654
3711
269
1523
3994
1457
4517
1464
2308
5666
14577
3412
9175
5224
3005
10620
3160
23082
2316
4395
1647
3815
2424
1541
3959
1051
55
1098
8193
426
12665
6307
860
1288
696
2176
455
19823
2570
1442
30193
6892
3192
4155
10374
3210
7701
871
5248
1856
14161
18033
1300
3272
4259
662
3152
853
931
818
4706
508
1406
1578
1989
4603
6087
762
1716
18826
2218
1351
6373
7720
18773
30834
813
5428
9910
5509
3388
2300
401
22385
9361
7177
312
7188
2920
1190
4529
8962
7405
404
84
2622
2646
20378
2070
224
1781
15566
830
4587
4191
578
1396
2078
1828
19876
13948
4392
937
4246
381
2886
5941
699
11031
2784
2479
480
6249
1146
10065
19125
1099
4544
4687
3721
471
7106
959
6283
1487
10214
6048
2931
548
10363
784
3800
85
6080
25124
171
6460
374
7800
4092
16812
3367
2692
3143
1892
7952
654
688
658
2595
25658
7983
1305
4182
7277
7107
1084
3580
15281
742
23490
2512
2910
23421
4161
3296
5192
1483
2098
4144
6645
4236
2506
15969
2099
15386
8582
2519
23140
229
19721
7551
16031
26711
3214
99
5307
2783
1788
4616
4740
6862
1547
5351
339
643
15331
13421
11115
882
1657
5749
1939
3118
6951
24357
9958
5778
465
653
223
713
479
5556
12350
451
1093
803
5195
20632
9121
2722
1231
14156
5705
1218
4629
2429
5531
24889
14145
183
2599
811
9357
4671
2515
606
4173
2596
817
2585
12675
3435
1423
3157
19715
17642
6921
5934
837
1660
733
872
4787
3234
7457
13161
8056
870
13269
1178
26856
13404
15146
703
20820
35648
3294
3836
2659
6328
1430
475
4057
2959
3372
1425
4288
4946
3377
631
2668
7700
5217
7679
1555
16503
1318
712
4383
19382
7985
6316
7785
9174
15275
7748
6957
1670
2096
6706
1809
470
2567
19213
820
14115
19307
1524
7186
4564
271
14065
1092
10841
16788
6522
788
4083
4539
7246
10797
1149
6068
6063
579
5308
20958
1128
7467
7302
3060
6750
7401
13820
4623
33707
2705
2518
3056
2569
11214
10997
8212
5405
33954
862
2118
5145
5435
4460
20630
3793
3114
8353
595
1344
6833
1325
1432
149
1347
299
1886
19764
568
21432
3518
230
88
905
5971
13409
7155
2924
6202
5843
9886
4490
10241
2639
11352
30184
6024
6010
8876
1448
2817
497
4275
7244
4530
2911
1297
30448
10248
6176
6803
3008
3525
7009
15323
5987
1165
951
16489
5994
5997
991
12465
1175
16498
288
459
14067
8325
22975
1195
4396
6085
1736
7532
4486
17005
34894
9549
3038
3673
3323
10017
7605
6196
7611
829
2751
466
27888
7680
7993
13022
3650
2420
2489
914
5725
8081
13756
17253
3135
1404
2972
3915
9960
3141
7553
10053
5466
6550
1034
4758
115
4643
10376
7969
3644
13748
10484
4542
737
25640
28901
638
18310
711
3288
10367
1296
6830
4900
3939
2977
236
745
336
1135
7089
4684
626
4162
499
550
2563
8489
1911
2725
1640
18803
6715
6936
10859
8294
3968
535
11077
382
5916
768
1691
16318
27404
14155
1248
2468
895
22423
900
7082
11048
495
349
11143
340
2305
22085
14913
2081
1629
496
14701
11273
890
27728
16630
5010
218
4243
7451
6150
6976
4352
2781
1333
2507
375
17100
29625
194
4853
1029
11678
28979
319
5498
7544
3122
758
1357
11762
804
10345
11033
7597
138
116
1667
3827
3126
9193
398
23392
8044
3802
1663
3430
9079
677
4776
546
4512
29761
2040
541
2623
2868
8767
9761
5395
12195
6633
9449
4358
4701
7165
4594
1535
5100
5368
6855
24221
4561
3792
19901
16085
1289
3293
797
22913
1125
2676
12668
6798
9839
2608
35435
616
4752
4689
2689
21828
9921
8981
3459
6789
1152
4549
2092
7816
13002
18719
4170
2265
8085
866
4164
13113
4146
17167
1052
8166
108
131
11669
484
562
10111
16998
10412
1227
1026
1044
8308
111
3267
1579
1282
7032
4601
612
1115
4911
8391
770
2529
146
8051
14838
16700
4274
2251
1214
2211
660
1862
6973
18603
2492
1370
207
1291
1246
1597
5977
177
4769
4531
18009
1339
7269
7326
13983
8335
14035
509
3105
1389
8440
21580
2488
4520
2011
4760
6445
7357
17037
6092
185
1143
18279
20237
18645
1133
8553
1493
4586
1584
5277
245
816
373
450
1241
4547
8223
14126
4221
3238
1620
8808
2621
8833
11261
4129
14301
1485
8912
17283
1097
1731
9346
1586
4793
3336
507
808
4714
6790
14703
3933
2841
1723
2295
3417
3437
4087
1654
11813
1538
9909
2790
5421
5476
3369
9268
11718
19548
1393
11773
1180
430
346
19466
11799
10415
15167
2058
6047
7941
4510
26660
9417
246
2060
6997
6836
13202
5702
1976
2878
2816
4686
9535
20052
2568
5988
8659
12291
7962
5090
665
228
5722
7437
6903
9721
5301
5727
12436
3624
27837
9829
5907
20668
27810
5110
2957
5490
2605
13984
9922
798
9953
7640
14402
1388
5946
4863
3187
2471
2631
35263
747
4498
17921
26435
787
1937
4866
1110
3281
2615
1203
21136
22525
6002
930
20821
21284
10384
23139
26090
6053
8529
7492
3264
705
6891
2213
388
4017
4305
5343
894
4097
3230
3943
8549
2029
906
3944
14686
3947
380
2496
1797
1215
10574
240
545
8705
16972
17040
892
1397
33056
30329
977
219
4827
1895
3138
8884
193
4228
2965
17124
913
17072
2975
5225
467
3169
2071
864
10881
6376
4770
7653
3310
4645
1782
3514
260
744
7538
1016
3023
1408
9021
250
15201
749
5552
6546
2994
12562
2566
9113
7673
4868
20231
4838
6557
1045
11213
3651
9258
2603
14180
6998
9959
640
842
2574
18056
9350
14296
2854
440
4080
14275
2076
4921
7802
8561
4694
6111
1764
706
3766
3791
1200
11619
11667
4136
1167
1286
3244
5084
23690
11679
6924
338
15513
137
3243
11760
160
794
1975
164
11809
10414
1171
557
11937
2583
7095
2594
11968
2664
4060
7176
322
8186
1410
668
12169
3319
2046
5303
984
2332
2066
3368
5316
4066
1086
1903
1756
87
341
3846
12417
555
1477
1517
582
15383
12476
4649
6664
12514
2268
6793
7204
434
1602
6327
12587
4690
3036
6443
1909
10560
783
1568
16822
2606
10825
19962
12720
776
2973
3070
12757
2260
15601
7999
5700
16236
4734
1656
3572
3568
7555
7268
7615
25326
4625
2912
12542
3671
2053
461
1707
5088
26866
4886
7007
5677
6854
3179
10915
1041
1728
309
20669
4959
3731
13627
4700
318
4939
7604
5780
13671
4847
73
12800
13743
1786
632
5025
2184
1601
9216
1822
4071
1216
7683
1897
14287
4167
5264
1811
4842
5259
1187
1441
6959
5130
5155
5953
2398
28631
4854
17128
674
11785
14002
9496
1843
14008
28873
1918
1366
1121
12200
5964
17185
18748
1315
8695
2980
20177
14167
417
4049
9896
17380
9586
795
3426
3390
4726
1971
7172
1380
2701
3064
335
3688
22541
10427
17565
14353
14394
11671
22743
206
2771
801
14446
1653
4739
15003
3447
3498
1319
8062
4230
3523
901
8099
14603
4820
8374
3608
2073
9887
4231
2065
9932
23030
3570
8354
203
3404
9038
10247
992
12020
7786
1742
501
14851
3584
2272
7468
6020
3195
18714
1362
3633
1527
17582
5275
1009
4317
721
4952
4370
15195
1008
1421
2856
379
2619
6811
2226
10379
6867
1898
376
1418
8572
2743
15286
13707
24063
5365
1910
5709
7655
15380
6279
19310
10603
15410
11394
2473
3588
15672
2474
15697
4077
15797
10443
10734
6
6869
1184
7753
4115
6851
16026
1069
6926
187
7821
865
9917
4323
3491
5494
6135
1209
3448
540
173
4617
5313
16296
1141
226
4723
1312
10987
11284
1232
3054
6128
485
3581
622
251
15981
3127
11014
611
8030
641
7078
669
23369
3386
3342
16573
2257
2486
27233
157
3314
1933
26863
9344
3182
2511
685
344
2321
11228
347
3014
741
407
13746
2682
3205
7216
9452
785
1845
2685
4376
21026
1114
6486
16892
18757
11453
2860
472
6271
474
6303
21328
1482
3904
4362
6336
3475
6491
1873
5654
1181
591
972
3304
534
2142
6845
1395
1737
16622
17211
7432
1964
3899
4449
6543
1080
5210
17394
16737
6117
16853
2966
4059
14256
2760
1307
28587
10196
2520
17739
2986
1650
5148
936
10236
6518
7515
3565
6890
4947
973
4042
22352
4864
5660
20471
2604
16242
5960
1174
2476
18184
1328
1704
29169
18288
5300
8999
676
18472
1081
18473
1787
18493
29040
1035
1088
9101
7312
4217
1812
2217
3166
5782
6088
20626
7833
29923
1867
2258
7815
1665
1134
10799
5437
3625
16715
18810
2745
7520
6391
18852
9230
1107
511
19836
4782
6941
4747
18962
15144
6920
2333
18989
1142
3165
3082
1882
5451
19149
1211
1199
3913
5214
2430
3263
23786
19221
715
33169
5456
21458
23881
1917
15395
1565
13096
3275
3121
24059
2495
4888
1914
6274
19453
13147
10988
19525
3378
2494
4293
1390
3340
2256
4375
306
952
982
1255
1925
19647
15512
970
969
8206
3209
19744
3245
9751
2052
490
1947
377
11216
19862
3552
3727
5149
14228
1007
9809
3066
19921
670
4991
9869
35738
1017
9984
22544
7403
25082
7577
5935
20248
1072
4046
5786
1367
13884
4719
2157
3477
6801
2261
1096
5178
20579
2656
1075
1651
4126
25928
1484
1089
2730
5223
5017
532
197
518
3634
159
4681
20856
8650
20884
11934
3606
4811
5998
20928
3240
1058
542
1550
1040
18880
1871
2733
6986
14268
3949
1182
21027
204
4254
15165
1962
589
4489
1801
2847
2378
26372
627
5314
1574
5450
1553
21160
4812
3716
16691
5252
3728
5465
2775
1997
2006
4559
1294
4546
1637
2435
4556
7796
320
21521
6007
21637
11043
720
1841
2954
5231
5384
21708
21721
2522
7471
5285
3151
3137
2533
14580
2548
2039
17052
384
7195
3826
8026
2558
3208
7122
3032
12415
1361
27876
1433
2045
6424
4744
20448
6447
2588
1129
5638
19711
2654
1419
1857
4141
22562
4551
12696
12747
8097
3394
2292
512
1455
22776
1479
2330
4156
552
5460
538
25325
9
2672
9579
28794
1930
23034
572
4175
1907
2717
5939
2704
1074
1548
4119
5794
2762
4535
2774
6694
13242
23306
18115
15260
24911
8303
1573
23362
989
7144
23363
5817
13272
13226
2814
4800
2780
24869
5695
995
6912
2992
1566
23450
4203
10359
7559
651
25085
4307
5684
23518
2918
6927
9883
1634
13560
1662
5992
23626
18387
1166
3315
2932
3349
7668
4795
690
4572
1558
13740
28623
18601
9997
32237
16021
8602
24011
3376
2976
24151
1711
8576
24186
24214
6113
4385
2591
