0.928385104888
0.91164791245
0.895849367923
0.882027296575
0.875350980125
0.864721597537
0.856517438207
0.848516435343
0.842513131277
0.834523785769
0.826356839087
0.818391451224
0.81313792582
0.805183140198
0.796843691773
0.792188110523
0.786861579561
0.778355849117
0.772084873274
0.766566626542
0.761534273839
0.754919203426
0.74997672404
0.745511567409
0.736164988952
0.733722635475
0.728698200544
0.726015398687
0.72091686257
0.716790445664
0.711724318686
0.70847354043
0.704980816551
0.701248215005
0.695792700983
0.692183412351
0.688731147494
0.684747185311
0.682048581378
0.677107428373
0.673157277454
0.669898588472
0.66393721601
0.660749184556
0.657665096979
0.654252119772
0.65065656526
0.647548393211
0.644876530034
0.641306821455
0.636846998531
0.633772037089
0.631034589394
0.628867644036
0.627033364882
0.624357372838
0.622108313402
0.617063510685
0.614827686875
0.611806423604
0.610136295101
0.607774200883
0.605093491643
0.603109875735
0.600071676006
0.597820936135
0.594750403009
0.592098595839
0.590136401071
0.587494919591
0.584995537019
0.581822381112
0.579244752633
0.577123644041
0.574691424256
0.57253374595
0.56997683931
0.568275372635
0.56653177531
0.564701649684
0.562206845152
0.560072768676
0.556967969828
0.555153378535
0.552679766153
0.550696033988
0.548935669306
0.546739180706
0.545511064688
0.543890339911
0.543277712209
0.541485579558
0.539129782567
0.537344542517
0.534997781826
0.532656127614
0.530795142933
0.529498699802
0.527427694237
0.526178426582
0.524242845745
0.521967769514
0.519697627139
0.518543057447
0.517218989305
0.514533386724
0.513682265865
0.507749089127
0.50601664538
0.504708699901
0.50365512716
0.501929706362
0.500039382769
0.498529623058
0.496520173546
0.495349863429
0.493471926438
0.492138659941
0.490682466291
0.489269958662
0.485582138766
0.484094446651
0.482938931054
0.481743551809
0.480385112258
0.479028583893
0.476812967576
0.474725148856
0.472315606134
0.470726193107
0.469830773238
0.468123735059
0.466784696251
0.464638131009
0.463061689389
0.461649227558
0.460561072032
0.459433972341
0.458388615059
0.457705773717
0.457023459053
0.455700343863
0.454259163154
0.452940064097
0.451981920325
0.451104525497
0.446180194456
0.44617683887
0.444948754559
0.444196872711
0.442497692414
0.441116973891
0.440132059418
0.438794378698
0.437458794118
0.436477992659
0.435654949505
0.434128563353
0.432995275646
0.432097500702
0.431239635205
0.430265839081
0.429370893045
0.428438042107
0.427545001974
0.426614136204
0.426110335152
0.424871518252
0.424446079363
0.423634478667
0.423286892879
0.422939444485
0.419167810701
0.417555930225
0.417210843952
0.416482785879
0.415640570972
0.415028586204
0.414111451031
0.413576924796
0.412890181816
0.412165907364
0.411442275845
0.410339052772
0.409617020661
0.408705943156
0.407757929552
0.406962472656
0.405903069476
0.405298299656
0.404656223832
0.403901491938
0.403750629758
0.402582459817
0.401491197072
0.400739433242
0.400100982507
0.399500554691
0.399013047163
0.398975557966
0.398263599657
0.397552298372
0.396393178824
0.395459588072
0.394899945149
0.394266162288
0.393111781072
0.39192201913
0.391067949583
0.390363091727
0.389807075655
0.388955278394
0.38732850828
0.387106919874
0.38607372901
0.385410235568
0.385336548326
0.383570346158
0.382395294185
0.380928891101
0.380635903591
0.380343028815
0.37968448332
0.37877080942
0.377493552133
0.376764643274
0.376254800407
0.375308886466
0.373239776234
0.372442571968
0.372008058026
0.371465291672
0.37081452127
0.370633839298
0.370272607464
0.369911551775
0.369910672806
0.368972784086
0.368684443314
0.3681080894
0.367640130579
0.367136503911
0.366525436865
0.366058482077
0.365053779339
0.364695279532
0.364623600356
0.364157868022
0.363764024479
0.362798235962
0.362405116379
0.361869399396
0.361583841733
0.360656604575
0.360193403462
0.359161232486
0.358698993131
0.358130518238
0.357704443461
0.357136775317
0.356604959973
0.355967347693
0.354411656096
0.354235016679
0.353599486448
0.353140842237
0.352682497476
0.351942799661
0.351626000708
0.350395399267
0.35014952206
0.350114403791
0.349482599051
0.349166904534
0.348676104834
0.348045615907
0.347345815208
0.34699612095
0.34647191336
0.346052840395
0.346051461171
0.345423314988
0.344865488133
0.344586720907
0.344308064652
0.343751107959
0.343542358851
0.343194591632
0.342742750188
0.342221769597
0.342152334523
0.341770578132
0.341735882614
0.341597118155
0.341493065067
0.341354349929
0.34014241294
0.339934762984
0.339727179963
0.336932891649
0.336588499391
0.336554068092
0.336209851981
0.335831417708
0.335384453753
0.335281351855
0.334972141279
0.334663068098
0.334594404545
0.334422776488
0.334216880948
0.33401104882
0.33397674963
0.333770991484
0.333736704625
0.333702419527
0.333565296751
0.33353102046
0.332640638373
0.332435292409
0.332161598193
0.331409517301
0.331102092848
0.330897222478
0.330521796782
0.330453559503
0.330419443506
0.32966945523
0.328478012852
0.32756031225
0.327254679204
0.326881321464
0.3264404187
0.326135335231
0.325254930064
0.325018041599
0.324747417612
0.324510715861
0.32400379526
0.323666064852
0.323564779022
0.323328507068
0.323126058709
0.322822521803
0.322653951644
0.322418014368
0.322182172211
0.322047437977
0.322013758822
0.321576144708
0.320970687918
0.320836207335
0.320701756696
0.320634541065
0.320567332479
0.320466532812
0.320432936446
0.319493055513
0.319425966707
0.31868851828
0.317083477562
0.317016642406
0.316682582885
0.316382073933
0.316348692465
0.316315312759
0.31618181331
0.315981617861
0.315681438301
0.315614751109
0.315448063953
0.315348072797
0.31488170986
0.314216067434
0.313750516531
0.313717274219
0.313418176197
0.313351728563
0.312687706683
0.312256454969
0.311163295129
0.310633854235
0.310005702768
0.309972659501
0.309741405953
0.309477225394
0.309411196989
0.309180170669
0.308751318067
0.308520520737
0.308487556736
0.308454594496
0.308256858048
0.308223908138
0.30819095999
0.308158013604
0.307631147967
0.307302062816
0.307236266923
0.307203371619
0.306644472033
0.306381619617
0.306315922366
0.306118876411
0.305954718714
0.305889067261
0.305790605054
0.305757787254
0.305659344424
0.305462506321
0.305167378635
0.304905153299
0.304872383059
0.304512033717
0.304250116637
0.304086459196
0.304053732992
0.304021008549
0.303890130156
0.303759278184
0.303726569595
0.303628454396
0.303563053071
0.303334209203
0.303268839584
0.302648364568
0.302387224293
0.302224068868
0.301832686087
0.301571913958
0.301539323386
0.30131124047
0.300757782041
0.300725235506
0.300334825052
0.300334677089
0.299619733101
0.299262515639
0.2990028409
0.298386603962
0.298127314984
0.29790052498
0.297673821289
0.297544315074
0.297479572535
0.297350110357
0.297058923062
0.296864875116
0.296638571276
0.296250834721
0.296024761633
0.295992472272
0.295960184672
0.295798774856
0.295443826157
0.295314807867
0.295282557258
0.295250308411
0.295218061324
0.294766811732
0.294670155024
0.294605726025
0.294573514168
0.294444684355
0.294154927367
0.294058371062
0.293833139953
0.293704472194
0.293640148884
0.29354367889
0.293447222989
0.292034701268
0.291938493732
0.291425700416
0.291329593284
0.291233502005
0.29065744754
0.290593458908
0.290561467233
0.290465504541
0.290273624955
0.289890131762
0.28985817884
0.289730384767
0.289666498299
0.289411042262
0.289219511445
0.288772912112
0.288613473372
0.288231007112
0.288008020106
0.287944323876
0.287785114126
0.287721442557
0.287594120555
0.287403190397
0.287116915819
0.287085116144
0.287053318231
0.286926145953
0.28683078392
0.286799000098
0.286640112696
0.286608339443
0.286449504885
0.286385981278
0.286290709079
0.286036734432
0.285941520361
0.285878053121
0.285814592927
0.285719415847
0.285687693676
0.285687378374
0.285655657965
0.285592222432
0.285528793944
0.285433666185
0.285053361239
0.284863294197
0.284609973051
0.284420038119
0.283882260225
0.283061013763
0.282682276518
0.282524530543
0.282398365822
0.282366828605
0.282083122239
0.28183102531
0.281547547935
0.281547486283
0.281264158632
0.281075342228
0.281043878992
0.28085513657
0.280289386658
0.280226550022
0.279881111456
0.279881074465
0.279880732741
0.279692381363
0.279660995632
0.279598229454
0.279409973195
0.279159063492
0.278970956957
0.278939611739
0.278782922642
0.278720255106
0.278250540106
0.278000155318
0.277906288766
0.277875003438
0.277812438067
0.277593516514
0.277562248801
0.277530982849
0.277374679512
0.277031030592
0.276937327856
0.276906097133
0.276749975227
0.276469069585
0.276406662746
0.276281870204
0.276219484501
0.276157105845
0.276094734234
0.275627192879
0.275346850906
0.275315710018
0.274942170848
0.274911052859
0.274848822165
0.2747243872
0.274662177644
0.274475596535
0.274444504968
0.274195851697
0.274133702031
0.273636783011
0.273574696758
0.273543656273
0.273419513711
0.273233350068
0.273140292027
0.272985232282
0.272954225265
0.272768221916
0.27273722723
0.272706234304
0.272613266098
0.272582280218
0.272365430145
0.272334458358
0.272303488332
0.272117706927
0.272055793296
0.272024839123
0.271962936062
0.271931987173
0.271901040046
0.271839151076
0.27162259869
0.271467968742
0.271375211911
0.27134429649
0.27131338283
0.271220654183
0.271189747569
0.270695562338
0.270479466171
0.270448601833
0.270356019386
0.270325162094
0.270170912621
0.270078379496
0.269831709631
0.269739232873
0.269123311237
0.268877071169
0.268692466421
0.268661704247
0.268661621459
0.268630861046
0.268507842297
0.268507555178
0.268506928098
0.268138053279
0.267769458533
0.267738749203
0.267677335828
0.267554530215
0.26743175807
0.267401068117
0.267370379924
0.267370210824
0.267247480954
0.267216801569
0.267124773983
0.267094101644
0.267063431066
0.26703276225
0.266787485702
0.266695533859
0.266603596108
0.266572953713
0.266327885018
0.266205389423
0.266174769927
0.266144152194
0.266082922011
0.265746310131
0.265440458664
0.265379309508
0.265195904316
0.265165342949
0.265134783343
0.265073669417
0.264951467985
0.264676655241
0.264554540122
0.264554508415
0.264401904149
0.264066366761
0.263822450062
0.263761487621
0.263761450631
0.26367002018
0.263517673087
0.263395830994
0.263243561405
0.263121779202
0.263121735165
0.263091293577
0.262939113823
0.262908682804
0.262726135444
0.262634884663
0.261784239398
0.261632441881
0.261511031346
0.261450336648
0.261450299657
0.261237923698
0.261237886707
0.26120755433
0.261146894861
0.260904339772
0.260783103622
0.260601296075
0.260358987591
0.260298426763
0.260207600494
0.260177328007
0.259693227147
0.259662984605
0.259632743824
0.259602504804
0.259602457245
0.259602388548
0.259451219873
0.259300100519
0.259149019917
0.259058392693
0.258484975137
0.258424632731
0.258243653071
0.258183338849
0.258153184379
0.258032584117
0.257761336572
0.257580584142
0.257520347423
0.257279476292
0.256768125614
0.255956836696
0.255896790216
0.255776718392
0.255716693049
0.255536661056
0.254397956853
0.254009050688
0.253979141062
0.253919327094
0.253889422753
0.253799720296
0.253739927466
0.253590481501
0.253530713332
0.253500831889
0.253441074288
0.25341119813
0.253381323733
0.253291712873
0.253261845522
0.253172254038
0.253142393733
0.253022971889
0.252754421143
0.252575451312
0.252515802922
0.25239652904
0.252307090803
0.252187869766
0.252158067589
0.252038881781
0.252009088411
0.251860151509
0.251800587669
0.251770808391
0.251741030874
0.25171125512
0.251592169715
0.251562402767
0.251532637581
0.251502874156
0.251354085216
0.251324332361
0.2513241386
0.251115921452
0.250878071229
0.250759183107
0.250699749616
0.250670035512
0.250610612589
0.250491789642
0.250432387856
0.250402689606
0.250343298389
0.250283914218
0.250194851173
0.250135484617
0.250076125106
0.250046447993
0.250016772642
0.249898090612
0.249838759284
0.249779435003
0.249749775505
0.24966080934
0.249542215383
0.249512569976
0.249482926331
0.249423644325
0.249364369365
0.24930510145
0.248979317278
0.248979290857
0.248831250538
0.248801647406
0.248772046036
0.248742446428
0.248594474806
0.248505712971
0.248476129215
0.248446547221
0.248416966989
0.248357811808
0.248298663673
0.248269092248
0.248239522584
0.248121261543
0.248121192846
0.24794385589
0.247914305603
0.247884757076
0.247825665308
0.247796122066
0.247766580586
0.247737040867
0.247707502909
0.247589370455
0.247471266185
0.247412223738
0.247382705156
0.247353188336
0.247294159981
0.247235138671
0.247205630658
0.247176124407
0.247146619917
0.247058117017
0.246999123891
0.24696962997
0.24694013781
0.246851671901
0.246822186787
0.246674789402
0.246645314857
0.246615842074
0.246527436054
0.246409583672
0.24635066805
0.24626230959
0.245997361034
0.245820793837
0.245703112317
0.245644281245
0.245291539658
0.245115226112
0.244792166922
0.24476280511
0.244586681802
0.244527984601
0.244205304126
0.244175977544
0.244146652723
0.244117329664
0.243970742552
0.243941430061
0.243912119332
0.24367771629
0.24356055264
0.243326309891
0.243267764176
0.243121430714
0.24306290966
0.243033651775
0.242975141289
0.242624305604
0.242565844439
0.242565763412
0.242536535471
0.242478084875
0.24227356856
0.242244358234
0.24221514967
0.242156737826
0.241923166194
0.241893977006
0.241864789579
0.241718889437
0.24168971258
0.241573022763
0.241514688424
0.241514602112
0.241368802373
0.241339646653
0.241019057033
0.240960789629
0.24096070684
0.24093157578
0.240931436625
0.240844054014
0.24081493
0.240582038292
0.240000479259
0.23991326751
0.239709841539
0.239680786223
0.239651732667
0.23956458257
0.239506491312
0.2394484071
0.239245173129
0.239071038511
0.238983995863
0.238896967306
0.23886796131
0.238838957076
0.238664975705
0.238578005277
0.238549018657
0.238520033799
0.238404113741
0.23837513769
0.2383461634
0.238288220105
0.2382592511
0.238230283856
0.238143392694
0.238114432496
0.238056517384
0.237882816086
0.237853871742
0.237795988336
0.237738111977
0.237593462473
0.237362108521
0.237333195883
0.237304285006
0.237159760566
0.237073066687
0.236928610944
0.236899724727
0.236870840272
0.236841957579
0.236755320066
0.236755302452
0.236726426804
0.236697552918
0.236668680793
0.23663981043
0.236639776962
0.236639706503
0.236610837901
0.236264569687
0.236235723984
0.236206880043
0.236178037863
0.236149197444
0.236148233924
0.236090558372
0.236032889865
0.236004058254
0.235946400316
0.235888749423
0.235831105577
0.235715839022
0.235687026787
0.235686878824
0.235629259638
0.235600452687
0.23548524426
0.235398855115
0.235312483583
0.235254910195
0.235226126144
0.235168563325
0.235168494628
0.235024618405
0.234967080247
0.234765759223
0.234679502187
0.234650753365
0.234535775689
0.23447829742
0.234104886837
0.234076173244
0.234047461412
0.233044587072
0.233044534228
0.233044516614
0.233015868195
0.232786754823
0.23250052252
0.232471907569
0.232357467139
0.232271655753
0.232243054893
0.232185858458
0.232157262883
0.232042899958
0.23201431319
0.231985728183
0.231957144938
0.231757122113
0.231728552959
0.231728498354
0.231699930962
0.231671365332
0.231642801463
0.231614239355
0.231585679009
0.231557120424
0.231557021783
0.231528464959
0.231499909898
0.231499730229
0.23144262539
0.231442591922
0.23124279104
0.23084348168
0.230586947628
0.230558450695
0.230529955523
0.230529893872
0.230358965115
0.230330482273
0.230273521874
0.230131151702
0.230074215963
0.229732786485
0.229732624431
0.229732485275
0.228993796779
0.228880219466
0.228823438736
0.228795051013
0.228766665052
0.228681519498
0.228596388036
0.228596285871
0.22859597057
0.228397409757
0.228369048457
0.228340688917
0.228312331139
0.228198919404
0.227321540429
0.227095254204
0.22698214544
0.2268408022
0.22681253778
0.226614746727
0.226388809271
0.226360573034
0.225909055699
0.225880849407
0.225880446032
0.225852241501
0.225795837724
0.225767638478
0.22576750813
0.225654728759
0.22562653832
0.225598349643
0.225570162726
0.225541977572
0.225541933535
0.225372864883
0.224978633817
0.224922339251
0.224809773017
0.224753499588
0.224725365516
0.224697233205
0.224612848603
0.224556599835
0.224500358112
0.224472239893
0.224444123436
0.224163066309
0.224078780348
0.223994510241
0.223938338977
0.223882174759
0.223826017587
0.223601475209
0.223573413357
0.223517294937
0.223377034996
0.223320941236
0.223292896999
0.223264854522
0.222900466148
0.222816417985
0.222788405454
0.222760394684
0.222732385675
0.222704378428
0.222480383865
0.222284486384
0.222200556239
0.22217258246
0.222116640186
0.222088671691
0.2219488574
0.221920899474
0.22189294331
0.221837036265
0.221753188909
0.221697299479
0.221529684032
0.221417973869
0.220581580594
0.22055370898
0.220497971035
0.220219392285
0.220163696616
0.219412642656
0.219384845023
0.219357049151
0.219329255041
0.21924588328
0.219218096216
0.219134745592
0.219106965574
0.21885703172
0.218829269316
0.218718239077
0.21860723526
0.21857948871
0.218302169405
0.218218993166
0.218163551148
0.21785879531
0.217831096319
0.217692638354
0.217581900518
0.217498863434
0.217360500588
0.217332833304
0.21724984378
0.217166868347
0.217111560199
0.217083908768
0.216835148048
0.216807514231
0.216558890905
0.215841887768
0.21575918184
0.215676491764
0.215648931928
0.215621373854
0.21556626299
0.215538710201
0.215483609905
0.2154560624
0.215428516656
0.215345889993
0.215318351295
0.215180684227
0.21512562973
0.215070582279
0.215015541873
0.214877982254
0.214712973771
0.214657979164
0.214630484502
0.214383131191
0.214328178859
0.214245765332
0.214163365898
0.214080984078
0.214053526408
0.214026070498
0.213971163964
0.213724184082
0.213587029599
0.213449919153
0.213422501996
0.2133950866
0.21320323872
0.213175837416
0.213121040092
0.213038859079
0.212929308469
0.212901924779
0.212792409398
0.212765034516
0.212737661395
0.212655552602
0.212600822214
0.212518739843
0.212491382575
0.212464027069
0.212163296172
0.212135961804
0.212081298351
0.212053969267
0.212026641945
0.211971992584
0.211917350269
0.211862715
0.211780775307
0.21156236634
0.211480486537
0.211398622587
0.211344054254
0.211125861947
0.211098594514
0.211044064933
0.211016802784
0.210962283771
0.210935026907
0.210907771805
0.210853266884
0.210826017065
0.210771522713
0.210689796157
0.210662556908
0.21058085149
0.210553619286
0.210526388844
0.210390264816
0.210363044943
0.209710703317
0.209547685287
0.209411881845
0.209384725384
0.20927612244
0.209276067835
0.209248920182
0.209194630159
0.209113210098
0.208977552857
0.208869055601
0.208679243971
0.20865213507
0.208543717079
0.208462422081
0.208381142937
0.208272800689
0.20824571821
0.208218637492
0.208164481341
0.208137405907
0.20800206573
0.207947937762
0.207812653952
0.207785601417
0.207704454383
0.207596284758
0.20738004239
0.207271957315
0.207217924466
0.206893885903
0.206866893258
0.206839902375
0.206758940294
0.206731956456
0.20670497438
0.206677994066
0.206597063691
0.206570090422
0.206516149169
0.206435252262
0.206381328623
0.206354369446
0.206327412031
0.206004123851
0.205977189334
0.205950256579
0.205923325585
0.205896396353
0.205869468882
0.205815619225
0.205761776614
0.20560030867
0.205573400576
0.205546494242
0.205385110849
0.205358216846
0.205223778537
0.205196895103
0.205089384266
0.204874455948
0.204847595413
0.204820736639
0.20471332092
0.204579099272
0.204552258113
0.204498581079
0.204391253433
0.204391221727
0.204364392898
0.204257100482
0.204257084629
0.204230264607
0.204149815111
0.204096190921
0.204042573777
0.204015767848
0.20380139439
0.203694244652
0.203560352397
0.203346244921
0.203212467161
0.203132218472
0.203051985636
0.20302524488
0.202998505886
0.202945033181
0.202864839098
0.202784659106
0.202651066299
0.202597639393
0.202570928582
0.202464102953
0.20233061055
0.202277225919
0.202250536245
0.202170479556
0.202063761376
0.202037085794
0.202010411974
0.201983739915
0.201983715255
0.201957044958
0.201850383145
0.201823721655
0.201797061926
0.201690442389
0.201610494909
0.201583849273
0.201503922931
0.20147728434
0.201450647511
0.201424012443
0.20131749507
0.201237621572
0.201131149997
0.201051315251
0.200944891236
0.200891689797
0.200519521044
0.200492947627
0.200439806078
0.200306993599
0.200280434274
0.20025387671
0.200200766867
0.200174214588
0.200094568319
0.200068023086
0.200041479614
0.199988397954
0.199696606477
0.199617057088
0.199484512352
0.199325521024
0.199299026873
0.199113624182
0.199060665825
0.199007714513
0.1989812415
0.198769536658
0.198637270232
0.198584375288
0.198557930457
0.198452170513
0.198320013298
0.198267160629
0.198240736936
0.19810865018
0.198082237056
0.198055825693
0.197923798827
0.19784460173
0.197818206221
0.197765420487
0.197580743519
0.197475244271
0.197237980614
0.196974511686
0.196948174305
0.196921838686
0.196842842396
0.196711220666
0.196632268413
0.196605953931
0.196553330251
0.196500713618
0.196369204621
0.196316612648
0.196290319303
0.19626402772
0.196237737899
0.196211449839
0.196158879003
0.196132596228
0.196080035961
0.196001210533
0.195922400959
0.195896134036
0.195869868875
0.195843605476
0.195817343838
0.195764825846
0.195738569492
0.1957123149
0.195528589121
0.195292516213
0.195266291565
0.195213847555
0.195187628192
0.195161410591
0.195135194751
0.195108980672
0.195108940158
0.19510892959
0.195108919021
0.194637474266
0.194585114806
0.194558937718
0.194532762391
0.194349610849
0.194323449615
0.194192675147
0.194192645203
0.194166494537
0.194114198489
0.194061909488
0.194009627532
0.193957352622
0.193905084758
0.193748326963
0.193669970085
0.193617740973
0.193591629059
0.193539410516
0.193513303886
0.193461095912
0.193382798923
0.193252336234
0.193226248981
0.193174079759
0.193095839136
0.193043687529
0.193017614367
0.192991542967
0.192913341097
0.192835153318
0.19278303694
0.192496586216
0.192444515636
0.192392452101
0.192392436248
0.192158265719
0.192132252447
0.191742345771
0.191067594825
0.191015718005
0.190937917748
0.190834211669
0.190782366556
0.190756446641
0.190652789883
0.190626878776
0.190445576769
0.190419679753
0.189489608403
0.189463776561
0.189463658543
0.189412000145
0.189386173588
0.189334525759
0.189282884975
0.189179626307
0.189153815603
0.189128006661
0.189127932679
0.189076320079
0.189076263712
0.188947273606
0.188715199217
0.188689420219
0.188586327128
0.188560556938
0.18853478851
0.188509021842
0.188457493792
0.188405972788
0.188380214928
0.188302953679
0.188251453812
0.188225706521
0.188199960991
0.188174217223
0.188122734971
0.188071259765
0.187788309066
0.187762593482
0.187711167596
0.187685457296
0.187659748757
0.187505545083
0.187479848874
0.187454154427
0.187402770817
0.187300026495
0.187274344378
0.187017639464
0.186914999069
0.186914955033
0.186863645404
0.186786694172
0.186709760555
0.186684118951
0.186658479109
0.186632841029
0.18660720471
0.186555937356
0.186376567673
0.186325332026
0.186248491766
0.186222881869
0.186197273733
0.186171667359
0.186171614515
0.186146009902
0.186069206633
0.186018013261
0.185966826934
0.185838902513
0.185813320799
0.185762162656
0.185659872792
0.185608735787
0.18545538466
0.185429829368
0.185404275838
0.185378724069
0.185378694124
0.185378671225
0.185378546161
0.185352996154
0.185276358462
0.185250815501
0.185199734862
0.185174197185
0.185097594722
0.185072064091
0.185046535221
0.184969960942
0.184918919055
0.184893400754
0.18481685642
0.184791345165
0.184663815311
0.184485352781
0.18443437783
0.184357928614
0.184281495252
0.184179608763
0.184103212391
0.183975925619
0.183950472492
0.183950236456
0.183899335486
0.183086418978
0.183086230502
0.183086207603
0.183086177658
0.182832379156
0.182325426849
0.182300088217
0.182224084651
0.182173423241
0.182072123318
0.182046802301
0.182021483045
0.181945535846
0.181920223636
0.181894913188
0.181717806984
0.181692510627
0.181616632125
0.181591342814
0.181540769477
0.18151548545
0.181490203185
0.181464922681
0.181439643939
0.1810103862
0.181010343925
0.180985096889
0.180959851615
0.180808424005
0.180682280422
0.180631833909
0.180455337171
0.180329318651
0.180127798583
0.180077429575
0.180027067613
0.179951539642
0.17980053126
0.179800508361
0.179800490746
0.17977532826
0.1797753036
0.179750142876
0.179724983913
0.179699826712
0.179574068888
0.179498634275
0.17937294691
0.179347814369
0.179297554572
0.179222179849
0.179146820978
0.179046366558
0.178996149035
0.178945938559
0.178770267946
0.178669922736
0.178619758058
0.178519455123
0.178218796446
0.178168695181
0.178018440704
0.177943333723
0.177868244356
0.177793170843
0.177768149274
0.177768098191
0.177768043586
0.177642962164
0.177542928733
0.17754284066
0.17706820942
0.176619249728
0.176320128808
0.176145754631
0.176046143951
0.175946561454
0.175921670234
0.175126671318
0.175101838225
0.175101602189
0.175101480648
0.17502699194
0.175002165894
0.174927698323
0.174902879323
0.174902868754
0.174878051515
0.174853236037
0.174778801934
0.174679580537
0.174580390846
0.174555596506
0.174555548947
0.174456390962
0.174431605429
0.174431568439
0.174307677765
0.174258129598
0.1736149053
0.17361479609
0.173614741485
0.173590015841
0.173491136168
0.173491081563
0.173342817538
0.173318111271
0.173268704022
0.173268529637
0.173268490885
0.173243789902
0.173145005348
0.173095622758
0.173095511786
0.173021452875
0.172947408055
0.172922729971
0.172848708051
0.172725375761
0.172725328201
0.172700665971
0.172700584944
0.172626610582
0.172552650313
0.172528000413
0.172527984559
0.172478690043
0.17238012391
0.172084631601
0.171740228775
0.171592711611
0.171494402651
0.171469828494
0.171445256098
0.171420685464
0.171396116591
0.171371549479
0.17132242054
0.171248742105
0.171150531787
0.171052346129
0.170880593009
0.170807009692
0.170782484855
0.17075796178
0.170733440467
0.170708920915
0.170684403124
0.170610862083
0.170561842355
0.170537335133
0.170463824036
0.170414825446
0.170390328793
0.170365833901
0.170316849402
0.170316808889
0.170267831436
0.170194380229
0.170047539466
0.170047282292
0.170022812061
0.169998343592
0.169998186821
0.169973720113
0.169949255167
0.169924791981
0.169875870895
0.169851412994
0.169851361912
0.169753553207
0.169729104114
0.169728993142
0.169704545809
0.169680100239
0.169679725047
0.169655281238
0.16963083919
0.169508665943
0.169362103491
0.169362082353
0.169166776723
0.169142369904
0.168654767258
0.168192231978
0.168094897106
0.168094835455
0.168021852797
0.167997528767
0.167997498823
0.167973176554
0.167973033876
0.167948713369
0.167948683424
0.167608446456
0.16748699893
0.167462713653
0.167414148382
0.167389868389
0.167365590157
0.167171434761
0.167147172383
0.167050145767
0.167050114061
0.166953115629
0.166928869104
0.166880381337
0.166783428703
0.166710733163
0.166130171117
0.166130081283
0.166081709773
0.165936644564
0.165864133977
0.165839966718
0.16581580122
0.165670848744
0.165646695576
0.16562254417
0.165525956158
0.165429398092
0.165332868209
0.165308739701
0.165236366509
0.165212245047
0.165212218626
0.165211926223
0.165187806523
0.165091347098
0.165067236205
0.165019019704
0.164994914095
0.164970810248
0.164922607839
0.164898509276
0.164874412475
0.164850317435
0.164826224157
0.164609479772
0.164609428689
0.164513141888
0.164513076714
0.164104292449
0.164080253776
0.164008150088
0.16359995239
0.162737151276
0.16273708434
0.162665274816
0.162665160321
0.162665142706
0.162593350796
0.162569423096
0.162569262803
0.162569229335
0.162569183537
0.162139025691
0.162115131458
0.162115018725
0.162114985257
0.162114946505
0.162091054033
0.162067163323
0.161923866622
0.161923854292
0.161876099293
0.161852224436
0.161804480007
0.161780610434
0.161756742623
0.161756732054
0.161542023919
0.161542008066
0.161494309435
0.16135127343
0.160994054206
0.160970244523
0.160898826043
0.160851222531
0.160851196109
0.160851069284
0.160850472148
0.160707714454
0.160469957588
0.160469929405
0.160351095889
0.160351006054
0.160279724968
0.160279658033
0.160232146116
0.160184641246
0.160065920463
0.159923508016
0.159923492163
0.159923467503
0.159923460457
0.159923418182
0.159899687765
0.159899677196
0.15987594854
0.159875934449
0.159875893935
0.15987585166
0.159875826999
0.159875786486
0.159875770633
0.159757155538
0.159733437451
0.159733400461
0.159709684135
0.159709624246
0.159685909682
0.159685583811
0.159495946566
0.159377481196
0.159377479434
0.15930641677
0.159282732151
0.159259049293
0.159211688862
0.159140661427
0.159140649097
0.159093306281
0.158998641786
0.15892766191
0.158904005475
0.158856697888
0.158691183865
0.158549377361
0.158431253715
0.158360402426
0.158336788265
0.158006454237
0.157959280521
0.157935696305
0.157912113851
0.157888533158
0.157841377057
0.157817801649
0.15772351763
0.15758214973
0.157535039426
0.157417299778
0.157370214136
0.157299600644
0.157111388422
0.157064348577
0.156876271987
0.156852768799
0.156782269802
0.156758773659
0.156735279278
0.156711786659
0.156312685151
0.156171951377
0.156148501032
0.156101605628
0.156078160568
0.156031275731
0.155773550931
0.155609671546
0.155586263476
0.155562857168
0.155539452622
0.155516049837
0.155469249551
0.155422456311
0.155399062333
0.155305504036
0.155282118866
0.155118489608
0.154721535323
0.154604847267
0.154534855572
0.154488203249
0.154161867739
0.154138568881
0.154115271783
0.154022101008
0.153998812718
0.15397552619
0.15374276483
0.153672968657
0.153626446682
0.153510176093
0.153440432764
0.153347466319
0.153277761741
0.153231299656
0.152859953506
0.152813554834
0.152767163207
0.152674402853
0.152628032364
0.152558489841
0.152535312523
0.152512136967
0.152465791138
0.152396285606
0.151933338144
0.151910208386
0.151887080389
0.151817706966
0.151771466826
0.151725233731
0.151679007681
0.151655897299
0.151632788678
0.151609681819
0.151517273757
0.151424892117
0.151401801111
0.151332540422
0.15124021691
0.151170993212
0.151147921582
0.151101783606
0.151055652676
0.151009528791
0.150986469491
0.150940356176
0.15091730216
0.150871199413
0.150802060265
0.150755975133
0.150663827768
0.150617763773
0.150502639896
0.150479619348
0.150456600562
0.150410568274
0.150364543031
0.150295518378
0.15022651134
0.149996645824
0.149973664028
0.149927705721
0.149858781472
0.14981284078
0.149675064501
0.149652107365
0.149629151992
0.149606198379
0.149514403306
0.149422636417
0.149353830185
0.149307966997
0.149193350422
0.149147511894
0.149124595272
0.149101680412
0.149078767314
0.149055855976
0.148941330997
0.148895531222
0.148849738492
0.14878106437
0.148369407161
0.148026785173
0.148003954863
0.147935474502
0.147889829735
0.147867009994
0.147844192014
0.147775748644
0.147684515477
0.147616109098
0.147570513652
0.146751280541
0.146728548873
0.146365099357
0.146297001233
0.146274304795
0.146228917201
0.146183536654
0.146160849023
0.146047437287
0.146024760224
0.145594281793
0.145571639959
0.145526361576
0.145503725027
0.145413196446
0.145413180592
0.145390552851
0.145345302651
0.145277440564
0.145254823391
0.145186984202
0.145164374075
0.145096556023
0.145073952942
0.145051351622
0.145051332246
0.144938362637
0.144915771886
0.144848011963
0.144802846314
0.144780266132
0.144757687711
0.144735111052
0.144689963017
0.144667391642
0.144667386358
0.144577120234
0.144486885816
0.144464330294
0.144419224535
0.144351579107
0.144329034154
0.144058728992
0.143991168114
0.143901111604
0.14387860188
0.143788582361
0.143766081444
0.143721084896
0.143698589263
0.14336152645
0.143361501789
0.143294104728
0.143271642563
0.14324918216
0.143249176876
0.142890060557
0.142845201403
0.142822774467
0.142777925882
0.142665845811
0.142307589086
0.142307576756
0.142150933457
0.142061459991
0.142039094707
0.142016731184
0.141972009424
0.141949651185
0.141904939994
0.141860235848
0.141815538748
0.141770848693
0.141748506308
0.141726165685
0.141703826823
0.141659154383
0.141569832403
0.141547505871
0.141190658316
0.140878676961
0.140811868227
0.140789601585
0.140767336704
0.140722812228
0.140567037329
0.140411343458
0.140366875348
0.140322414284
0.140189083935
0.140144651054
0.140122437256
0.140100225219
0.140100219935
0.140055801146
0.140011389402
0.139966984705
0.139878198209
0.139833814649
0.139722897144
0.139722867199
0.139656331492
0.139656326208
0.139656317401
0.139634142355
0.139478992775
0.139456831821
0.139434672628
0.139412515197
0.139390359527
0.139346053471
0.139301754461
0.139257462498
0.139235319158
0.139191037763
0.139146763414
0.1389918622
0.138859158932
0.138638137717
0.138571862706
0.138483523622
0.138461441933
0.138439362006
0.138395207437
0.138262803617
0.138174563174
0.13813045088
0.138108397375
0.138086345631
0.138064295649
0.137799845586
0.137777818503
0.137623704663
0.137601691672
0.137557670973
0.137337722488
0.137293744065
0.13729371412
0.137293626047
0.137205690337
0.137183710813
0.136964075869
0.136766517329
0.136656815232
0.136634879745
0.136612946019
0.136591014055
0.136569083852
0.136547155411
0.136196601559
0.136174703063
0.136109019903
0.136108995243
0.136108960014
0.136065178874
0.136043290946
0.136043261001
0.136021374835
0.13599949043
0.135540458698
0.135409416489
0.135278439453
0.13527841127
0.135278384848
0.135212918349
0.135147465941
0.135125651995
0.13510383981
0.135038415585
0.135016610446
0.134929409267
0.134907612935
0.134885818365
0.134842234509
0.134776873697
0.134755089695
0.134733307455
0.134624427962
0.134602656291
0.134537353607
0.134515588982
0.134472065015
0.134363287686
0.13427629612
0.134254552633
0.134232810906
0.134211070941
0.134189332738
0.134167596296
0.134145861615
0.134037219919
0.134015495807
0.133950334041
0.133906901671
0.133863476346
0.133841766326
0.133646462457
0.133559708689
0.133538023329
0.133516339731
0.133516288649
0.133386225812
0.133277897656
0.133256235195
0.133234574496
0.133147954599
0.133147952837
0.133104650815
0.133061355839
0.133039710993
0.132996426585
0.132931514947
0.132931416305
0.132909782027
0.132888149512
0.132866518757
0.132844889765
0.132801637063
0.132780013355
0.132758391408
0.132693537897
0.132671922996
0.132650309857
0.132520685624
0.132499084815
0.132412700953
0.132347930231
0.132304758557
0.132261593929
0.132067459671
0.131916576353
0.131765770539
0.131722693984
0.131701158349
0.131658092363
0.131636562012
0.131571983289
0.13152893844
0.131507418658
0.131485900638
0.131464384378
0.131442869881
0.131378338718
0.131356831266
0.131335325575
0.131313821646
0.131292319479
0.131270819073
0.131227823545
0.131206328423
0.131184835063
0.131163343464
0.131120365551
0.131098879237
0.130991484656
0.13097000891
0.130948534926
0.130927062703
0.130905592242
0.130862656604
0.130733902534
0.13064809467
0.130605201307
0.13056231499
0.130476568778
0.130455135307
0.130347999661
0.130176685144
0.130155276334
0.130133869286
0.129962683356
0.129877130904
0.129855746755
0.129834364366
0.12981298374
0.129791604875
0.129770227771
0.129577934241
0.129449814297
0.129385774582
0.129364430946
0.129343089071
0.129300410607
0.129236407882
0.128810162244
0.128788866167
0.128661126699
0.128639842953
0.128405880276
0.128384617668
0.12832084041
0.128299584847
0.128172090223
0.127853764081
0.127811332221
0.127726494923
0.127705288681
0.127641680525
0.127535712728
0.127493333712
0.127450961741
0.127387416997
0.127366238939
0.127323888106
0.127302715332
0.127281544319
0.124289859519
0.124227114479
0.124185292085
0.12416438353
0.12368434284
0.12366347656
0.12358003434
0.123559176868
0.123142698537
0.123038624312
0.123017812637
0.122976194573
0.122830604448
0.122809810388
0.122269962777
0.12220772856
0.118450013849
0.118429596742
0.118388767813
0.118368355991
0.118367720103
0.118364952846
0.118364637544
0.11836463226
0.118364556517
0.118344146456
0.118221740695
0.118212857642
0.118212852357
0.118192454626
0.118070112278
0.118049726878
0.11804971807
0.118008952554
0.117988572437
0.117947817489
0.117927442658
0.117927437373
0.117866323447
0.117845955661
0.117825589636
0.117825559691
0.117805195428
0.117804881888
0.117804677558
0.117784315057
0.117763954317
0.117763829253
0.117743470274
0.117723113057
0.117702757601
0.117682403907
0.117682398623
0.117682153779
0.117661801847
0.117641451675
0.117519387638
0.117478713717
0.117438046842
0.117417716047
0.117397387013
0.117377059741
0.117295773551
0.117275455086
0.117255138382
0.117251610174
0.117251030653
0.11721040253
0.117149475318
0.117148902843
0.117108292335
0.117087989723
0.117067688873
0.117027092456
0.11700679689
0.116966211043
0.116945920761
0.116905345482
0.116824217824
0.116803939872
0.116540539641
0.116539695901
0.11653914104
0.11649863622
0.116478386452
0.1164378922
0.116397404994
0.116356924835
0.116296219567
0.116255757022
0.116235528391
0.116114197122
0.116114188315
0.116073757476
0.116073736338
0.116013105052
0.116013050447
0.115972637223
0.115952433253
0.115891833673
0.115045669568
0.114864638827
0.114844531737
0.114804322842
0.114804292897
0.114784191092
0.114764091048
0.114764082241
0.11470379444
0.114623434779
0.114543103301
0.114482873628
0.114362475934
0.114342412881
0.114262178284
0.114242124038
0.114202020831
0.11418197187
0.11416192467
0.114101793639
0.114061715093
0.114021643592
0.114001610484
0.113981579137
0.113961549552
0.113941521728
0.113921495666
0.113761355864
0.113661327717
0.113461456377
0.113421490564
0.113361555056
0.113341580076
0.113301635401
0.113241731598
0.113221767187
0.113201804538
0.113161884523
0.113141927157
0.112982342216
0.112962400704
0.112942460954
0.112902586737
0.112862719566
0.112842788622
0.112783006361
0.112743160327
0.112683404488
0.112663489398
0.112623664502
0.112464452991
0.112444557277
0.112424663324
0.112404771133
0.112384880703
0.112364992035
0.112325219983
0.112305336599
0.112285454976
0.112265575115
0.112245697016
0.112225820678
0.112186073286
0.112166202233
0.11212646541
0.11210659964
0.112066873386
0.111947754514
0.111927904597
0.11188821005
0.111868365418
0.111848522548
0.111828681439
0.111828672632
0.111709673538
0.11168984476
0.111670017743
0.111630368993
0.11161054726
0.111471851498
0.111412433859
0.111333236763
0.111293647903
0.111214496605
0.111016733735
0.110996966607
0.110957437637
0.110878406118
0.110819147011
0.110799397498
0.110779649747
0.110740159529
0.110720417062
0.110700676356
0.11066120023
0.110621731149
0.110601999251
0.110542815887
0.110523091035
0.110483646614
0.11044420924
0.110444203956
0.110444182818
0.110444089461
0.110424373416
0.110424336425
0.110423853784
0.110148029961
0.110128340338
0.110108652477
0.110010243113
0.109970890289
0.109892211063
0.109852879376
0.109793896819
0.109754582747
0.109734928353
0.10971527572
0.10969562485
0.109636682806
0.109558119836
0.109479585049
0.109302987908
0.109263761909
0.109244151551
0.109204936121
0.109106933656
0.109067742886
0.109008971704
0.108989384246
0.108969798549
0.108950214614
0.10893063244
0.108911052028
0.108891473377
0.108871896487
0.108852321359
0.108832747993
0.108734912866
0.108676229757
0.108617564263
0.108578461566
0.10855891286
0.108558904053
0.108558895245
0.1085588882
0.10848071099
0.108461171091
0.108402561964
0.108383029111
0.108382999166
0.108363468074
0.108343938744
0.108265839039
0.108207282755
0.108207277471
0.10814873704
0.108129227086
0.108109718894
0.108051206647
0.1080317055
0.107992708491
0.10793422795
0.107914737373
0.107895248556
0.107875761501
0.107836792676
0.107817310905
0.107797830896
0.107778352649
0.107739401438
0.107700457273
0.107661520154
0.107661509585
0.107642043668
0.107622579512
0.107564197613
0.107505833328
0.107466931438
0.107428036594
0.107428027787
0.107408583007
0.107330826787
0.107311390814
0.107291956603
0.107272524154
0.107253093466
0.107214237374
0.106923201564
0.106903802582
0.106884405362
0.106865009903
0.10682622427
0.106787445682
0.106768059031
0.106748674141
0.106709909645
0.106671152195
0.106613030992
0.106593660194
0.106574291157
0.106554923881
0.106496834385
0.106458115687
0.10643875898
0.106419404035
0.106400050851
0.106380699429
0.106342001869
0.106303311354
0.106283968739
0.106206621178
0.106148626801
0.106129298278
0.106109971516
0.106090646515
0.106052001799
0.106032682083
0.106013364128
0.105974733504
0.105916802539
0.105897495153
0.105858885666
0.105839583565
0.105839557143
0.105800958224
0.10580095294
0.105608102788
0.105588823585
0.105588783072
0.105550229951
0.105530956033
0.105511683877
0.105453879737
0.105434614627
0.105376829863
0.105280558915
0.105261309658
0.105242062161
0.105165095076
0.105107386056
0.104857586073
0.104819166824
0.104799959842
0.104780754621
0.104723151288
0.104665562047
0.104646369156
0.104627178027
0.104607988659
0.104550431124
0.104531248802
0.104492889443
0.104492884158
0.104492861259
0.104473684222
0.104454508946
0.104396995447
0.104339497802
0.104301173672
0.104243700688
0.104186245318
0.104147949371
0.104128804039
0.10410966047
0.104090518661
0.104052240329
0.104033103805
0.103994836041
0.103899200981
0.103880078549
0.103880059173
0.103880020421
0.10386089975
0.103803550068
0.103784436443
0.103746214477
0.103688896501
0.10365069215
0.103631592617
0.103612494845
0.103555212099
0.10344071178
0.103421631622
0.103402553227
0.103383476592
0.103383471308
0.103307184147
0.103249985951
0.103230923408
0.103211862627
0.103154692614
0.103135638879
0.103097536693
0.103059441552
0.103040396624
0.102983274171
0.102869076823
0.10285004951
0.102831023958
0.102678919946
0.102640902311
0.102640875889
0.102621869713
0.102564863516
0.102488882849
0.102450900443
0.102337006066
0.102318028074
0.102280077374
0.102242133719
0.10220419711
0.102185231448
0.102166267548
0.102147305408
0.102128345031
0.102109386414
0.102071474466
0.101995676992
0.101976730706
0.101938843418
0.101938818757
0.101900938516
0.101844133125
0.101806270498
0.101768414916
0.101654897493
0.101560352778
0.101560340448
0.101522530664
0.101484727927
0.1014658292
0.101446932235
0.100843978483
0.100843969676
0.100806293763
0.100787458449
0.100693313586
0.100674488841
0.100674483556
0.100655660573
0.100580391537
0.10056157736
0.100542764945
0.100523954292
0.100523949008
0.100354781713
0.100335988674
0.100260839418
0.100223272716
0.100204492007
0.100073086937
0.10005432032
0.0999980310378
0.0999605136571
0.099960471382
0.0999417153338
0.0995857925458
0.0994548102261
0.0994173950102
0.0993986900444
0.0993612853973
0.0993612713056
0.0993612572139
0.0993612008471
0.0993051088488
0.0992490309423
0.0992303418297
0.0991556047554
0.0991369244501
0.0991182459063
0.0990995691239
0.0990995567937
0.0990622085133
0.0989688739225
0.0989502112318
0.0989315503026
0.0989128911348
0.0988942337286
0.0988382720785
0.0988196217181
0.0988009731191
0.0987823262816
0.0987636812055
0.0987263963378
0.0987077565462
0.0987077477389
0.0986704734399
0.0986518389327
0.0986145752025
0.0985773185182
0.0985586928182
0.0985214467027
0.0985028262871
0.0984469756092
0.0984283622394
0.0984097506312
0.0983911407844
0.098372532699
0.0983353218127
0.0982051656187
0.0981679864387
0.0981308143045
0.0981122308797
0.0980750693143
0.0980379147948
0.0980193401772
0.0980007673211
0.0979821962265
0.0979636268933
0.0979450593216
0.0978893671752
0.097852247885
0.0977594910537
0.097740942858
0.0977223964239
0.0977038517511
0.0976853088399
0.0975000135986
0.0974814900634
0.0974444482775
0.0974259300267
0.0974074135374
0.0973333669562
0.0972408496837
0.097222350809
0.0971483746863
0.0970929097686
0.0970744249856
0.0970189812054
0.0970005034682
0.0970004981838
0.0969450773026
0.0969266066113
0.0968896705131
0.0968712051062
0.0967235523094
0.0966866549633
0.0966682089325
0.0966682036481
0.0966497593787
0.0965944389008
0.0965944265706
0.096557553885
0.0964469833878
0.0963733067136
0.0963548906277
0.0963180637401
0.0962628366197
0.0962444311025
0.0962076253525
0.0961892251197
0.096097252139
0.0960788624749
0.095986945861
0.0959134453331
0.0958950732837
0.095821604462
0.0956931251799
0.095674774268
0.0956564251176
0.0955647163562
0.0955463777746
0.0955280409544
0.0954730428241
0.0954547130497
0.0953631011688
0.0953264645191
0.095271524517
0.095234905482
0.0952165986067
0.0951799901404
0.0951616885495
0.0950336531557
0.0950153656565
0.0949787959424
0.0949422332741
0.0949239545822
0.0949056776517
0.0948874024827
0.0948691290752
0.0948508574291
0.0948325875445
0.0948143194213
0.094759527382
0.0947412663047
0.0947230069889
0.0947047494345
0.0946317421159
0.0945952463832
0.0945040484459
0.094485812029
0.0944675773736
0.0944311133473
0.0944128839763
0.0944128786919
0.0943399841069
0.0943217635432
0.0942853277002
0.0941942794871
0.0941578683046
0.0941032665033
0.0940668729354
0.0940486787936
0.0940304864133
0.0940122957945
0.0939577362682
0.0939395526952
0.0938850143065
0.0938668377794
0.0938123205282
0.0937759833271
0.0937578173688
0.0937396531719
0.0937033300624
0.0936670139989
0.0936669312102
0.0936487758206
0.0935580288175
0.0935217409373
0.0934673240895
0.0933766722053
0.0933404195544
0.0933222958711
0.0933041739493
0.093286053789
0.0932679353901
0.0932679054452
0.0932497888078
0.0932316739319
0.0932135608174
0.0932135502486
0.093177329304
0.0931773240196
0.0931772623684
0.0931591545383
0.0931591263549
0.0931590752725
0.093159073511
0.0931228631352
0.0931047605895
0.0930504652825
0.0930323697827
0.0930142760442
0.0929961840673
0.0929780938518
0.0929600053978
0.0929238337741
0.092869591311
0.0928153647011
0.0927250245957
0.0927069608022
0.0926888987701
0.0926708384994
0.0926527799903
0.0926166682563
0.0925986150315
0.0925444676874
0.0925444553571
0.0925083647607
0.0925083489076
0.0924903062515
0.0924903009672
0.0924361853293
0.0924358224681
0.092435806615
0.0922916080453
0.092183522971
0.0921114915024
0.0920574868367
0.0920574709836
0.092003482171
0.0919674972623
0.0919495074502
0.0919494898356
0.0918955327293
0.0918595689582
0.091859553105
0.0918595513436
0.0918415721002
0.0918056188978
0.0917517040667
0.0916978033272
0.0916439202024
0.0916080057522
0.0915900511693
0.0915541472878
0.0915361979893
0.0915182504523
0.0915182451679
0.0915002993923
0.0914823553781
0.0914464726342
0.0914285339045
0.0914105969362
0.0914103626617
0.0914085254568
0.0914084497139
0.0914084197691
0.0914083070355
0.0913903718287
0.0913903630213
0.0913903119389
0.0913903031316
0.0913899561236
0.09138991561
0.0913540504807
0.0913361205583
0.0913181923973
0.0912644184831
0.0912106604221
0.0911927445913
0.0911927252153
0.091174811146
0.0911210812684
0.0911210548464
0.091103147823
0.0910673390605
0.0910673267303
0.0910494249912
0.0910136267975
0.0909957303428
0.0909778356496
0.0909778268423
0.0908883850826
0.0908705009582
0.0908704956738
0.0908526133108
0.0907632384867
0.0907632191106
0.0907453473164
0.090745342032
0.0906738777543
0.0906560147674
0.090638153542
0.0905845804345
0.0905667262549
0.0905665959067
0.0905665906223
0.0904773567151
0.0904773021098
0.090459458499
0.0904416166497
0.0904415690902
0.0904058906759
0.090388054111
0.0903523862654
0.0903523739352
0.0903522735319
0.0903521273305
0.090352106193
0.0903520128355
0.0903341815549
0.0902985242782
0.090280698282
0.0902628740473
0.090245051574
0.0901203559124
0.0901203471051
0.0900847321034
0.0900491241476
0.0900135232376
0.0900135126689
0.0899779188047
0.0899423319865
0.0899423161333
0.0899245253664
0.0898533851976
0.0896934602945
0.0896756941881
0.0896224081989
0.0896046491383
0.0894449250418
0.0893562407108
0.0892853260092
0.0892676004164
0.0892144359681
0.0891790006356
0.0891612856115
0.0891435723489
0.0891258608477
0.0890550324578
0.0889842375356
0.0889842252053
0.0889665295574
0.0889488356708
0.0888957663415
0.0888780795008
0.088825031309
0.0887719972089
0.088771970787
0.0884189931636
0.088418949127
0.0884013098458
0.0883836723261
0.0882602766235
0.0882426531954
0.0882250315288
0.0882074116237
0.0881545624771
0.0881193385201
0.0881017291837
0.0880841216088
0.0880665157954
0.088066510511
0.0880664206765
0.0880664013004
0.0880487972484
0.0880135944289
0.0879959956613
0.0879783986552
0.0879608034105
0.0879080300068
0.087890441808
0.0878728553707
0.0877673843061
0.0877322378534
0.0877322131929
0.0877146426087
0.0876795067247
0.087661941425
0.0876443778866
0.0876092560943
0.0875916978404
0.0875916555653
0.0875916414736
0.0875565302501
0.0875564756448
0.0875038220205
0.0875038167361
0.0875037709381
0.0875037480391
0.0874686544302
0.0874335678672
0.0874334639409
0.0873808490688
0.0873107199792
0.0872055800695
0.0871880623292
0.0871355214385
0.087118010744
0.087100501811
0.0870829946395
0.0869954887266
0.0869779921238
0.0868031722974
0.0868031687745
0.0867856915478
0.0867682160826
0.0867507423788
0.0867158002557
0.0866983318363
0.0866808651784
0.0866459371469
0.0866284757734
0.0865935583107
0.0865411953277
0.0865411495297
0.0865236987249
0.0865062496816
0.0864888023998
0.0864713568794
0.0864713445492
0.0864713269345
0.0864712705678
0.0864538268088
0.0864189445754
0.0864189287222
0.0864189199149
0.0863840447273
0.0863143154897
0.0863143102053
0.0862968822996
0.0862968523547
0.0862968136026
0.0862967889421
0.086261938415
0.0862445157936
0.0862445105092
0.0862442374826
0.0862268166227
0.0862093975242
0.0861919801873
0.0861571507977
0.0861049216858
0.086052708427
0.0860005110214
0.085965720384
0.0859483277074
0.0858440156849
0.0857224166736
0.085687682403
0.085583532435
0.0855661785106
0.0855141273064
0.0854967804279
0.0854620919553
0.0854447503612
0.0854100724573
0.0853927361476
0.0852022164098
0.0852022076024
0.0852021864649
0.0851848712927
0.0851848254947
0.0850982866245
0.0850982813401
0.0850809767367
0.085080939746
0.0850636369041
0.0850463358236
0.0850462741724
0.085046268888
0.0850462600807
0.0850116632041
0.084994367408
0.0849770733734
0.0849597811002
0.0849424905885
0.0848560644519
0.0848215063275
0.0848215010431
0.0847696788289
0.0847524076933
0.0847178707064
0.0846488196317
0.0846315608263
0.0846143037823
0.0845970484999
0.0845797949789
0.0845108037938
0.0845107949865
0.0844763073206
0.0844762985133
0.0844590573225
0.0841318569351
0.0841318128985
0.0841318076141
0.0841146016526
0.0840629960983
0.0840457971826
0.0840286000284
0.0840114046356
0.0839770191345
0.083977017373
0.0839254523323
0.0838567253666
0.0838223715717
0.0838051973165
0.0837536868811
0.0837365196717
0.0836850303739
0.0836507118083
0.0836335551677
0.0835992471709
0.0835820958147
0.08356494622
0.0835306523149
0.0834620856422
0.0833935471529
0.0833935348227
0.083393497832
0.0833763676133
0.0832052010593
0.0829488836671
0.0828976356896
0.0828805565533
0.0828804931407
0.0827610149297
0.0826757108444
0.0826586546072
0.0826586422769
0.0826586299467
0.0826415754709
0.0826074718037
0.0825733751824
0.0825563295139
0.0825392856069
0.0825222434613
0.0825052030772
0.0825051977928
0.0824540872093
0.0823519188861
0.0823518942257
0.0823518854184
0.0823348626489
0.0823347886675
0.082334786906
0.0823347710528
0.0823347481538
0.082334649512
0.082317628504
0.0821985342917
0.0821985254844
0.0821135138018
0.0821135120404
0.0821134997101
0.0820795052536
0.0820794911619
0.0820794295107
0.0820794224649
0.0820624278788
0.0820114546893
0.0819774813703
0.081960497353
0.0819435150971
0.0818586408086
0.0818586073408
0.0818585985335
0.0818585932491
0.081841621562
0.0818246516364
0.081756794833
0.0817228743578
0.0817059167625
0.0816889609285
0.0816550545451
0.0816381039956
0.0815703246964
0.0815702947516
0.0815702859443
0.0815701696878
0.0815532279456
0.0815531662944
0.0815529020751
0.0815359620943
0.081535953287
0.0815190150677
0.0815190062604
0.0815020698026
0.0815020609953
0.0815020557109
0.0812821583086
0.0812821213179
0.0812820614282
0.0812820420521
0.0812482202188
0.0812144054314
0.0812143719636
0.081180564222
0.0811636629934
0.0811129716379
