0
3437
414
107
3980
1684
1912
698
19
171
348
23
686
230
192
58
532
3918
1240
312
5
115
111
848
4027
596
49
88
29
324
453
1202
143
280
833
339
3105
239
617
770
243
387
133
769
2456
1660
260
100
1860
1347
198
437
1536
757
130
3789
1591
885
203
219
2863
322
2448
175
2668
563
77
132
173
31
25
332
119
137
739
59
174
96
91
3136
136
53
313
118
40
3610
995
169
269
3
214
199
48
41
3200
99
3536
193
991
504
727
1909
185
359
20
3921
3592
179
45
56
116
82
54
413
2677
7
6
8
480
310
9
13
87
80
158
369
21
594
22
362
178
170
508
1890
277
634
122
1013
1
889
62
4
1098
67
461
83
320
26
32
36
95
740
113
342
564
177
184
450
68
123
616
364
81
285
206
144
142
224
227
213
89
149
148
92
325
498
98
101
331
315
104
188
363
109
259
329
249
261
272
806
434
197
211
782
278
291
584
217
152
157
232
556
323
3077
172
180
182
510
343
520
436
186
257
1791
194
1537
195
266
360
200
1835
428
373
732
281
3303
361
591
225
368
726
303
236
462
242
469
251
734
252
334
397
396
494
258
507
264
265
4023
408
3187
271
432
346
273
344
275
354
352
355
506
284
622
819
299
301
372
370
803
304
389
306
455
307
451
567
473
391
464
394
328
398
483
333
573
400
337
403
1259
422
350
418
353
421
356
497
736
517
720
366
601
367
539
2443
438
612
374
156
376
439
618
378
905
460
383
465
523
384
386
452
457
395
28
542
85
477
1165
402
647
404
121
475
412
589
682
3272
470
719
417
703
560
828
419
503
489
423
490
424
425
822
1214
73
430
17
431
39
580
695
433
512
513
441
713
444
516
445
274
524
1053
1024
456
866
127
547
463
531
14
537
630
24
84
472
545
474
544
753
559
653
754
2962
551
481
482
961
555
768
484
982
486
932
161
2017
166
128
