0
3437
414
107
3980
1684
1912
698
23
171
19
348
3830
686
532
230
1240
192
3918
769
58
111
5
312
115
4027
1202
49
133
143
239
324
260
280
91
739
1909
617
453
833
848
885
59
727
88
889
1860
757
29
770
198
504
3105
243
1791
56
175
339
1660
387
563
596
25
1347
3
2456
1536
800
498
360
219
2863
3187
1890
2443
2668
173
4017
185
53
169
413
100
119
3789
84
342
121
315
3592
3610
130
158
3136
41
1013
437
3200
214
285
594
177
57
68
277
104
3891
1
203
425
734
480
4023
96
1259
8
132
4
26
13
308
123
137
269
136
323
40
539
144
48
149
359
567
188
62
72
3921
346
174
73
80
179
211
85
508
2152
1499
101
9
99
118
122
17
113
580
21
22
564
1591
246
428
249
141
51
1106
64
150
67
156
272
82
291
83
178
440
450
89
92
180
213
187
98
102
319
326
477
108
199
116
362
720
225
226
227
740
242
236
139
799
364
142
389
147
248
148
372
274
252
408
157
261
161
168
170
172
589
278
176
281
284
283
182
184
186
423
299
193
622
194
310
584
197
313
427
200
334
204
314
325
320
322
217
218
329
223
332
461
678
345
231
344
233
634
237
350
471
703
507
251
510
682
258
259
368
370
265
369
266
518
271
376
273
378
1098
275
736
556
391
991
995
296
419
297
559
1127
301
726
303
814
304
409
306
307
432
436
309
782
1033
2962
421
1722
328
430
438
330
331
337
606
343
616
804
352
458
353
457
484
460
355
356
463
357
361
604
363
366
367
373
620
374
481
487
490
384
491
386
637
493
392
496
645
393
867
394
395
396
664
397
506
398
732
400
3077
509
402
403
404
685
516
719
412
905
520
418
420
422
964
531
701
424
1899
542
936
431
433
434
545
435
574
548
439
1835
444
555
557
452
968
455
566
456
569
3168
464
753
465
466
469
776
77
803
472
473
806
590
