0
3437
414
107
3980
1684
1912
291
556
698
329
3162
3830
3918
19
23
58
171
348
686
842
1026
1125
1240
1321
1537
2047
3383
3536
5
62
91
115
118
136
143
192
230
258
473
532
539
567
666
732
769
833
848
862
885
913
1033
1037
1183
1202
1235
1371
1470
1650
1656
1860
1900
2030
2129
2367
2406
2531
2558
2668
2669
2771
2809
2826
2837
3075
3105
3224
3298
3442
3464
3470
3584
3586
3679
3701
3778
3791
3861
3867
3891
4031
3
29
41
48
49
59
68
77
88
93
96
127
130
137
140
162
200
203
219
239
260
265
269
280
285
307
312
315
322
324
337
339
342
350
353
361
363
366
387
397
413
418
432
437
453
460
464
479
480
482
498
519
524
531
555
590
594
596
617
630
647
664
703
716
739
740
741
745
757
763
766
770
784
794
797
800
829
838
847
850
856
889
940
969
973
991
995
1007
1023
1029
1030
1047
1092
1097
1098
1106
1110
1117
1150
1161
1223
1225
1228
1241
1248
1264
1268
1271
1308
1309
1343
1347
1370
1387
1413
1429
1433
1435
1460
1469
1471
1492
1494
1501
1512
1536
1543
1555
1562
1591
1628
1654
1660
1672
1686
1704
1718
1722
1739
1791
1795
1804
1808
1829
1835
1850
1851
1890
1899
1909
1922
1939
1970
1974
1990
1992
2004
2017
2018
2037
2041
2141
2147
2155
2156
2157
2169
2238
2255
2303
2304
2321
2335
2385
2398
2411
2443
2448
2453
2456
2462
2484
2490
2501
2528
2557
2566
2574
2581
2582
2634
2677
2710
2732
2738
2781
2783
2813
2821
2836
2861
2863
2878
2884
2920
2940
2949
2957
2958
2962
2964
2979
2982
3013
3016
3019
3028
3035
3043
3045
3048
3060
3062
3077
3084
3107
3136
3139
3153
3157
3169
3187
3195
3199
3200
3210
3226
3227
3241
3243
3253
3260
3265
3269
3272
3273
3289
3318
3326
3337
3345
3365
3438
3443
3452
3459
3469
3483
3499
3543
3544
3556
3561
3573
3592
3610
3616
3625
3633
3670
3671
3682
3690
3703
3707
3720
3789
3803
3809
3815
3823
3828
3832
3847
3850
3852
3872
3878
3921
3929
3934
3948
3949
3964
3968
3970
3998
4004
4017
4023
4026
4027
1
2
4
6
7
8
9
13
14
17
