0.988153385158
0.980294505398
0.974420850042
0.968564971351
0.960785412297
0.95255530673
0.861529096018
0.857861463506
0.852835693778
0.84691385753
0.846004060068
0.844185936316
0.843917447374
0.842101407783
0.83892968293
0.838885915554
0.838884444382
0.838431568513
0.821378229752
0.820034313868
0.818244264987
0.817349914834
0.817328215043
0.816434355281
0.815987609297
0.814648106929
0.814626529736
0.813734141146
0.806625559252
0.806620777942
0.805732802869
0.800863222599
0.800861383634
0.800861015841
0.800418560775
0.799092053763
0.799090459993
0.798206653242
0.798198929587
0.797315613227
0.796432787257
0.795991558168
0.795977704629
0.795956250033
0.795913708635
0.795031618251
0.794590756956
0.775424937388
0.774554371187
0.774119271983
0.773684295377
0.772814709957
0.772380101144
0.771945614929
0.771077010291
0.770993766459
0.770559648037
0.770559280244
0.770518210017
0.770477630182
0.770043634357
0.769176010501
0.768742382469
0.768308877035
0.765278016928
0.764413090221
0.764402914613
0.763970635156
0.763538478297
0.762674532371
0.762660188441
0.762657000901
0.761793545366
0.761362001496
0.759637419782
0.7592064889
0.758775680615
0.758344994928
0.757914431838
0.757483991347
0.757483010565
0.757052692671
0.756622497375
0.756192424676
0.75618641739
0.755756467289
0.755326639785
0.75489693488
0.754467352572
0.754037892862
0.75360855575
0.752750249318
0.751892433277
0.748041762413
0.747614141668
0.745051482142
0.744198079618
0.743771562252
0.739517544986
0.738242529004
0.737817728006
0.737393049606
0.736544060599
0.735695561982
0.73527149657
0.734000035921
0.7335764609
0.733153008477
0.732306471423
0.732303651676
0.731880567046
0.731457605014
0.730612048742
0.730189454502
0.72976698286
0.729764285711
0.729341936667
0.728919710221
0.728497606372
0.728075625121
0.727232030412
0.726810416954
0.726388926094
0.725967557831
0.725546312166
0.72470418863
0.723862555484
0.723021412729
0.722601025248
0.721760618079
0.721340598391
0.7209207013
0.720920088312
0.720500313819
0.720080661925
0.719661132627
0.719241725928
0.718822441826
0.718819867275
0.71840070577
0.717981666864
0.717143956844
0.716725285731
0.645689486653
0.645292883124
0.645271183333
0.645268731379
0.644475892114
0.64368354324
0.643683175447
0.643661598253
0.643640143658
0.643618811659
0.643597602259
0.643576515456
0.643180524915
0.64315956071
0.643138719103
0.643137125333
0.643075458695
0.642679590752
0.641888222659
0.641867871442
0.641847642823
0.641452142674
0.641449813317
0.641448464743
0.640262822477
0.640222733032
0.640202627011
0.640185585932
0.640177617082
0.640157756256
0.640099031962
0.640041411048
0.640040307669
0.640021305027
0.640002424982
0.640001811994
0.639983054547
0.639964419698
0.63996221294
0.639943700689
0.639939654965
0.639921265311
0.639901281888
0.639864870373
0.639846848513
0.63982894925
0.639811172585
0.639793518518
0.63979339592
0.639791556954
0.639396547195
0.639394830828
0.639377299358
0.639374234416
0.639356825544
0.639305457111
0.63891056995
0.638515805386
0.638482091021
0.638465417735
0.638464191758
0.63844764107
0.638052999104
0.638036571014
0.638020265521
0.638004082626
0.6379842218
0.637589702431
0.637573642134
0.637557704434
0.637541889332
0.637147492562
0.637131800057
0.63711623015
0.637100782841
0.637070256016
0.637055176501
0.637053827926
0.636957098348
0.636927307109
0.636912595386
0.636518321213
0.636124169638
0.636109580513
0.636095113985
0.635701085008
0.635686741078
0.63568661848
0.635292712101
0.634898928318
0.634884706986
0.634870608252
0.634842778576
0.634449117392
0.63443538645
0.63443489606
0.633647941484
0.63363433314
0.633620847394
0.632441335013
0.632048409414
0.632048164219
0.631655361218
0.63164199807
0.631640894691
0.631248214288
0.630855656483
0.630842415932
0.630449980725
0.630436862772
0.630044550162
0.62965236015
0.629260292735
0.628868347918
0.628817224681
0.628425402462
0.628412897498
0.628021197876
0.62800881551
0.627617238486
0.627613192762
0.627600932993
0.627209478567
0.627208742981
0.626817411152
0.626805273981
0.626793259407
0.626402050177
0.626010963544
0.625987302189
0.625986934396
0.625963763433
0.625963150444
0.625962169663
0.625571205628
0.623618347014
0.623595666441
0.623205437992
0.622815332141
0.622425348887
0.622403158705
0.622013298049
0.622002386854
0.621612648796
0.621223033335
0.620833540472
0.620832559691
0.620811105095
0.620032487162
0.620032119369
0.619642994299
0.619253991827
0.618865111952
0.618864989355
0.618476232078
0.618465688676
0.618455267873
0.618444969667
0.618056334987
0.618046159379
0.617657647298
0.617647594287
0.617259204803
0.617258346619
0.617248416206
0.61686014932
0.616850341505
0.616462197217
0.616452511999
0.616064490308
0.616054927689
0.614891598202
0.614504066903
0.61449462688
0.614107218178
0.614097900754
0.614079633698
0.6140795111
0.614078775514
0.445973189969
0.445973067372
0.445649409468
0.445325874163
0.445325383772
0.445323054416
0.445305277751
0.445296573315
0.444973160607
0.444964578769
0.444964578769
0.444641288659
0.444318121146
0.444309661906
0.444309171515
0.4439861266
0.443663204283
0.44365486764
0.443332067921
0.443323853876
0.443307793578
0.443299947326
0.443284622615
0.442961945493
0.442947111172
0.442946498184
0.44262394366
0.442623821062
0.442616587799
0.442582260445
0.442563135205
0.442562154424
0.442561541435
0.442555411551
0.44255492116
0.442520716405
0.442520348611
0.442515076911
0.442192644984
0.442177688066
0.442177320273
0.441855010945
0.441850229635
0.441850107037
0.441810017592
0.441487830861
0.441487463068
0.441165398935
0.441165276337
0.441164663349
0.441161230614
0.441157920476
0.441127516249
0.440805574713
0.440803735748
0.44048191681
0.44016022047
0.440155193965
0.440154826171
0.431870532425
0.43187028723
0.43185116199
0.431850916795
0.431850794197
0.431850426404
0.431532040201
0.431530201236
0.431530078638
0.43152946565
0.431529343052
0.431527749282
0.431209485678
0.43089134467
0.430573326261
0.430255430449
0.429620006619
0.4293024786
0.428985073179
0.428667790356
0.428033592503
0.428032979514
