0.988153385158
0.980294505398
0.97442097264
0.968564971351
0.960785412297
0.95255530673
0.948693479476
0.857861463506
0.851922095788
0.849641901341
0.847819854463
0.842823753376
0.842555264434
0.822349080864
0.822322599762
0.820530098928
0.818739559657
0.817397850531
0.816503990769
0.816496021919
0.815602652548
0.815591741354
0.815584998481
0.815541231105
0.814202096531
0.813309953136
0.813309585343
0.812863697543
0.81241793234
0.811081494915
0.809746038271
0.807967268378
0.807078557719
0.806190337451
0.806147060466
0.801276131621
0.797300778906
0.796417952936
0.795535617357
0.795492830763
0.795486578281
0.794164116992
0.79328300739
0.79326179799
0.791941053069
0.791061169443
0.790181776209
0.789742263488
0.78886360584
0.787985438582
0.783606371672
0.781419351469
0.780545352533
0.780482459918
0.780045644346
0.779172380996
0.778299608037
0.778297769071
0.777861566488
0.777859972718
0.776987935345
0.776552100555
0.776116388363
0.770037381875
0.769169758019
0.768302624553
0.767869241717
0.767435981478
0.767002843837
0.766569828794
0.764839117196
0.764406715141
0.763974435684
0.76397149334
0.76395077433
0.763518617471
0.763518249678
0.763086215416
0.763085234635
0.762221533904
0.683814058289
0.683767593765
0.683744545399
0.683721619631
0.68365370051
0.682837567684
0.682429685167
0.68238493701
0.682318856855
0.682253880079
0.682248363183
0.682226908587
0.682205576589
0.682203002037
0.681387604797
0.681386256223
0.680571349373
0.680569755603
0.680162486075
0.679755339145
0.679734742733
0.678920816665
0.678899607264
0.678492828127
0.678490376173
0.677270896945
0.676458442049
0.676458074256
0.676436987454
0.676395181641
0.676392852285
0.676372133275
0.676351536863
0.675945493312
0.675539572358
0.675519098544
0.675518485556
0.675517872567
0.675112074211
0.675103001982
0.675082650766
0.675062422147
0.675042316125
0.675022332702
0.675002471876
0.674596796118
0.67457705789
0.658145534615
0.658125918985
0.657725392329
0.657705899297
0.657629520935
0.657229116878
0.654829757475
0.654755095482
0.654355549608
0.654337159955
0.653937736679
0.653919469623
0.653898995808
0.65388085135
0.653879747971
0.653480447293
0.653462425432
0.653063247352
0.653045348089
0.653027571424
0.653009917356
0.653009549563
0.652992018093
0.652991527703
0.652950947867
0.652933538995
0.652916252721
0.652915271939
0.652914045962
0.652896882286
0.652497826803
0.652496723423
0.652479682344
0.652080749459
0.652078665299
0.652078542701
0.652044828336
0.65202815505
0.65202656128
0.652010010592
0.651993582501
0.651990762754
0.651974457262
0.651974089468
0.651972618296
0.651956435401
0.651940375104
0.651924437404
0.651525627116
0.651509812014
0.65149411951
0.651478549603
0.651447777583
0.651432575469
0.651417495953
0.651018808263
0.651003851345
0.651002747966
0.650944268868
0.650929924938
0.650915703606
0.650901604871
0.65088149885
0.650482933758
0.650468957621
0.650455104082
0.650415259833
0.650414401649
0.650373576618
0.649576814227
0.649563451078
0.649562470297
0.649562102504
0.649548861953
0.649150664654
0.649137546701
0.648341519896
0.648315651784
0.648302901624
0.648302533831
0.647904704325
0.647902129773
0.647504422865
0.637243854346
0.637231226784
0.63721872182
0.636430050876
0.636417668509
0.636023516934
0.63602265875
0.636010398981
0.635616370004
0.635592218259
0.634804528097
0.633623912336
0.633230618945
0.633210880717
0.633198988741
0.632805817947
0.632412769751
0.632019844153
0.63201947636
0.631626673359
0.631607057728
0.631583641569
0.631572117387
0.631179436984
0.631168035398
0.630775477593
0.630764198606
0.630744705573
0.630711604196
0.630679728797
0.630287293589
0.629894980979
0.629502790967
0.629492370163
0.629100302749
0.629100180151
0.629089881945
0.629080441923
0.628688497106
0.627904975266
0.627845760581
0.627062729131
0.627053289109
0.627052553523
0.627043236098
0.62704262311
0.626651291282
0.626260082051
0.625868995418
0.625478031383
0.625468836556
0.625077995118
0.625058624683
0.624930755292
0.624930632694
0.624149317612
0.623758843968
0.62373959613
0.623694847973
0.623304496926
0.623304006535
0.622913778086
0.622913655489
0.622523549637
0.622133566383
0.621743705727
0.621353967669
0.620964352208
0.620574859345
0.620574491552
0.620185121287
0.619795873619
0.61979477024
0.61940564517
0.619016642698
0.619016397502
0.618627517628
0.618238760351
0.617850125672
0.616685079818
0.61629693553
0.615908913839
0.615521014746
0.614745584353
0.614358053053
0.614319925171
0.613932516469
0.613913636425
0.61352635032
0.613139186813
0.612752145904
0.612365227592
0.610819148116
0.610432842793
0.610046660068
0.60966059994
0.609648707964
0.608105693431
0.607720246291
0.60733492175
0.606949719806
0.60656464046
0.605794849561
0.605794726963
0.60541001541
0.605025426455
0.605025303857
0.605025181259
0.604640714901
0.604256371141
0.603872149979
0.603871169198
0.603103094666
0.603081149679
0.60269729631
0.602313565539
0.601929957365
0.60192701502
0.601543529444
0.601538257743
0.600771654384
0.600388536601
0.600005541416
0.599622668828
0.599239918838
0.598474786651
0.598456029204
0.598073647007
0.598055012158
0.597672752559
0.597654240308
0.597272103306
0.596890088902
0.596508197096
0.596126427888
0.595744781277
0.595363257264
0.594981855848
0.594963466195
0.594582187377
0.594581819584
0.594200663364
0.59419980518
0.593818771558
0.593803814639
0.593042115188
0.593023848132
0.592643182303
0.592262639071
0.591121744962
0.591121254572
0.591103110113
0.590723057273
0.590343127029
0.589963319384
0.589962951591
0.589203704093
0.588824264241
0.588444946986
0.588065752329
0.58768668027
0.587681285971
0.58730233651
0.586923509646
0.58654480538
0.586543456805
0.586164875136
0.585786416066
0.585784822296
0.585770968757
0.585392632283
0.585014418408
0.58463632713
0.583880512368
0.583862490507
0.583107166135
0.582729687846
0.582711788583
0.580826971688
0.580450228985
0.580073608879
0.579697111372
0.579320736461
0.574820543033
0.574802766368
0.574427985228
0.574053326685
0.574052100708
0.573677564764
0.573651083662
0.573276670315
0.573276547718
0.573255093122
