0.988153385158
0.980294505398
0.97442097264
0.968564971351
0.960785412297
0.95255530673
0.948693479476
0.948211302759
0.94772924864
0.856945781355
0.856488124176
0.856030589595
0.844655608069
0.843292934738
0.837404567659
0.832439483788
0.831537532578
0.828384810367
0.826585811855
0.826317322913
0.826295377926
0.825845934792
0.825396614256
0.824498340977
0.824049388234
0.823600558089
0.823151850542
0.822703265592
0.821806463485
0.820910151769
0.820462179808
0.820461199026
0.817330666997
0.816883675817
0.816436807235
0.815543437864
0.815541966691
0.798726222255
0.798284380178
0.797842660698
0.796077131356
0.795636024866
0.795195040972
0.794754179677
0.794732357288
0.794710657497
0.794667625708
0.794625084309
0.794184345611
0.794182506646
0.793741890546
0.793301397044
0.792861026139
0.792420777832
0.790661133179
0.790221497861
0.78978198514
0.789342595017
0.788903327491
0.788464182564
0.787586260501
0.787147483367
0.78670882883
0.786270296891
0.785831887549
0.785393600805
0.784955436659
0.78451739511
0.783641679807
0.783204006051
0.782766454893
0.782329026333
0.781891720371
0.781454537006
0.781017476239
0.777092878968
0.776657044178
0.776221331986
0.775785742391
0.775350275394
0.774914930995
0.774479709193
0.774044609989
0.773609633383
0.773174779375
0.772740047964
0.772305439151
0.771870952935
0.771436589318
0.770568229875
0.77013423405
0.769700360823
0.769266610194
0.769262687068
0.768829059036
0.768828691243
0.768395185809
0.767961802973
0.767528542735
0.767095405094
0.767091604565
0.766658589522
0.766225697077
0.765792927229
0.765789249298
0.765785693965
0.76578226123
0.76534961398
0.764917089327
0.764915495557
0.764050814046
0.763186622925
0.762754711261
0.761459834453
0.760597114504
0.759734884946
0.758873145779
0.758860763412
0.758430077725
0.757999514636
0.756708683552
0.756705863805
0.751987323889
0.751558599765
0.751129998239
0.75070151931
0.750273162979
0.749844929246
0.749416818111
0.748133342888
0.747705722143
0.747278223996
0.746850848447
0.746423595495
0.744289292299
0.743010107996
0.742157931448
0.740880708708
0.740455172124
0.740029758137
0.739604466749
0.739179297958
0.738754251765
0.738329328169
0.737904527171
0.737479848771
0.737055292968
0.719020927487
0.718182727077
0.717345017057
0.716926345943
0.716507797428
0.71608937151
0.716068284707
0.716047320502
0.715965057451
0.715924477616
0.715904371595
0.715884388171
0.715884020378
0.715864159552
0.715844421324
0.715805312661
0.715785942225
0.715766694388
0.715747569148
0.715728566506
0.715709686462
0.715690929015
0.715672294166
0.715653781915
0.715635392261
0.715546018545
0.715127715225
0.714709534502
0.714291476377
0.71387354085
0.71345572792
0.713038037589
0.712620469854
0.712203024718
0.711785702179
0.711368502238
0.710951424895
0.710534470149
0.710117638001
0.709700928451
0.709284341498
0.708867877143
0.708451535386
0.708035316226
0.707619219664
0.7072032457
0.706787394334
0.706371665565
0.705956059394
0.705540575821
0.705125214845
0.704709976467
0.704294860686
0.703879867504
0.703464996919
0.702635623542
0.70222112075
0.701806740556
0.701392482959
0.700978347961
0.700564335559
0.700150445756
0.69973667855
0.699323033942
0.698909511932
0.69725701766
0.696844108638
0.696431322214
0.696018658388
0.695193698528
0.694781402494
0.694369229059
0.69395717822
0.693133444337
0.692721761292
0.692310200845
0.691487447743
0.691076255089
0.690665185033
0.690254237574
0.689843412713
0.689432710449
0.688611673715
0.687791127372
0.687381038097
0.68697107142
0.68656122734
0.686151505858
0.685332430687
0.684923076999
0.684513845907
0.682061524302
0.681653151395
0.680836773373
0.680428768259
0.680020885743
0.679613125824
0.679205488502
0.678797973779
0.678390581653
0.677983312125
0.677576165194
0.677169140862
0.676762239127
0.676355459989
0.67594880345
0.675542269508
0.675135858163
0.674729569417
0.674323403268
0.673917359717
0.673511438763
0.673105640407
0.672699964649
0.672294411488
0.671888980926
0.671483672961
0.671078487593
0.670673424823
0.670268484651
0.668650317733
0.66824599055
0.667841785964
0.666629907792
0.666226193597
0.665822602
0.665419133
0.665015786598
0.664612562794
0.664209461587
0.663806482978
0.663403626967
0.662195917117
0.661793551496
0.661391308473
0.660989188048
0.660587190221
0.660586332037
0.660184456807
0.659782704175
0.659381074141
0.658979566704
0.658578181865
0.658176919624
0.65777577998
0.656973868486
0.656573096636
0.656172447383
0.655771920728
0.65537151667
0.65497123521
0.654571076348
0.654171040084
0.653771126417
0.653371335348
0.652971666877
0.652572121003
0.652172697727
0.651773397049
0.651374218968
0.650975163486
0.6505762306
0.650177420313
0.649778732623
0.649380167531
0.648981725037
0.64858340514
0.646196795897
0.645799334184
0.645401995069
0.644607684632
0.64421071331
0.643813864585
0.643417138458
0.643020534929
0.642227695664
0.641831459928
0.64143534679
0.640643488306
0.640247742961
0.639852120214
0.639456620064
0.639061242512
0.638665987557
0.6382708552
0.637875845441
0.637086193716
0.63669155175
0.636297032382
0.635902635611
0.635508361438
0.635114209863
0.634720180886
0.634326274506
0.633932490723
0.633538829539
0.633145290952
0.632751874963
0.632358581572
0.631965410778
0.631572362582
0.631179436984
0.630786633983
0.63039395358
0.629608960567
0.628824457945
0.628040445714
0.627648623495
0.626865346849
0.626082560595
0.625691351364
0.625300264731
0.624909300696
0.624518459258
0.624127740419
0.623737144176
0.623346670532
0.622956319485
0.622566091036
0.622175985184
0.621006403216
0.620616787755
0.620227294892
0.619837924627
0.618670672015
0.61828179214
0.617893034864
0.617504400184
0.617115888103
0.616727498619
0.616339231733
0.615951087445
0.614787512763
0.614399858866
0.614012327566
0.613624918863
0.613237632759
0.612850469252
0.612463428343
0.612076510031
0.612057507389
0.612052971275
0.612044266839
0.612036052793
0.612032129667
0.612021095875
0.611634300161
0.611631603012
0.611630499633
0.611629886644
0.611243213528
0.611242355344
0.610855804826
0.610469376905
0.610466802354
0.6104643504
