0
3437
107
414
3980
1684
1912
698
23
19
58
348
88
230
686
3918
192
171
532
596
115
143
1240
5
453
312
324
833
848
387
49
111
1013
260
339
617
480
1202
29
991
739
757
1660
91
770
133
130
1536
322
280
219
329
239
1860
437
1347
3187
25
3
1591
2443
3536
1791
1835
1890
1909
2863
132
769
7
3105
4017
564
2448
14
198
2456
48
214
594
243
13
359
315
59
99
720
56
77
740
736
3610
119
173
136
186
3136
3789
995
3168
556
116
3200
169
885
3921
148
175
26
142
413
4023
1
477
21
158
179
185
425
24
193
197
65
40
31
1127
3556
72
203
45
3592
53
213
616
1165
227
504
96
62
567
277
563
313
109
269
703
92
100
3898
278
105
118
127
113
319
121
2
310
4
373
137
368
8
9
16
17
20
795
634
342
28
30
367
156
350
32
1259
36
38
170
41
362
372
200
174
172
188
64
199
67
403
68
73
211
80
806
217
82
727
271
232
84
238
259
89
423
95
432
98
274
252
101
257
455
249
104
470
117
799
464
122
520
524
982
128
291
139
141
144
146
147
496
150
152
157
508
161
323
163
518
360
166
363
959
168
326
539
920
343
177
334
344
178
337
345
905
180
182
184
378
394
194
195
364
196
366
370
1739
204
369
584
212
573
374
224
225
388
226
236
242
245
246
248
412
408
738
409
251
420
258
419
261
264
265
266
694
1171
427
428
272
273
2335
275
276
657
281
732
701
284
669
285
682
450
479
457
459
295
296
299
460
301
713
302
303
304
306
506
469
307
782
308
474
1213
314
1154
486
803
481
320
489
325
487
328
734
2682
330
331
332
498
510
507
346
516
512
766
837
768
822
776
514
509
515
784
353
354
513
355
356
804
361
857
862
560
542
531
533
867
376
568
536
1248
543
383
546
384
386
389
391
2693
548
1277
392
393
395
396
604
397
592
398
400
402
2321
404
