0.988153385158
0.980294505398
0.974420850042
0.968564971351
0.960785412297
0.95255530673
0.948693479476
0.857861463506
0.851922095788
0.84691385753
0.845094752997
0.844826264054
0.843917447374
0.823694713116
0.823668232014
0.822322477165
0.820529976331
0.820525930607
0.818735391336
0.817840795988
0.817833072333
0.814706095637
0.813813707047
0.813367696649
0.81335384311
0.813353475317
0.812016302305
0.810680110076
0.809789928244
0.804908210803
0.804021216511
0.80313471261
0.802248699101
0.801805876242
0.797388804048
0.796947329764
0.795623642499
0.79474179731
0.793860442513
0.792979578106
0.79209920409
0.790779685146
0.789900537107
0.770794054821
0.769926185769
0.769058807109
0.769015039733
0.769014058951
0.766847880356
0.765982218063
0.765975965581
0.765974126616
0.765108954713
0.764676552658
0.764673610314
0.764241330857
0.763809173997
0.763807580227
0.761217704014
0.759924298378
0.759493367496
0.758631873524
0.758201310434
0.75815803345
0.757727592958
0.757684806364
0.746987177078
0.746965967678
0.746538714726
0.740578137607
0.740152723621
0.739302263441
0.738027615252
0.737602936852
0.73717838105
0.736329637238
0.736308550435
0.735460297014
0.7350363542
0.735033534453
0.734609714236
0.733762441597
0.733338989173
0.73249245212
0.731646405457
0.730800849185
0.730378254946
0.72953343426
0.729111207813
0.728689103965
0.728267122714
0.72784526406
0.727001914547
0.726580423687
0.726159055424
0.72489580882
0.724474930948
0.724474563155
0.723633175205
0.722792277645
0.721531973386
0.65213910596
0.652136408811
0.652134815041
0.652132240489
0.652111153687
0.652090189481
0.65202815505
0.651629589958
0.651609116144
0.651608503155
0.651588151938
0.65156792332
0.651547817298
0.651149374804
0.651066621363
0.651061840053
0.650265322857
0.650264955064
0.650263606489
0.649865531788
0.64986332503
0.649843341606
0.64982348078
0.649425528676
0.649405790448
0.649366681785
0.649328063512
0.649312983997
0.649293858757
0.645721239455
0.645720136076
0.645718910099
0.644133108971
0.643736873235
0.643340760097
0.643338675936
0.643319673294
0.64330079325
0.643282035803
0.643263400954
0.643263033161
0.64324452091
0.642848530369
0.642830140716
0.64281187366
0.642809912097
0.642738437643
0.642717963829
0.642700309761
0.642699696773
0.642682165303
0.64228629736
0.642217765251
0.642177185416
0.642176082036
0.642159163555
0.64176341821
0.641760598463
0.641758759498
0.64136313675
0.641346340867
0.640950840717
0.640885250952
0.6404898734
0.640473690505
0.640457630207
0.640425877406
0.640425754808
0.639635367497
0.639635122301
0.63960385989
0.639588412581
0.638403751097
0.638388426386
0.638368320364
0.638353118251
0.63835262786
0.6281685603
0.628153480784
0.627762026358
0.62774706944
0.627746211256
0.627354879428
0.627340045107
0.626557749244
0.626528448396
0.626513981868
0.626485416606
0.626471317872
0.626080353837
0.626060370413
0.626032540737
0.626018809796
0.625627968358
0.624846653276
0.624456179632
0.624442571288
0.624429085542
0.624415722394
0.62438936389
0.623999012843
0.62393550724
0.623923124873
0.623910865104
0.622351054686
0.622326902941
0.621937164883
0.621890455163
0.621870594337
0.621859192752
0.62185821197
0.621824865398
0.621824497605
0.621813586411
0.621792131815
0.621781588414
0.62100248009
0.620613109825
0.620612987227
0.620223739559
0.620213318756
0.619435191213
0.619424893007
0.619414717399
0.619404664389
0.619015784514
0.619010022422
0.61900009201
0.618960738151
0.618904220616
0.618903117236
0.618894045007
0.618867686504
0.618867441308
0.618866215331
0.618477458055
0.618443988885
0.618314648321
0.618309376621
0.618308518437
0.617919883758
0.617531371676
0.617526222573
0.616749566203
0.616748462824
0.61674601087
0.616357866582
0.615969844891
0.615581945798
0.615194169303
0.615193924107
0.61441873891
0.614031330208
0.614029000851
0.61402802007
0.614008527037
0.613969050581
0.613968927983
0.613949557548
0.613562271443
0.613175107937
0.612788067027
0.61276881919
0.612381900878
0.611995105165
0.61122188153
0.611210479945
0.611210357347
0.610823929426
0.610821722668
0.610435417345
0.610434681759
0.610404154934
0.610403051555
0.610400967394
0.610391159579
0.610004976853
0.609618916726
0.609232979196
0.608847164263
0.608461471929
0.608461349331
0.608075779594
0.607305007913
0.60691980597
0.606534726623
0.606524060624
0.606523447636
0.606138490887
0.606119365648
0.606118262268
0.605733428118
0.605348716565
0.605343935255
0.604959346299
0.604190536182
0.602654387119
0.602270656347
0.601887048173
0.601503562597
0.601120199618
0.600736959238
0.600736468847
0.600353351064
0.599970355878
0.599970110683
0.599587238095
0.599204488105
0.59920264914
0.598820021748
0.598437516953
0.598435677988
0.598397795301
0.598015413104
0.597251016503
0.597232259057
0.596850244653
0.596468352847
0.596086583638
0.595704937027
0.595323413014
0.595321696647
0.595319612486
0.59493821107
0.594919576221
0.594538297404
0.593395196537
0.59301440811
0.59263374228
0.592633619683
0.592633497085
0.592252953853
0.59225258606
0.591872165426
0.59149186739
0.591111691952
0.590731639111
0.590730903525
0.590350973282
0.589971165636
0.589591480588
0.589591357991
0.589591112795
0.589572600544
0.589193038094
0.589192425106
0.588812985253
0.588433667998
0.587675401282
0.587296451821
0.587278062167
0.587277449178
0.586519918048
0.58614133638
0.585762877309
0.585384540836
0.581988462209
0.581611351712
0.581234363814
0.580857498513
0.580857375915
0.580104013107
0.580103645314
0.579727147806
0.579726289622
0.579349914712
0.578973662399
0.578597532685
0.578221525568
0.577845641048
0.577845518451
0.577469756529
0.577094117205
0.576718600479
0.576718355283
0.576342961155
0.575967689624
0.575592540691
0.5755920503
0.575217023964
0.573344466838
0.572970176089
0.572596007937
0.572577740881
0.572203695327
0.571829772371
0.571811627913
0.571793606052
0.571419805694
0.571046127933
0.57067257277
0.570299140204
0.569925830236
0.569925707638
0.569924236466
0.569177984324
0.567687319004
0.56731486722
0.566942538033
0.566855003282
0.566770533473
0.566398326885
