583
1332
653
535
866
753
421
444
1245
426
38
603
1222
681
1017
206
572
59
577
605
143
986
1558
1458
1223
75
1220
660
790
183
135
1195
96
158
1251
40
167
211
590
1434
724
751
801
841
850
1033
1191
1504
899
26
371
1063
1105
1193
1273
125
837
151
327
870
43
1011
131
463
902
907
64
430
518
1007
113
1043
1056
32
872
1065
1180
35
305
334
1294
367
613
994
1155
128
838
1107
1181
1259
1543
77
846
1051
1240
1288
1344
99
271
332
479
620
623
1111
1349
1421
1455
186
194
219
249
256
324
496
571
601
884
950
1072
123
246
427
1062
1160
1261
1436
1518
418
448
491
519
675
680
723
910
1004
1239
1370
23
105
462
483
530
604
646
647
661
771
775
957
1028
1066
1427
69
175
283
480
