0.975980744453
0.963456383661
0.942351520567
0.911739473872
0.90446765599
0.896020692915
0.879245738075
0.863811031473
0.849685009291
0.842665701947
0.816028268231
0.802300435743
0.784178758037
0.762927406458
0.736506872819
0.725633542464
0.715916742744
0.70519799416
0.697742458676
0.689270406412
0.679801261258
0.672481692986
0.666239341142
0.662093959818
0.651787159515
0.640543965969
0.635465428718
0.631417166832
0.620351216259
0.618349746518
0.611370905606
0.596548860789
0.591648375839
0.587742555795
0.584821688713
0.580938529871
0.563624562153
0.560764394719
0.557911511243
0.555065911725
0.550339432434
0.548454506018
0.546572816917
0.54375635323
0.540947173501
0.537212931129
0.534420747302
0.53256333806
0.52885823152
0.523325660898
0.520569896859
0.514168107272
0.513256803217
0.507806784116
0.506901145362
0.502385091519
0.499685171157
0.497889270892
0.49520149046
0.494307182306
0.489847781468
0.483638612098
0.481871847665
0.479227770979
0.477469099832
0.476590978252
0.47133924467
0.468724303816
0.462653529644
0.459200933642
0.455761286897
0.454046319497
0.449773064248
0.448920841184
0.446369027964
0.445520042215
0.443824498702
0.44044312362
0.437074697797
0.432046338921
0.431211111759
0.42954308542
0.427878296396
0.427047115876
0.424558430291
0.42290335321
0.422077028663
0.420426807555
0.419602910993
0.417136077281
0.416315418034
0.414676527527
0.41222426173
0.408965904603
0.404911977417
0.402488847451
0.394464353929
0.392869167168
0.391277217722
0.389688505591
0.387311507358
0.384153506983
0.381008455866
0.378658974807
0.375537394221
0.372427953564
0.371652616721
0.370878089207
0.370104371022
0.367788072438
0.367017591567
0.362416558217
0.361651742646
0.359362151908
0.355562353916
0.35404810002
0.35027743786
0.348774514565
0.344285168567
0.34056630344
0.33908442269
0.335393884065
0.330262740452
0.325897221737
0.324447714132
0.323001443842
0.321558410867
0.320838108372
0.319399931369
0.31796499168
0.316533289306
0.315104824246
0.314391805709
0.312968196622
0.311547824848
0.310838852955
0.31013069039
0.307306942745
0.30589952023
0.300999844609
0.300303012645
0.298217372725
0.297523778076
0.293384062053
0.291323511321
0.289953317924
0.289269435218
0.287222643073
0.28586216162
0.284504917481
0.283150910657
0.281800141147
0.280452608952
0.279780056847
0.277767256505
0.277097941715
0.275761740121
