0.988153385158
0.980294505398
0.97442097264
0.968564971351
0.960785412297
0.95255530673
0.948693479476
0.857861463506
0.852835693778
0.841482166848
0.841213677906
0.835331685906
0.833073559043
0.831269166233
0.829917158901
0.828116321424
0.827216576973
0.80719796787
0.807188527848
0.805412700299
0.80538769037
0.801402407242
0.799632954774
0.799190867502
0.79830706075
0.796982392704
0.796541041017
0.795658705438
0.795217721545
0.79477686025
0.793895505452
0.792574392738
0.792563481544
0.791243472209
0.791241633244
0.790801875328
0.789922727289
0.789483337166
0.789461392179
0.789417869999
0.789374838209
0.788496425756
0.787618503694
0.786741072022
0.785864130742
0.785857387869
0.784980936979
0.784104976479
0.783667180126
0.783229506371
0.782354526653
0.781042976559
0.78060603839
0.779732529844
0.77885951169
0.778423186509
0.777986983926
0.77755090394
0.776679111763
0.774937121177
0.774501899375
0.774480567377
0.774045468173
0.773610491567
0.772740906148
0.771871811119
0.771437447501
0.771003206481
0.769701341605
0.768833962944
0.767967074674
0.767966706881
0.763644034908
0.758903917799
0.757182033235
0.757139737032
0.756709541735
0.756279469037
0.755849518936
0.754989986527
0.754130944509
0.753272392882
0.750700170736
0.750271814405
0.749843580672
0.749415469536
0.748987480998
0.748559615058
0.748131871715
0.747276752824
0.746422124323
0.745994993968
0.745141101054
0.743435154189
0.742582732446
0.742581138676
0.741729207324
0.741722954842
0.740871513881
0.740445977297
0.740363223856
0.739512518481
0.73908734969
0.738662303497
0.737812578903
0.737387900503
0.735690780672
0.73526671526
0.734842772446
0.73441895223
0.733995254611
0.73357167959
0.732724897341
0.731878605483
0.731455643451
0.731032804016
0.730187492939
0.729765021297
0.729342672253
0.729339729909
0.728917503462
0.727651682307
0.727229946251
0.726808332793
0.726386841933
0.712607229304
0.71258675549
0.712586387696
0.71256603648
0.712545807861
0.712128485322
0.711711285381
0.711294208038
0.710460421144
0.710043711594
0.709627124641
0.709210660286
0.708794318529
0.708378099369
0.707962002807
0.707546028843
0.707534136867
0.707118285501
0.706702556732
0.706286950561
0.706285969779
0.705870486206
0.700074680383
0.699661035775
0.699247513765
0.698420837537
0.69800768332
0.697967593875
0.697927994821
0.69790837919
0.697888886158
0.697475854538
0.696237617863
0.695825076634
0.694176505489
0.693764577249
0.693352771606
0.692941088561
0.692529528114
0.691706775012
0.691295582358
0.690884512301
0.690473564842
0.690062739981
0.689652037718
0.689241458052
0.688831000984
0.688420666513
0.686371568713
0.685552493542
0.685143139853
0.684324800268
0.683915814373
0.683506951075
0.682689592271
0.682281096766
0.681872723859
0.681868923331
0.6818652454
0.68145699509
0.679825587621
0.679010435577
0.678603043451
0.678195773923
0.677788626992
0.67738160266
0.676974700924
0.676567921787
0.676161265247
0.675754731305
0.675348319961
0.67534733918
0.674941050433
0.664457354117
0.664054375509
0.664035005073
0.664015757236
0.663977629354
0.66395874931
0.663939991863
0.663537135852
0.663134402438
0.662731791622
0.662329303404
0.661926937784
0.661524694761
0.661122574336
0.660720576508
0.660318701279
0.659916948646
0.658712548934
0.658311286693
0.657910147049
0.657509130003
0.657108235555
0.656707463704
0.656306814452
0.655906287796
0.655505883739
0.655105602279
0.654705443417
0.654305407153
0.653905493486
0.653505702417
0.653106033946
0.652706488072
0.652307064796
0.651907764118
0.651508586037
0.651109530554
0.650710597669
0.650311787382
0.649913099692
0.649116092105
0.64831957491
0.647921500208
0.647523548105
0.64672801169
0.64633042738
0.645932965667
0.641179730605
0.639992617167
0.639597117017
0.639201739465
0.638806484511
0.638411352154
0.638016342395
0.637621455233
0.63722669067
0.636043255162
0.635648980989
0.635646161243
0.635252009667
0.633676997136
0.633283458549
0.633283090756
0.633281496986
0.632888080997
0.632876556814
0.632090092629
0.631697044433
0.631304118835
0.630911315834
0.629733642418
0.629341329809
0.628949139796
0.628557072382
0.627773305346
0.627381605724
0.626990028701
0.626598574275
0.626579939426
0.626543037521
0.626524770465
0.626506626007
0.626488604146
0.626470704883
0.626079373055
0.625688163824
0.625297077191
0.624906113156
0.624515271718
0.624124552879
0.623733956636
0.623343482992
0.622953131945
0.622562903496
0.622172797644
0.621782814391
0.621392953735
0.621003215676
0.620613600215
0.620224107352
0.619834737087
0.61905636435
0.618667361877
0.618278482003
0.617889724726
0.617501090047
0.617112577965
0.616724188481
0.616335921595
0.615559755616
0.615171856523
0.614784080028
0.61439642613
0.61400889483
0.613621486128
0.613234200023
0.612847036517
0.612459995607
0.611686281582
0.611299608466
0.610913057947
0.610526630027
0.610140324704
0.609754141978
0.609368081851
0.608982144321
0.608596329388
0.608210637054
0.607825067317
0.607439620178
0.607054295636
0.606669093692
0.606284014346
0.605899057598
0.605514223447
0.605129511894
0.605128285917
0.604743696962
0.604359230604
0.603974886844
0.603590665682
0.603206567117
0.602438737781
0.602055007009
0.601671398835
0.601669314675
0.601285829098
0.601283744938
0.600900381959
0.600517141578
0.600134023795
0.59975102861
0.599368156022
0.59860277864
0.597837891648
0.597455632049
0.597073495047
0.597066506979
0.597060009301
0.595914456481
0.59553280987
0.536542111295
0.536522495665
0.53652114709
0.536501654057
0.536425030501
0.536406150456
0.53638739301
0.536385308849
0.536366674
0.53600513341
0.535643715419
0.535282420024
0.534921247228
0.533477782019
0.533117222211
0.532756785001
0.532396470388
0.531676208956
0.531316262136
0.530956437914
0.53059673629
0.529877700835
0.529518367004
0.52915915577
0.529141379105
0.529123725038
0.529106193568
0.529088784696
0.529071498421
0.529054334745
0.529037293666
0.529020375184
0.528661286549
0.528302320511
0.52794347707
0.527584756228
0.526867682335
0.526509329286
0.526151098834
0.52579299098
0.394675251284
0.394369860437
0.394064592187
0.393759446535
