0.988153385158
0.980294505398
0.974420850042
0.968564971351
0.960785412297
0.95255530673
0.948693479476
0.857861463506
0.852835693778
0.84691385753
0.844640405955
0.844371917013
0.842555264434
0.841194062275
0.840287207158
0.829016433669
0.827216576973
0.80719796787
0.805422140322
0.80539565922
0.803621793235
0.80273553453
0.801407065955
0.801399097105
0.801355329729
0.799585877261
0.799542600276
0.798658548329
0.798216706252
0.794249077192
0.793808461092
0.792487470976
0.791607342155
0.790727703725
0.790716792531
0.790277157212
0.788958986843
0.788080819585
0.787203142718
0.786325956242
0.786304501646
0.786302662681
0.784550128694
0.783236739635
0.782799188477
0.781924453954
0.781050209823
0.780176456082
0.779303192732
0.778430419773
0.77799421719
0.777558137204
0.777122179816
0.776250632834
0.775815043239
0.774944231843
0.774509010041
0.773638934231
0.771900621576
0.771032016939
0.770163902692
0.765403556964
0.763674316538
0.763242282276
0.762810370612
0.761946915077
0.761083949933
0.760652651258
0.76022147518
0.7597904217
0.758928682533
0.758497996846
0.757206797968
0.757206430175
0.756776234879
0.756774641109
0.75591461831
0.755055085901
0.754625503593
0.754196043883
0.753337492256
0.753316160257
0.753232426035
0.753191110613
0.752333049377
0.751904202655
0.751475478531
0.748906198729
0.748050589447
0.747622968702
0.746768095005
0.7459137117
0.745059818785
0.744633056224
0.74420641626
0.743779898895
0.743353504127
0.742501082384
0.74207505541
0.742068312537
0.74121662638
0.740790967198
0.72687379996
0.726853326146
0.726431835286
0.726010467023
0.725589221358
0.725168098291
0.724747097821
0.72432621995
0.723905464676
0.72306432192
0.722643934439
0.722223669556
0.72180352727
0.721383507582
0.720963610492
0.720543836
0.720523484783
0.72052311699
0.72048278235
0.720063130455
0.719643601158
0.719224194458
0.718804910356
0.717966709946
0.717128999926
0.716710328813
0.714619547797
0.71420161227
0.71378379934
0.713366109009
0.713354217033
0.712519204162
0.712101881623
0.711684681682
0.711267604339
0.710017230492
0.70960064354
0.709184179185
0.709164195761
0.709144334935
0.709124596707
0.709104981077
0.708688639319
0.70827242016
0.707856323598
0.706193531121
0.705778047547
0.705362686571
0.704947448193
0.704532332413
0.70411733923
0.703702468645
0.702873095269
0.702458592477
0.702044212283
0.701215819687
0.700801807286
0.699974150277
0.699560505669
0.698733584246
0.697907153214
0.697903352685
0.692140157848
0.692133905366
0.691722590114
0.69131139746
0.690900327403
0.690489379944
0.690469886912
0.69005906205
0.689648359787
0.689237780121
0.688827323053
0.688416988583
0.68800677671
0.687596687435
0.687186720758
0.686776876678
0.686367155196
0.685957556312
0.685138726336
0.684729495245
0.684320386752
0.683911400856
0.683502537558
0.683093796857
0.682276683249
0.607053927843
0.606986744309
0.606983801964
0.60689589942
0.606852622435
0.606788749038
0.606404282681
0.606019938921
0.605251619194
0.605232248759
0.605213000921
0.605119336286
0.604735360319
0.604351506949
0.603967776178
0.603584168004
0.603200682428
0.602817319449
0.602050961285
0.6016679661
0.601285093512
0.60051971613
0.600137211335
0.599372569539
0.598990432538
0.598608418134
0.598226526327
0.597844757119
0.597463110508
0.597081586495
0.59670018508
0.596318906262
0.595937750042
0.595556716419
0.595175805395
0.594795016968
0.594414351139
0.594033807907
0.593273089237
0.586465362076
0.586087393396
0.5860818765
0.586060789697
0.586039825492
0.585998264875
0.585977668463
0.585957194649
0.585936843432
0.585558997349
0.584048838997
0.583671605903
0.583670625121
0.582916526727
0.582539661426
0.582162918722
0.582126016818
0.582107749762
0.578726015064
0.578725279478
0.578349762752
0.577974368623
0.577599097093
0.577223948159
0.576474018086
0.576099236946
0.575724578403
0.574975629112
0.574601338362
0.573853124657
0.5734792017
0.573105401342
0.572731723581
0.572358168417
0.571984735852
0.571611425884
0.571238238514
0.570865173741
0.570492231567
0.57011941199
0.56974671501
0.569374140628
0.569001688844
0.568629359658
0.56825715307
0.567885069079
0.567513107685
0.56714126889
0.566769552692
0.566397959092
0.566026488089
0.565283913877
0.564912810668
0.564541830056
0.564170972042
0.563429623807
0.563059133586
0.562688765963
0.562318520937
0.561948398509
0.561578398679
0.561208521447
0.560469134775
0.560099625335
0.559730238494
0.55936097425
0.558991832603
0.558622813554
0.55788514325
0.557516491995
0.556779557276
0.556411273814
0.55237376407
0.55127381759
0.550907373093
0.550541051193
0.549808775187
0.549442821081
0.549076989572
0.548711280661
0.548704047397
0.548701472846
0.548681244227
0.548679895652
0.548659789631
0.548639806207
0.548638825426
0.5486189646
0.548599226372
0.548579610741
0.548578384764
0.548558891732
0.548548593526
0.548546509365
0.548180923051
0.547815459336
0.547450118218
0.545990347516
0.545625619387
0.545261013855
0.544896530921
0.544532170584
0.544167932845
0.418039551364
0.417724475299
0.417409521832
0.417094690962
0.41677998269
0.416465397016
0.416447252558
0.416429230698
0.41639355477
0.416375900702
0.41634096036
0.416323674086
0.416306510409
0.415992047333
0.415677706854
0.41504939369
0.414735421004
0.414421570917
0.413480878837
0.413167519139
0.41285428204
0.412541167538
0.412228175634
0.411915306328
0.411602559619
0.411289935508
0.410977433995
0.410665055079
0.410352798761
0.410040665041
0.409728653918
0.409416765394
0.409104999466
0.408793356137
0.408481835405
0.408170437271
0.407548008796
0.407236978455
0.406926070712
0.406615285566
0.406304623018
0.405994083068
0.405683665715
0.40537337096
0.405063198803
0.404753149243
0.404443222282
0.404133417918
0.403823736151
0.403514176982
0.403204740411
0.402895426438
0.402586235062
0.401659519119
0.401350818134
0.401042239747
0.400733783957
0.400425450766
0.400117240171
0.399809152175
0.399501186776
0.399193343975
0.398885623772
0.398578026166
0.398270551158
0.397655968935
0.397041877103
0.396735015083
0.396428275662
0.396121658837
0.395815164611
0.395508792982
