2211
2325
3384
2924
2483
1912
2715
2865
1257
1129
3936
3521
2213
2090
3133
3366
1648
938
95
327
951
1445
4021
4017
250
252
830
696
1251
1555
925
1520
615
675
2639
2633
2012
1972
3307
3138
1375
1532
1611
1873
1642
3319
2862
3417
2172
2414
2461
2117
234
0
1667
1672
3673
3437
1948
2332
1066
1166
1316
1396
3561
1085
1205
1868
2771
2858
1636
988
1566
1831
2370
2045
3738
3474
852
717
3367
3377
3243
2743
2979
2780
2089
2448
2497
2474
3223
3001
379
532
943
1536
2991
2863
1704
971
3077
3177
3799
3439
1632
1076
1528
1710
1476
1670
484
1813
672
653
3392
3430
1786
1907
3987
4012
965
1634
1740
428
2895
3217
2314
1936
3877
3938
2588
2151
1430
107
3614
3529
3433
2931
315
249
2828
3027
2850
2754
765
687
3204
3076
700
794
1578
1018
345
122
163
100
3686
3635
1272
1185
2529
2128
3201
2992
2070
2361
3062
3289
2593
2201
257
344
1360
1511
3156
2843
803
832
679
631
2337
2494
2170
2513
1963
2056
3073
2928
1631
483
916
1271
1662
1833
1896
1562
1377
1613
995
1419
3414
2673
2028
2328
1169
944
613
414
3771
3956
3573
3559
342
165
3482
3472
1852
1561
3249
3346
1072
1482
2250
2372
3893
3584
473
408
1756
1306
2557
2641
3304
3117
1564
1544
312
262
1503
1020
2802
3035
851
800
3213
2810
3685
3598
2297
2585
3041
3194
1540
1352
2189
2285
2428
2123
436
673
3023
2880
1989
2404
3149
3195
2842
1684
2052
2087
2033
2278
1645
936
2210
2381
118
324
1554
1125
1170
1500
1336
1370
3913
3596
2713
3038
2526
2561
2218
2391
2852
3096
3351
3297
157
155
1863
1712
2752
2781
904
1224
763
770
3071
2530
2333
1780
961
1048
1750
2265
2566
2679
2969
1905
1585
659
640
1451
1373
2594
2241
2263
2621
2522
2042
3043
3248
3553
3629
1069
1101
768
719
3993
3988
1705
1328
1700
946
1071
1202
448
460
522
531
3697
3545
1929
2306
3056
3348
3143
3153
237
51
81
269
2656
2080
1453
1885
1193
1387
289
19
2766
2741
425
523
148
113
2681
2864
860
698
3764
3818
2768
3276
2707
3331
2692
3233
992
1784
3920
3791
2555
1920
1135
1603
2775
3051
1849
1399
314
109
3429
3256
