3437
348
3437
698
1912
1684
1912
107
3437
107
0
107
0
107
107
107
1684
3437
107
1912
107
3437
1684
107
348
0
1684
348
3980
0
107
107
1912
1912
0
3437
107
107
3437
1912
107
107
3437
107
1912
107
1912
414
107
107
3437
1684
1912
1912
0
1684
3437
1912
3437
0
686
348
0
414
1684
107
0
3437
107
686
107
107
1912
107
1684
1684
3980
1912
107
107
0
1912
3437
686
1912
1684
3437
107
107
1684
0
1684
3437
107
1912
107
1684
107
1684
3437
107
3437
348
1684
414
1684
0
0
107
348
3437
698
1912
1912
107
107
414
3980
107
3437
1912
0
107
348
1684
1684
3437
686
0
0
107
686
686
107
3437
686
1912
1684
1684
348
414
107
1684
107
483
348
1912
698
107
107
107
107
0
107
107
0
698
107
3437
107
1912
107
1912
1684
0
1912
1684
3437
0
1684
107
107
0
698
3437
1912
1912
1912
107
1684
107
107
3980
0
1912
3437
348
3437
1912
0
1912
107
1912
1684
107
107
1912
1684
1684
107
107
107
3437
0
686
107
1684
348
107
3437
107
414
1684
107
1912
1684
1684
107
1912
1912
107
1912
1912
1684
0
3437
107
1684
107
1684
107
3437
3437
107
3437
686
414
1684
107
3830
107
1684
1684
348
1684
107
107
107
414
107
1912
107
107
1912
348
0
698
348
1684
1684
107
107
1912
1912
107
0
1684
107
107
107
107
1684
1912
1684
1684
1912
0
107
1912
0
1684
1912
3437
0
1912
1912
1912
1912
107
1684
107
107
107
1684
3437
348
3437
1912
107
3437
1912
3437
107
107
107
1912
1912
686
3437
1684
1684
1912
107
1684
1912
1912
107
107
107
3437
348
1912
3437
1684
1684
414
1912
0
107
1912
107
107
107
107
686
1684
1684
3437
414
1684
1684
3437
1912
0
107
686
107
3437
1684
3437
3437
348
3437
414
3437
107
686
3437
1684
1684
1684
1912
3437
1912
3437
107
1684
686
107
686
1684
3437
107
0
107
1912
107
1684
3437
1912
1912
107
0
2543
1684
1912
1684
0
1912
107
3437
0
3437
3437
698
1684
1912
0
0
107
1684
107
348
