0
3437
107
3980
414
1684
1912
698
23
19
58
185
738
1531
29
111
171
348
437
686
732
1202
1240
1537
1650
2152
2443
2480
2771
2962
3830
3861
3918
1
88
91
115
121
143
169
192
230
278
372
394
532
543
556
563
650
742
763
769
833
857
973
1001
1073
1095
1098
1213
1484
1503
1641
1704
1722
1726
1840
2113
2197
2214
2260
2263
2311
2557
2558
2626
2677
2759
2803
2809
2837
2893
2984
3061
3129
3205
3220
3260
3264
3304
3454
3459
3474
3481
3483
3491
3497
3533
3536
3539
3592
3610
3635
3655
3657
3682
3775
3778
3785
3789
3896
5
45
49
59
77
85
87
95
108
130
132
133
134
136
137
148
149
158
173
174
176
178
179
187
190
198
199
203
212
214
219
225
231
238
239
243
249
254
260
269
274
280
291
299
310
312
322
324
339
342
345
350
352
360
362
369
387
412
413
441
449
453
461
478
480
486
490
498
504
508
509
510
512
518
534
539
558
560
564
567
574
580
584
588
594
596
601
605
614
617
634
645
664
666
682
711
720
727
734
736
737
739
748
753
757
770
786
799
800
803
804
807
816
826
831
837
845
848
867
874
878
885
889
895
905
920
933
939
955
959
964
968
969
991
995
999
1013
1018
1023
1033
1035
1047
1053
1068
1085
1088
1090
1106
1121
1127
1137
1138
1139
1150
1151
1171
1174
1178
1193
1215
1245
1248
1259
1268
1285
1294
1308
1314
1317
1321
1347
1350
1351
1358
1422
1450
1457
1458
1464
1478
1512
1518
1526
1536
1543
1550
1562
1588
1590
1591
1635
1654
1660
1672
1673
1676
1698
1734
1739
1747
1749
1754
1767
1791
1801
1829
1835
1838
1847
1852
1859
1860
1872
1889
1890
1896
1899
1906
1909
1922
1934
1948
1958
1965
1982
1994
2017
2041
2048
2057
2060
2193
2217
2238
2281
2286
2288
2293
2296
2297
2304
2316
2353
2355
2360
2385
2389
2401
2421
2425
2437
2439
2444
2448
2453
2456
2465
2474
2494
2499
2530
2535
2545
2566
2581
2614
2641
2668
2682
2686
2693
2700
2702
2717
2726
2731
2760
2765
2791
2805
2806
2820
2821
2840
2863
2884
2886
2887
2923
2926
2934
