0
3437
107
414
3980
1684
698
1912
171
3511
324
513
1171
3830
19
23
230
285
532
686
769
982
1048
1683
3087
3346
3721
3838
58
62
104
111
141
143
172
192
211
312
348
359
405
556
703
782
827
848
889
905
1155
1240
1343
1356
1685
1733
1781
1832
1889
1909
2121
2128
2181
2214
2304
2443
2448
2587
2677
2682
2751
2785
2791
2810
2923
2962
3026
3043
3130
3173
3231
3267
3303
3431
3536
3538
3610
3711
3870
3887
3918
3921
4027
3
5
25
31
49
50
53
59
68
91
93
101
115
121
127
144
170
173
174
179
185
187
193
198
199
203
213
219
222
239
243
260
274
277
280
299
310
322
339
344
364
387
389
413
432
453
464
471
472
480
491
498
507
518
539
542
558
560
563
573
580
584
590
594
596
604
612
615
617
647
682
713
720
726
732
734
739
757
762
767
770
784
786
805
813
815
817
818
820
833
836
849
885
909
912
922
968
973
978
983
991
1013
1025
1030
1057
1085
1086
1094
1098
1106
1127
1150
1161
1167
1177
1193
1214
1215
1248
1268
1273
1296
1325
1347
1359
1410
1418
1432
1436
1469
1470
1515
1518
1536
1541
1545
1566
1567
1571
1577
1590
1591
1599
1633
1641
1646
1654
1660
1705
1716
1726
1730
1739
1744
1749
1779
1789
1791
1835
1838
1840
1851
1860
1890
1899
1921
1956
1975
1976
2041
2057
2111
2165
2169
2186
2194
2217
2225
2234
2236
2263
2315
2367
2396
2405
2412
2439
2450
2451
2453
2456
2465
2474
2494
2499
2518
2545
2546
2668
2673
2703
2715
2719
2724
2734
2760
2771
2789
2805
2812
2821
2863
2884
2886
2910
2968
2997
3024
3042
3053
3057
3063
3066
3077
3103
3105
3136
3153
3157
3162
3168
3187
3200
3208
3216
3265
3272
3279
3314
3329
3358
3390
3392
3404
3405
3442
3510
3521
3530
3533
3548
3554
3556
3559
3592
3601
3612
3616
3626
3635
3637
3648
3662
3663
3672
3680
3698
3701
3741
3752
3756
3759
3760
3775
3789
3790
3791
3792
3799
3821
3855
3872
3891
3898
3914
3931
3933
3949
3985
3986
3989
3998
4000
4014
4017
4020
4023
1
2
4
6
7
8
9
10
13
14
17
20
21
22
24
