583
653
1332
866
535
605
1245
681
426
38
753
183
206
444
572
421
1223
1558
603
143
1222
577
59
1458
1017
751
1251
40
1220
96
660
158
75
790
1105
1195
1288
850
1051
837
907
135
167
332
371
1434
211
590
1033
1043
1504
463
899
1273
334
1063
26
43
801
902
1007
613
1011
151
1421
518
1240
32
64
884
1193
128
131
252
367
619
723
872
1294
194
1261
283
1181
491
910
1065
1165
327
724
775
1349
256
430
479
623
661
771
986
1191
1259
1543
125
870
937
957
1056
1203
205
250
266
294
994
1004
1155
1239
1382
1406
324
455
680
846
1149
1157
1160
1344
123
186
647
838
1436
305
448
480
604
774
950
1111
1370
35
77
105
113
246
271
393
505
521
530
627
709
863
1455
69
137
219
309
427
