0.969709256777
0.944822400922
0.9263697078
0.914169078466
0.888812002668
0.870917746311
0.859089408154
0.84617171364
0.836838535698
0.825245712177
0.808007012023
0.787560942447
0.780803857584
0.771839733504
0.759598637738
0.746356402437
0.719149201354
0.709476105381
0.699868565028
0.690326580295
0.682950359018
0.680850151183
0.664165841151
0.657962337082
0.646664918517
0.635465428718
0.63242801831
0.625369863191
0.616353132749
0.606410530337
0.598514720069
0.593606141833
0.577068320287
0.57417416105
0.569366748894
0.567449449333
0.564579569955
0.557911511243
0.555065911725
0.551283109635
0.546572816917
0.540947173501
0.539078433658
0.531635847432
0.527010534222
0.51965535549
0.516909303395
0.512348736476
0.506903573348
0.504191513056
0.500586763268
0.496994962739
0.494309610292
0.490740470965
0.487184280895
0.483641040084
0.480110748532
0.478350458727
0.475716093986
0.471341672656
0.468726731801
0.465252283925
0.460926422314
0.458340617291
0.455762096226
0.448921650512
0.445520851543
0.442978750267
0.440443932949
0.437916399588
0.436235423991
0.433720839889
0.432047957578
0.429544704077
0.428711904901
0.426218363343
0.425388801481
0.422079456649
0.419605338979
0.412226689716
0.410595892495
0.400879902104
0.39686644135
0.391281264366
0.389692552234
0.388899410161
0.387315554002
0.385734935157
0.384157553626
0.383370076854
0.378663830779
0.377101017164
0.375541440864
0.367792119081
0.363947808014
0.358600573652
0.355562353916
0.35404810002
0.353292187065
0.342796813188
0.341310076465
0.337607397911
0.334659822984
0.333190891492
0.330262740452
0.327348347998
0.325895603079
0.324446095475
0.322999825185
0.32155679221
0.320116996549
0.318680438203
0.316531670649
0.31296900595
0.312258415399
0.310839662283
0.309424146482
0.307307752074
0.306603636152
0.305197832294
0.304496144358
0.301697485902
0.300999844609
0.298217372725
0.296830992755
0.294757492765
0.294067944758
0.292691276732
0.29131784602
0.287898432492
0.287216977773
0.285856496319
0.28449925218
0.282469455937
0.280446943651
0.271804123044
0.269160855687
0.26326084986
0.2626093403
0.260659667593
0.258718088172
0.257427208982
0.25678298338
0.255496960162
0.254214174258
0.252934625669
0.251658314395
0.24911540379
0.24784880446
0.247216718787
0.245325317742
0.244696469385
0.243441200655
0.243421776768
0.242795356396
0.236592661655
0.235358435471
