1332
535
866
583
603
1223
38
753
206
183
653
421
1558
444
572
1245
577
426
1222
605
59
143
1458
135
681
790
751
1251
75
1105
660
1017
850
1063
43
1434
96
158
327
1033
1195
40
1107
167
427
837
64
151
371
899
26
211
249
367
1239
1504
32
884
1065
1259
870
907
1011
1288
1294
202
334
463
590
723
1193
77
131
271
518
521
661
801
1007
1220
1509
99
113
252
260
305
317
342
411
430
601
619
620
623
838
902
986
1056
1155
1181
1240
1344
1349
1421
35
125
128
147
186
194
246
256
294
324
491
604
613
775
1051
1191
1194
1370
1543
404
448
454
455
479
480
483
496
527
582
680
703
781
937
950
1038
1043
1130
1203
1234
1293
1329
1427
1463
105
123
170
180
214
219
221
230
247
250
