0.983534208703
0.953495976018
0.941117294382
0.914169078466
0.908099113623
0.879245738075
0.867360746913
0.861448601156
0.843833563183
0.829872644044
0.821782594902
0.810294984105
0.796615711335
0.792081852262
0.777436241089
0.754072541745
0.72671723352
0.716993149842
0.708404554254
0.691383563506
0.681899850436
0.672482502315
0.669357684414
0.656931252388
0.647687909925
0.639526639862
0.633439679117
0.625369053862
0.621353165122
0.603442722193
0.601468769626
0.598513910741
0.594585429495
0.591647566511
0.57803465869
0.571287285771
0.568407694449
0.560764394719
0.557911511243
0.555065911725
0.550339432434
0.545633186359
0.541882757415
0.539078433658
0.535350665916
0.53256333806
0.527010534222
0.521489294201
0.515081839313
0.510529365681
0.507807593445
0.505997125265
0.502385900848
0.501485118065
0.496993344081
0.490740470965
0.48807211442
0.482758062532
0.480111557861
0.479231008294
0.478351268056
0.476594215566
0.473964706796
0.467857512836
0.464385492946
0.460926422314
0.458340617291
0.454047128826
0.45233539874
0.450626905969
0.446372265279
0.444675103108
0.441290490712
0.439603040486
0.437077935111
0.434560113694
0.431214349073
0.428713523558
0.426219982001
0.424561667605
0.422906590525
0.420430044869
0.418783061075
0.415498805431
0.414679764841
0.412227499045
0.403298985426
0.396867250678
0.392873213812
0.38890021949
0.38731636333
0.384158362955
0.383370886183
0.38022907238
0.376320015021
0.365484723112
0.364716670228
0.360889355062
0.359363770565
0.357841423382
0.356322313515
0.355563972573
0.351785217127
0.348025885567
0.346527818244
0.343541395542
0.342053040162
0.338348742951
0.336134419776
0.33466225097
0.330995992205
0.328805948889
0.327349966656
0.323724174323
0.32227952269
0.321558410867
0.317253591801
0.316538145278
0.315823508084
0.312262462042
0.310843708927
0.309428193125
0.301039501713
0.300342669749
0.298951433807
0.298257029829
0.296179483195
0.295488316532
0.294108411191
0.291358312453
0.29067281109
0.287939708253
0.286577608143
0.284540527941
0.283863119865
0.283186521117
0.281161580845
0.279815667308
0.277802866966
0.27052133714
0.269201322119
0.267884544413
0.265916257146
0.264607572726
0.263302125621
0.26199991583
0.261350024927
0.259405208192
0.258758554604
0.256823449812
0.256180033539
0.255537426594
0.254895628978
0.253614461732
0.2523365318
0.250425706868
0.247890080221
