0.969709256777
0.944822400922
0.9263697078
0.900842672986
0.888812002668
0.870917746311
0.861448601156
0.834518999799
0.827562820089
0.810299840077
0.796620567307
0.787565798419
0.778562826564
0.769611651743
0.756282008948
0.745263808765
0.731060091033
0.713767165861
0.707335431113
0.687160486633
0.677705909394
0.668316887775
0.658993421777
0.649735511399
0.643599990936
0.638509313754
0.629397891861
0.611370905606
0.600483007336
0.595566335813
0.589693037831
0.582878490634
0.580938529871
0.573211059962
0.570326612668
0.565535387086
0.56267036368
0.558861663073
0.555065911725
0.551283109635
0.54469436513
0.535353093902
0.532565766046
0.528860659506
0.524247486225
0.519654546161
0.515994762025
0.513258421874
0.510529365681
0.507808402774
0.505093914496
0.501485927394
0.497890889549
0.493415302139
0.488959947944
0.483641040084
0.480992107427
0.479230198965
0.477471527818
0.475716093986
0.473089013202
0.466989912528
0.463521129952
0.460928040971
0.458342235948
0.455763714883
0.452337017397
0.445522470201
0.44213462049
0.439602231157
0.437918018246
0.435397768843
0.433721649218
0.427880724382
0.426219172672
0.423732915072
0.421253941431
0.418782251747
0.417138505267
0.415497996102
0.413860724252
0.41304330232
0.411410886441
0.407344009997
0.405722924719
0.404105076757
0.401684374777
0.39766686738
0.39606520599
0.392871595154
0.38258340941
0.379444832922
0.376319205693
0.373206527721
0.37243038155
0.36625115734
0.364714242242
0.362414939559
0.360123730163
0.357838995397
0.356319885529
0.354804012975
0.354047290691
0.351781979812
0.348023457581
0.346525390258
0.34503056025
0.343538967556
0.342794385202
0.339824149072
0.338343886979
0.328801092917
0.328072697136
0.327345110684
0.325892365765
0.323719318351
0.322274666718
0.319395884726
0.317960945037
0.315814605468
0.314387759066
0.312964149978
0.311543778205
0.30382602024
0.302426691011
0.295495600489
0.293426956471
0.289995403013
0.288628446931
0.287264728163
0.283870403823
0.282518015656
0.281168864803
0.279822951265
0.277810150924
0.276472330672
0.271817072302
0.269174614274
0.267200661707
0.265888739972
0.263274608447
0.261322507753
0.260025153934
0.25873103743
0.25744015824
0.251052127239
0.249146158279
0.247879558948
0.245985729917
0.243471955144
0.242219923729
0.240971129629
0.239725572843
0.237864116958
0.235393236602
0.230491132995
0.229881708525
